1259271836224892933
1259271803408654338
1259271378534047748
1259270877713072128
1259270681725935617
1259270308525113344
1259270272097583104
1259270133794713601
1259270102035333120
1259270079759482882
1259269599490650113
1259268849674924037
1259268773485428737
1259268570552455169
1259268540022099970
1259268277987049472
1259268049821224961
1259267634505363458
1259267551177080834
1259267125748944900
1259266933574205442
1259266770411585536
1259266353543905281
1259266172182237184
1259265830283599879
1259265622447448065
1259265460312387584
1259265318045786112
1259265119948804105
1259264597460168704
1259264536516927489
1259264146631254024
1259264084261904387
1259263845455089681
1259263642169741315
1259263234491678729
1259262647373123587
1259262646357983235
1259262388936810497
1259261785699504128
1259261775129784321
1259261762513371138
1259261594816729088
1259261488033923077
1259261309394341890
1259261254176210956
1259260678155784192
1259260599193698304
1259260561562501121
1259260546131558406
1259260197077426176
1259260126428573698
1259260008115638273
1259259848908251137
1259259712685645834
1259259630687043585
1259259610441101315
1259259550991032320
1259259477511090178
1259259048924504066
1259258806334300160
1259258725015183361
1259258717427634176
1259258647374413829
1259258315785240576
1259258061644017666
1259257944803364864
1259257940235649028
1259257896598151170
1259257857335267331
1259257814532448267
1259257809885188103
1259257749671731200
1259257717967015936
1259257129879375873
1259257076175568897
1259256993988202503
1259256658569703425
1259256638508335105
1259256420719091714
1259256346261807110
1259256314879934464
1259256229626601473
1259256226598223874
1259255812578586626
1259255784858439682
1259255730114347009
1259255273056866311
1259255179586818048
1259254884609728513
1259254688958070784
1259254455834468352
1259254422233849874
1259254250397478914
1259253966279454730
1259253735081086986
1259253633876725762
1259253444973600768
1259253434521354249
1259253358205992963
1259253328107769856
1259253186050822144
1259253064256667648
1259253010397630464
1259252950507143168
1259252836807868417
1259252647258992640
1259252507106213888
1259252300645883908
1259252238842814469
1259252227467816960
1259251811376119808
1259251792724013063
1259251606975119360
1259251587555483649
1259251376347123713
1259251230523695104
1259251194054283270
1259251060889321481
1259250892290895873
1259250871726202882
1259250836691181568
1259250806458589184
1259250768613343234
1259250678628782084
1259250667111223297
1259250622106341376
1259250442858639365
1259250430338613248
1259250061491478529
1259249922026733570
1259249881153187843
1259249859825106944
1259249769911930890
1259249523999866880
1259249388565782528
1259249185083326468
1259249067223388160
1259249008196935681
1259248825681797120
1259248797672235009
1259248794232934401
1259248774955876353
1259248653383995392
1259248546185953281
1259248515856900096
1259248492591095821
1259248316249931776
1259248246586781697
1259248143444652038
1259248080911773698
1259248051639783426
1259248027446976513
1259247924493549570
1259247923268931584
1259247895724929030
1259247842486607874
1259247374083543041
1259247366621798401
1259247350645772288
1259247280512737280
1259247256693284864
1259247200279953409
1259247074576674816
1259246867554226180
1259246776936169472
1259246664008830976
1259246654210924545
1259246622116130822
1259246608706830336
1259246557808988161
1259246549730820100
1259246437457711110
1259246201456779264
1259246166786662401
1259245657216425984
1259245617504751627
1259245431558676482
1259245395290607618
1259245373962534912
1259245103333421056
1259245013592047616
1259244711073677313
1259244669441097732
1259244651237781506
1259244604966211587
1259244545243570176
1259244515120033792
1259244217865572353
1259244191508553730
1259244086629990401
1259243643229163521
1259243609674649600
1259243607967612929
1259243497611198465
1259243477696684032
1259243439784370178
1259243372042227712
1259243366581260290
1259243364228255748
1259243363250974727
1259243031460548621
1259242980843626503
1259242965135835136
1259242949348556800
1259242936191070209
1259242889063923712
1259242739520110594
1259242623547695116
1259242493134192645
1259242490231750657
1259242458594127872
1259242412104462337
1259242381846642690
1259242335952605186
1259242185960181760
1259242140204503041
1259241977947869185
1259241929054748674
1259241856933793800
1259241822649487361
1259241753649074177
1259241679565062151
1259241548413374468
1259241480121716745
1259241410940866560
1259241394377576452
1259241295601643527
1259241285514297346
1259241233278545922
1259241199866650625
1259241145995005952
1259241125178638339
1259241116148346882
1259240970358607872
1259240889794379776
1259240692129333248
1259240657518018561
1259240600542613506
1259240521211527168
1259240489162878983
1259240442480283650
1259240421986906112
1259240378252828672
1259240279154065410
1259240274364182529
1259240185822412801
1259240126535868418
1259240015101669389
1259239891105394689
1259239827071000577
1259239736033644552
1259239671047041028
1259239621713674240
1259239582001967112
1259239534748934146
1259239488850665472
1259239368860016641
1259239320063479808
1259239270277156864
1259239248294817793
1259239188937015297
1259239165042003969
1259239003041259520
1259238879749693440
1259238807020453891
1259238752892981249
1259238707976159232
1259238348855619586
1259238318845440004
1259238277825138696
1259238276512260101
1259238156068687875
1259238072010584064
1259237881463410694
1259237874173644805
1259237720720920578
1259237663107944448
1259237275386417163
1259237265445879809
1259237179752153089
1259237110160199691
1259237071060959235
1259236934355951619
1259236882526978050
1259236818903543810
1259236470054957061
1259236375204958208
1259236369538392064
1259236347107258368
1259236312017764352
1259236305373925378
1259236229498974209
1259236189732814853
1259236185618165763
1259236058111315968
1259235957007663109
1259235953866047490
1259235926582140928
1259235795296272384
1259235721765945346
1259235526374313986
1259235407969034240
1259235386250997761
1259235377619111937
1259235353644470273
1259235301626720256
1259235298044755970
1259235221439995904
1259235204289507330
1259235089839423489
1259235035254841344
1259234967697141769
1259234661060022273
1259234660044939268
1259234657423458304
1259234561587896322
1259234525080674306
1259234524652802050
1259234289402724352
1259234272789049344
1259234261862883335
1259233867753500674
1259233851756417025
1259233793728282628
1259233786383998976
1259233762526855173
1259233671195877377
1259233665068019715
1259233579017687041
1259233546264293378
1259233409605554176
1259233348444196866
1259233343633338368
1259233297881858048
1259233192168624129
1259233153123782660
1259233147360735232
1259233077496287238
1259233050396962818
1259233017391747072
1259232875549003777
1259232840421646338
1259232829147426817
1259232771911843842
1259232768199966725
1259232720649101312
1259232627187425280
1259232422559965185
1259232234546114566
1259232194108760065
1259232058834108417
1259232038349090818
1259232030057005056
1259232014257082368
1259231934485536769
1259231816143253506
1259231806039232516
1259231758672953344
1259231743636393985
1259231574215852032
1259231562022993921
1259231540011323395
1259231402895294464
1259231364458708997
1259231325166481408
1259231310096277504
1259231208136990721
1259231039572017153
1259231014154534912
1259230935263969280
1259230744033071105
1259230720159072256
1259230714719019023
1259230658964205573
1259230471369654276
1259230338225770497
1259230337152016390
1259230218004414464
1259230206956634113
1259230175335796743
1259230122223288321
1259229901057654785
1259229871324172289
1259229831994191873
1259229735013449730
1259229639693807620
1259229535683383296
1259229395853680643
1259229395803426818
1259229348785278976
1259229253255782400
1259228856571047936
1259228851844141058
1259228837059211264
1259228813512278022
1259228806902054916
1259228774945755149
1259228718700036101
1259228701088198660
1259228607437733890
1259228595735666694
1259228565092143112
1259228433512628233
1259228384279879682
1259228375241101314
1259228291271098370
1259228221620531203
1259228189123059723
1259228148459241475
1259227859438260224
1259227852492374016
1259227678906998793
1259227660066131969
1259227594064617472
1259227369589608449
1259227032581476354
1259227001422073856
1259226965149614080
1259226952377995266
1259226804759519232
1259226775277776896
1259226770961772545
1259226749482795011
1259226740506927104
1259226728075005953
1259226662606118914
1259226460939747330
1259226456351277056
1259226439918006273
1259226407793803264
1259226401674231810
1259226117979996160
1259226030843277312
1259226024455389187
1259226014527488001
1259225907488792577
1259225883174416384
1259225849427083265
1259225814224289792
1259225807039447045
1259225767025631233
1259225758431694848
1259225718711599106
1259225706950729737
1259225698545344512
1259225393283903489
1259225321661968398
1259225282822787073
1259225222651219968
1259225188518039553
1259225116950630405
1259225103193251840
1259225102526316548
1259224916681003009
1259224881654370305
1259224866760413186
1259224731926122500
1259224652095934465
1259224648811720705
1259224508352921606
1259224409077886976
1259224207646433285
1259224143188373504
1259224109566898179
1259224089660710920
1259224064662605827
1259224006206590976
1259223916976975872
1259223897821626370
1259223835888541701
1259223823779532803
1259223680346992640
1259223577020248064
1259223557676113926
1259223519927382016
1259223312846278665
1259223303153233920
1259223028149489664
1259223008402685953
1259222956636545024
1259222871659986944
1259222721294151681
1259222642726486019
1259222634774106113
1259222568571109376
1259222543216660487
1259222506520674304
1259222487314903040
1259222236638167041
1259222219269509120
1259222173710983169
1259222137094750209
1259222109911384065
1259222108695134208
1259222038847373312
1259221912787566598
1259221877580607489
1259221702661279748
1259221653751504897
1259221585006858240
1259221405083865089
1259221383437004805
1259221354563411971
1259221344509665286
1259221290562596864
1259221259969269762
1259221216973524992
1259221216252039168
1259221001214320642
1259220903713521664
1259220903130533889
1259220796679114757
1259220684795973633
1259220498426232835
1259220406801698817
1259220282348314627
1259220249565630466
1259220230976536577
1259220158163365892
1259219914474299395
1259219876171984897
1259219852935475202
1259219819183947776
1259219584864989184
1259219569127948288
1259219404736344069
1259219234946715650
1259218883128541186
1259218840355037184
1259218622976851973
1259218487920246789
1259218408719212545
1259218354096783362
1259218310014566400
1259218135862972421
1259218113347956736
1259218016199417858
1259218014169423873
1259218001917861888
1259217962021642253
1259217859953205249
1259217766034419715
1259217724288483335
1259217678448971776
1259217675995226112
1259217660606394368
1259217556747030531
1259217449225981958
1259217433488961540
1259217432666869762
1259217409178812416
1259217405252898817
1259217292547641344
1259217235492712453
1259217209806725123
1259217177049206784
1259217163795271686
1259217139807838208
1259216899335954437
1259216871326470151
1259216810399981570
1259216740162174987
1259216683144753152
1259216527238336520
1259216504823971843
1259216501577527296
1259216465871491072
1259216465808539648
1259216458690760705
1259216422183620608
1259216315446951936
1259216307020615681
1259216303140868104
1259216230235471873
1259216197297549314
1259216135448334336
1259216095510216706
1259216069950087168
1259216053495873546
1259216050224279552
1259215950534127616
1259215930749587456
1259215916413444102
1259215854992076807
1259215826894323712
1259215810985365513
1259215774247522306
1259215663001997313
1259215608882900994
1259215589199024128
1259215430150914049
1259215290480590848
1259215147878486016
1259215128467292162
1259215088264679424
1259214892705382400
1259214874242154496
1259214842281459713
1259214700258213895
1259214652397031426
1259214587876061184
1259214575242817539
1259214443994644481
1259214436021272576
1259214386452987904
1259214324872159234
1259214124573249536
1259213914065207297
1259213910852481024
1259213822939856902
1259213407322079232
1259213359343382528
1259213290418376711
1259213172369764352
1259213152870334464
1259213139859648517
1259213007726534657
1259212992572534785
1259212871587815426
1259212795113091072
1259212793162719233
1259212697952018444
1259212681405272065
1259212672224178178
1259212636459335685
1259212535007510530
1259212310784151552
1259212200599838721
1259212194815885316
1259212178416164868
1259212172275712000
1259212125014237186
1259212086900600832
1259211999470407681
1259211919602442240
1259211849876361217
1259211837389836288
1259211795950120960
1259211636994433025
1259211601590263809
1259211384094707712
1259211285243273216
1259211064291573762
1259210999527325699
1259210791494000640
1259210713538666497
1259210556122247173
1259210527470993408
1259210421552250880
1259210414472265729
1259210393731452929
1259210365231079425
1259210350383239170
1259210339700408322
1259210319517356034
1259210203565895680
1259210005796081669
1259209983704674308
1259209922392317955
1259209864183713793
1259209823675170817
1259209757895864320
1259209672399216647
1259209636428886023
1259209631626407937
1259209537640370183
1259209357696413696
1259209339086274561
1259209249542090754
1259209164334694400
1259209126573457408
1259209115139805184
1259208934365245440
1259208918510829574
1259208807953162241
1259208766370824192
1259208550636834816
1259208502184226848
1259208467535011840
1259208465022623750
1259208426355412992
1259208322219196416
1259208253210271745
1259208246080016392
1259208208951975937
1259208132699525121
1259208116387840000
1259208076676251650
1259207954206687235
1259207906538524672
1259207862787637248
1259207843829428227
1259207829770158083
1259207782043181063
1259207766125789185
1259207760513765379
1259207555148132352
1259207554074316801
1259207514710777857
1259207396314013697
1259207383437512704
1259207248632516615
1259207202419748865
1259207195633295362
1259207136439078913
1259207126293057538
1259207057984630784
1259206967236706305
1259206904640921601
1259206881777680384
1259206862257500160
1259206858566447108
1259206851897495552
1259206659890610177
1259206612541231104
1259206576424079400
1259206326498058240
1259206270961229824
1259206233057300484
1259206205135884288
1259206202661253122
1259206146860158976
1259206146470150151
1259206112449974272
1259206081538129920
1259206048084373506
1259205912587390979
1259205676762628100
1259205676204732416
1259205675424636928
1259205623532720128
1259205391294087169
1259205355395059712
1259205346696069121
1259205339137945601
1259205292635688960
1259205283185860613
1259205223991697410
1259205210376937479
1259205155293192194
1259205054164340736
1259204983536455680
1259204928779714560
1259204627574259714
1259204612638363648
1259204596242800641
1259204521055662086
1259204492530196482
1259203987636654083
1259203967306825735
1259203963469119489
1259203913460461568
1259203869260894209
1259203853309882370
1259203741720424448
1259203500879331333
1259203348026347522
1259203309602299907
1259203249409753088
1259203097441812483
1259203030504951808
1259203002931515394
1259202869431017473
1259202843371806722
1259202837504024579
1259202780524314627
1259202735230025730
1259202694276882432
1259202693458989061
1259202522683711489
1259202314541445121
1259202235730464769
1259202053831884801
1259202036614250501
1259202022072614917
1259201997355585544
1259201986869841925
1259201966024032266
1259201845425319940
1259201783764746241
1259201734989225984
1259201703397687301
1259201556513243136
1259201529963216898
1259201479971348481
1259201326652829704
1259201292876099587
1259201256150745092
1259201251054694408
1259201075313287168
1259201053586853889
1259201026768482304
1259201016177852417
1259200917733285889
1259200875953823751
1259200838565801984
1259200820735881218
1259200802524192769
1259200768520925185
1259200715177766914
1259200568486223873
1259200233344569344
1259200231595442178
1259200227342536709
1259200079262605313
1259200051647307776
1259200036489113600
1259199975684222979
1259199920902475776
1259199909275865089
1259199651988811778
1259199596535955458
1259199421729964033
1259199393821085703
1259199383293382666
1259199349227163649
1259199343376154625
1259199324539551750
1259199288036466695
1259199138895405056
1259199105433251840
1259199042627788800
1259199032079065093
1259198928135901186
1259198753912901632
1259198752616787968
1259198675609423873
1259198649994797056
1259198573725573120
1259198512731959298
1259198490179186688
1259198488988049408
1259198335476469768
1259198192358494210
1259198188965302273
1259198138058932224
1259198013953753089
1259197975198343168
1259197881833197568
1259197824647999488
1259197642871054339
1259197633765269504
1259197486608023552
1259197338926616576
1259197332106743808
1259197227093934081
1259197184374956035
1259197168067452928
1259197064606613507
1259196962500497408
1259196959002419201
1259196929839370243
1259196886331920389
1259196851707920385
1259196820582010880
1259196777124823042
1259196746976067586
1259196677640028160
1259196578180616197
1259196518696988678
1259196465227993092
1259196453550993408
1259196448798801922
1259196446252941316
1259196419627499523
1259196262819205121
1259196255697330177
1259196231621971969
1259196195232264195
1259195967745732609
1259195854189219846
1259195815643537414
1259195736404754437
1259195692939120645
1259195624106463248
1259195599632707585
1259195574873665537
1259195479365226498
1259195412252164097
1259195409588781056
1259195375384215556
1259195312473866242
1259195312280940544
1259195256765059075
1259195150036799488
1259195135805607939
1259195075080437760
1259195009515094016
1259194934407630849
1259194703695818754
1259194702324289543
1259194340888494082
1259194278401781760
1259194242276241410
1259194224232280068
1259194053800988676
1259193982577451008
1259193704360919040
1259193663558758407
1259193623024939012
1259193595237629953
1259193591886499842
1259193590749761536
1259193582491242498
1259193531324928006
1259193480431239168
1259193441436733443
1259193438530043904
1259193365410844674
1259193267498946564
1259193215179243520
1259193199987494914
1259193191569514497
1259192713578262530
1259192652261662724
1259192512692006919
1259192510007689216
1259192280730263554
1259192200879050754
1259192059421999107
1259191962562973703
1259191942258331648
1259191721642078216
1259191652733857793
1259191609738121218
1259191515643027460
1259191459816841216
1259191418310078472
1259191379563028481
1259191334847610889
1259191263691255809
1259191218275319815
1259191193226936321
1259190979803992064
1259190956579934208
1259190922044215296
1259190850736869381
1259190767303692290
1259190753949110273
1259190717215395846
1259190521655894018
1259190450763845632
1259190439741136901
1259190347193860096
1259190256718491649
1259190248237674496
1259190234501328897
1259190226423107584
1259190170932346885
1259190155790954497
1259190098328981505
1259190030175780865
1259190024429613056
1259189995199438849
1259189960739115014
1259189895500832769
1259189847153131524
1259189810926891008
1259189802903252995
1259189770179219458
1259189686590980102
1259189656740147202
1259189647642628099
1259189645348343810
1259189610573434880
1259189602834923522
1259189502821703680
1259189368507502592
1259189329542479873
1259189274190151687
1259189243580162053
1259189191168180225
1259189142921129984
1259189069004898307
1259188984657383425
1259188944929001474
1259188899257204738
1259188804293922819
1259188791811735559
1259188700275183617
1259188656889303042
1259188591827259393
1259188568183930882
1259188564681687040
1259188541139156997
1259188535422324736
1259188531567738883
1259188411115745280
1259188387241738243
1259188357810323457
1259188298402205697
1259188201819865088
1259188057405825033
1259187930033205248
1259187795190517762
1259187748759572481
1259187696859254785
1259187688755912707
1259187635224002562
1259187627158372354
1259187527937818625
1259187526696386560
1259187463546744833
1259187413450137600
1259187196654993409
1259187122814226432
1259187093596708864
1259186984934944770
1259186781330833411
1259186357026553857
1259186318476787713
1259186236394295297
1259186087173505026
1259186035721936897
1259185979920977921
1259185967354851329
1259185825973182466
1259185759648731138
1259185755626315776
1259185599556313090
1259185574075924481
1259185400175828992
1259185217564225536
1259185095585542146
1259185069316608002
1259185059711647744
1259185026027094017
1259184859785957376
1259184753917468674
1259184716302991361
1259184613584486401
1259184612309454848
1259184534270160898
1259184485410598912
1259184472899059712
1259184453634666496
1259184279956926465
1259183989811798017
1259183703072419840
1259183601003958275
1259183522192949248
1259183490396012546
1259183424449007616
1259183289878876161
1259183173688270848
1259183074216198145
1259183003584118787
1259182967773159432
1259182948127068160
1259182805910802432
1259182791033577474
1259182787774550017
1259182655876272131
1259182630811115522
1259182589237133315
1259182496295591936
1259182290778951680
1259182243861401602
1259182118502047745
1259181905402044419
1259181636739952640
1259181590539907072
1259181561066541057
1259181525037469696
1259181514077716480
1259181350852100099
1259180992578883585
1259180975692578816
1259180933753733123
1259180925222563841
1259180839335792641
1259180460611166212
1259180412137549825
1259180319892267009
1259180184860798978
1259180071081951232
1259180070469500934
1259180037712076801
1259179965540679686
1259179873836261376
1259179814029844480
1259179784938151937
1259179716780703745
1259179625193889793
1259179329390608385
1259179293042753540
1259179286940057603
1259179262147301376
1259179212092526593
1259179193042165760
1259179043544535040
1259179034254151681
1259178951831945218
1259178933838364675
1259178732272615425
1259178609568296960
1259178604488949761
1259178600038838274
1259178578580774912
1259178485114900481
1259178462839005185
1259178289832263685
1259178252171706375
1259178142196994048
1259178016586039302
1259178005571735552
1259177765607260161
1259177760955736067
1259177695860199424
1259177643020345346
1259177633767739394
1259177630961721346
1259177522312470537
1259177466045829120
1259177457657266183
1259177390066073602
1259177356138332163
1259177250450219012
1259177231462662150
1259177155365396481
1259177143566770176
1259176706432274432
1259176688149245953
1259176548894195713
1259176479331680257
1259176415179739136
1259176346858721280
1259176259302699009
1259176199701618690
1259176143183400960
1259176004968427520
1259175761015115777
1259175740056182785
1259175635232133121
1259175575660437504
1259175516768284674
1259175463399890944
1259175449747472387
1259175357485219840
1259175351302963200
1259175329668771842
1259175255098220544
1259175252946534401
1259175220633534465
1259175081542025216
1259175047677251586
1259175002273976322
1259174957055127552
1259174836879982595
1259174731921620992
1259174680834920450
1259174574698176513
1259174449800269825
1259174414635106304
1259174244019306498
1259174214969495554
1259174019758272519
1259174018902568961
1259173837524160515
1259173826556039171
1259173647731785730
1259173541104287745
1259173397277409280
1259173269401489408
1259173131677204489
1259173118930796547
1259173029306925058
1259173004589883395
1259172999841841154
1259172957101973504
1259172955545894914
1259172866546905088
1259172863942316032
1259172831688097793
1259172826789154818
1259172741493784576
1259172538254532610
1259172444113383425
1259172420281421825
1259172345442435084
1259172273744945153
1259172155549528070
1259172061370626050
1259172016193757188
1259172016046911494
1259171942373957633
1259171816897208320
1259171756184657921
1259171748345495552
1259171738027466759
1259171565914263558
1259171351526596608
1259171276972793858
1259170951096406017
1259170880544018433
1259170872314810371
1259170776164569088
1259170718534848512
1259170670518419458
1259170667435569152
1259170566923333638
1259170514645528577
1259170485671211008
1259170370751520775
1259170255693393921
1259170252283314176
1259170222923304960
1259170191642169344
1259170182003601410
1259170174231511041
1259170134515757063
1259170053104246790
1259169970312921088
1259169939841261569
1259169756713811969
1259169663512203272
1259169580511002625
1259169568418914304
1259169541256622081
1259169535908872194
1259169346435383297
1259169345202270209
1259169285311729665
1259169259776806914
1259169256874401792
1259169162343206922
1259169105233534976
1259169047175979018
1259168992025067520
1259168896067817472
1259168769802416131
1259168714609446912
1259168530899120129
1259168496635838464
1259168490503712769
1259168453673594880
1259168311356555265
1259168124844335107
1259167890617614338
1259167792332451848
1259167791145463814
1259167735591862279
1259167643925348360
1259167633456467971
1259167623004262401
1259167444993802240
1259167208523149312
1259167204999942144
1259167177984348160
1259167118572113920
1259166829878169601
1259166790967603204
1259166672390426625
1259166652446527490
1259166650919763969
1259166527225544704
1259166492031102977
1259166402105217027
1259166381154631680
1259166325626351619
1259166296081661953
1259166230323347458
1259166111305777156
1259166092922150914
1259166092448215042
1259166063075504130
1259166031215558656
1259166024131325953
1259165874008834050
1259165825862426624
1259165608547102721
1259165570764886016
1259165567413518336
1259165373385117699
1259165353961283585
1259165332016594946
1259165192639983616
1259165142677364737
1259165109013929990
1259165098020605954
1259164991615361024
1259164858022612997
1259164819762143233
1259164671074074625
1259164640149454850
1259164597761777677
1259164586089107462
1259164522226618373
1259164481793470467
1259164420342775808
1259164368857632773
1259164304454156289
1259164232693813249
1259164195515518976
1259164194307485698
1259164190859833344
1259164169850494977
1259164147272597505
1259163822000091140
1259163807848574976
1259163741754732546
1259163682963173376
1259163554567131141
1259163500313751553
1259163279538163712
1259163231169495044
1259163188354068480
1259163185422221317
1259163183476092928
1259163179374055424
1259163147807703042
1259163130627788800
1259163078874337280
1259163067671359488
1259163066392104960
1259163046297174016
1259163030878916609
1259162958015406081
1259162863471661056
1259162793158356997
1259162784752971777
1259162724082294787
1259162691966513153
1259162579596910597
1259162579387236353
1259162446218121216
1259162335161262080
1259161967467606016
1259161851033792515
1259161843513331714
1259161819182227467
1259161765897781249
1259161761904766978
1259161688584204289
1259161646553018368
1259161592354177025
1259161533260726272
1259161521403367426
1259161514826698752
1259161466818699265
1259161460011384832
1259161394701840387
1259161245732790273
1259161205358419969
1259161186257551363
1259161184672133122
1259161124156694529
1259160945995190274
1259160817079066624
1259160704030052356
1259160670165237760
1259160664163127299
1259160605635862528
1259160502288166915
1259160464258457600
1259160416258863104
1259160389008461830
1259160307143970816
1259160304442892290
1259160303864078337
1259160287988592640
1259160277909725184
1259160266085892098
1259160264169140227
1259160190613704706
1259160174444544001
1259159964666429441
1259159869048983553
1259159865366392833
1259159847238619138
1259159806969024513
1259159660705320962
1259159617218785281
1259159602609954818
1259159593021779970
1259159585279086593
1259159444887404545
1259159442995777538
1259159333780090880
1259159298422329347
1259159238808678405
1259159193367597056
1259158980850573318
1259158973439188997
1259158908851060736
1259158888047431680
1259158809186127874
1259158802357792768
1259158767880544256
1259158684749434893
1259158678588047360
1259158654512758785
1259158578771959808
1259158489299062785
1259158421099687936
1259158368201199621
1259158361536368640
1259158336202854400
1259158307190779906
1259158168065593346
1259158101665644544
1259158014755553281
1259157988000108544
1259157984359448577
1259157978114150403
1259157962884624384
1259157796676939779
1259157647976267776
1259157643031187456
1259157543693279232
1259157484121530368
1259157476970303491
1259157341305475072
1259157334959493120
1259157273408081920
1259157122396413953
1259156968591294466
1259156919782182913
1259156872613040129
1259156818321903617
1259156797685927936
1259156785736429569
1259156698872365057
1259156493196296192
1259156428922728452
1259156224697917446
1259156205655621633
1259156205521432578
1259156205483618305
1259156144079212544
1259156084478095360
1259156041012514817
1259156001443495938
1259155878084820994
1259155854542200832
1259155843972546562
1259155800439902209
1259155790981664768
1259155676028211200
1259155593337745408
1259155573167345664
1259155553495822342
1259155550421479424
1259155433870241794
1259155369315774466
1259155259122950144
1259155207382011904
1259155130588565505
1259155116504092672
1259154995041243141
1259154990918258688
1259154923721306116
1259154922416803840
1259154898618388480
1259154893979484160
1259154883195949056
1259154777033801728
1259154699074371584
1259154640349921281
1259154548423372800
1259154295993352192
1259154260702396416
1259154102690381824
1259154049833861122
1259154014576541697
1259154004677976065
1259153950118469639
1259153757260185600
1259153600497975307
1259153503819304962
1259153502766596096
1259153484454256651
1259153457283510273
1259153435087208449
1259153398424895493
1259153238579990528
1259153159508971521
1259153092928552960
1259153070937772034
1259153059512553482
1259153010581737472
1259152909830426624
1259152805140598784
1259152599795871744
1259152545550872578
1259152428068413441
1259152390432985088
1259152286451990528
1259152192134668288
1259152159809118209
1259152073662369792
1259152020063375361
1259151959468249090
1259151933501255682
1259151883375185922
1259151868166537216
1259151843747344386
1259151833911697411
1259151776474976256
1259151697953329152
1259151636745814017
1259151579900452864
1259151556395614211
1259151554504003586
1259151343106822144
1259151336052068353
1259151130686369792
1259151107638599683
1259150989396975618
1259150983055187968
1259150962205351938
1259150944710856705
1259150912251203587
1259150880215007235
1259150819167010817
1259150772073369601
1259150750137098240
1259150716960112641
1259150708106035200
1259150624081534981
1259150617248968705
1259150552535126021
1259150528396898307
1259150492409659394
1259150490899709957
1259150431302934589
1259150364298956803
1259150286133788672
1259150283919237125
1259150275627094019
1259150255817400323
1259150226818043907
1259150126435708929
1259150020936261633
1259149995208515584
1259149991228182529
1259149971523342337
1259149877394788355
1259149823149776896
1259149813020532737
1259149805596692483
1259149772344229888
1259149769592750081
1259149724801806337
1259149653141929985
1259149476167639041
1259149464176070657
1259149338237898752
1259149336379830277
1259149280859820034
1259149246357319681
1259149235951468547
1259149234609283074
1259149225746669568
1259149107807113216
1259149037569220608
1259148841686876160
1259148787731369984
1259148656332148738
1259148647926824960
1259148555375296512
1259148545841664001
1259148488581042177
1259148367181099008
1259148281579540481
1259148275959169029
1259148147152093184
1259148143263965192
1259148066596282368
1259148013060177920
1259147956508393474
1259147941958291456
1259147938938474498
1259147820151574528
1259147731798560769
1259147731412627456
1259147696654430209
1259147648365481991
1259147605554221059
1259147560985427968
1259147546137690122
1259147438843191302
1259147340931387392
1259147281191899136
1259147280046792704
1259147243883544578
1259147237432733699
1259147220902912001
1259147219577470983
1259147202410303488
1259147191014371328
1259147154418999297
1259147103038832641
1259147090707521536
1259147059866853376
1259147028094910464
1259147026140467202
1259146980384784386
1259146946687705088
1259146843692453890
1259146812088336386
1259146786406641666
1259146741154226181
1259146740508381197
1259146739946270720
1259146670153043968
1259146618898657283
1259146565136068609
1259146424115175426
1259146392993435648
1259146363859845123
1259146334700843009
1259146252333338624
1259146243051307014
1259146230967545857
1259146185891250177
1259146131206004736
1259146106140872704
1259145935671754752
1259145926045810690
1259145844961484803
1259145808244588544
1259145803580485635
1259145742846791681
1259145694188908544
1259145626648010752
1259145604183310336
1259145406715486208
1259145391880069121
1259145381977481216
1259145374431879170
1259145249538150403
1259145180676055041
1259145102896881666
1259145076388900867
1259145052854550529
1259145029496508418
1259144916229382144
1259144632652496896
1259144524171001858
1259144503790833666
1259144476582391808
1259144461017366528
1259144404780175360
1259144379295584256
1259144337931358211
1259144315051429890
1259144288195219458
1259144253491445762
1259144149951004672
1259144097224327169
1259143968534732802
1259143931805290497
1259143897437081602
1259143873105928192
1259143867456081920
1259143857679134726
1259143776066510848
1259143769590566913
1259143765559840768
1259143732303138822
1259143699105230850
1259143676225359874
1259143629064503298
1259143623913996288
1259143557643939840
1259143227506032643
1259143222430822406
1259143137387315214
1259143080239927296
1259143037197979649
1259142994768396288
1259142910462869507
1259142881522130944
1259142735833030656
1259142569310728195
1259142539145359362
1259142467540131840
1259142391233216513
1259142385839362049
1259142219405164547
1259142099771031559
1259141998763802625
1259141955868594183
1259141909907410945
1259141841687117826
1259141828298891264
1259141800108965889
1259141750070882305
1259141727471968258
1259141719334940672
1259141717187375104
1259141601953288192
1259141589621968896
1259141563772436481
1259141443324706817
1259141405844418560
1259141392930045952
1259141261384208385
1259141242379780097
1259141227640958977
1259141210528256002
1259140993825341440
1259140881510273024
1259140803185819650
1259140618065977346
1259140469264654337
1259140431956279296
1259140367867412485
1259140367565324289
1259140325517524996
1259140266411393026
1259140159829925888
1259140135377141763
1259140090175139840
1259140023154286594
1259140015269052417
1259139965759471622
1259139814986862595
1259139809253130240
1259139718027100160
1259139663761195009
1259139646312927234
1259139622761836549
1259139611626004481
1259139548497534976
1259139516058779649
1259139504134410241
1259139357342158849
1259139349737865219
1259139240488833026
1259139118963085313
1259139115506905090
1259139095231692800
1259139017901252608
1259138833704275969
1259138760593326082
1259138621459836929
1259138561275822080
1259138403175727111
1259138387199565824
1259138380929130499
1259138370082607107
1259138347148206082
1259138149617369088
1259137844473409537
1259137695013646341
1259137549576142848
1259137459218153472
1259137450305298433
1259137401341054976
1259137391257890820
1259137375852204032
1259136915338678272
1259136813333188611
1259136770119290881
1259136559103774726
1259136482364788739
1259136353201242112
1259136343600398337
1259136332691132418
1259136135512707074
1259136131213545476
1259136083029352450
1259136044747952131
1259136014767067137
1259135989206986753
1259135956558295040
1259135926569140225
1259135906721730563
1259135906377859073
1259135888132636672
1259135716606517254
1259135595047268353
1259135542593232897
1259135521185546240
1259135342768259075
1259135053814272000
1259135041856253952
1259134854979035136
1259134792903405570
1259134702373539840
1259134584819724295
1259134480968822784
1259134471883948032
1259134463482761218
1259134440741244934
1259134383254130690
1259134266547605506
1259134038104735744
1259133914284785664
1259133858215321600
1259133689214230529
1259133628585517056
1259133606229938177
1259133553025187843
1259133534071074818
1259133515687432192
1259133512642449414
1259133377644462081
1259133257406439424
1259133211042631681
1259133165945446400
1259133133456379904
1259133132693004288
1259132909950304257
1259132776055529478
1259132753423056897
1259132594769231874
1259132379588972544
1259132234453434369
1259132219039383554
1259132120427040769
1259132068241592320
1259132041041494018
1259132021739266048
1259131987278860296
1259131877648216066
1259131874561134592
1259131874510868481
1259131866206085127
1259131814775533570
1259131784018767876
1259131769909018630
1259131648286904326
1259131628078731265
1259131617953697798
1259131570776088579
1259131458796638208
1259131409819631620
1259131333458235395
1259131317121437696
1259131126410592256
1259131044697124865
1259130917370675200
1259130906998198272
1259130810592083969
1259130808545181696
1259130801368817665
1259130746104688640
1259130745462849538
1259130713640755203
1259130702827831297
1259130664860954624
1259130610888687617
1259130554768908288
1259130550549348353
1259130452167856130
1259130397193101312
1259130277244395520
1259130222898819074
1259130124651372544
1259130104287985664
1259130047455285251
1259129925682028544
1259129919239585792
1259129766113935360
1259129750955622400
1259129746224488448
1259129648333697024
1259129600434724867
1259129505228210180
1259129491974246401
1259129468825874432
1259129431240642560
1259129393181536256
1259129335434432513
1259129239602855937
1259129157289730049
1259129066340352003
1259129053715615744
1259129032387559426
1259128979275087872
1259128948954464257
1259128922186354690
1259128878775312391
1259128827449573376
1259128610557964288
1259128553154785280
1259128550189342720
1259128485479661569
1259128358211915776
1259128200430530560
1259128198408867841
1259128085410185216
1259128080469286912
1259128071048908801
1259127998663454720
1259127864454262784
1259127790068170752
1259127588557131778
1259127409489608705
1259127333572804611
1259127333203697664
1259127326748676096
1259127247979634689
1259127212688760833
1259127177787957248
1259127132439134208
1259127084875743232
1259127073416843266
1259126946191101952
1259126839978659844
1259126712429883393
1259126694687932417
1259126581764722689
1259126494980444160
1259126482280099840
1259126437317091328
1259126324574195716
1259126237278212101
1259126149097160705
1259126055459323904
1259125983040471040
1259125950404612096
1259125929785376768
1259125872512172033
1259125860562432007
1259125841948262400
1259125775816687617
1259125772792606729
1259125760087986183
1259125759148535808
1259125738525073409
1259125714101698561
1259125678320074752
1259125488837996546
1259125449344638978
1259125328741572608
1259125306906025991
1259125297536000000
1259125250274492416
1259125212907520000
1259125185153826817
1259125105285836800
1259125079889321984
1259125078958190592
1259125069382549505
1259124951988174849
1259124837001367555
1259124825882271746
1259124819808997376
1259124809419628546
1259124805015687168
1259124765157199872
1259124732986875905
1259124673012551682
1259124609565315075
1259124560382869504
1259124528090886144
1259124410541375490
1259124380027760644
1259124340915867649
1259124270422204416
1259124232388333569
1259124146782507008
1259124052419121153
1259123885708115968
1259123780506566657
1259123751133855745
1259123696175849472
1259123694032519172
1259123612927299585
1259123461676584961
1259123426989682688
1259123379090722821
1259123347629256704
1259123321599377413
1259123258642792449
1259123245409845248
1259123182142980097
1259123145660915715
1259123087582339072
1259123062701723649
1259123039494721536
1259122839220891648
1259122825216098305
1259122771403161603
1259122745482391555
1259122725978886144
1259122681737347072
1259122631913201664
1259122627580395522
1259122533380521987
1259122520684466177
1259122511591112704
1259122449498677251
1259122240458760196
1259122240039370754
1259122195193909249
1259122089048649730
1259122044354080773
1259121904616644615
1259121877794029569
1259121823616286725
1259121751356780544
1259121679088914432
1259121649674223618
1259121630560878593
1259121489569361920
1259121381234614274
1259121191559757829
1259121176724594689
1259121139395235842
1259121100694454275
1259121087755018242
1259121073301393408
1259121017164910595
1259120979923656705
1259120906837938176
1259120899661447169
1259120859362582531
1259120794329911296
1259120755629047808
1259120754462990337
1259120649496408066
1259120601953943552
1259120550896644097
1259120550137540613
1259120463151857664
1259120459062312960
1259120411675107333
1259120347284148231
1259120339478552578
1259120306783911938
1259120272633978882
1259120261305118721
1259120213393657856
1259120201565720576
1259120192287903744
1259120160490823684
1259120142740586496
1259120118589804546
1259120055394197504
1259119979582103553
1259119960149889026
1259119949982900225
1259119817568784391
1259119789173125121
1259119741177864194
1259119667412709377
1259119566333997057
1259119540040093697
1259119522319040512
1259119381289762817
1259119349903896577
1259119326893916167
1259119225043587072
1259119167959171083
1259118956536881152
1259118936051847173
1259118933807898625
1259118880259297280
1259118823145459712
1259118808285011969
1259118804132671489
1259118800701739010
1259118682921451520
1259118632963112960
1259118632740806659
1259118602537652225
1259118553275469825
1259118519230267392
1259118438074724352
1259118392944087041
1259118380398915584
1259118281769791489
1259118208331788288
1259118172021633025
1259118165952528384
1259118106959634433
1259118076525711363
1259118063087169540
1259117999463809032
1259117977192075264
1259117969428414471
1259117910989160450
1259117880739860481
1259117815262515200
1259117725701505025
1259117696932818946
1259117606117740545
1259117535712235520
1259117508436594688
1259117484948545536
1259117476878659586
1259117467835695109
1259117392262770689
1259117348222631936
1259117329654390785
1259117313762177024
1259117223064502272
1259117191112404992
1259117176356777984
1259117175161458688
1259117137899204608
1259117126268235777
1259116966276739073
1259116874769534978
1259116865332404224
1259116826371522562
1259116659417190407
1259116649569009666
1259116619466518528
1259116593726009345
1259116590005719042
1259116458371624960
1259116361579724801
1259116288154140672
1259116160961908737
1259116123968200704
1259116101214048259
1259116034134618113
1259115975963742210
1259115972872601601
1259115904958423041
1259115864219103232
1259115823861567489
1259115820451536901
1259115745004453888
1259115645976875010
1259115621045895168
1259115589295013888
1259115588028334080
1259115534953652224
1259115528225988608
1259115405236412424
1259115345509572609
1259115313813245952
1259115288844476416
1259115223669248000
1259115184184066054
1259115173811564545
1259115152546443264
1259115102168588288
1259115087106883585
1259114980827430912
1259114863416279041
1259114743337553920
1259114695073595392
1259114641290145793
1259114534096318466
1259114529415446529
1259114469076226048
1259114400146960385
1259114347793731590
1259114332102758401
1259114313257811968
1259114151634403328
1259114122190471169
1259114113030074369
1259114107246182400
1259114095330148352
1259113986798366720
1259113976006311936
1259113920658378752
1259113906271854593
1259113865079590913
1259113864349847560
1259113796246921218
1259113792824324098
1259113703502479362
1259113672443559937
1259113553610579968
1259113361100472320
1259113298215272448
1259113286278225920
1259113254577725440
1259113192044838915
1259113186852319233
1259113163603181568
1259113155592151042
1259113134163464192
1259113116677398528
1259113066442240000
1259113002235650049
1259112937383497729
1259112891015364608
1259112838108504064
1259112814448447488
1259112796534517760
1259112792285761542
1259112785151131648
1259112660114837509
1259112537087455233
1259112511900659712
1259112481638756352
1259112475217268737
1259112471970877440
1259112421488287744
1259112407634522112
1259112227019337729
1259112213199171584
1259112198040965120
1259112196363243527
1259112179078479875
1259112041522003968
1259111991496630272
1259111898710183936
1259111895958773761
1259111827709067265
1259111753201471488
1259111712768344064
1259111708133638145
1259111676340822017
1259111666664591362
1259111661090283520
1259111587903868929
1259111557340020737
1259111540239863808
1259111530924253185
1259111452335538177
1259111418395332610
1259111402838675456
1259111390725488643
1259111341572440064
1259111315014062080
1259111278318149632
1259111263340298242
1259111178783150080
1259111113528168449
1259111104745295875
1259110816684691456
1259110771616866311
1259110755565277189
1259110751236771840
1259110738406318080
1259110714943459328
1259110702167572480
1259110690486456321
1259110653014540294
1259110643103338497
1259110600917094405
1259110587507920898
1259110571124932609
1259110526136786946
1259110508894064640
1259110474513289216
1259110423535718405
1259110368938516480
1259110334159355905
1259110251443486720
1259110227024187393
1259110186570129409
1259110150494760961
1259110120975458304
1259110053484904449
1259109989970522113
1259109887709192194
1259109866683195392
1259109827852275719
1259109739876823047
1259109698726514688
1259109691109580800
1259109589913677826
1259109515896729603
1259109470686392320
1259109454106279937
1259109418773426176
1259109417657696256
1259109384438910980
1259109362548838402
1259109290029301761
1259109254784528385
1259109254105047040
1259109230298226688
1259109159884259334
1259109068100206593
1259109067005583361
1259109019312152577
1259108959727869953
1259108852404047873
1259108836989972481
1259108711068585984
1259108698150129664
1259108678889877504
1259108670857674753
1259108670404730890
1259108633641697282
1259108620530331648
1259108567992487937
1259108567430377474
1259108552687464450
1259108510417248257
1259108476082688000
1259108473402515456
1259108337804816384
1259108301830336513
1259108299884109824
1259108276245090304
1259108266866618368
1259108259065102338
1259108257483784192
1259108154396246019
1259108138671800321
1259108126684561409
1259108114252603393
1259108107411763200
1259108095957053440
1259108062146768896
1259107962871861248
1259107952146907141
1259107927543230468
1259107917103599616
1259107917053206528
1259107888976605186
1259107865178112001
1259107816918433794
1259107767253635073
1259107747712380928
1259107735548952578
1259107732747161601
1259107732654882818
1259107731908198400
1259107702447525888
1259107688006508546
1259107631916027905
1259107566006816769
1259107549493768192
1259107542447333379
1259107537762254848
1259107536000688131
1259107372393431041
1259107345902297088
1259107300897325056
1259107278466224128
1259107257171808264
1259107239316598784
1259107237571833856
1259107236367958017
1259107201874046976
1259107159138328576
1259107085272350720
1259107076724457473
1259107062275100673
1259107032583503873
1259106972944805889
1259106878816227332
1259106870507208706
1259106821845012480
1259106743453462528
1259106730329419776
1259106710712614912
1259106698859601922
1259106681964945419
1259106621839597570
1259106606433873920
1259106583746768896
1259106570836881408
1259106558719528960
1259106482072752128
1259106482001334272
1259106462548332546
1259106432152190976
1259106232239079424
1259106218171338753
1259106210252566529
1259106190426099721
1259106187381026817
1259106137326174208
1259106037304627201
1259105914721914880
1259105804105535490
1259105785633792001
1259105776716730368
1259105744386998273
1259105725319729152
1259105688917327873
1259105659464945664
1259105649365049344
1259105642754834432
1259105601738735616
1259105573745971200
1259105539251994626
1259105439612047369
1259105403297828864
1259105370603225088
1259105264168509441
1259105235877986311
1259105204181573632
1259105150515515392
1259105017442775040
1259104975411650562
1259104952238125058
1259104946869411845
1259104902028066818
1259104861234356224
1259104809405349888
1259104791709483008
1259104787800432640
1259104785954942976
1259104773585895426
1259104681223163904
1259104542781816833
1259104481238712320
1259104456429502464
1259104407351963648
1259104380407681027
1259104340637335553
1259104296420900867
1259104289781407744
1259104225067442176
1259104097195700224
1259104030552399876
1259103917121638401
1259103902064148481
1259103897148436480
1259103838910504962
1259103765891821568
1259103758245658625
1259103706802524161
1259103628964630530
1259103556935856129
1259103455504982016
1259103387460796416
1259103300798070785
1259103236381986816
1259103208846344193
1259103197244858368
1259103168618811392
1259103042991009793
1259102842020941826
1259102827944849408
1259102734239838209
1259102725695995904
1259102723263389696
1259102699066458118
1259102687934717952
1259102659929411584
1259102561774317568
1259102545559130113
1259102508141744133
1259102502735147009
1259102482011127808
1259102471399628800
1259102463883448322
1259102441066450946
1259102430849052673
1259102425195122690
1259102374708350979
1259102351291539456
1259102329946681347
1259102160874287104
1259102093996167168
1259102077751525376
1259102067257421824
1259102027730300930
1259102012882530305
1259101964484464641
1259101961229459456
1259101946281156608
1259101853666758657
1259101850147721216
1259101795709845506
1259101792933163010
1259101764407693313
1259101689417740289
1259101621046448128
1259101569758486528
1259101555439140865
1259101547398598657
1259101503878545409
1259101493728366595
1259101477647396864
1259101391768948736
1259101357660876800
1259101331773706240
1259101328644677634
1259101319819931648
1259101302962958337
1259101293232164865
1259101242812481542
1259101227641712641
1259101198470307840
1259101159375212548
1259101138219040773
1259101110209478657
1259101017423122432
1259100971722051585
1259100971415875584
1259100888389517312
1259100876951732224
1259100848640208902
1259100845607661574
1259100823373709313
1259100807871389697
1259100787592105985
1259100785423589378
1259100737096814592
1259100617018146820
1259100565918953472
1259100556104261634
1259100540845293569
1259100461510131718
1259100448289669123
1259100406887657472
1259100373517770763
1259100345659273223
1259100267322257408
1259100242894630912
1259100174238048256
1259100166977699841
1259100141514108930
1259100127333167104
1259100097868111873
1259100069187420164
1259100032546070529
1259100016418881536
1259099958650814464
1259099922730815488
1259099908747014145
1259099899221741568
1259099817910951941
1259099730258378752
1259099684213317633
1259099516436971523
1259099465987883008
1259099411046707201
1259099268264181760
1259099257866539008
1259099182377418752
1259099070259433472
1259099048109387777
1259099045110468611
1259099010041864192
1259098894136459264
1259098892932653056
1259098800842592256
1259098789786406918
1259098715542953984
1259098710920826880
1259098653224034304
1259098596915494912
1259098584051585029
1259098574152925185
1259098536924282880
1259098496235438081
1259098488270454785
1259098442774859776
1259098430883971077
1259098400773079040
1259098369168945154
1259098340043755520
1259098322729603075
1259098320837980160
1259098295479275522
1259098055640518656
1259098004344188928
1259097956529115136
1259097954616578048
1259097948291547136
1259097935410868229
1259097919942209536
1259097875591634945
1259097788933079041
1259097780058042368
1259097779814780931
1259097734973456386
1259097709216174083
1259097700030730240
1259097680560754695
1259097616123559936
1259097581617020928
1259097563577430016
1259097524935307265
1259097523148521472
1259097503389102082
1259097307817160711
1259097183195889665
1259097152703401992
1259097075385610240
1259096954648383494
1259096933148303363
1259096865582321665
1259096793943617537
1259096777262686211
1259096763530706950
1259096670148726784
1259096659721482241
1259096493836902401
1259096480746536961
1259096457984040967
1259096390640242690
1259096358960717826
1259096358302224385
1259096283157090304
1259096265201246211
1259096195110178816
1259096180358856706
1259096143776165890
1259096129368702978
1259096092567834624
1259096085395636226
1259096083671777283
1259096022904700928
1259096016260943874
1259096015308836865
1259095958329143301
1259095910694424576
1259095870265528320
1259095839911424000
1259095835960381441
1259095780650033152
1259095622155735040
1259095618670276610
1259095593340801026
1259095572952293378
1259095561883484160
1259095558968483843
1259095474361053186
1259095348615827456
1259095342605312002
1259095294555422721
1259094980666314754
1259094959120056320
1259094957945769984
1259094956402237440
1259094948487417857
1259094938047963136
1259094824600436737
1259094789221429248
1259094779213774848
1259094719608619008
1259094719164043265
1259094685760598017
1259094684510621697
1259094681650180099
1259094650071257090
1259094641674203136
1259094608715354113
1259094571604217856
1259094562452144128
1259094520551129088
1259094500040998912
1259094479706959875
1259094453983289347
1259094416792248321
1259094393807568896
1259094289621102592
1259094287884713984
1259094267626225665
1259094244565962752
1259094236915478528
1259094212634718208
1259094182251159552
1259094179919134720
1259094108792131585
1259094100625821697
1259094071664140289
1259094066794582027
1259093875374899200
1259093858639589378
1259093793376174081
1259093792889716739
1259093686106947586
1259093607694417922
1259093578464268289
1259093566984466433
1259093528015224833
1259093519731490817
1259093482238607362
1259093424965378048
1259093396288950273
1259093384461012993
1259093355692199938
1259093332036329473
1259093322322325505
1259093317041770496
1259093308124659713
1259093275060961280
1259093240546025473
1259093233960878080
1259093228793614336
1259093176779931648
1259093132165165056
1259093086644338688
1259092985259732993
1259092900689907713
1259092898425049088
1259092763351478273
1259092718212526081
1259092709282807808
1259092694187552770
1259092658288500737
1259092624977297408
1259092618727784451
1259092514197430273
1259092491090919424
1259092480982683648
1259092475228180480
1259092432056209409
1259092425290760193
1259092393460105217
1259092392877195270
1259092338602905600
1259092295338639361
1259092285196775426
1259092280557920256
1259092268012756993
1259092265169031168
1259092264573337600
1259092256801337346
1259092245409599494
1259092242976866304
1259092162848919553
1259092110470524928
1259092064354144258
1259092046658273281
1259092006996979713
1259091989355794433
1259091977666203653
1259091949870551040
1259091903716438016
1259091856060751873
1259091812062580737
1259091789664878592
1259091738213392387
1259091730235867138
1259091720152715265
1259091700556988416
1259091679761629184
1259091668143411200
1259091656336433152
1259091630218502147
1259091593602138112
1259091579140177922
1259091575981969409
1259091514170490883
1259091497263251456
1259091490573373444
1259091467966046208
1259091398390878209
1259091382502916097
1259091380590260224
1259091358578626562
1259091352706482176
1259091329595912192
1259091293478834176
1259091222167158784
1259091204240703489
1259091194019282945
1259091162465517568
1259091161052045314
1259091144044052483
1259091138117591040
1259091116097495040
1259091111756402689
1259091110019903488
1259091047344410624
1259091021918543872
1259091019695640577
1259090852435148802
1259090837125959682
1259090746285740033
1259090734701064192
1259090712794144768
1259090624638304259
1259090587204104193
1259090573203554304
1259090516928577536
1259090400167505921
1259090372996804608
1259090361793810432
1259090338440007680
1259090297491009536
1259090280315314179
1259090103726718976
1259090094620803072
1259090049934725121
1259090036760477697
1259090034688491520
1259090033698656258
1259090032939413505
1259090000660086785
1259089958792581125
1259089863024009216
1259089842220290048
1259089833298886658
1259089812553859073
1259089785358028800
1259089711471235076
1259089709478948864
1259089673755987968
1259089658488725506
1259089588569726976
1259089565488422914
1259089532215087104
1259089493300334592
1259089488954851329
1259089311485636608
1259089297996746752
1259089278853931008
1259089223547785216
1259089106824507392
1259089036616089607
1259089001862045703
1259088881502347264
1259088874212556800
1259088870496514049
1259088794298564608
1259088655404204032
1259088577423687680
1259088532544663553
1259088350251794433
1259088322129006592
1259088320065388544
1259088314893828096
1259088313010528256
1259088298515009536
1259088291204300800
1259088205208567808
1259088170391658497
1259088143866830849
1259088124266897408
1259088097746259968
1259088087189270529
1259088080419651584
1259088067845111809
1259088034110283776
1259088009917595648
1259087983246008325
1259087867374112769
1259087853163810822
1259087774952697856
1259087712222666752
1259087695793532929
1259087656274755586
1259087622212931584
1259087505045028869
1259087437776613376
1259087426217283585
1259087403123445761
1259087222856454146
1259087196579139584
1259087180238073856
1259087076726837250
1259087001107693570
1259086969084293121
1259086966412513280
1259086866982338560
1259086865593970691
1259086823889960961
1259086790583111681
1259086745381097474
1259086630843023361
1259086603626176514
1259086528355217409
1259086444729110533
1259086387917344769
1259086335035523073
1259086332388872195
1259086248586739712
1259086243029299200
1259086236049911809
1259086198699692032
1259086034962350080
1259085966851088384
1259085942549368833
1259085880129654784
1259085875239157761
1259085875214012417
1259085848798277632
1259085728631447552
1259085595281969153
1259085420215885825
1259085415241449472
1259085370605613056
1259085300028104704
1259085297305952256
1259085236819943424
1259085190049214466
1259085010746761216
1259084958754316288
1259084924621070336
1259084905184669696
1259084885928665091
1259084865842143233
1259084839141195776
1259084834963587078
1259084781041704960
1259084777430437888
1259084678771900416
1259084658136027136
1259084612002893824
1259084598824271873
1259084511113089026
1259084470130561024
1259084313154465793
1259084310973464578
1259084210104606721
1259084199006556161
1259084166592901122
1259084116773015555
1259083975294889984
1259083935964966912
1259083837092564994
1259083788317057024
1259083785016147968
1259083687108448257
1259083599208419328
1259083561371676672
1259083510834515976
1259083456107163648
1259083446795853824
1259083389069598720
1259083250988974082
1259083224124456960
1259083212942389248
1259083210241253377
1259083169925681152
1259083000169578496
1259082867222745088
1259082851959652352
1259082833697681408
1259082829062963200
1259082816576462848
1259082787329581056
1259082731339821061
1259082618643058690
1259082547910377472
1259082542671695872
1259082421217132544
1259082201511100418
1259082189695782912
1259082177695944704
1259082109513355266
1259082080849465344
1259082069663236096
1259082038281412608
1259082034443628546
1259082018891194375
1259082003120623616
1259081999635152897
1259081933260230656
1259081916659138561
1259081782915366913
1259081707480809474
1259081681593606144
1259081437900353537
1259081422712832004
1259081359735369728
1259081260640735232
1259081227073662978
1259081189236912129
1259081161583874048
1259081066238873600
1259081015412359168
1259080944209846273
1259080914526707713
1259080880867479552
1259080873300971523
1259080775942713344
1259080750198030337
1259080706598281216
1259080673765326848
1259080536469000193
1259080530332725248
1259080374375849987
1259080366410915841
1259080285448278016
1259080060981698560
1259080024042483712
1259080002089476101
1259079866181455872
1259079799592628226
1259079773042737158
1259079670974361600
1259079609682976768
1259079577252528130
1259079558701232130
1259079509451644929
1259079466086813696
1259079414643675136
1259079407857274881
1259079321798488065
1259079305323257856
1259079246477172738
1259079184892276736
1259079158468161539
1259079120744517632
1259079082043719680
1259079049286234112
1259079028025278465
1259078983238500354
1259078941400334336
1259078874476040192
1259078838002290689
1259078837582823424
1259078798328442880
1259078767319941122
1259078682251079680
1259078680929882112
1259078680111976448
1259078597194719233
1259078595609272320
1259078591431741440
1259078576906829824
1259078548540751873
1259078533521039361
1259078459185340416
1259078429548449792
1259078373822922754
1259078312497987584
1259078199599943680
1259078059069669376
1259078012487729152
1259077891549204480
1259077812620791809
1259077719146598400
1259077710099484672
1259077694156869633
1259077677799149568
1259077611881447424
1259077561356816385
1259077539143790592
1259077529840898048
1259077518956679169
1259077502867320832
1259077491660111872
1259077422244388866
1259077217600102400
1259077202613846017
1259077166035337216
1259077121177051136
1259077079334821888
1259077063937589255
1259077046162112512
1259077015476584449
1259076989459345408
1259076947650453509
1259076871360253952
1259076829719277570
1259076815462830083
1259076727671861249
1259076722798059521
1259076715084607490
1259076604891930626
1259076576035078144
1259076517059072006
1259076485840801794
1259076468895866885
1259076438566809601
1259076308367261697
1259076296862248966
1259076285193760768
1259076231796064256
1259076215366979586
1259076090099875841
1259076057929564160
1259076053076754433
1259075980527878146
1259075934285684739
1259075881106014208
1259075871547305985
1259075812474707968
1259075787636039680
1259075775246020608
1259075733483409409
1259075672661688321
1259075612259598336
1259075576536748034
1259075553509998593
1259075546899775488
1259075536770543616
1259075499890020352
1259075478268325889
1259075398220034049
1259075351805902854
1259075334210752512
1259075276635607042
1259075276094439424
1259075275570241537
1259075275050168320
1259075274475528192
1259075273938608129
1259075273376575490
1259075272810409986
1259075242795900929
1259075235518787584
1259075197526773761
1259075180913209345
1259075041922351104
1259075025556189185
1259074913052364802
1259074892915527681
1259074885567029249
1259074577021513729
1259074564933509120
1259074525393813505
1259074467990515713
1259074463183917064
1259074454103130113
1259074345256828929
1259074230081196036
1259074216437190656
1259074195725615104
1259074149890134017
1259074129862504448
1259074116554035202
1259074115950043136
1259074110895853568
1259073970277621762
1259073927311130627
1259073901646282752
1259073777721376770
1259073703553437697
1259073582552023040
1259073573605511168
1259073545776312321
1259073543607914497
1259073450259419137
1259073412502376449
1259073367883292672
1259073327211126784
1259073319573348354
1259073312707223553
1259073285398151169
1259073276317511680
1259073268155383808
1259073255182385152
1259073138945593344
1259073099544264705
1259072975850164224
1259072953418948610
1259072885647343616
1259072852143345664
1259072820413452288
1259072796577148931
1259072795981594625
1259072778940100608
1259072721327214592
1259072682878021632
1259072610152914945
1259072517953720322
1259072508650754050
1259072425670643712
1259072337825103878
1259072280811970560
1259072226751627264
1259072172192083968
1259072152080396288
1259072147751874560
1259072107918565378
1259072097063768064
1259072092227731459
1259072088704417792
1259072041522733057
1259072001945337857
1259071996886908929
1259071993086988288
1259071960727896066
1259071947360608256
1259071907426516992
1259071891635126274
1259071884714545152
1259071768683216897
1259071737175695361
1259071732121571329
1259071718955646976
1259071707744292864
1259071639116972033
1259071604463751170
1259071600596582400
1259071580518387713
1259071564080963584
1259071537690353666
1259071533026246656
1259071492534546433
1259071445814185984
1259071428026159105
1259071377631596544
1259071364234870786
1259071266998431744
1259071239877992448
1259071186824237057
1259071177345171461
1259071175453442049
1259071131367215104
1259071111775617024
1259071009401057280
1259070979902504960
1259070920712499200
1259070890249240576
1259070865318326274
1259070766735392769
1259070634715492353
1259070611202154497
1259070594299150336
1259070564112781312
1259070515228094464
1259070476137238529
1259070471288561664
1259070451986423809
1259070324991197184
1259070183672602624
1259070058376159233
1259069905187606528
1259069893510680576
1259069881883987968
1259069819418284034
1259069810106929152
1259069687339429888
1259069547753152515
1259069453196804101
1259069442014810113
1259069437443014656
1259069401430720512
1259069399409078272
1259069386960318465
1259069218034679810
1259069217091051521
1259069141266452481
1259069137181081600
1259069102045396992
1259068965978062848
1259068935686717441
1259068921497427968
1259068896906182657
1259068877453037568
1259068816321118210
1259068807815069698
1259068762109743104
1259068718442786816
1259068659659616256
1259068634665811971
1259068600931008512
1259068574225903617
1259068543951409152
1259068500414476293
1259068486858539013
1259068477123543043
1259068305702354945
1259068304012070912
1259068260668104707
1259068240363429890
1259068216296562688
1259068208855867392
1259068177939681280
1259068130158170112
1259068116656697345
1259068116346253312
1259068090425507840
1259068083802640385
1259067940579815424
1259067885223370752
1259067821050429441
1259067676082745345
1259067594625204224
1259067568243032064
1259067562819833857
1259067548894736385
1259067540417982465
1259067533975568386
1259067528858476544
1259067426328772608
1259067344330031105
1259067295298707457
1259067248507080704
1259067195142868994
1259067188876623873
1259067166680330240
1259067146258219008
1259067122245828608
1259066988338479105
1259066964602953729
1259066942897487872
1259066912228675591
1259066909502423040
1259066814333685760
1259066728954433536
1259066599694270464
1259066522066132992
1259066511630704642
1259066457050230791
1259066441871044609
1259066399399522305
1259066300497887232
1259066262845612032
1259066231967154177
1259066138132127746
1259066112010080258
1259066104007229447
1259066032762892290
1259066011287945216
1259066007085350914
1259065993147621379
1259065968468336640
1259065897647583234
1259065830563815424
1259065651982934016
1259065581548044288
1259065571502587904
1259065547376996353
1259065482495365120
1259065382872154112
1259065336864923649
1259065319127220225
1259065284775817216
1259065159655600128
1259065141880070147
1259065138600181760
1259065074980925441
1259064912975990784
1259064877714493441
1259064844780810241
1259064735611392000
1259064661896552449
1259064621534674944
1259064612449812480
1259064588420734978
1259064524667314176
1259064469596102656
1259064409898524672
1259064299470893058
1259064267644559362
1259064259029450754
1259064230218735617
1259064200091009024
1259064132856356864
1259064116418879488
1259064112811855872
1259064086551244802
1259064062991794177
1259064036479598599
1259063965499494405
1259063834070917122
1259063764370051074
1259063676889423872
1259063675555635200
1259063674876157953
1259063654382780417
1259063646409367552
1259063611181469696
1259063572606353409
1259063551790059520
1259063486530949121
1259063429400330241
1259063410924359680
1259063350056665088
1259063345770049538
1259063185115688960
1259063165729505280
1259063165561774089
1259063164055851008
1259063152777605120
1259063134754570243
1259063115855147008
1259063021726576640
1259062824057348099
1259062545891176448
1259062496515809286
1259062463015911425
1259062406246019072
1259062402865397762
1259062314139029504
1259062296321687552
1259062275241054208
1259062263132164096
1259062250561843200
1259062176461004805
1259062108244905984
1259062074614964224
1259062019803811840
1259061997594959872
1259061995241947137
1259061994172399616
1259061963117735936
1259061900148707328
1259061869379280896
1259061833639645186
1259061750504308736
1259061706678046720
1259061642740056065
1259061601354874882
1259061528965382144
1259061462460518400
1259061442721931270
1259061429703004161
1259061425386987520
1259061289848057858
1259061240867049473
1259061230091804672
1259061224538546177
1259061212685492225
1259061167512838144
1259061073015160832
1259061053511446528
1259061045974511616
1259061039963963392
1259061028287119361
1259061027414605825
1259061012461953024
1259060980639830017
1259060780089192449
1259060701919928322
1259060697964707840
1259060697272594434
1259060696035328000
1259060689446068225
1259060658173247488
1259060602791747585
1259060572626268162
1259060554171326464
1259060514744946688
1259060452119711745
1259060363120783365
1259060362709815302
1259060309895057408
1259060178068156417
1259060156278734852
1259060079720124416
1259060061189611520
1259060060078182402
1259060033939288064
1259059989882253312
1259059882369716225
1259059785460322305
1259059692120281088
1259059612357099520
1259059601883967489
1259059597748436994
1259059569499783168
1259059566035247107
1259059557969604609
1259059540458381312
1259059507969359877
1259059507742879744
1259059498028843008
1259059478277865472
1259059435944755200
1259059432643796992
1259059404714004481
1259059398099578880
1259059363307753472
1259059347952467970
1259059232055443457
1259059170193670145
1259059120684089344
1259059066132889601
1259059043714375681
1259058996192870400
1259058920598974464
1259058744501194754
1259058732585058305
1259058731641339905
1259058722418106368
1259058710623793153
1259058687915839488
1259058639349972992
1259058633238814720
1259058600472973312
1259058540708352002
1259058470780887040
1259058426656718848
1259058389792980992
1259058385607106563
1259058345467686912
1259058299972005889
1259058271022919682
1259058218573221889
1259058170858782728
1259058163128635393
1259058142475845632
1259058098439966725
1259058088704966656
1259058081876631552
1259057841249411073
1259057802322030593
1259057744302268416
1259057725666983938
1259057711754424320
1259057665612877824
1259057651570352128
1259057535002316800
1259057527548936194
1259057469550182403
1259057455788670976
1259057423702265856
1259057412637630465
1259057304072306688
1259057224460230658
1259057219259248640
1259057179803496456
1259057107304951808
1259057068478214144
1259057061381451778
1259057025662832646
1259057021111975936
1259057011385344000
1259056988136316928
1259056954833543168
1259056934809931777
1259056905890209792
1259056858909872130
1259056853197172736
1259056852844851200
1259056834679377921
1259056800055296001
1259056759408398336
1259056709982654464
1259056654458421249
1259056649853120514
1259056556953538560
1259056500263268352
1259056475785306112
1259056450095153152
1259056429882900480
1259056364997021697
1259056352565100552
1259056258650460160
1259056179868766209
1259056164618358784
1259056044174704642
1259055971357339648
1259055938339774464
1259055852000067585
1259055762145456129
1259055755178717185
1259055709272125441
1259055640208650240
1259055625893445633
1259055604401913857
1259055546398920704
1259055504984342528
1259055489188593664
1259055488379035650
1259055391721259009
1259055320342683649
1259055259441336321
1259055252130717698
1259055211651436545
1259055154218913792
1259055084413038593
1259055043938004992
1259055009871822848
1259054933946576897
1259054895447134208
1259054886945202176
1259054798399299584
1259054794129448960
1259054785061359616
1259054755197878274
1259054732196397057
1259054668895916033
1259054584632422400
1259054546615238657
1259054542311874566
1259054458023088128
1259054438288896001
1259054435935887360
1259054409042006017
1259054348920852482
1259054325093015553
1259054301302992899
1259054215709839362
1259054200807395330
1259054187586994176
1259054045869858816
1259054045349793793
1259053968531099648
1259053952995405824
1259053926214774785
1259053881461542912
1259053856618668033
1259053854764806144
1259053818156892160
1259053791980195841
1259053732198785024
1259053666444681218
1259053566515449857
1259053564867088384
1259053516863266817
1259053504527839232
1259053476904144897
1259053437217583104
1259053421082095616
1259053406838231040
1259053363775356928
1259053326198542336
1259053267620892674
1259053209387184128
1259053143947706368
1259053126901997568
1259053086238289921
1259053044643377158
1259053044018360321
1259053019628527616
1259052932923867136
1259052815265259520
1259052696637767681
1259052639393906688
1259052634704678915
1259052604497199104
1259052598667214848
1259052560687730689
1259052527611457537
1259052511811506176
1259052462784290817
1259052420182749184
1259052403317489664
1259052361252831232
1259052343926173696
1259052310598221826
1259052246102310913
1259052195196084224
1259052184005677056
1259052133376294912
1259052093584936961
1259052085531770881
1259052047070085120
1259052017479229441
1259051973594267648
1259051900596629504
1259051868619235329
1259051831424155648
1259051829515694081
1259051810263875584
1259051773081325569
1259051720463790081
1259051650024714240
1259051587798007808
1259051577672949760
1259051545569693696
1259051522698199040
1259051522635321346
1259051471464734720
1259051439957082112
1259051421221167106
1259051404557197312
1259051358432436224
1259051344167612417
1259051258083753986
1259051228085940226
1259051211443122176
1259051186847723520
1259051173811716098
1259051169697214468
1259051126273519623
1259051085089603586
1259051015455870977
1259051013123776513
1259050968181813249
1259050959415717889
1259050843061485568
1259050840779866119
1259050821121118208
1259050798996217856
1259050756377845760
1259050752074547200
1259050674819600384
1259050672021962752
1259050576710680576
1259050519617814528
1259050515310284800
1259050475489460225
1259050403498516480
1259050342504857601
1259050339426328576
1259050323815038977
1259050259667353602
1259050251786297344
1259050223164428288
1259050142147194880
1259050104356589568
1259050007732326400
1259050006759309313
1259049977361379330
1259049915881328640
1259049807332749312
1259049741578625024
1259049680857632769
1259049601061072896
1259049560686702594
1259049558249791488
1259049529984385024
1259049475898839040
1259049412686422016
1259049412573179904
1259049367501254658
1259049251033751553
1259049242489913344
1259049235951104001
1259049229055602688
1259049179537715200
1259049170289209344
1259049036914589696
1259049023299715072
1259048949387866112
1259048924582744065
1259048905938882562
1259048869444362240
1259048859038363650
1259048848821018624
1259048827484594176
1259048802541068288
1259048788838285312
1259048786648858624
1259048752230338566
1259048714213220353
1259048682487513089
1259048637637804032
1259048583732568065
1259048549897166848
1259048537880432641
1259048506481917952
1259048441075970048
1259048392988282880
1259048387648905217
1259048369974054913
1259048367084187649
1259048366748700672
1259048226189172737
1259048174725074944
1259048167783444480
1259048130210787333
1259048105707810816
1259048045058064384
1259048001781325824
1259047873427226624
1259047823099691008
1259047795731894282
1259047775183998976
1259047774819155969
1259047727339638785
1259047707928408064
1259047659278610432
1259047654660734977
1259047633018028035
1259047597664280576
1259047589053435904
1259047557021351936
1259047544438562816
1259047537526308867
1259047494794850304
1259047432157093889
1259047417082777600
1259047397591789568
1259047262170370053
1259047220197896192
1259047208885915651
1259047187985694720
1259047163788746752
1259047109627650050
1259047047522652162
1259046995047710722
1259046969349230592
1259046938110054400
1259046935278821377
1259046868388130821
1259046811576254470
1259046767951261696
1259046728403226625
1259046704185303040
1259046639844634624
1259046630399057920
1259046599755431936
1259046587520737281
1259046586346340352
1259046570034675712
1259046544625500160
1259046543002349569
1259046489944399872
1259046393966211073
1259046298340200454
1259046257001185281
1259046255768023040
1259046174402764800
1259046140655415296
1259046101950304257
1259046077178707968
1259046052298027008
1259046040461881344
1259045998816616449
1259045961101344770
1259045953220292610
1259045949420318721
1259045891463426048
1259045798098108416
1259045783015493634
1259045653935726593
1259045651452694528
1259045646272774144
1259045641105412096
1259045636294483968
1259045633673101313
1259045573178675201
1259045516421353474
1259045498578665472
1259045452416237573
1259045372367904768
1259045321302212608
1259045318290812930
1259045299961712640
1259045232026542080
1259045189106221061
1259045160027070465
1259045031903735808
1259045030569934849
1259045006352023552
1259045005517348864
1259044993769054208
1259044957802946560
1259044841624911872
1259044828182130688
1259044618420793347
1259044502238461952
1259044487852175361
1259044340988510208
1259044190626988032
1259044159555502080
1259043862854729728
1259043813710069767
1259043792239329280
1259043744239812608
1259043735683452931
1259043724077813762
1259043713470390273
1259043697049645057
1259043661414830080
1259043545400385536
1259043542636191744
1259043536474763264
1259043531961835521
1259043499586064384
1259043480241754115
1259043477796597760
1259043458108526592
1259043449409613824
1259043384267804672
1259043362159710214
1259043361023037441
1259043272057651200
1259043249207087104
1259043130864807936
1259043071280459777
1259043071276257280
1259043049876922369
1259043045347143681
1259042996290543616
1259042968587157505
1259042962702585857
1259042943693922304
1259042865851838464
1259042855299014656
1259042787183427584
1259042769101828096
1259042767235428352
1259042748423966721
1259042684779495424
1259042592131559424
1259042569113255937
1259042438846562310
1259042337461874688
1259042291370598401
1259042283447619584
1259042262744543232
1259042221397102593
1259042212534460423
1259042208377946112
1259042171661025280
1259042117369856001
1259042015100178433
1259041987182944256
1259041892144222209
1259041858912747520
1259041800628600833
1259041725068304384
1259041698979741696
1259041631929540609
1259041560060190723
1259041547913396224
1259041533623447552
1259041354468012033
1259041338705600514
1259041322922582018
1259041298574643200
1259041260104491008
1259041212834689024
1259041192970502144
1259041158543671297
1259041139216330752
1259041085843742720
1259041068835897346
1259041060434644997
1259040963714068480
1259040951277928449
1259040923587149825
1259040826644185088
1259040653314600960
1259040643801907201
1259040622662557696
1259040568946110465
1259040541532094464
1259040504362270721
1259040463245455361
1259040451274907648
1259040451086241793
1259040429657468928
1259040378679951362
1259040315954126848
1259040271146369024
1259040269653225472
1259040256147492864
1259040198907871232
1259040197918015490
1259040187558100994
1259040175826653185
1259040172194365440
1259040167521849344
1259040118721167361
1259040110055698432
1259040048860848129
1259039992602677248
1259039980464353280
1259039909077233664
1259039786863656961
1259039744236929025
1259039624459988992
1259039611902402560
1259039609847193600
1259039605233516545
1259039598417674241
1259039522521825280
1259039468151021569
1259039394180333568
1259039382755069954
1259039378355171328
1259039293215068162
1259039284226596864
1259039237741121537
1259039214072717312
1259039199442984960
1259039154853359617
1259039130471849984
1259039101988286464
1259038999915761664
1259038997629853697
1259038966990491649
1259038955124776960
1259038950561329152
1259038946023084032
1259038912334360581
1259038903455174656
1259038861142962176
1259038855665274881
1259038848769720321
1259038836765741058
1259038808252833792
1259038790229901313
1259038752149815296
1259038731882938368
1259038683115773952
1259038609522470917
1259038580003024896
1259038509517717504
1259038454740123648
1259038453708345347
1259038442236895233
1259038385760600064
1259038084244611073
1259037954204471296
1259037932935151616
1259037924517167106
1259037820997566464
1259037715280146432
1259037658287915015
1259037498233229312
1259037447608061953
1259037394327789568
1259037340921626624
1259037296348758017
1259037277629661184
1259037267038998528
1259037149594296320
1259037119663804416
1259037071798349824
1259037021680648193
1259036986607841281
1259036874145968131
1259036846505496577
1259036666171461632
1259036626736553989
1259036554493939712
1259036499523391488
1259036401800220672
1259036291506806784
1259036147679928320
1259036140004421632
1259036126515511296
1259036125286596608
1259036115731992577
1259036111223042048
1259035910701793283
1259035873246674947
1259035820704649216
1259035755407650816
1259035722092331010
1259035700051271681
1259035697593417729
1259035604639199232
1259035570262683648
1259035358144143360
1259035291484069893
1259035287885352961
1259035282512412679
1259035213868515328
1259035169719287809
1259035156817620998
1259034973966925824
1259034966513639424
1259034900482732032
1259034873362292737
1259034828822974465
1259034812221882368
1259034793041420288
1259034721671135232
1259034670672621568
1259034633091588096
1259034627295109126
1259034581904351233
1259034452124151813
1259034319827406849
1259034319051526146
1259034292237340672
1259034272717066241
1259034266119389189
1259033993212841984
1259033947016749060
1259033926817001472
1259033923251834880
1259033892633358336
1259033802095157248
1259033760873484288
1259033731760885761
1259033712857055232
1259033596473548800
1259033564471066625
1259033559114842113
1259033508560932864
1259033482728280064
1259033297532960768
1259033284148899840
1259033274782973952
1259033243212537856
1259033010852200449
1259032990560194561
1259032984096817152
1259032981697675264
1259032943831461889
1259032771147771905
1259032747454148608
1259032746149777408
1259032650632826880
1259032575449890816
1259032565144522752
1259032534215786498
1259032434647207936
1259032325486247938
1259032323217133568
1259032224973889537
1259032191255937025
1259032181856440320
1259032090852630528
1259032071047204864
1259032012935086085
1259031901123358726
1259031612546826240
1259031563850964993
1259031537305169920
1259031453393960960
1259031194362171394
1259031182295076864
1259031138330386432
1259031121402134530
1259031010475458561
1259030935489691649
1259030864165515266
1259030828681740288
1259030754601971713
1259030476976783362
1259030456261054464
1259030399357005825
1259030387524861953
1259030284693094402
1259030253625847814
1259030190912651266
1259030039934447616
1259030026814717952
1259029946867073025
1259029911114846208
1259029845692080130
1259029681334112257
1259029654448549888
1259029184069894144
1259029155112464385
1259029139648139264
1259029028595515393
1259029014221635589
1259028920642473984
1259028804707799040
1259028651741458442
1259028589669998598
1259028564881674240
1259028482874638336
1259028478743191552
1259028238929666049
1259028191643131905
1259028106259640320
1259028091776765953
1259028090522677253
1259028058717196289
1259028053591838720
1259027990656188418
1259027931608821760
1259027799748284417
1259027734786977792
1259027691883442180
1259027685738795011
1259027603194773505
1259027467970510848
1259027359837106176
1259027351700156416
1259027169398972416
1259027161446580225
1259026995108892673
1259026953186705408
1259026905958940672
1259026802598649860
1259026758021656577
1259026597019095041
1259026550680420353
1259026471487713280
1259026460771319808
1259026459508846595
1259026435127283713
1259026381444386817
1259026310871027713
1259026291736616965
1259026158890475520
1259026107715784706
1259026032776171520
1259025941231263744
1259025935220776960
1259025923992629250
1259025918707851264
1259025548359143424
1259025468340219905
1259025417182248962
1259025371648929793
1259025361670635524
1259025329135538177
1259025325356396544
1259025319509594113
1259025282096300033
1259025280175390722
1259025074021163008
1259025064567230468
1259024956727402496
1259024883524210688
1259024881674522624
1259024866268905472
1259024854457757696
1259024819598667778
1259024817438810112
1259024709565456384
1259024696638607360
1259024604707749891
1259024595740512256
1259024571640033281
1259024426462515201
1259024391297474560
1259024264491081728
1259024161156014080
1259024141644189696
1259024084932968448
1259024027244548097
1259023916196073472
1259023764857241601
1259023753767522304
1259023735316721667
1259023728542965761
1259023642702340096
1259023489287282688
1259023470303891456
1259023465081864193
1259023387579617280
1259023342444707840
1259023332856528896
1259023271015702528
1259023136877678592
1259023129436971008
1259022985563901954
1259022979859709953
1259022895080235008
1259022796610469888
1259022778331803650
1259022768919785472
1259022653324759040
1259022620286226432
1259022523510984704
1259022382603423746
1259022343403384832
1259022187870248960
1259022011692724224
1259021925239717889
1259021888992563201
1259021856708886528
1259021780087422984
1259021764392345601
1259021709811867648
1259021681630248961
1259021669215211520
1259021664551084032
1259021653465534464
1259021609819652096
1259021602764791809
1259021577498300417
1259021529951752195
1259021463274872836
1259021448368345089
1259021447453978626
1259021417137356801
1259021386447753216
1259021315606024194
1259021146239963138
1259021132688130048
1259021120893792256
1259020818702643201
1259020707050270727
1259020685139206144
1259020656684957702
1259020610983866371
1259020573935652865
1259020555728142336
1259020488703127552
1259020469988139010
1259020407652462593
1259020294792101889
1259020265750659073
1259020174486880257
1259020160360419328
1259019947356966913
1259019937055719425
1259019908207259649
1259019874958966787
1259019833934479360
1259019826502262785
1259019803148406784
1259019748827897858
1259019748156858368
1259019643139887105
1259019560440782848
1259019378710007808
1259019340466270209
1259019083707801601
1259019070793539584
1259019036597370887
1259018913880342528
1259018857244737542
1259018766048002049
1259018607406788614
1259018497230884864
1259018470458564614
1259018377995194368
1259018338358919168
1259018305521831938
1259018187825459200
1259018146889023489
1259018050227056644
1259018026025877504
1259017908035837952
1259017663029940224
1259017645833281537
1259017635146104832
1259017634584170496
1259017632495423488
1259017594780164096
1259017308061794304
1259017243251351553
1259017102805086209
1259017032797958145
1259016899586818049
1259016884697157632
1259016861380943872
1259016762848350208
1259016645630099456
1259016639389020160
1259016591653720064
1259016578877870086
1259016537664610304
1259016438322540545
1259016415425724416
1259016348216238081
1259016306822692865
1259016266850992128
1259016211184128001
1259016174395953152
1259016072218456065
1259016010444742656
1259016008221802499
1259015986205818880
1259015887908110337
1259015880962383872
1259015430926147584
1259015384583282689
1259015187547463680
1259015107276935168
1259015086619987968
1259015044198621192
1259014821359599617
1259014712617992192
1259014639419109379
1259014629419778049
1259014502437322753
1259014474905915392
1259014408057085952
1259014378726268929
1259014271717031936
1259014223612575744
1259014222991831040
1259014024764801024
1259013941327519745
1259013933224079360
1259013895991300097
1259013874927443969
1259013860494848002
1259013850470518784
1259013810146414594
1259013764801802240
1259013728726630400
1259013686594801666
1259013616918986752
1259013554314895360
1259013509909811200
1259013446479347712
1259013370793152513
1259013322269249537
1259013282343591936
1259013270536683520
1259013139447906310
1259013077778997248
1259013064109817856
1259013058363641856
1259012850770759680
1259012833125244929
1259012820705906689
1259012794369925120
1259012667970289664
1259012619396096002
1259012593483644933
1259012434385342466
1259012332161810432
1259012273277931522
1259012084358172679
1259011893471125506
1259011850076925954
1259011833358422016
1259011775967756289
1259011723794792453
1259011616982683649
1259011526880624642
1259011461223010305
1259011378851057666
1259011255265824768
1259011242322268162
1259011151704227840
1259010943155134465
1259010917393711105
1259010889359020034
1259010848493838337
1259010731175022593
1259010657925677058
1259010590112178176
1259010124594675718
1259010106731233281
1259010099479228416
1259010077429809154
1259010020416671744
1259009992834891777
1259009796503674881
1259009766166151169
1259009766149455873
1259009722503573504
1259009646846709760
1259009641062768640
1259009578722869248
1259009497072316416
1259009079009259520
1259008849731821568
1259008800406847488
1259008754001088513
1259008684551745536
1259008626641047552
1259008601101869058
1259008572161241094
1259008500627275776
1259008456503308288
1259008297635627009
1259008284457082882
1259008239221510145
1259008159563370498
1259008113669267456
1259008099735736320
1259008040411582467
1259008027195256832
1259007936396959744
1259007898887376896
1259007522444369921
1259007434791825409
1259007367687135232
1259007345939578880
1259007202657996805
1259007126028124161
1259006968615886851
1259006854379732994
1259006837959077889
1259006826651291648
1259006820846313472
1259006570450554898
1259006548740837377
1259006471255318533
1259006415081013248
1259006214056411138
1259006009697280000
1259005936150220800
1259005856378691587
1259005844836044801
1259005814716674061
1259005796899270656
1259005687033671680
1259005683086786561
1259005377263345664
1259005351233552384
1259005175693545472
1259005157431488517
1259005108387528704
1259004989546127362
1259004930259550209
1259004885091201024
1259004658355404806
1259004652697325570
1259004626839441409
1259004616055959553
1259004482639351808
1259004424095137793
1259004108079607808
1259004080141275142
1259003964953178113
1259003839912579072
1259003547288469506
1259003526732222464
1259003507044163584
1259003440476405760
1259003384335564801
1259003364823781377
1259003298008510464
1259003290861350915
1259003263669673984
1259003222976577536
1259003101849309184
1259003042462085120
1259002978297679875
1259002974220759040
1259002895741136896
1259002710797451265
1259002703029637120
1259002337420619782
1259002304176553984
1259002208177270784
1259002165739192320
1259002099645513728
1259002097841946624
1259002022872911872
1259001964546883585
1259001955290165248
1259001951804690433
1259001893956857856
1259001799119384576
1259001768341573632
1259001741460324353
1259001649357557761
1259001582701682688
1259001482491367427
1259001479379255299
1259001436496703493
1259001417370664960
1259001386269847552
1259001364681809920
1259001241138614272
1259001200768409600
1259001045075800070
1259001040885682179
1259001035852521472
1259000997931859969
1259000951769378816
1259000814481346565
1259000586449694721
1259000584490962950
1259000500789411846
1259000486423932929
1259000439640657921
1259000382002528257
1259000317288615936
1259000315468226560
1259000304680554496
1259000264314454017
1259000253568692224
1259000245465350145
1259000138946818048
1258999994931122176
1258999929483165696
1258999875217297408
1258999850475151360
1258999843424534528
1258999790957932546
1258999664847785984
1258999536397225985
1258999283497480192
1258999131000971264
1258999101158498304
1258998627751559168
1258998512806703114
1258998460981940224
1258997911028989955
1258997861980741632
1258997775850713090
1258997746637422599
1258997652844417024
1258997630794969089
1258997507486556160
1258997457050099713
1258997452079841280
1258997448460156928
1258997334874238977
1258997304796815362
1258997213197459456
1258996760099381249
1258996669426864128
1258996599499481090
1258996594369867776
1258996341763686402
1258996314995646465
1258996223756972037
1258996169029693440
1258996153611362304
1258995982659915776
1258995882042839041
1258995676161196032
1258995575539843072
1258995439514378240
1258995388238958597
1258995381171617795
1258995303497244672
1258995211231002627
1258995152821125120
1258995149813809152
1258995106562158592
1258995046965223424
1258995040594034688
1258994978711384065
1258994602922651648
1258994364107415553
1258994270612213760
1258994095193821184
1258993929363623936
1258993913974657030
1258993822773776385
1258993799730257920
1258993371730894848
1258993215732146176
1258993042226401280
1258992874219343877
1258992808356085760
1258992759232270337
1258992733672398852
1258992689690882049
1258992461365547013
1258992058607566848
1258991803711315968
1258991612295811072
1258991526623023104
1258991336734277633
1258991252365807617
1258990907271110656
1258990788853272577
1258990739817664518
1258990570166509573
1258990408241217536
1258990341174288385
1258990319892410369
1258989939448045573
1258989679652847616
1258989575067836416
1258989361976217601
1258989315427840000
1258989248071569408
1258989089371688965
1258988843463839744
1258988820034228224
1258988466051973120
1258988426826862593
1258988422196232193
1258988371579461632
1258988189987061765
1258988166264037376
1258987576670801920
1258987548879323138
1258987056535142400
1258987041632780288
1258986814070820864
1258986442694504448
1258986168097652736
1258985845119430657
1258985824147902464
1258985313583628288
1258985226052743169
1258984960758878208
1258984577458229249
1258984400987082760
1258984367046774785
1258984296171388936
1258984248754741249
1258984106647486464
1258983844612636674
1258983830498807809
1258983796059316229
1258983295653560320
1258983186849304576
1258982535431892994
1258982528393908224
1258982441047515136
1258981981691482113
1258981981674770433
1258981892478644227
1258981745464160256
1258981713721593856
1258981515922464768
1258981496909631489
1258981486637789184
1258981448423485445
1258981390261125123
1258981201383170049
1258981121414565889
1258980991470841858
1258980971334041600
1258980616307200001
1258980490314465280
1258980353265618946
1258980324014514177
1258980260433068032
1258980202732040192
1258980163716603909
1258979986746355712
1258979962780090369
1258979945562374146
1258979515142934530
1258979462919655425
1258978933309128710
1258978760562483206
1258978707030577153
1258978592437997574
1258978123623944193
1258977955319087104
1258977903854923782
1258977746501480448
1258977676687290368
1258977046132404225
1258976520409960449
1258976250212777984
1258975544001036289
1258975252857663489
1258975217046732801
1258974985122611200
1258974832051531778
1258974423958388736
1258974208765370375
1258973228120379393
1258972921244123136
1258972893918171141
1258972844408569857
1258972280094363651
1258971862283030528
1258971476922961921
1258970819335774211
1258970787337379841
1258970438174150656
1258969660755771393
1258969570393628673
1258969295356379139
1258968883991654405
1258968882821435392
1258968436308357121
1258968434831958016
1258968286835998720
1258968285703479296
1258968138835730434
1258968137665576960
1258968046439485440
1258967537318072320
1258967136124522496
1258965915783307265
1258965851191074817
1258965726687346689
1258965458813943811
1258963910872510465
1258963645574373377
1258963035206701056
1258962896748449793
1258962483844390913
1258962316965576715
1258962123406880770
1258961488729038850
1258961311322472449
1258961300857720832
1258961250416902144
1258960840742645760
1258959968436457472
1258959606069559297
1258959014383230982
1258958662015635457
1258958488706977794
1258957539917660163
1258955971633741824
1258955620172128265
1258954693381967872
1258953991481954305
1258953209026142210
1258951234536570885
1258949417622810626
1258948008768671745
1258947532962574336
1258945675028463622
1258943713331630081
1258943548713549829
1258943494586093572
1258942440322535425
1258942014382649348
1258941570080006144
1258940403241320450
1258939847135449089
1258936872400756736
1258936483676860423
1258935083999920133
1258935080757714946
1258934398671638533
1258933895493492739
1258933610041802755
1258932819981729793
1258932746128445441
1258931573879197697
1258931492744572928
1258930379236532226
1258929876154945536
1258929784165404672
1258929686123511808
1258929156710162433
1258928985939095552
1258928583952805888
1258927823923929088
1258926387941048320
1258925585964957696
1258925088453406721
1258924460427575297
1258924336121077760
1258923941848133632
1258923918011834368
1258923394453692419
1258922646688890888
1258922638019309570
1258922542070403078
1258922050992975875
1258921402842992651
1258921317765730304
1258921202715787264
1258921024491524112
1258920948742397954
1258920762720825344
1258920517689581569
1258920501096964096
1258920226457939968
1258920071096938497
1258919561195388928
1258919406756913153
1258919123335229442
1258918972507869185
1258918917654958082
1258918521565741057
1258918371095183368
1258917230990864385
1258915063135698947
1258914815621435395
1258914617822195717
1258914388066668549
1258914137440161792
1258913951905124352
1258913917495115776
1258913837568323584
1258913377084194822
1258913315532791808
1258913074343534594
1258912905061371904
1258912548994285568
1258912491796606976
1258912281343246337
1258912093752963072
1258912091991347206
1258911537995153410
1258911496765087749
1258911236093292552
1258911038965190656
1258910506036924419
1258910285840232450
1258910126456668162
1258910083863502848
