1264345335733858306
1264345191122710529
1264345116321464320
1264345046171758593
1264344180446375936
1264343515980496896
1264343496615514114
1264343426373484548
1264343361764368387
1264343219799760906
1264343103017832454
1264342848029294592
1264342727312932866
1264342705435561984
1264342674477383680
1264342645809328130
1264342561084375043
1264342323791638530
1264341799264534528
1264341746298892292
1264341129438388224
1264341003663814656
1264340623123009538
1264340480382382080
1264340332419915784
1264340278388895751
1264340243286822919
1264339296431091715
1264339047494934538
1264338998849396743
1264338897770893312
1264338889575206915
1264338609429233664
1264338320701693952
1264338070498955264
1264338056078909440
1264337976588451841
1264337780903116800
1264337537033740290
1264337334331473921
1264337261711237121
1264337242069315588
1264337102818488321
1264337102231265280
1264336856608579587
1264336853249019904
1264336852833746944
1264336752262725632
1264336440697262081
1264335961837588480
1264335883614007296
1264335719113293824
1264335663345946624
1264335622334021632
1264335222516023297
1264335088684339200
1264335030102437893
1264334950180048897
1264334808576131073
1264334774904279042
1264334675658641408
1264333389286592512
1264333104963092480
1264333064592908299
1264332935030878208
1264332824041140224
1264332786942517248
1264332660970795011
1264332650128592897
1264332507144740864
1264331913248022529
1264331830934855688
1264331540080754688
1264331445981589507
1264330570248720384
1264330023219138564
1264329959025377280
1264329924531412993
1264329609493065728
1264329574965526528
1264329412083843073
1264329355590803457
1264328802353778688
1264328686775472129
1264328086922973185
1264328044581453825
1264327529386688512
1264327415532306432
1264327409358290948
1264327287761260547
1264327207285149702
1264327133893210112
1264327105074139139
1264326542852788224
1264326479380393988
1264326293316939777
1264326141281796097
1264326009874190336
1264325905859727360
1264325691526578176
1264325642147041281
1264325463276732416
1264325208250384385
1264324897427337217
1264324820780679169
1264324648042475526
1264323815884165120
1264323559838662656
1264323553568030720
1264323258830258176
1264323242946224128
1264322655466991616
1264322654451965959
1264322367767134210
1264322089529606145
1264321646518829058
1264321489496690690
1264321196914597889
1264320972070498308
1264320887039426560
1264319825981079564
1264319768867360770
1264319224207589379
1264319005613056001
1264318972855488512
1264318929884905472
1264318816781303810
1264318742105858049
1264318717191651328
1264318700959776769
1264318669871558657
1264318605195448320
1264318467844513797
1264318378342301696
1264318351775498240
1264318256355164164
1264317630325968897
1264317593646698498
1264317528370827264
1264317411093876741
1264317391661645824
1264317297897979907
1264317008037982208
1264316963154808832
1264316351117692929
1264315892269117440
1264315469722529792
1264315376927756288
1264315339006976005
1264315236376510470
1264314958592053248
1264314793617510400
1264314783169490944
1264314749472382983
1264314737795497986
1264314617913892864
1264314599496650753
1264314535592300545
1264314441518153729
1264314318847389696
1264314229236150281
1264313992153116672
1264313956182695937
1264313917414739970
1264313862465171463
1264313664838000641
1264313580511539200
1264313564212363264
1264313554448142341
1264313531354296320
1264313493819396103
1264313240424722433
1264313190122487809
1264312848253059077
1264312734734311425
1264312664290988033
1264312416415801344
1264312332404097024
1264312165319823360
1264311802319511552
1264311668445786113
1264311574170345477
1264311454460784642
1264311369379262465
1264311344330952704
1264311306674475008
1264311282783727618
1264311062100393986
1264310842348253184
1264310807153840128
1264310800669442052
1264310573442961408
1264310415351300098
1264310403309416448
1264310194323980291
1264310145292685319
1264310142222417920
1264310051025702912
1264310032356773895
1264309555049246720
1264309423679422466
1264309349314433024
1264309326753288196
1264309156787425282
1264309143508262914
1264308698861768709
1264308654355996677
1264308555223613445
1264308399782662145
1264308202411307008
1264308143347113984
1264307958760046594
1264307834315051011
1264307460434735106
1264307283695144966
1264307251197759491
1264307195358990336
1264307163167551488
1264306960930934785
1264306797034319875
1264306727392083968
1264306701227962369
1264306657363968000
1264306656587976706
1264306646928576512
1264306646152613888
1264306411955277825
1264306393009590275
1264306363229966347
1264306340299780097
1264306197123026944
1264305467276304385
1264305393456513027
1264305264049696768
1264305112815673348
1264305106490720266
1264304951364399109
1264304873270579202
1264304760754241536
1264304520173101056
1264304412626911232
1264304308344020992
1264304173052506115
1264304151418331137
1264304069226704896
1264303962158780416
1264303900921905153
1264303867140980736
1264303781795282944
1264303713306447880
1264303679714230273
1264303617818886144
1264303459383357441
1264303429624762368
1264303394690404352
1264303366080995328
1264303222765891585
1264303217879515139
1264303151395614720
1264303105828704256
1264303044637929473
1264302774189273089
1264301962033606656
1264301957134647296
1264301705275072512
1264301700212457474
1264301534441082885
1264301407685021698
1264301387330060291
1264301370867400704
1264301349157720067
1264301265296805889
1264301254240501761
1264301226172301312
1264301189136560133
1264301006847868928
1264300988757934082
1264300946697457664
1264300921409896450
1264300820285272066
1264300781110530048
1264300718305021958
1264300631390670851
1264300620569329671
1264300520077963267
1264300504072544256
1264300423676133383
1264300050227888128
1264300047279239168
1264299947702222850
1264299882468323329
1264299849693958145
1264299833193611264
1264299781138022401
1264299616075464707
1264299434558529537
1264299300961562626
1264299225657073665
1264299177611333640
1264298824241217536
1264298761108496385
1264298739050708993
1264298685044789248
1264298586000547843
1264298555122110464
1264298382945894401
1264298308782174209
1264298244156411904
1264298173541089285
1264298128498405377
1264298125306605570
1264298073452396544
1264298058029899776
1264297795026067457
1264297793943896067
1264297575798263808
1264297517304463368
1264297450044563458
1264297261959389186
1264296888343441408
1264296861923528705
1264296840092094464
1264296826565529602
1264296520234536961
1264296494242430978
1264296481483350018
1264296347882176512
1264296270316830720
1264296137848238080
1264296042872410112
1264295891084685313
1264295808188456960
1264295786273259523
1264295742274969603
1264295205454385153
1264294976613158914
1264294901157593091
1264294755342716931
1264294749541928960
1264294721586900993
1264294716994134016
1264294467651149824
1264294445719212032
1264294380782919685
1264294348688109568
1264294294460018690
1264294262235160578
1264294240168919040
1264293969363689472
1264293968768106496
1264293945456148480
1264293810839969793
1264293586474057729
1264293554265952256
1264293491758202881
1264293385294295040
1264293325638717442
1264293287596158976
1264293275005001728
1264293094909972480
1264293059296182274
1264292972151136256
1264292957894606848
1264292865120907265
1264292840269627399
1264292773655609350
1264292593661349888
1264292577517453312
1264292512941957120
1264292507522945025
1264292478745817089
1264292256166576130
1264292226034741250
1264292217247739906
1264292215238676480
1264292127288238082
1264292121286148096
1264292026255921152
1264291900225355778
1264291884865904640
1264291768230608898
1264291745895985153
1264291671405146114
1264291614060576768
1264291610344525825
1264291605638516743
1264291595752558599
1264291578589466626
1264291571714846720
1264291543642497024
1264291461996167168
1264291184094167042
1264291172459085825
1264291172299812865
1264291143501701123
1264291124782514184
1264291097699930114
1264291051747115009
1264290930712076292
1264290806610964482
1264290690676162560
1264290656983363586
1264290623479320577
1264290425294278657
1264290281098293257
1264290239381635072
1264290226417139713
1264290162286252032
1264289913203195904
1264289722941267970
1264289698698219532
1264289582285193216
1264289507211345922
1264289476827848707
1264289461799735296
1264289455843807239
1264289356036046850
1264289354152841216
1264289287731916801
1264289256324976640
1264289243368755201
1264289207964532736
1264289204856594433
1264289197432754181
1264289137454206977
1264289080411590657
1264289033368276992
1264288904905138177
1264288829592174593
1264288810025783298
1264288728165560323
1264288669587968002
1264288664441499648
1264288603104071689
1264288574788247552
1264288428813844481
1264288424502063104
1264288354360864768
1264288269283581953
1264288154057682951
1264288090635599872
1264288060709253121
1264287987115929602
1264287973006282759
1264287908556681224
1264287823823360000
1264287788465295361
1264287527906807810
1264287516166889472
1264287500425625600
1264287369420832769
1264287318086684677
1264287300839768064
1264287204043620356
1264287202395279361
1264287090067550211
1264287038905503750
1264287030000975872
1264286909221801989
1264286884236333058
1264286868943835137
1264286866179633152
1264286815080636417
1264286808034197504
1264286793412861956
1264286509596893186
1264286452441133056
1264286290427752450
1264286151348834304
1264286135305592838
1264286114078240769
1264286100702613506
1264286040732418049
1264285842966749184
1264285832778854401
1264285691124625409
1264285600682774534
1264285579665178625
1264285550875467777
1264285516721205249
1264285478712459264
1264285454989504516
1264285436119330816
1264285408264847361
1264285330846429188
1264285161904123904
1264285114290315264
1264285080484220929
1264285024708431872
1264284879501524998
1264284831942410242
1264284685212975107
1264284657253826560
1264284612597092352
1264284596910338049
1264284557353922560
1264284519605157888
1264284518355173377
1264284477485993984
1264284375442743302
1264284316420497408
1264284310804336642
1264284089026318342
1264283881651437578
1264283872285601793
1264283852736024581
1264283828987875328
1264283819768717312
1264283817805844485
1264283800747618314
1264283727594770436
1264283666185846792
1264283665003053056
1264283605905354754
1264283533654228996
1264283529774497792
1264283367719292929
1264283348303822851
1264283319916793858
1264283299733745671
1264283284030267393
1264283197682192384
1264283176505090049
1264283162135400448
1264283153545428999
1264283120678965256
1264283054496980992
1264282988579151872
1264282919473946625
1264282803207917568
1264282472390549505
1264282438206918664
1264282381307035652
1264282289262993421
1264282269079961600
1264282246271438850
1264281962828771329
1264281799091421184
1264281695165067265
1264281688370229248
1264281643747102722
1264281617540972545
1264281582954741764
1264281557734502400
1264281433729884162
1264281371851227136
1264281277475295232
1264281265756307461
1264281130821455882
1264281117282238466
1264280972067045376
1264280951745544192
1264280940303482880
1264280669305397256
1264280604935323648
1264280577882099712
1264280570542067712
1264280561406926848
1264280463163691008
1264280452359172099
1264280278853455873
1264280213585907713
1264280151338160135
1264279996429991937
1264279981259194369
1264279895594721287
1264279780242980865
1264279158076723200
1264278891805519872
1264278853880512513
1264278845877878785
1264278741355765760
1264278733311049731
1264278718974963713
1264278689220608000
1264278608450854918
1264278468314963968
1264278415542288388
1264278287448182786
1264278149648601088
1264278144766402560
1264278108154322947
1264278046934171649
1264278016521273354
1264278011660185600
1264278001480617985
1264277955741650946
1264277737507885056
1264277640355217410
1264277007921225731
1264276856259383296
1264276851993837568
1264276749589852161
1264276469544558592
1264276431657472000
1264276295187398656
1264276275184762882
1264276265466564608
1264276002240376833
1264275962172190729
1264275954710589453
1264275567937019908
1264275559489699841
1264275398600335360
1264275393047035911
1264275269361324033
1264275164512075778
1264275150003994628
1264275095700353024
1264275088624553984
1264274953320435712
1264274742330167297
1264274520866729985
1264274357351743488
1264274333838516226
1264274307091443715
1264274304142848000
1264274299839545344
1264274244827054087
1264273954723823617
1264273904442408961
1264273773370499074
1264273767871787009
1264273663588786177
1264273601676693504
1264272930835496960
1264272794948435969
1264272511782604800
1264272423601483776
1264272246971011073
1264272212359593984
1264272132495851520
1264272123708739585
1264271859924828161
1264271855441117188
1264271412048678912
1264271328284217347
1264271208427802624
1264270947319787521
1264270875899158529
1264270829371772929
1264270811717910528
1264270791581073424
1264270770139693057
1264270709523652608
1264270706885476353
1264270688095002628
1264270641143992323
1264270597288341505
1264270534335963137
1264270220748820480
1264270157020639236
1264270095049687040
1264269544010514432
1264268894337990663
1264268501390426113
1264268215586295811
1264268177841799169
1264268115917053952
1264268097151799305
1264267830096269312
1264267791928090624
1264267541456785408
1264267532783017985
1264267414189101057
1264267407524278278
1264267306718420993
1264267282961891328
1264267253169741832
1264266925128982533
1264266890635022336
1264266846926143488
1264266283195006982
1264266024607780864
1264266016663769090
1264266015346745344
1264265743140630529
1264265684390985729
1264265556846424075
1264265514165166083
1264265482137481217
1264265362721423361
1264265345600303105
1264265175466729472
1264265141593542659
1264265095158337536
1264264928103485440
1264264765267902470
1264264731604500483
1264264672594845697
1264264638084022273
1264264344906412037
1264264139662340098
1264264105554333701
1264263999698481155
1264263929590677511
1264263846669234183
1264263800922017792
1264263620654964736
1264263585527746560
1264263555068633090
1264263500026830850
1264263428325224455
1264263285320355841
1264263182367051776
1264263129229406209
1264263118085111810
1264263109016989696
1264263089945444352
1264262991048048640
1264262943010705416
1264262917869928454
1264262853365817344
1264262802602176512
1264262621697642498
1264262601321648129
1264262566831931392
1264262455359942663
1264262431058034694
1264262387709992966
1264262282760110080
1264262038475415553
1264261892413030401
1264261837488603136
1264261826088505344
1264261792139743232
1264261647994142723
1264261643992731654
1264261573431955459
1264261541240676357
1264261526338355205
1264261451356741634
1264261317394915328
1264261292816203782
1264261203079106561
1264260833221267459
1264260638639038464
1264260505591578627
1264260341141311488
1264260303845576705
1264260302939590657
1264260287227744256
1264260165081186305
1264260056633270275
1264260000396050449
1264259893256769544
1264259851334692865
1264259758816706563
1264259741175418881
1264259651790610432
1264259345824481282
1264259296495316994
1264259026109464576
1264258969104560129
1264258871994060800
1264258848870760450
1264258671510523904
1264258551649796096
1264258459136135168
1264258366773354498
1264258175269851136
1264257912400035841
1264257845169717248
1264257315311628289
1264257263453298689
1264257199506939909
1264256904508907522
1264256848145899520
1264256780584042496
1264256723034017794
1264256689806749716
1264256489570656262
1264256487624491013
1264256377649795073
1264256290496405505
1264256269289914372
1264256121428115456
1264256030290202624
1264256029778489345
1264255855542906880
1264255803223089152
1264255721178304520
1264255298631499776
1264255226003034113
1264255190447738880
1264255159649140737
1264254788620955649
1264254527127138306
1264254361678610432
1264254257991168007
1264254241171963905
1264254085018128385
1264254034967322625
1264253851743457280
1264253681022709760
1264253626387701761
1264253578899787776
1264253516631158787
1264253329137426433
1264252898256605184
1264252699161354240
1264252664407351299
1264252177977167872
1264252139527909380
1264251796211544064
1264251791866302470
1264251693497298950
1264251666624319488
1264251457194385408
1264251292702121984
1264251238922813443
1264251124456067072
1264250998945693697
1264250869270417412
1264250401907499009
1264250364183883776
1264250342994333701
1264250323096518658
1264249929452716033
1264249913463967748
1264249823680770049
1264249623725531137
1264249390367150081
1264249348973608965
1264249306757857282
1264249104307281922
1264249017774551050
1264248919195897861
1264248802539704320
1264248730506625026
1264248667063685125
1264248526743244802
1264248460137594881
1264248281930043400
1264247961082564616
1264247868497424384
1264247717242470410
1264247538061901825
1264247523843203072
1264247208892866567
1264247148813725696
1264247090286415881
1264247067045695488
1264246996036136960
1264246895075102721
1264246790422966278
1264246743820054536
1264246334346989571
1264246214658273282
1264246175642705920
1264245930762665984
1264245815641587720
1264245806829391877
1264245746611732480
1264245731596083200
1264245599744004096
1264245571151376384
1264245548665704451
1264245503853826048
1264245473549922305
1264245311142342657
1264245301008883716
1264245119223504899
1264244947072548864
1264244525695991810
1264244515600302081
1264244426014105600
1264244191988678663
1264244139488575489
1264244047142666240
1264244043170668556
1264243979958267917
1264243954389835776
1264243933456084992
1264243918100709376
1264243897913544705
1264243868935032840
1264243723686293504
1264243582204067842
1264243492219486211
1264243326104068107
1264242941784215552
1264242848326656000
1264242817729265667
1264242707905613825
1264242642050846720
1264242572890910727
1264242544013164545
1264242416397234177
1264242243965239299
1264242210029088773
1264242162075566081
1264241928377376768
1264241845497888768
1264241704489623553
1264241546527989760
1264241113919033345
1264240658899972096
1264240652788928516
1264240572430245888
1264240482412085248
1264240270046093319
1264240244095954949
1264240213800427521
1264240184033411077
1264240147492745216
1264240046913323009
1264239967909359617
1264239860359012352
1264239686211506176
1264239660290715649
1264239643270266881
1264239598475018242
1264239578841583616
1264239563440095233
1264239337291558912
1264239336050118658
1264239153388179462
1264239117564600323
1264239070449930244
1264238910877597696
1264238829856272385
1264238779428147202
1264238767658893312
1264238724377907200
1264238695034560512
1264238640911302657
1264238375185375232
1264238263100981248
1264238205219606532
1264238197254561792
1264238018409439232
1264237986457292800
1264237949878702080
1264237918920605699
1264237820358557696
1264237816256630784
1264237591743922178
1264237589248315406
1264237568671002634
1264237419823616008
1264237407404204034
1264237381072359424
1264237216550846464
1264237066130464770
1264236953815351296
1264236890544373760
1264236732884619265
1264236672692170754
1264236670947397632
1264236668887973888
1264236644519067648
1264236259058290694
1264236113968889857
1264236066850197505
1264236036781154307
1264236027457175552
1264236021002178561
1264235916903755778
1264235810007715842
1264235313938997254
1264235259031433221
1264235257412440064
1264235255449477122
1264235090424586248
1264234960971538433
1264234832827211777
1264234627465691136
1264234442333327362
1264234152276221952
1264234069036072967
1264234034013618181
1264233975192719361
1264233900315983872
1264233743130255365
1264233716102070276
1264233651904172033
1264233596136677376
1264233577509765121
1264233576951885824
1264233170293137408
1264232913719242752
1264232796127662082
1264232760899768320
1264232712120029202
1264232414806753282
1264232407781314560
1264231932965068803
1264231763699793923
1264231628777361411
1264231584993075202
1264231576201842688
1264231464536879106
1264231436682506241
1264231264065904641
1264231252154089473
1264231195136622595
1264231108062969856
1264230879901233152
1264230794966429697
1264230529941016578
1264230103330021381
1264229813721710592
1264229792687116289
1264229779269660673
1264229576106008578
1264229419998236673
1264229374016073730
1264229307314057219
1264229167865962499
1264229105085620224
1264229011636604931
1264228927410704384
1264228871899054081
1264228793927045121
1264228679170904065
1264228628247842821
1264228264920395776
1264228180312952832
1264228171114741760
1264228168598200321
1264228039988326403
1264227581697679360
1264227408359669761
1264227350935482370
1264227185877037056
1264227111180685313
1264226966674329600
1264226853839142914
1264226354435948551
1264226331459551233
1264226288644108288
1264226251318931457
1264226237905612800
1264226188551245825
1264226160436752384
1264225873894543363
1264225757213188097
1264225711839117316
1264225508105105408
1264225442426429440
1264225332976115713
1264225322993700865
1264224398413836289
1264224318441095169
1264224311369482242
1264224276313444352
1264224241773432832
1264224233703518215
1264223763236900864
1264223682626555907
1264223677333344256
1264223529915965448
1264223456729718784
1264223384789024772
1264223378514292737
1264223314467315716
1264222983381553152
1264222929522434050
1264222869518798849
1264222756549406720
1264222642346831875
1264222565381410819
1264222508988993540
1264222502420701185
1264222132009152517
1264222131090591746
1264222079764672515
1264222043156942849
1264222040015409153
1264222039776407552
1264221981567848454
1264221951511461889
1264221893663633409
1264221726444933120
1264221710456414214
1264221687979167749
1264221615107313665
1264221497020874753
1264221214857482240
1264220831082852353
1264220827781869568
1264220558109151233
1264220522197516296
1264220475137429504
1264220469168873473
1264220326432571392
1264220313602199552
1264220271420080135
1264220139278553088
1264220035628793870
1264219995439075329
1264219774155984896
1264219760658612225
1264219703486099457
1264219446824128514
1264219443045023744
1264219315093602312
1264219184495570952
1264219157442244608
1264219114282913792
1264219042652585984
1264219012071899136
1264218969805926400
1264218886716698628
1264218844559749127
1264218718101540865
1264218530762960900
1264218504951222275
1264218462450319379
1264218410143100929
1264218291192705027
1264218172141572101
1264218149773336576
1264218068596789250
1264217882625560576
1264217658582609921
1264217529041522689
1264217403342360579
1264217382815502337
1264217349881597952
1264217232269357060
1264217179592982528
1264217175994269697
1264216719532462082
1264216599218749454
1264216407811796992
1264216393593106437
1264216295073107968
1264216282053869568
1264216277586817025
1264216041263005697
1264216006513344514
1264215928591519745
1264215898879131648
1264215847859617794
1264215841807249408
1264215774110965760
1264215352327778313
1264215308488892423
1264215268735070208
1264215268395347973
1264215268374413312
1264215267636154369
1264215267518713857
1264215147976916993
1264215145686818816
1264215144038465542
1264215013360893953
1264214731642077188
1264214654454304768
1264214362044203029
1264214274009960450
1264214249800380416
1264213949282766850
1264213909520683008
1264213833834528770
1264213791232966656
1264213744898490368
1264213545354485761
1264213418921385987
1264213065765183488
1264213004729679874
1264212880464982016
1264212764266041348
1264212696372776961
1264212543318474752
1264212383020523520
1264212356500017156
1264212239315320832
1264212075716452352
1264211912218292224
1264211901598351372
1264211896019955713
1264211776851390465
1264211690738065408
1264211639706030080
1264211583850418176
1264211560781799424
1264211517576302592
1264211501449166848
1264211450328997888
1264211416434819073
1264211303436103680
1264211271794204680
1264211173030969345
1264210991467954182
1264210759803904002
1264210612588023808
1264210234974879744
1264210166423183366
1264210123410624512
1264210038756913158
1264209955873267715
1264209925766610947
1264209894535761921
1264209862776500226
1264209789900525568
1264209716919623680
1264209715921387520
1264209636447698944
1264209536849764358
1264209499419750402
1264209279738957824
1264209155906326534
1264209141335285760
1264209045101182976
1264209022070206464
1264208969519808513
1264208844835733505
1264208771108220928
1264208718855536652
1264208383026049025
1264208342219665408
1264208267674353664
1264208254491594753
1264208223906783234
1264208156038770688
1264207959418122242
1264207954254987264
1264207803171962887
1264207759186161666
1264207733475115008
1264207598791921664
1264207534069555210
1264207433574031360
1264207214241251328
1264207205768847365
1264207149070237697
1264206740209483776
1264206499850698752
1264206067422179328
1264205961398554625
1264205869857886214
1264205740614524928
1264205674172559362
1264205671358246913
1264205410510221312
1264205405397319682
1264205370207109121
1264205291022725121
1264204983341387776
1264204930153213954
1264204766856589312
1264204567631343621
1264204366447366144
1264204279390314497
1264203935415492611
1264203632771313665
1264203502945021954
1264203452609167365
1264203428923916288
1264203093190868992
1264203025738084352
1264202933958135808
1264202902744301573
1264202798842994689
1264202639694274566
1264202222604337152
1264201481621835779
1264201401233784832
1264201383445696513
1264201330714980353
1264201322661896192
1264201225408524288
1264201207326875648
1264201037809881088
1264200890313052160
1264200764479725568
1264200723002204162
1264200452654202882
1264200415832412161
1264200283774767104
1264200052312080388
1264199997328896000
1264199909235884034
1264199895268749319
1264199841674137600
1264199832702459904
1264199665924427777
1264199663759929344
1264199620521013249
1264199617417265152
1264199569895800837
1264199556671123457
1264199462727098368
1264199401406431232
1264199285920411648
1264199192844611590
1264198984362590208
1264198922060398593
1264198769144406017
1264198645483700225
1264198615981047808
1264198469042003969
1264198307565514752
1264198173276372992
1264198046029668352
1264198029042692097
1264197988349612033
1264197922012499968
1264197882531504130
1264197758237450240
1264197623617064961
1264197588309467138
1264197372646764545
1264197003808038912
1264196995226521605
1264196963131633665
1264196942491455488
1264196845158518789
1264196838653136901
1264196791186198528
1264196619190390784
1264196521643433985
1264196385844404225
1264196316873310208
1264196288029097985
1264196227073261569
1264196204939837440
1264196135146663936
1264196015231578113
1264195992074817538
1264195980708270080
1264195969677230081
1264195373440086018
1264195280137838592
1264195090190393345
1264195079947915265
1264195047664300032
1264194757980454912
1264194705635475459
1264194658168713220
1264194639172681729
1264194614644310020
1264194609359486977
1264194528254271489
1264194504992710658
1264194386642063360
1264194376957218817
1264194356044607489
1264194184191152131
1264194180131065861
1264194006306770945
1264193931320967168
1264193930813300745
1264193844851216387
1264193784209965058
1264193751032963072
1264193749753741318
1264193742912749571
1264193536573964288
1264193514713292800
1264193491086827520
1264193470262116353
1264193331489312768
1264193325634068480
1264193276292317186
1264193209296662534
1264193178955063297
1264193084872699906
1264193057177600000
1264193021433860097
1264192985442521090
1264192778906619906
1264192667153465350
1264192650770632704
1264192641769656320
1264192566523768833
1264192484097363968
1264192482415456257
1264192446940012550
1264192362038923264
1264192189321687041
1264192113845121027
1264191933246734336
1264191860634984452
1264191857317294080
1264191853089390596
1264191850858020865
1264191697711443969
1264191580187099136
1264191516093923329
1264191424075104256
1264191365891702786
1264191307746103297
1264191090808311809
1264191039197327360
1264190914949505024
1264190888080740352
1264190799903887361
1264190757109448709
1264190700989661184
1264190607070765058
1264190435020374017
1264190414585761795
1264190335934226435
1264190304007204865
1264190202945441793
1264190054789980161
1264189987383377921
1264189924984737792
1264189872983678978
1264189854742609921
1264189623665922048
1264189583467655168
1264189540891275264
1264189499816493056
1264189483911651328
1264189333210312704
1264189274611748864
1264189232123383808
1264189072018472960
1264189044034080772
1264189033808347137
1264188897162076166
1264188892640673793
1264188779830677504
1264188762562707456
1264188750466252800
1264188736914567169
1264188699518152705
1264188628097433607
1264188556899233795
1264188469708042243
1264188355199336449
1264188264187133954
1264188175662145536
1264188171639758848
1264188137749786625
1264188085576896512
1264188071974756356
1264187888952119298
1264187884468350977
1264187827920744450
1264187810988376065
1264187717442834435
1264187714037059585
1264187697956077569
1264187454493470723
1264187350852284417
1264187274092335106
1264187225773924358
1264187145872384007
1264187081515053056
1264187027756548096
1264187013869207555
1264186961016885248
1264186779692929024
1264186700005363714
1264186653918314498
1264186484954972163
1264186144163586048
1264186008255504384
1264186000844173312
1264185919290126336
1264185896821231621
1264185716080365568
1264185634010337280
1264185549256110080
1264185538904567808
1264185483980136448
1264185479135723528
1264185436378992642
1264185419828166656
1264185415780765701
1264185223304134656
1264185114398986240
1264185024284372992
1264184984639803393
1264184939475582982
1264184789172727808
1264184768058609664
1264184698693173249
1264184681723047939
1264184675272097794
1264184666875211781
1264184648923590657
1264184549166272512
1264184498499080192
1264184400830488576
1264184342429020161
1264184288251125763
1264184265031528448
1264184121347235840
1264184110551044098
1264184106688053253
1264184011146043394
1264183881445576706
1264183753754185728
1264183687324872704
1264183614549491713
1264183588733550594
1264183460241059842
1264183435213537280
1264183393593569280
1264183384516984832
1264183378754113537
1264183356956295168
1264183239352242176
1264183087824584705
1264183006111191041
1264182985487781889
1264182909356748800
1264182689458016256
1264182475728785409
1264182305838501889
1264182290718035968
1264182283893956609
1264182163467055105
1264182015726944257
1264182013432643587
1264181982310928390
1264181785925160970
1264181738982473728
1264181393275400192
1264181362174590976
1264181285427326978
1264181068061704192
1264180756479389697
1264180704021274624
1264180655233159168
1264180630776094722
1264180597188157442
1264180180320387074
1264180095356489729
1264179963365855232
1264179629625139201
1264179606397038596
1264179585878540289
1264179509097566209
1264179423634509825
1264179317111693314
1264179055907221509
1264179010990415874
1264178980774608896
1264178947035717632
1264178876449804290
1264178805410869248
1264178800209920001
1264178553714769927
1264178476669681664
1264178414048739341
1264178377403088898
1264178376266350594
1264178359115931649
1264178310533218304
1264178306401910786
1264178283333050368
1264178278702690304
1264178121399566336
1264178120913018880
1264178041409986560
1264178036141895680
1264177928826490880
1264177901609594880
1264177717076992001
1264177678673993729
1264177672449597442
1264177624756166657
1264177587980550144
1264177585883406337
1264177572998459392
1264177380270227461
1264177377288093697
1264177356744384513
1264177270400434177
1264177156613124101
1264177124992323585
1264177030381305856
1264176983229042688
1264176892954980353
1264176779645685763
1264176779356336128
1264176778982993920
1264176778202853376
1264176776055529483
1264176691552935937
1264176500133281792
1264176412233170945
1264176211581960192
1264176209098870790
1264176185443004418
1264176145936900096
1264176134209417216
1264176134167490561
1264176009110118400
1264176008141271040
1264176007897993216
1264175977585881089
1264175686878625794
1264175458213605382
1264175435400859648
1264175408129486848
1264175398943895556
1264175331759570944
1264175286129700866
1264175142449577984
1264175128075780102
1264174988267065345
1264174977550598144
1264174928900866048
1264174897695203331
1264174803164037120
1264174737800007681
1264174693248098304
1264174689175457792
1264174661765664769
1264174613040451584
1264174511785730049
1264174350288248838
1264174121744838656
1264174060549931010
1264174034109038593
1264173847743475712
1264173761269567488
1264173661973630976
1264173541894885376
1264173108132556800
1264172706754449410
1264172696105095168
1264172540278292481
1264172526432903168
1264172507608887301
1264172349349416963
1264172315962683393
1264172274355183616
1264172268558651393
1264172266671259648
1264172108818649089
1264172025435901952
1264172019215712256
1264171973195767808
1264171963267919872
1264171925091352576
1264171907412373504
1264171741930192896
1264171709122392070
1264171632995840000
1264171563634561024
1264171553849331712
1264171509356146689
1264171448404508673
1264171313532416000
1264171221807173633
1264170912049434631
1264170637511270401
1264170594448420865
1264170467222532096
1264170466345918464
1264170439032672256
1264170354840305665
1264170310758273025
1264169974463180800
1264169923540107265
1264169906142162944
1264169855256838151
1264169838743826433
1264169778467479552
1264169695302889473
1264169671995150338
1264169664306917376
1264169640521064449
1264169535478915072
1264169455254409216
1264169386111311872
1264169385775763457
1264169320273326081
1264169297754173440
1264169288220499969
1264169061354819584
1264168915309035522
1264168858472132609
1264168687831060482
1264168655950155776
1264168547720323075
1264168392170319872
1264168135072124928
1264168109792997376
1264168107230273541
1264168041593659395
1264168010375401472
1264167962929516545
1264167958953316352
1264167914241957888
1264167902263103490
1264167854347292672
1264167677003796480
1264167662239862784
1264167516785586176
1264167375978586112
1264167352599547904
1264167275659169792
1264167216116912128
1264167054090874880
1264167045983358976
1264166942761418754
1264166924746928129
1264166823966228480
1264166754932133888
1264166644307410951
1264166544571084801
1264166499050303491
1264166387062374401
1264166354942341120
1264166323753492481
1264166322428170240
1264166158766407680
1264166121302876165
1264166088029413376
1264166070409146370
1264166056106606592
1264165944668106752
1264165929535102976
1264165815273828352
1264165781631307777
1264165620968554499
1264165604233273344
1264165412176093186
1264165360581967874
1264165341862801408
1264165255938281472
1264165198291767296
1264165130998362112
1264165022835650560
1264164855852011521
1264164425478615040
1264164413399072768
1264164362979328001
1264164177666605056
1264164124998721537
1264164117272842241
1264164066496561152
1264164003812708354
1264163992810987520
1264163979120836609
1264163964914671617
1264163947990577152
1264163904655106048
1264163740871729152
1264163690565206016
1264163682067648512
1264163653970014213
1264163627277455360
1264163485388324864
1264163269822070784
1264163146312400897
1264163091295674370
1264163024967000064
1264162920663040009
1264162893685284864
1264162789029003270
1264162779176591360
1264162730661027847
1264162624826155009
1264162618304008192
1264162591678574592
1264162589564637185
1264162408882409472
1264162274035539971
1264162183740604419
1264162127000014848
1264162108092092417
1264162058410627072
1264162000055173122
1264161905800855552
1264161767661416452
1264161757867716608
1264161746878705664
1264161707930370053
1264161650145402881
1264161568461381632
1264161542888660993
1264161493328805888
1264161492133392384
1264161455798210562
1264161380011212802
1264161343428603904
1264161332456292352
1264161243507687424
1264161187761197058
1264161128306946048
1264161111080919045
1264161014590865408
1264160838732197888
1264160676051922951
1264160670515421184
1264160652425342976
1264160397013049345
1264160328910360576
1264160193887326210
1264160184382955525
1264160159993073664
1264160112907890688
1264160111225901057
1264160108902301697
1264160060374167552
1264159909790261248
1264159862138773504
1264159805423472640
1264159775643914241
1264159763513868288
1264159560203370496
1264159474908123139
1264159473926619136
1264159462748827649
1264159424219922432
1264159385087094784
1264159084959449089
1264159074079387649
1264158910048538627
1264158901357993985
1264158829153005568
1264158806424137735
1264158634851926018
1264158586378358784
1264158442308149248
1264158359932067842
1264158193556557832
1264158131946311680
1264157977130471424
1264157835971231745
1264157831957303298
1264157803553456128
1264157739737059329
1264157558782210050
1264157375726002177
1264157235124547585
1264157222386483200
1264157198495682561
1264157135929331713
1264157124256464896
1264157119965773824
1264156887324467200
1264156715374829568
1264156663629611008
1264156443839803392
1264156388055494657
1264156322888585223
1264156151802933249
1264156149705781248
1264155986098601984
1264155920692662274
1264155801700257792
1264155716480352258
1264155684108673025
1264155459642101761
1264155454571151362
1264155375185649665
1264155049225306114
1264155039867777025
1264155032834002946
1264155025338662912
1264155023782576128
1264155015972818946
1264155005973663744
1264154965783740417
1264154920497958913
1264154793695682560
1264154726196826112
1264154652297383936
1264154583506526208
1264154552795791361
1264154516963954688
1264154463893434369
1264154284683395073
1264154246892707840
1264154190479269888
1264154034782511105
1264153868650385420
1264153862996443137
1264153775981428736
1264153770402906112
1264153677654364162
1264153615205351427
1264153405204750336
1264153133707640832
1264153027398828037
1264152996998451202
1264152985661321217
1264152887292317696
1264152881046917121
1264152808363831296
1264152618684821504
1264152616235421696
1264152514817073152
1264152493006741504
1264152408772526080
1264152287020224512
1264152176852680705
1264152161660948481
1264152125480882176
1264152036934852609
1264151960992845825
1264151947688411136
1264151931792109569
1264151750291927040
1264151685741543424
1264151383009308672
1264151361593237505
1264151292143980546
1264151214964514818
1264151205367943170
1264151190587269121
1264151077529812994
1264151053941030912
1264151012107079680
1264150986400182272
1264150893429231616
1264150892145770497
1264150878845579264
1264150850051674112
1264150829327679493
1264150786172497920
1264150682791182338
1264150519884533760
1264150492038430720
1264150474741219328
1264150436992475137
1264150310865510400
1264150266716315648
1264150243970551808
1264150150051770370
1264150149057646592
1264149991838420992
1264149826243039233
1264149676372230145
1264149474097717248
1264149441470238720
1264149362944417793
1264149355449257984
1264149286763331584
1264149201312759809
1264149194824134663
1264149183956684800
1264149166864969728
1264149159390728197
1264149044311601154
1264148948366786560
1264148947326599169
1264148855970500610
1264148827306692608
1264148791088857090
1264148715188752385
1264148700990976000
1264148531910193153
1264148512247361536
1264148472250449922
1264148472183377921
1264148415224713216
1264148386808299521
1264148253274255360
1264148240821301251
1264148187851501568
1264148113129984002
1264147971056246784
1264147915347578881
1264147861928923143
1264147806266236929
1264147594902675456
1264147585486532608
1264147523066880001
1264147279776296961
1264146983943655425
1264146975055888384
1264146913512873991
1264146897318674434
1264146794864410624
1264146791693455361
1264146712106618880
1264146700916207616
1264146691344785408
1264146625829769217
1264146542883201024
1264146225412091904
1264146178897256453
1264146003869011968
1264145800713494528
1264145679817027586
1264145673894666240
1264145395078369286
1264145236227473408
1264145211552403456
1264145147274637313
1264145094090817536
1264145008707371009
1264144972485402624
1264144912443990019
1264144895348015105
1264144805866754048
1264144708101603328
1264144651952545792
1264144633992548352
1264144625914327040
1264144530284187648
1264144517965533184
1264144517386719237
1264144486810161152
1264144410184425472
1264144235692949504
1264144169871781888
1264144163286769665
1264144135331733504
1264144132525735936
1264144114758701056
1264144049285595137
1264144045888151553
1264144030092460033
1264143970369785856
1264143837112434690
1264143799002988544
1264143706489270272
1264143584833527808
1264143563471945728
1264143490952376320
1264143466067623936
1264143430877356034
1264143409050247170
1264143369477017600
1264143313835298817
1264143284584112136
1264143279328821261
1264143188572413952
1264143172751540224
1264143125129449472
1264143117118300161
1264142934527676417
1264142882908311553
1264142841128710144
1264142804168605696
1264142620793634817
1264142487037370368
1264142459040411648
1264142359740190720
1264142355004874753
1264142226113933313
1264142179540369414
1264142163899809792
1264141986199752705
1264141788387950592
1264141769962393605
1264141763608039424
1264141543721623553
1264141379988606978
1264141159628144640
1264141046130368513
1264141020788412416
1264140999657431040
1264140922956263425
1264140777246150656
1264140741321818113
1264140581791584257
1264140516993765377
1264140503341314049
1264140378741112832
1264140197035487232
1264140175090823168
1264140125577109504
1264140072800182273
1264139961692979200
1264139855614873600
1264139852389507072
1264139821175504896
1264139799436427265
1264139781354766336
1264139713188974592
1264139529511976960
1264139519017844738
1264139516518060033
1264139392454713345
1264139334883717120
1264139324901163009
1264139291132866560
1264139187005120515
1264139089869254656
1264139031937507328
1264138992649412609
1264138972311191555
1264138899959484417
1264138711324856321
1264138664042541056
1264138564146737153
1264138490293477377
1264138456508370945
1264138379857399808
1264138295115735040
1264138246516334593
1264138094523146241
1264138092002361348
1264137887970459649
1264137827727654912
1264137650681769986
1264137443982311424
1264137322674651139
1264137125424816128
1264137125391261698
1264137125387108352
1264137125324222470
1264137040255430667
1264137034408624129
1264137007745257472
1264137005673447424
1264136953714356224
1264136903667875840
1264136895669440512
1264136888656502784
1264136853868986368
1264136789318656000
1264136770045779976
1264136725112270848
1264136499018084352
1264136499013902337
1264136399026032640
1264136376187904000
1264136375223365632
1264136359842926592
1264136326133288965
1264136235494395904
1264136229265772544
1264136219044143104
1264136163704651777
1264136079357157377
1264135997048094722
1264135942509600768
1264135926361608193
1264135911761207298
1264135841812828160
1264135789656580096
1264135780731105281
1264135561574481920
1264135538908565504
1264135513533034498
1264135470092599297
1264135450039549952
1264135368162582528
1264135197957767170
1264135107201437696
1264134757723537408
1264134727189094400
1264134697120075779
1264134634012659712
1264134563804123138
1264134404424826882
1264134382803128320
1264134167970885638
1264134046096990208
1264133994414772230
1264133854723559425
1264133830249717761
1264133751820496897
1264133737597583360
1264133721785073664
1264133566914494465
1264133536971468800
1264133426451558401
1264133321916911617
1264133229898055680
1264133193671811072
1264132951022993408
1264132943150276608
1264132932870029312
1264132929258692608
1264132871725465600
1264132812489269248
1264132787923308546
1264132746718388226
1264132557760839680
1264132514513391616
1264132503230648321
1264132421563318277
1264132412939948032
1264132361807114240
1264131945639919616
1264131853331714049
1264131838127280128
1264131570094485505
1264131515664998400
1264131441417424896
1264131324522246145
1264130948884504582
1264130907310604288
1264130889568657408
1264130811160395778
1264130638711599104
1264130623880466434
1264130403088162816
1264130249958268928
1264130238625218563
1264130234133159936
1264130218698162177
1264130218517823488
1264130132232540161
1264129870315085824
1264129857488924672
1264129653075251200
1264129611530674176
1264129564164456448
1264129421042233344
1264129161859219457
1264129128120320001
1264129115126476801
1264129080531836929
1264129055647031297
1264128881935757313
1264128736385028098
1264128697470275592
1264128637839736832
1264128635344166912
1264128595099820032
1264128535796555776
1264128169537351680
1264128155054493697
1264128117771309057
1264127935679692800
1264127905698906112
1264127882567258112
1264127821116518402
1264127768360517633
1264127759850319872
1264127736781721600
1264127559966621697
1264127512394838021
1264127469357064197
1264127431482519554
1264127380240687104
1264127330206842881
1264127309801500672
1264127303174455303
1264127302184640517
1264127190154821633
1264127164875669504
1264127142276841472
1264127059175104512
1264126950718701569
1264126934637830145
1264126889049849856
1264126636485722113
1264126572665192448
1264126558245212161
1264126348043399168
1264126275922399232
1264126270633361408
1264126207911768065
1264126188185882624
1264126121114820610
1264126110020915200
1264126098432036864
1264126057969483777
1264125970400886784
1264125945746804736
1264125908962676737
1264125812447612929
1264125673775550465
1264125426512924674
1264125422528352256
1264125346208608256
1264125343406985216
1264125242068385794
1264125087168462848
1264125070244487169
1264125067564376064
1264125026569158656
1264124584275726336
1264124528919146496
1264124423419973632
1264124362795429888
1264124299201384448
1264124187284852736
1264124174450200576
1264124087326191616
1264124064592990209
1264124061757714432
1264123944891756544
1264123768810672128
1264123662871023616
1264123646777397249
1264123621900988416
1264123436726706178
1264123324407394304
1264123293122146304
1264123286176305152
1264123220367679488
1264123208845930498
1264123072640155648
1264123043565260800
1264123007687110657
1264122953341468672
1264122932974030848
1264122865311453185
1264122855022891008
1264122829957668864
1264122800517853184
1264122690450927616
1264122565791973376
1264122512742457345
1264122496388866049
1264122475861938182
1264122355716165633
1264122110558994432
1264121910255812608
1264121899967283201
1264121817024925697
1264121749215510528
1264121640528621568
1264121608077271040
1264121583985098752
1264121517128011778
1264121462035791874
1264121458969755648
1264121371048714240
1264121283698098176
1264121200487301121
1264121033424076800
1264120919053815808
1264120801437143040
1264120766200713218
1264120756880977921
1264120653688512514
1264120643106353152
1264120611380572161
1264120589897347073
1264120588572012544
1264120388818272256
1264120316927840257
1264120300884709376
1264120243129024512
1264119945631338496
1264119912341147648
1264119908310421504
1264119902581010432
1264119864031154177
1264119862479241216
1264119769244086272
1264119673609650183
1264119614063116290
1264119549198286849
1264119366075011072
1264119251075510276
1264119223799951360
1264119155835502593
1264119144255021061
1264119126873772032
1264119108435619840
1264119048939417600
1264119004999737345
1264118929745723397
1264118873919537153
1264118761445101568
1264118536215068672
1264118326063771649
1264118212100227072
1264118095829925888
1264118086875197440
1264118032215019520
1264118009070850048
1264117997498707968
1264117964858691585
1264117865881485314
1264117858835054592
1264117852006682625
1264117837892915202
1264117725737222144
1264117628320301057
1264117627473006593
1264117565464420353
1264117507532771328
1264117443422760962
1264117365131935745
1264117354784530432
1264117350850334720
1264117262576910337
1264117256394547201
1264117147510419457
1264117140740878337
1264117071983624192
1264116988697350144
1264116979264368640
1264116953565757440
1264116903179685889
1264116886708469762
1264116874670944256
1264116866026479616
1264116863866372096
1264116803120365568
1264116679174500352
1264116639630581760
1264116453491519489
1264116429374316544
1264116414916505601
1264116386034565120
1264116306896392192
1264116264429137920
1264116214869131268
1264116038825803776
1264116028373708802
1264116020920401920
1264115902494244864
1264115882290229249
1264115765856423936
1264115751151112192
1264115728854245381
1264115672075902977
1264115545999314944
1264115530962788352
1264115408027688966
1264115357159165952
1264115353996664837
1264115351836594176
1264115300884254720
1264115268344844290
1264115215760855040
1264115208643137536
1264115187583516674
1264115140863168514
1264115105513590785
1264115003428405249
1264114987611627522
1264114858695557120
1264114788323467265
1264114714092675073
1264114639106949120
1264114626440114176
1264114570202882048
1264114503932948482
1264114471418703872
1264114419530858496
1264114374471569408
1264114264773713921
1264114258134081537
1264114114403729408
1264114107009110016
1264114030270205952
1264113896375365632
1264113893842063360
1264113891707179009
1264113873407422464
1264113851219542017
1264113683778715648
1264113657732108290
1264113639637868545
1264113569886539777
1264113490333229066
1264113453041692672
1264113257821995010
1264113250238713857
1264113215115612161
1264113181200433152
1264113144613437441
1264113125571395584
1264112894049947649
1264112856901042176
1264112805164331008
1264112759416868865
1264112684368302080
1264112533197271040
1264112457729150976
1264112413504417792
1264112411222605825
1264112276484784128
1264112274098315270
1264112264401096706
1264112216271458306
1264112181320331264
1264112176375177221
1264112148470476800
1264112127784161280
1264112100013740032
1264111925576728576
1264111917251035136
1264111856362442752
1264111830441562117
1264111801089822727
1264111738045202432
1264111717665198080
1264111629962272769
1264111459346395136
1264111377016291328
1264111367021301762
1264111134325583877
1264111075269791749
1264111024795516928
1264110945946742784
1264110772852056071
1264110736487469059
1264110712286318592
1264110581143003137
1264110519994273792
1264110464440635394
1264110432563986432
1264110406102142976
1264110343074336772
1264110314913751041
1264110214833373184
1264110190057619456
1264110187746668544
1264110122139336704
1264109950579683333
1264109834762358784
1264109701567885312
1264109664066732033
1264109663194361856
1264109562677862401
1264109562556186624
1264109510769152000
1264109418872033281
1264109356733382657
1264109177632362496
1264109132786868224
1264109121487491073
1264109089791062017
1264109070539251713
1264109068391788544
1264108992906719233
1264108989773746177
1264108937453985792
1264108888053473282
1264108854918471680
1264108817727533056
1264108786945531904
1264108751898005504
1264108737385639936
1264108725570338817
1264108720675586053
1264108641860358144
1264108628203712514
1264108606036807680
1264108591348428800
1264108584050319361
1264108514185826304
1264108502571790337
1264108484733386752
1264108466609762305
1264108415422541824
1264108413144965120
1264108381322858496
1264108318408224769
1264108272245710848
1264108138132910081
1264108089352962048
1264108076212408320
1264108039034068992
1264107963767304193
1264107921169883136
1264107842321219584
1264107578080051200
1264107449642102784
1264107389814480896
1264107331727622144
1264107330188251137
1264107302728196096
1264107238152638464
1264107171702345729
1264107090735480833
1264107063690571782
1264106915778478080
1264106803354374145
1264106681560113152
1264106634483245057
1264106550303612928
1264106488626384896
1264106460302188544
1264106451448053760
1264106244094205952
1264106185969582080
1264106162821226496
1264106093300584449
1264106024455352320
1264105945422061568
1264105923867533313
1264105814173913088
1264105808163373056
1264105766153334784
1264105707068162049
1264105700445339653
1264105672796504064
1264105640001245185
1264105613648330754
1264105534120235008
1264105531570094080
1264105365806907397
1264105365551091719
1264105269866434560
1264105254393647104
1264105243786313728
1264105177587617792
1264105127562149889
1264105100332748800
1264105010641735681
1264104991763189760
1264104962088480773
1264104943935459330
1264104914936094720
1264104900058927105
1264104810728562689
1264104794098225152
1264104787798196228
1264104763450417152
1264104696693784576
1264104658068549632
1264104612036071424
1264104544201592833
1264104534412005376
1264104442967752704
1264104335912439808
1264104331642572805
1264104248809271302
1264104226822782976
1264104225186828288
1264104113664647168
1264104096728076288
1264103873578438657
1264103829802450944
1264103755794055168
1264103720901623809
1264103674495807488
1264103404630085634
1264103376020742144
1264103313152278529
1264103259624615939
1264103241404604417
1264103186622754817
1264103054590316544
1264103025930645505
1264103022642311168
1264102993512849410
1264102935203545090
1264102899099021312
1264102853012000769
1264102710447607808
1264102574728372224
1264102556592201731
1264102522538598400
1264102405114822657
1264102155344109568
1264102061240733696
1264101905418072065
1264101899126607872
1264101898535276545
1264101865203077120
1264101771049402369
1264101699653906432
1264101637376925696
1264101597719691264
1264101559987777536
1264101526282178560
1264101499917008896
1264101460746346500
1264101369356705793
1264101362545065989
1264101360624115713
1264101246027399168
1264100785257943042
1264100771903221762
1264100754719043585
1264100744103366656
1264100611114631168
1264100520953872389
1264100435125772289
1264100132418498560
1264100094103691264
1264100082875498498
1264100055050530817
1264100053070864385
1264100037690380289
1264100010385444866
1264099924653809665
1264099841845669888
1264099822652588032
1264099728997986310
1264099526543097856
1264099480405712901
1264099283550310401
1264099120911912960
1264099087768530944
1264098775544532992
1264098671613939712
1264098653918158853
1264098653234479105
1264098650474582023
1264098498875719682
1264098318751281152
1264098317404909568
1264098303630852096
1264098264451813376
1264098256524582919
1264098224056545281
1264098216779399170
1264098133417570304
1264098076958044162
1264098068783403020
1264098067571146752
1264098041293922309
1264097803904724992
1264097536735940608
1264097474932871168
1264097447749521408
1264097446520655872
1264097370117148672
1264097304665108485
1264097275313340417
1264097248792772608
1264097197089587201
1264097126545600512
1264097084858347520
1264097073198182402
1264097036305149952
1264097034761580544
1264096989542785024
1264096911486857216
1264096845757890561
1264096761213267968
1264096519474614273
1264096507961192450
1264096446036541441
1264096304533291008
1264096227551051776
1264096159963975685
1264096071506104320
1264096066342879232
1264095964857602048
1264095909710909440
1264095908343492609
1264095787753050114
1264095711446122496
1264095662813204480
1264095633046192128
1264095412614565888
1264095353722286082
1264095350303928320
1264095329483440128
1264095279634055168
1264095150101405696
1264095046959271938
1264094953728344069
1264094899986718720
1264094861193629696
1264094813269512192
1264094798375501824
1264094695396904961
1264094630024544257
1264094436457414656
1264094383508541441
1264094296925487104
1264094281876361217
1264094254768537600
1264094197876957184
1264094125604962304
1264093974165364741
1264093952992522240
1264093931358375936
1264093852044005376
1264093850789990401
1264093764752113664
1264093614243708929
1264093509012897793
1264093508358504448
1264093465740181504
1264093430055145472
1264093374841270272
1264093306301997057
1264093260101881857
1264093228904652800
1264093062122409986
1264093056330072069
1264092886641098752
1264092859042537472
1264092691383627776
1264092483950166021
1264092465293918208
1264092453008814081
1264092434390224896
1264092388961783809
1264092338273615872
1264092309223849984
1264092261576585216
1264092258644656128
1264092237119488000
1264092187316432896
1264092161664057344
1264092051437740033
1264092049567092736
1264091904188321793
1264091868486402048
1264091822026108933
1264091595483291648
1264091495398879232
1264091472514764802
1264091440482844672
1264091062089519104
1264090946720935937
1264090830467403776
1264090722468323328
1264090713823817729
1264090688712572934
1264090603610046466
1264090485284646914
1264090443349884928
1264090437775699968
1264090417185935360
1264090404577828864
1264090284771684352
1264090201938370560
1264090110875906048
1264090092056072193
1264090090999070720
1264090084447531010
1264089985046786050
1264089905828945920
1264089875944550402
1264089783455924229
1264089779844644864
1264089696357027843
1264089631798288385
1264089555881398272
1264089498956320769
1264089487744864257
1264089240134135808
1264089217212329984
1264089073838370817
1264088978963259392
1264088974500511744
1264088950827876353
1264088920884641792
1264088778844581890
1264088687505178624
1264088551068774400
1264088454067036160
1264088427148062720
1264088412413460482
1264088318398148608
1264088108078940160
1264088029624446976
1264087891392724992
1264087858140372993
1264087674492784640
1264087662811545603
1264087621594210305
1264087606477893632
1264087485073719301
1264087451825590277
1264087440677122048
1264087435555864576
1264087375657029632
1264087354240876544
1264087297877819392
1264087179833364481
1264087146274656258
1264087077437739008
1264086864530747392
1264086825213313032
1264086798399143936
1264086710104850432
1264086670670024709
1264086655574642690
1264086601140973569
1264086591267647493
1264086538834583552
1264086517368176645
1264086380696817664
1264086349302444032
1264086325189361666
1264086323608068097
1264086224052117505
1264086079562489858
1264085976588189697
1264085866227654656
1264085797680095233
1264085770777833472
1264085743946870784
1264085681774759936
1264085642499194880
1264085433681575938
1264085416447283207
1264085363338948612
1264085249258127360
1264085196573417472
1264085120237125635
1264085107222200320
1264084892230483969
1264084880226422785
1264084824857423872
1264084804808650753
1264084642019315712
1264084628450742273
1264084550138900480
1264084402516131843
1264084380894597120
1264084363366596608
1264084266914246661
1264084255233245186
1264084157115838468
1264084152623775744
1264084081517703168
1264083827854639106
1264083722774740992
1264083663316189185
1264083544156049409
1264083370914480131
1264083128836128768
1264083100772032512
1264083093587144706
1264082934597914625
1264082931380883456
1264082906370191362
1264082902482128896
1264082831782957057
1264082708327694338
1264082640216494080
1264082627558080513
1264082587569487872
1264082550110248960
1264082505109512194
1264082503247241216
1264082480614854658
1264082407709462528
1264082377363599360
1264082300213616640
1264082197428011008
1264082190385676295
1264082066800607233
1264081868896571392
1264081772930891776
1264081703695462400
1264081609239801856
1264081608585482241
1264081607742423040
1264081581767041026
1264081562972368901
1264081460375453697
1264081442742644739
1264081373675077632
1264081346131120129
1264081296436928512
1264081200081141761
1264081144154218496
1264081028609687552
1264080961161121799
1264080956576727041
1264080662375665666
1264080469018251264
1264080451733504001
1264080449439236096
1264080374176657409
1264080116201725953
1264079927168708613
1264079920709406720
1264079660964556800
1264079489136500736
1264079343774584832
1264079281963089920
1264079237822251011
1264079173209010177
1264079141223219202
1264079117668028416
1264079107639345153
1264078928949501954
1264078792995344384
1264078717007073280
1264078666893594624
1264078664456699904
1264078583397416962
1264078578326687744
1264078468427534336
1264078311833174016
1264078284146475008
1264078260272541701
1264078211723517953
1264078208888119296
1264078185135661057
1264078096988286978
1264077836954013697
1264077710432837632
1264077702702776321
1264077671530725376
1264077656074661888
1264077611497656320
1264077580061364224
1264077526747549696
1264077493079769094
1264077473496600576
1264077438235049985
1264077352419708931
1264077312326340608
1264077296098586624
1264077268990726146
1264077106495053824
1264077097250828290
1264077017563136001
1264077001478025216
1264076842899734530
1264076764600467463
1264076690319433729
1264076665438769152
1264076660854448128
1264076632144465920
1264076591530999808
1264076570588823557
1264076453123162113
1264076390170853376
1264076302887399425
1264076274223513601
1264076068685778944
1264076056920756224
1264075893506539521
1264075880038621187
1264075759708233728
1264075692570038273
1264075677638287360
1264075659753783296
1264075467944071174
1264075439708033024
1264075354416861185
1264075319725694978
1264075317683068928
1264075309252595713
1264075195041677313
1264075053521567749
1264075044516397057
1264074912618209285
1264074816270843906
1264074449021816832
1264074314858532864
1264074113691369472
1264073881125621765
1264073742482845697
1264073718780788736
1264073701114470403
1264073627944865797
1264073596823113728
1264073593668931584
1264073593081692163
1264073510349045762
1264073386201878528
1264073233554341888
1264073215317626880
1264073090432004097
1264073027836416001
1264073015043686403
1264072961717424128
1264072874605924354
1264072845614866432
1264072725758435329
1264072605893525504
1264072458585374720
1264072443288838145
1264072402453106693
1264072275780911104
1264072259800571904
1264072167223955457
1264072044616056832
1264072030284066816
1264071993915252741
1264071948591599618
1264071833827106826
1264071773693161472
1264071429433298944
1264071411058040832
1264071399947284480
1264071317944442880
1264071249875124224
1264071239955554309
1264071136792453120
1264070987760500736
1264070972161884160
1264070937747619845
1264070638404276226
1264070521018253313
1264070468883173378
1264070314188824576
1264070269204865024
1264070127856869376
1264069981832122368
1264069872457220103
1264069768597901312
1264069599131287552
1264069481791475712
1264069468432543750
1264069432831246338
1264069156934164480
1264068732470603776
1264068669279277057
1264068482645340160
1264068407411998720
1264068304752324614
1264068196526686209
1264068157284724745
1264068085700603912
1264068047075258371
1264067813913890816
1264067797107253249
1264067688076382209
1264067511613612032
1264067385549619200
1264067235104075777
1264067073417805825
1264066874414788610
1264066857054633989
1264066813761073152
1264066566901190656
1264066563918966784
1264066207558389760
1264066145826586625
1264066064469700616
1264066047591821312
1264066046975188997
1264066022014881793
1264066021855563820
1264066012485488641
1264065921209040897
1264065865676455936
1264065849339645953
1264065761431224320
1264065689092067328
1264065649476804608
1264065556241616896
1264065479779500034
1264065035145445378
1264064824545292289
1264064815250788354
1264064734455828480
1264064723785580544
1264064695759245313
1264064577366614017
1264064504087838723
1264064419216097280
1264064386924191744
1264064341260845057
1264064320452820992
1264064292313346048
1264064075383869441
1264064002897870848
1264063718918406147
1264063356547334144
1264063209994170369
1264063069568843788
1264062953202032641
1264062910340501504
1264062893915623424
1264062824269131777
1264062818317262850
1264062715296985088
1264062001946427392
1264061797608370176
1264061784115347456
1264061487661879296
1264061436344631301
1264060968499380224
1264060739477700611
1264060615091539968
1264060591087460362
1264060346081443840
1264060135674187776
1264060121207930889
1264060050513035267
1264059873807020033
1264059683272306688
1264059219302666240
1264058909951655936
1264058875512315905
1264058813528903680
1264058703155781635
1264058265467523072
1264058225634291712
1264058051771932672
1264058048638791681
1264057603014959104
1264057474484748290
1264057329282158592
1264057167734333441
1264056926003965957
1264056884413292544
1264056614283345923
1264056418421932032
1264056005744361472
1264055680664731648
1264055443044937728
1264055101464985600
1264054844601643008
1264054683485773824
1264054021536481281
1264053716329652224
1264053694334672897
1264053605251899392
1264053266842820608
1264053013636841472
1264052872595091456
1264052841980858369
1264052758874927104
1264052319466872834
1264052317722009600
1264052290983464960
1264052211056807937
1264052187463892993
1264051865249030144
1264051449123790849
1264051221310124033
1264050810176102405
1264050726541627392
1264050682346250245
1264050540528443392
1264050410999906305
1264050177750507520
1264049661444317184
1264049660433440769
1264049612878417922
1264049597703471110
1264048963231023106
1264048718015315968
1264048417329864705
1264048364804616192
1264048102580858880
1264048098260799488
1264048009127567360
1264047944170430465
1264047913900089344
1264047913711349760
1264047829242216449
1264047437875994624
1264046719995727872
1264046274388656128
1264046123666362368
1264046103781085184
1264045432424009730
1264045171458674691
1264045072980606976
1264044929417916416
1264044134878318592
1264044013063200768
1264043942619873283
1264043885426348033
1264043840224276485
1264043758154395649
1264043464074952705
1264043203789021185
1264043011958288384
1264042204319924229
1264041849897005057
1264041605016715264
1264041382362132480
1264040880513712129
1264040629207732224
1264040505983328256
1264040079477084161
1264039539120705538
1264039528345612290
1264039325001568256
1264039320849125376
1264039115512614913
1264038613291073546
1264037483370680321
1264037482829680640
1264037482074714116
1264037438898540544
1264037327862718472
1264037094747443201
1264037018885128193
1264036929659719681
1264036614394839043
1264035497380327426
1264035443168940038
1264034924740386818
1264033664595374082
1264031239423627272
1264031146603622400
1264030686383607808
1264030105782927366
1264029940019859461
1264028970695168001
1264028754474647553
1264028748996894721
1264028360205914112
1264027285453185024
1264027027432144896
1264026225313538055
1264025722550616070
1264025427057807366
1264025365229510656
1264025114309349376
1264024867051012096
1264023788984942592
1264021898079481859
1264021897194455040
1264020543289860097
1264019348580110336
1264019128316239874
1264018675444731905
1264018245587210241
1264017977541877760
1264017915046760455
1264017881081229314
1264017126811205634
1264016873772941314
1264016628049641473
1264015212895711232
1264015067366010880
1264014798595018754
1264013321935650817
1264013290021236737
1264012875322011650
1264012867197710337
1264012804765425664
1264012802810929164
1264012129004400640
1264011849353302016
1264011340206813185
1264011032223264774
1264010406659489793
1264010382605238273
1264009946431176704
1264009502023651329
1264009483920998400
1264008861951934465
1264008667797602311
1264008465720246272
1264008327392112641
1264007917533048835
1264007716697145353
1264007481484873728
1264007268275752960
1264006860157353985
1264006262892658688
1264006104134176768
1264005706081898496
1264005531506806793
1264005445791948800
1264004499137536007
1264004404492988416
1264004401414443013
1264003679994208262
1264003574687846400
1264003365220028416
1264000735571738624
1263999714460131331
1263997697197051919
1263997398998757378
1263997288218685440
1263997217569939456
1263997141275545600
1263996368495968257
1263996159481253890
1263996044213391363
1263995574816129025
1263995558487875592
1263995474022891520
1263995473477672961
1263995472697573382
1263995167310327808
1263994992865038337
1263994678745202694
1263994542497333248
1263993981391773696
1263993751774658566
1263993276304105472
1263993197384151042
1263993054849044484
1263992839089905664
1263992811361382402
1263992749692461056
1263992662140563457
1263992479566659591
1263992225127596033
1263992115929001989
1263991326145761280
1263990597578371072
1263990412856999936
1263990182375809024
1263989609043804160
1263989265198956544
1263988942904471567
1263988818551635968
1263988624510652418
1263988191859806214
1263987599435333632
1263987037293682691
1263986587475554312
1263986444328226817
1263986407833567234
1263986366687436812
1263986201368899589
1263986022846693383
1263985953313619969
1263985841195671552
1263985699268833280
1263985654729519105
1263985436034293760
1263985420347617280
1263985118907117573
1263985063865311233
1263984856096260097
1263984649430278149
1263984535294926848
1263984407293067269
1263984236425555970
1263984179412447233
1263983990094036998
1263983432738189313
1263983182518652928
1263983142504980480
1263983011189665792
1263982981150134274
