1260721419945685002
1260721141632716807
1260720901101944838
1260720559916290048
1260720310845931526
1260720163927793664
1260719664637923328
1260719366863192067
1260719227784355844
1260719134670835712
1260718144840138755
1260718072899547138
1260717901000163328
1260717659404075019
1260717560041025537
1260717392642048001
1260717371716747265
1260717240514760705
1260717195539222529
1260716806739841024
1260716787521466370
1260716706210746378
1260716661964967936
1260716237786697728
1260716205146615808
1260715981409845248
1260715901088870405
1260715763066982400
1260715624197697539
1260715461857198081
1260715431385587713
1260715234274263042
1260714123651883009
1260713511627509761
1260713483928289282
1260712971778523139
1260712753964232704
1260712735802822657
1260712701266968578
1260712471909879810
1260712302388695040
1260712051850334209
1260711977615192064
1260711396410642432
1260711204441460737
1260711147382153218
1260710787833831424
1260710478625615872
1260710407939010562
1260710038768943110
1260709440912871424
1260709430435491841
1260709263900631041
1260709178387161091
1260709161060483073
1260709038066733057
1260709036120555525
1260708966696398848
1260708612369985536
1260708451925327878
1260708217929203713
1260707955319746565
1260707691149885441
1260707653707276288
1260707560006565891
1260707547855622145
1260707512417951750
1260707434504609793
1260707341676281856
1260707323863019527
1260707311988936704
1260707131155775490
1260706847364919297
1260706799247818752
1260706652602449920
1260706370275459076
1260706222589837319
1260706064561045505
1260705991643013120
1260705969245491200
1260705650902028289
1260705644103045120
1260705385415151617
1260705326518730764
1260705229768658948
1260705156368392193
1260705052370632705
1260705020565237763
1260704840029802503
1260704824057909248
1260704798288027655
1260704610865610753
1260704527503802376
1260704422428061697
1260704181524054018
1260704057771130880
1260704054306578432
1260704052901482496
1260704022006312961
1260703629297823744
1260703449345294339
1260703363420901377
1260703144352321536
1260703022600065024
1260702848351944704
1260702846464524290
1260702702734127104
1260702363507134464
1260702254652362761
1260702012376862724
1260701921083564032
1260701744734093313
1260701737863860225
1260701672940208128
1260701527888592903
1260701423488155648
1260701205212299266
1260701066770944003
1260700720141152257
1260700686326599681
1260700657109139456
1260700590977540098
1260700431275220993
1260700136117846016
1260699970413514764
1260699713462063104
1260699532473573377
1260699410314469382
1260699269226528775
1260699233008697345
1260699202075705346
1260699149479092224
1260699076804390913
1260699052213182465
1260698899788058634
1260698849565446155
1260698393111920642
1260698061686427650
1260697917314289665
1260697794643464192
1260697742415990787
1260697439859814401
1260697411783180295
1260697316702523398
1260697208674025479
1260696579838816257
1260696516085374978
1260696490093281280
1260696343884042240
1260696237285801986
1260696196500332544
1260695978400780288
1260695834963959814
1260695819369558021
1260695774662361091
1260695719318638594
1260695690373672960
1260695535473827844
1260695360017772545
1260695193310900224
1260695126852145152
1260695064260509698
1260695042815074306
1260694949856714758
1260694932429340672
1260694864850759681
1260694830776225795
1260694568674172929
1260694518933999617
1260694501473075200
1260694345646211073
1260694234774077440
1260694060949479442
1260694030863732742
1260693957081796609
1260693791532597251
1260693776357621762
1260693545800916997
1260693536799961095
1260693383900692487
1260693372789981193
1260693287058489345
1260693230577954818
1260693229860782087
1260693223074390019
1260693103217971202
1260692751554875392
1260692604213252099
1260692516204163073
1260692504619421696
1260692362772328448
1260692352533958656
1260692302403641346
1260692273848823808
1260692261131739136
1260692111667728384
1260692035385856000
1260691746113163266
1260691604622508032
1260691281044480011
1260691245707517962
1260691183052959745
1260691126333452288
1260691025590435840
1260690835038969857
1260690437783814145
1260690434961158146
1260690409149411328
1260690306384760834
1260690295458578432
1260690223337476106
1260690131075371008
1260690102923206656
1260690019133636613
1260689944051429380
1260689845422370827
1260689570284347392
1260689496988884996
1260689448599240711
1260689441800290307
1260689226947080193
1260689162338009088
1260688997304741888
1260688891847245824
1260688800738672641
1260688789510541312
1260688779377082368
1260688611864961025
1260688430360678409
1260688415965708295
1260688095734882304
1260688093394407425
1260687994933186560
1260687980559314944
1260687947155849216
1260687824405368832
1260687766985342977
1260687757711740928
1260687604481175552
1260687585367805962
1260687442723643392
1260687382380253190
1260687348553129986
1260687160556077056
1260687077051695106
1260686996466479105
1260686995900239872
1260686843617689600
1260686769370120195
1260686511575650310
1260686334328483841
1260685918220025858
1260685823042871297
1260685684785979392
1260685503747239938
1260685483442688006
1260685196631867393
1260685170253926404
1260685153464135680
1260685081305395207
1260685055371943937
1260684998069440513
1260684978301657088
1260684956751273984
1260684914577604611
1260684808507850752
1260684786055688194
1260684640572059649
1260684563925393421
1260684537799073794
1260684297528381441
1260683905247719431
1260683862721679362
1260683833260851201
1260683822217248770
1260683818832400386
1260683799966486528
1260683664888942594
1260683546466885633
1260683418133770241
1260683386416508928
1260683381496598528
1260683342237913094
1260683218459725824
1260683161345851408
1260683137350348801
1260682917027762184
1260682836853620737
1260682830922878977
1260682805585022976
1260682675834290176
1260682631504674821
1260682474813886466
1260682211017330695
1260682206206480385
1260682148928991239
1260682090162651140
1260682041949069320
1260681751770390530
1260681707029778432
1260681566382104576
1260681545989357568
1260681530776698883
1260681508031008770
1260681415940849664
1260681352783040517
1260681347384967168
1260681292141731842
1260681217839697923
1260681094149570560
1260680954030555140
1260680920304099328
1260680893632520192
1260680890927194112
1260680703349587971
1260680551977140230
1260680542648963072
1260680363116019712
1260680205305331712
1260680191782813712
1260680031484993538
1260679802694045696
1260679762051293198
1260679704501256192
1260679690832039944
1260679678332997633
1260679616576081920
1260679556484288513
1260679530123010048
1260679444798324737
1260679440423624706
1260679429807800322
1260679129940312079
1260679104338300938
1260678888197406721
1260678855129534465
1260678774783463424
1260678678155010048
1260678663034544128
1260678593497182208
1260678517777485824
1260678489893732356
1260678421140721669
1260678290815229952
1260678256916865029
1260678209202511872
1260678145277116421
1260678065191104512
1260677964787855361
1260677938032381959
1260677891668533251
1260677790854270976
1260677508988653568
1260677481155170305
1260677458841481216
1260677410611134470
1260677365967003649
1260676882086887424
1260676860259840000
1260676643271708672
1260676613013938184
1260676549684142082
1260676482428547075
1260676456256069635
1260676456075706369
1260676389080109056
1260676315570565120
1260676177695592449
1260676155625086977
1260675984858034176
1260675683564556291
1260675518610931712
1260675387635441665
1260675142843318273
1260675056696545285
1260674950719066113
1260674865771819011
1260674766006075396
1260674607482318850
1260674575735676929
1260674568789929991
1260674259925569537
1260674147467898881
1260674126550835208
1260673583292002312
1260673422964785154
1260673420586598412
1260673354375315456
1260673312021192704
1260673279783829511
1260673195197284354
1260673097620914177
1260673088607453184
1260673082953523203
1260673082580176897
1260672976808218625
1260672769475436545
1260672648641732617
1260672638927671302
1260672616966361090
1260672530815344641
1260672529682837509
1260672325244116994
1260672089259937796
1260672018472677378
1260671948956319746
1260671867616026624
1260671687571517440
1260671670811070469
1260671653668950023
1260671637529247747
1260671540032532480
1260671315549323275
1260671276349358086
1260671264873644034
1260671252928266240
1260671183688814592
1260671081544810507
1260671026859577347
1260670999131013132
1260670919879659521
1260670888384647168
1260670870919483392
1260670855819997186
1260670845858521092
1260670599040557056
1260670455750541317
1260670427761913856
1260670358102958082
1260670289660325888
1260670223516151809
1260670141483880448
1260670137616793602
1260669940136325120
1260669870234120193
1260669666596466688
1260669599491723264
1260669580898381826
1260669561168412674
1260669379903131653
1260669113631989761
1260669049647828993
1260668940910559233
1260668813407903745
1260668641055510538
1260668594448412673
1260668544594911232
1260668510692311040
1260668285672206338
1260668228373749762
1260668059238502402
1260668012820127752
1260667901096407044
1260667887414644737
1260667885699182597
1260667740253282307
1260667732598632448
1260667657105391616
1260667594111168514
1260667536875683841
1260667514209665025
1260667497373667330
1260667461860548609
1260667292347699208
1260667188073115649
1260667173665718272
1260667085589491714
1260667016471592963
1260666996422778884
1260666897722417153
1260666879242317826
1260666860011491330
1260666844974845958
1260666782039375872
1260666656512229376
1260666419332755456
1260666373161865217
1260665953211293696
1260665949486792705
1260665638458187776
1260665582506180608
1260665564000903168
1260665513333702661
1260665506849267714
1260665483893882882
1260665181874450432
1260665176975724544
1260665153034629121
1260664988840202245
1260664963783438343
1260664874843213825
1260664754852552705
1260664663034998784
1260664303969067010
1260664210947792900
1260664194279657478
1260664145927720967
1260664143813763072
1260664084669911053
1260664065397047299
1260663946366902277
1260663943133106176
1260663928134275075
1260663847570083841
1260663828355911681
1260663769291730944
1260663700186435588
1260663558456643585
1260663494585856009
1260663478941036544
1260663452303007745
1260663424251572224
1260663393150816257
1260663373005557761
1260663366697119745
1260663349588738049
1260663314343964675
1260663283767484416
1260663276314275842
1260663220802633729
1260663084093509632
1260662947027857409
1260662880145416192
1260662826080894976
1260662792882962433
1260662775883448321
1260662740932349957
1260662684187533319
1260662616327946241
1260662533326856201
1260662272671854594
1260662202916356099
1260662166794809344
1260662109832175622
1260661959923507205
1260661719912927232
1260661634873176064
1260661631522082817
1260661625809403906
1260661248640704512
1260661240764018689
1260661228910907393
1260661215489130501
1260661204151869441
1260661203694739456
1260661135533133824
1260661003185864709
1260660882461212673
1260660819479498752
1260660649819959299
1260660588058832897
1260660457389490176
1260660420819312641
1260660108838662146
1260660072998301696
1260660067705085952
1260659910519357440
1260659910078914560
1260659837836259330
1260659731309326337
1260659679530606593
1260659635662450689
1260659528271454208
1260659363087126530
1260659328995823616
1260659242375106560
1260659169759096832
1260659078826618880
1260658987613077504
1260658955459547136
1260658722805673984
1260658667042402304
1260658479418601472
1260658411223445504
1260658353753034752
1260658313231884289
1260658255300161536
1260658189558677504
1260658115541790720
1260658034625265665
1260658022537281538
1260657873010319361
1260657863715766272
1260657844300296193
1260657762196877312
1260657741716008960
1260657663026708482
1260657635004575746
1260657516154744833
1260657514208571392
1260657371090522117
1260657356611829760
1260657284339822593
1260657281475067905
1260657272713166849
1260657247924793344
1260657168283348993
1260657093079527425
1260657059835437057
1260656973667688448
1260656914976784384
1260656887567024128
1260656841584832512
1260656827756277762
1260656671447085059
1260656489535991808
1260656487577219073
1260656314956431360
1260656308937621505
1260656290864361472
1260656006494740481
1260655890996228096
1260655746074546177
1260655700465692673
1260655637572145152
1260655601496911873
1260655585906704387
1260655483154624513
1260655441257697282
1260655353722597377
1260655320969273345
1260655191394627584
1260655164588871682
1260655148252057600
1260655092715278336
1260655087988301824
1260654969058766849
1260654965040615424
1260654935202390016
1260654831007485959
1260654812372144128
1260654808135958528
1260654544293212163
1260654529650896896
1260654485396811776
1260654396909600769
1260654282451202048
1260654217074585600
1260654071821688837
1260653991567884288
1260653990863237120
1260653969824600064
1260653878724317186
1260653815184801793
1260653809790889984
1260653767952756736
1260653765570342916
1260653754308689921
1260653749711732736
1260653742312972288
1260653426347655169
1260653391077797888
1260653373906276352
1260653215399342082
1260653179886112769
1260653060361076736
1260653051146199040
1260653048205983745
1260652926470504448
1260652633750073349
1260652603467157505
1260652569694572544
1260652511049875457
1260652496445304832
1260652339825750016
1260652201472430082
1260652193650077696
1260652036434976774
1260651926787514370
1260651883829448704
1260651878959902721
1260651768804831233
1260651752124149760
1260651724793974785
1260651690904088577
1260651621672816640
1260651532359364609
1260651351505203202
1260651324896501760
1260651312607182848
1260651214607233024
1260651002018934784
1260650868837236738
1260650856996732928
1260650810133762054
1260650787690037249
1260650766622003200
1260650574321602560
1260650365835333633
1260650285573128192
1260650143818235904
1260650108779065345
1260650049110851589
1260650027136856066
1260650004051423232
1260649986431176704
1260649911504171009
1260649899760087041
1260649763654873088
1260649736828096523
1260649682151206912
1260649675650023424
1260649602732056576
1260649549963522049
1260649527368806400
1260649517335994369
1260649496544866304
1260649146702127104
1260649137164283904
1260649094843781120
1260649019753127936
1260648971980038144
1260648916850143232
1260648847484653571
1260648824382476289
1260648733760385025
1260648669855924224
1260648609957068801
1260648534866444289
1260648533880745984
1260648476259438594
1260648432173105153
1260648402192175104
1260648369631883266
1260648320487223298
1260648263650164737
1260648165381820416
1260648057621766145
1260648009592799232
1260647872699133952
1260647795104419840
1260647791245668353
1260647780390850561
1260647700044759041
1260647685146599424
1260647617370845184
1260647614036340736
1260647488735686657
1260647488316272647
1260647358309662721
1260647329071128576
1260647222527488001
1260647157071142913
1260647027668467712
1260646885133447168
1260646554961993728
1260646395708506112
1260646380340576257
1260646083845214212
1260645972008288256
1260645746245689347
1260645611423973376
1260645503940755456
1260645400718921729
1260645363414777856
1260645337095499776
1260645309710917633
1260645095100968960
1260645076364955648
1260645031091699715
1260645016097001473
1260644851483209729
1260644778674290694
1260644661107945472
1260644358635655168
1260644292906762241
1260644134336987136
1260643853180104710
1260643606471163904
1260643574741299201
1260643554478653442
1260643551534297089
1260643551114702854
1260643414036668419
1260643389869080582
1260643353864990720
1260643232683364358
1260643214157111296
1260643142472052736
1260642995210248195
1260642991573741568
1260642941095337986
1260642931796520963
1260642909969416193
1260642856903102464
1260642748132179970
1260642745640779777
1260642699973181449
1260642690405974016
1260642675172290560
1260642658080493568
1260642619018936320
1260642554330185732
1260642544888745990
1260642500223602693
1260642408456478722
1260642394585862144
1260642324989779975
1260642242919911424
1260642236536160259
1260642204000935938
1260642202537070601
1260642188058341376
1260642187093651458
1260642156999577606
1260641999960539139
1260641977273651203
1260641884327854081
1260641714340892679
1260641677057953800
1260641401559277569
1260641210756141056
1260641209489461249
1260641045152481281
1260640389280776193
1260640388123168769
1260640380577611782
1260640025672376321
1260639887721672707
1260639797099540482
1260639753520717824
1260639736210903040
1260639636730200064
1260639557323763724
1260639465107750914
1260639422774743046
1260639403011121153
1260639175298121728
1260639059132719105
1260638615740264448
1260638545158516737
1260638441739390977
1260638360458211331
1260638223195426825
1260638176277864449
1260638053175046145
1260637916537270272
1260637515242975233
1260637241338101764
1260637167384236032
1260636950391926784
1260636912995504130
1260636785404772358
1260636767486648328
1260636756027887617
1260636643549216774
1260636524980436992
1260636477857431553
1260636447486414850
1260636434593185792
1260636182175723522
1260636075476869125
1260635962582933506
1260635912289083404
1260635907167789058
1260635749126492165
1260635627281924107
1260635359844720643
1260635306077966338
1260635214109343744
1260635100317995009
1260635090293608448
1260635065492611072
1260634955622879237
1260634894134390784
1260634822369779712
1260634683718676482
1260634565670043649
1260634564474679300
1260634472178991104
1260634461215109121
1260634432790310913
1260634387126812673
1260634358920163330
1260634342377873413
1260634329803259904
1260634245242007553
1260634238514233345
1260634196067966983
1260634136529813506
1260634125767249925
1260634125058400258
1260633910746152961
1260633855658246144
1260633828529508354
1260633828235849735
1260633810099744769
1260633780102053889
1260633657468911619
1260633417776943109
1260633226189721601
1260633045515862018
1260632734902431745
1260632715751276548
1260632628820090880
1260632615062732806
1260632601284444161
1260632592501616640
1260632510184243200
1260632476222963723
1260632439359188994
1260632370996273153
1260632354722320385
1260632191568089092
1260632189944946688
1260631961070157829
1260631923208192006
1260631910088347650
1260631886214422531
1260631883181887495
1260631694513713154
1260631542952603651
1260631525026156544
1260631472152760320
1260631414250319875
1260631297422172166
1260631243798044675
1260631064235724800
1260631045470392327
1260631032178642945
1260631015485321217
1260630903761571840
1260630870093938691
1260630845389524997
1260630832097759232
1260630793141006337
1260630756856147969
1260630618934857728
1260630470448099328
1260630353980657664
1260630232794566657
1260630170924388358
1260630073629118465
1260630034404069381
1260630021187661825
1260630019702788098
1260629989516550149
1260629988598001665
1260629918746099719
1260629738575605760
1260629676327829504
1260629650914631680
1260629521725829120
1260629483419250688
1260629312396541953
1260629282809958401
1260629035564126208
1260629031021621253
1260628949421391879
1260628937966837761
1260628923664216064
1260628813144342528
1260628774724517893
1260628759016878081
1260628581039955968
1260628524567846917
1260628508843352064
1260628461443600386
1260628256727891968
1260628189086441477
1260628175106772992
1260628166030344193
1260628152105213953
1260628088653824000
1260628023545671684
1260628006583914496
1260627940322283520
1260627938116022275
1260627695198785536
1260627682913652737
1260627681105887232
1260627574859988992
1260627480316125185
1260627407079424002
1260627371629125637
1260627367732621312
1260627252615819265
1260627221456261121
1260627092674396163
1260627016304508929
1260626882346856449
1260626879704334336
1260626743334965249
1260626634354429952
1260626455760863232
1260626443316465672
1260626111798673414
1260626088281223168
1260625930550198275
1260625684956839939
1260625641231265793
1260625636261072896
1260625471202443265
1260625404123111424
1260625326440415232
1260625273457913859
1260625132944592897
1260625098622619648
1260625092628942848
1260625063663022082
1260624800688467968
1260624731482570754
1260624621675708417
1260624300702347265
1260624298726875137
1260624293228097537
1260624243290714114
1260624206389223425
1260624148222672896
1260624133848797189
1260624055042019329
1260623960099762177
1260623914348265472
1260623903178854407
1260623889777995776
1260623872212205569
1260623823373819906
1260623700367495177
1260623404094324737
1260623377011703808
1260623366085660672
1260623330723463170
1260623315519131648
1260623270191288323
1260623257847373838
1260623253653110784
1260623074539569153
1260623023251611648
1260622858771931138
1260622591703879681
1260622580840640512
1260622497185226758
1260622489824251909
1260622463463051266
1260622247762563073
1260622232650420224
1260622146964946944
1260622001858908161
1260622001758187523
1260621899941457921
1260621877762043904
1260621828718026754
1260621758895456256
1260621716637855747
1260621690842865664
1260621584886312969
1260621575814107137
1260621501935562756
1260621495296016385
1260621459728334848
1260621435179073538
1260621314852823041
1260621295127007232
1260621253519572992
1260621138348081155
1260621120585306112
1260621104273653761
1260621100347797505
1260621082345816065
1260620673225052161
1260620551116242944
1260620487379562498
1260620422976081924
1260620302691831808
1260620272752889856
1260620236623134722
1260620221871726592
1260620203739799558
1260620194931769345
1260620126895947783
1260620115768496128
1260620095648403457
1260619994808926209
1260619929310695426
1260619815657648129
1260619505526505472
1260619473427537924
1260619314522206209
1260619269232046080
1260619206481059841
1260619162608709632
1260619157479006209
1260619105008259074
1260618890838753282
1260618839622107137
1260618795204427778
1260618717832110081
1260618681907806208
1260618680318201859
1260618672835567616
1260618654791712768
1260618626173997058
1260618555957092353
1260618536428462082
1260618500734943233
1260618457927778306
1260618449904177155
1260618394665127937
1260618308006576134
1260618307440435212
1260618282111025152
1260617839477653505
1260617764160577538
1260617689258766338
1260617614101020677
1260617445318017025
1260617421301391362
1260617308634054659
1260617193777135622
1260617159002271745
1260617087309041666
1260617007206195204
1260616946967547904
1260616892177428481
1260616874942922755
1260616619874750465
1260616548231843840
1260616420586672129
1260616402009980933
1260616386973483009
1260616373115539462
1260616305910185984
1260616305201369088
1260616290248646657
1260616270690619392
1260616156651622401
1260616135004782593
1260616101202968579
1260616075068268544
1260616030117863426
1260615982499987456
1260615971255058432
1260615732469149704
1260615597156716546
1260615444307812352
1260615397071622145
1260615370244861953
1260615287809900544
1260615248676962304
1260615230918463498
1260615215248543745
1260615113016520711
1260615037942665216
1260615033547096065
1260615001129312257
1260614924369264642
1260614831855620096
1260614812834373632
1260614686090944513
1260614685616939011
1260614662145572864
1260614599747010562
1260614537423831040
1260614492955836417
1260614487243096064
1260614435309260802
1260614430066262016
1260614353650409472
1260614315037659137
1260614219055149056
1260614090034221059
1260614081968562178
1260614057100533766
1260614022585614339
1260613930935861250
1260613761548902401
1260613734940246018
1260613678006763520
1260613674835808256
1260613457218600966
1260613437039824898
1260613379405774848
1260613348246212608
1260613322820464640
1260613308970938370
1260613199256268810
1260613087721390087
1260613080104472576
1260612954900312065
1260612916161638401
1260612906216980485
1260612665979940866
1260612649370488833
1260612600750116869
1260612587886166018
1260612527819337728
1260612515505090565
1260612430276833281
1260612336320200705
1260612336005656580
1260612335972102144
1260612279831343104
1260612135031275520
1260612131516551170
1260612030978981888
1260612005922246657
1260611761914490880
1260611698811195392
1260611337572540416
1260611295897890819
1260611211974119425
1260610889843200008
1260610730065362944
1260610599639224321
1260610571180879874
1260610563274670080
1260610556748275712
1260610531418832897
1260610498459992065
1260610342671003649
1260610290410049536
1260610185606946816
1260610138588626944
1260610112600846336
1260609990705983489
1260609981877018627
1260609964898476033
1260609947164966913
1260609931058823168
1260609615676559364
1260609551210078210
1260609473644761088
1260609417831223298
1260609409165688832
1260609398910717952
1260609393210654723
1260609167594831875
1260609140726120449
1260609094672621573
1260608932650921985
1260608915039039488
1260608783950262272
1260608711409754113
1260608705009192960
1260608605449007106
1260608592559968262
1260608584116813826
1260608335943995394
1260608331581919235
1260608280214351875
1260608275646681088
1260608248178184192
1260608210572115969
1260608171216908289
1260608128556638210
1260608095270682624
1260608087427334145
1260608083543429121
1260608051146567680
1260608008008142849
1260607951972241408
1260607928899256320
1260607879121379328
1260607792404144129
1260607513185181697
1260607350534217734
1260607295786024962
1260607091196207112
1260607081222156291
1260607008006422532
1260607004818714624
1260606977572560902
1260606956475121665
1260606948698980353
1260606904532979714
1260606873084080131
1260606839328309248
1260606825151463429
1260606712660340737
1260606695899893765
1260606530388451331
1260606278256267267
1260606133187883009
1260606011586609153
1260605903079903233
1260605891071672322
1260605879746953216
1260605864735621123
1260605790815227904
1260605670640017409
1260605647600656384
1260605589480247297
1260605542231412737
1260605518596509697
1260605509360590849
1260605467371462657
1260605435276668933
1260605418432233472
1260605205965606915
1260605190039760896
1260605075040468993
1260605061962612739
1260605021667897347
1260605004274155522
1260604969255919616
1260604950570315778
1260604933222682636
1260604891451588608
1260604883272638466
1260604778880606208
1260604551771697153
1260604229900800002
1260604043430412289
1260603992243089412
1260603958072152064
1260603949452836873
1260603845148913665
1260603827243438080
1260603803256094726
1260603738064072706
1260603702395666433
1260603665955590145
1260603643025338368
1260603633160380417
1260603589350883337
1260603581570453506
1260603558405312512
1260603511588499456
1260603470278807553
1260603436053204995
1260603434753032192
1260603350141337601
1260603330793033731
1260603306134691843
1260603277114314756
1260603265097576448
1260603211414732800
1260603150089818113
1260603053767634944
1260602831469522945
1260602829930147840
1260602796900069379
1260602793078984705
1260602707917881344
1260602553408118787
1260602544985911300
1260602460646838273
1260602458440716289
1260602417416192001
1260602252483575810
1260602217859612675
1260602213182963715
1260602175211872256
1260602174264000512
1260602160858923008
1260602160112455681
1260602118777573382
1260602114969124866
1260602067091103744
1260602007775313920
1260601990691926022
1260601909976731648
1260601875482771457
1260601861599629312
1260601857413722112
1260601760072286209
1260601658393989121
1260601599484997634
1260601525476438019
1260601508527292418
1260601372405313538
1260601359197487104
1260601339933048832
1260601199147061250
1260601142532177923
1260600997623234562
1260600968821039113
1260600943210610688
1260600920594886657
1260600835626672128
1260600814046982145
1260600669788155911
1260600641866604547
1260600579321184258
1260600485205151746
1260600473083695104
1260600334436765698
1260600325716824067
1260600294804795394
1260600198704893953
1260599946056798208
1260599944433618944
1260599938632888330
1260599905539837952
1260599846379102214
1260599800271179777
1260599799805607940
1260599686655889410
1260599686282579976
1260599642116456450
1260599575649439745
1260599568028381184
1260599539024760832
1260599538286542851
1260599518971691008
1260599440152432643
1260599369126023173
1260599296145199106
1260599205019684865
1260599168608940037
1260599157531738118
1260599033103634443
1260599017001693185
1260598867000791041
1260598862085062656
1260598856473096195
1260598790656069633
1260598774407315456
1260598759223943176
1260598638889361409
1260598618215649280
1260598570148823041
1260598564574691328
1260598545989713920
1260598518101786625
1260598492894048257
1260598491698659328
1260598455954812930
1260598435163467777
1260598331270627328
1260598248751890432
1260598233895559168
1260598175540314125
1260597608474697728
1260597580628623361
1260597545757298688
1260597482108657666
1260597347324698625
1260597210636587008
1260596997771407367
1260596984890695681
1260596949897613313
1260596919883177984
1260596913725980673
1260596858004688897
1260596805076688897
1260596787934629891
1260596784025554945
1260596775787921414
1260596737284149249
1260596713385070596
1260596612365156354
1260596595868995586
1260596589342732288
1260596548808978433
1260596496518561795
1260596483302338560
1260596428201693185
1260596412435369984
1260596403862208518
1260596378264317953
1260596366012710912
1260596259032911873
1260596197707911175
1260596123510734848
1260596050617909250
1260596002773442566
1260595973086117888
1260595970238267398
1260595968560500739
1260595905331372032
1260595866307624961
1260595860536266761
1260595847957549064
1260595743762628609
1260595742533615618
1260595723567063042
1260595617400860673
1260595586203615236
1260595324583845889
1260595266836664323
1260595253712691201
1260595213304823808
1260595118597451777
1260595100968726528
1260594923805519874
1260594871074787328
1260594831501463553
1260594781195042818
1260594679965462528
1260594461777813506
1260594372732690436
1260594334329704455
1260594277316517888
1260594270194536448
1260594146810748928
1260594144461889536
1260594043928621058
1260594034462134274
1260594032704737280
1260593800126386179
1260593782338121729
1260593722426830850
1260593722124894210
1260593682492899330
1260593642999291904
1260593585629663232
1260593565295656961
1260593372005380097
1260593306439991297
1260593264484388864
1260593233245110274
1260593162395017218
1260593147811377157
1260593085253406722
1260593011274252288
1260592869812908039
1260592864284872704
1260592751818792972
1260592719283568643
1260592666636623872
1260592591231385602
1260592580661821442
1260592572893999106
1260592511611011072
1260592449296228353
1260592434469191680
1260592422419140610
1260592394711506945
1260592358644744193
1260592328538021894
1260592310997471234
1260592297466626054
1260592107242348546
1260592069741023240
1260591927973552129
1260591927197675520
1260591733974405121
1260591666467082240
1260591530898833409
1260591390368641024
1260591256641712129
1260591210869207041
1260591192133316608
1260590900331323393
1260590860741357570
1260590806622224385
1260590736271081472
1260590634802561026
1260590620768448513
1260590456867618824
1260590411430723584
1260590400563286018
1260590382380912640
1260590344191737856
1260590255968845827
1260590177875103745
1260590023541436418
1260589913541672960
1260589873532145664
1260589849222004740
1260589796344377345
1260589764337696769
1260589669844226048
1260589623174201344
1260589596230012933
1260589562285510657
1260589560830070785
1260589287608893443
1260589220957163521
1260589075410673664
1260589039440273410
1260588982968213505
1260588826940104707
1260588814894092293
1260588814474653699
1260588803472973828
1260588768563802125
1260588761265692672
1260588738939420673
1260588609427603460
1260588440158113794
1260588406754729985
1260588372696932354
1260588327058759683
1260588272662851586
1260588222457040896
1260588135320354818
1260588131260215296
1260588064004542464
1260588020962668546
1260588018441822209
1260587975513190412
1260587804721123329
1260587764732563458
1260587617432801280
1260587575137402881
1260587482875387914
1260587346581499904
1260587322833321984
1260587293779406849
1260587281733357581
1260586995614654465
1260586952144883712
1260586940891574274
1260586863657652230
1260586795017932801
1260586613748400131
1260586537781202945
1260586452003573767
1260586410257649667
1260586406562455561
1260586358789353474
1260586315185299457
1260586271325503489
1260586238463086601
1260586220956065794
1260586149095116803
1260586127804837891
1260586075573059584
1260585931876315137
1260585895297789956
1260585843208716289
1260585785348235265
1260585768445239296
1260585677277876224
1260585642288975872
1260585529529303042
1260585454421913600
1260585311324770304
1260585212528001024
1260585202415517696
1260585166285742081
1260585149353394188
1260585091497107456
1260585079551807488
1260585019959017474
1260584973758877702
1260584875440160768
1260584776320286726
1260584715536433152
1260584707114352640
1260584620409663494
1260584446664867847
1260584432173494272
1260584276564860928
1260583981411717125
1260583881293680642
1260583872057802753
1260583842743803911
1260583746736132097
1260583710145089538
1260583650263027712
1260583607783038981
1260583507493113859
1260583348591824905
1260583311698690056
1260583212067311617
1260583183046803456
1260583044928417792
1260582985784594439
1260582943040376833
1260582882365538306
1260582843568308230
1260582799276474368
1260582603352166404
1260582526965420040
1260582410795790336
1260582273742749699
1260582125444702209
1260581910570508293
1260581868124192768
1260581811714953217
1260581777837625346
1260581692240265223
1260581621633355778
1260581617300639752
1260581587609104388
1260581577744175107
1260581374815285249
1260581301419196427
1260581212340568067
1260581058149580803
1260581032044175366
1260580935763984387
1260580902297636865
1260580768172163072
1260580649032916996
1260580612458655745
1260580520045486084
1260580459727269890
1260580390760263684
1260580329330540544
1260580268378918918
1260580250918019075
1260580198212395023
1260580191170068481
1260580166415286274
1260580111985901575
1260580004116733952
1260579986802651144
1260579920155197445
1260579743151390720
1260579523541839877
1260579393631670275
1260579193592647686
1260579182964285447
1260579055679819776
1260578950553776130
1260578944186822659
1260578866919333888
1260578814238830593
1260578752339292160
1260578661381668866
1260578335542980609
1260578301795598338
1260578296531693569
1260578021867692035
1260578007376330753
1260577767055405071
1260577649098981389
1260577635803041793
1260577567628812291
1260577491791548420
1260577459508056065
1260577381179445253
1260577343288094722
1260577144335470599
1260577140828930052
1260577111728848900
1260577062391291908
1260577002299494407
1260576767808614401
1260576760959324160
1260576753074012161
1260576721377558528
1260576688070701056
1260576678893543431
1260576646953918467
1260576635474128899
1260576550874951681
1260576524249464838
1260576500052623361
1260576476656738306
1260576448387133446
1260576436106285057
1260576402132414469
1260576312957296640
1260576242912448513
1260576189477015555
1260576164667633672
1260576083411374081
1260575998350897154
1260575993858854915
1260575981380780032
1260575901848346634
1260575805253586947
1260575730976653313
1260575729718345728
1260575645949665282
1260575633408757760
1260575493771968513
1260575383830790145
1260575341208391682
1260575259633295360
1260575256307290121
1260575122282426370
1260575091261427712
1260574971715366912
1260574968250806276
1260574937590501376
1260574873744793601
1260574868946501633
1260574793352581120
1260574709839790081
1260574703300890630
1260574701174378496
1260574598254530562
1260574584476258312
1260574515517706243
1260574482026110977
1260574323615698946
1260574267705569280
1260574240052588544
1260574040143642630
1260574018094206979
1260574014243852292
1260574003917459457
1260573804843143170
1260573757103648773
1260573672533889025
1260573634550210566
1260573588844937222
1260573574915665923
1260573518120529922
1260573486386417666
1260573419495718913
1260573341951365123
1260573279791841293
1260573151517442048
1260573116679544833
1260573103983296514
1260573091484389380
1260573040682905602
1260573040544493570
1260572974094135298
1260572862072717317
1260572847803707392
1260572844863500292
1260572804740788225
1260572771337330691
1260572709563650048
1260572551681638400
1260572539354578947
1260572502436253699
1260572487089369091
1260572478893699074
1260572425365970944
1260572409234685959
1260572300925116416
1260572284252835840
1260572267429445638
1260572215558496259
1260572162907353096
1260572117701140486
1260572031671771137
1260571910720622592
1260571891129036803
1260571772551823364
1260571711755497478
1260571669384626181
1260571548362170372
1260571522726494212
1260571493622255616
1260571446872506373
1260571406993162240
1260571406389174272
1260571359824039936
1260571323060928520
1260571318594031618
1260571250579161089
1260571190814441479
1260571123357548544
1260570969250377728
1260570964510879749
1260570872882044928
1260570867437838347
1260570754447523841
1260570566173642754
1260570548649758721
1260570354701008903
1260570311940022277
1260570256164163586
1260570203810922497
1260570175537131521
1260570169086271488
1260570116179349505
1260570096789061637
1260569846875664391
1260569784468594688
1260569743578316809
1260569545787486212
1260569532751634436
1260569525273182208
1260569516595167238
1260569315226591236
1260569288332771330
1260569280812404738
1260569276379004929
1260569205323239424
1260569159366303744
1260569147601227783
1260569144879185922
1260569022413799427
1260568948719960067
1260568944789856258
1260568794352750594
1260568782038282243
1260568746101551105
1260568713436241920
1260568662018265088
1260568640698679299
1260568597933555718
1260568558930714628
1260568418895515653
1260568382681874434
1260568380995784704
1260568372309352452
1260568358837268480
1260568289060806656
1260568281720721410
1260568069325426690
1260568017777369088
1260568001872625667
1260567946700771329
1260567606701981698
1260567583029432323
1260567428867686408
1260567417878654977
1260567387943903236
1260567314304466944
1260567304481525760
1260567280158674945
1260567262819385348
1260567141792854017
1260566901756919809
1260566897193558017
1260566854461988865
1260566821251448832
1260566808127574022
1260566722467311616
1260566638539177985
1260566528732299266
1260566470335107072
1260566432871526400
1260566428249460737
1260566423639937025
1260566389418573824
1260566366760902657
1260566345634263047
1260566293905891333
1260566217116565505
1260566179170615296
1260566093523046400
1260566065265999872
1260566009020366848
1260565970718011397
1260565885980495874
1260565747610324997
1260565738764582914
1260565706065797132
1260565618002210818
1260565560158564354
1260565508375674880
1260565480256999430
1260565448556457984
1260565344776847361
1260565310190518273
1260565309053902850
1260565278418706437
1260565260009967617
1260565156293156865
1260565100936790022
1260565012327915520
1260564999833096192
1260564945562984453
1260564933139464200
1260564911316439043
1260564832157384709
1260564789153222656
1260564777971191808
1260564734434316289
1260564684916260867
1260564592255733765
1260564552179163139
1260564444935045124
1260564435174920196
1260564428350685191
1260564296494460930
1260564270372270083
1260564250789138435
1260564149169541128
1260564143595302918
1260564116143562753
1260564101547397122
1260564084937891840
1260564011944419328
1260563980067704833
1260563974220926976
1260563946630778883
1260563846605025282
1260563782893555713
1260563721023356929
1260563693496041475
1260563674797834240
1260563652744220674
1260563640664588293
1260563630514409477
1260563612789354497
1260563584809152513
1260563574012985346
1260563519705174016
1260563513052971015
1260563499488628738
1260563494820331521
1260563472116572162
1260563392017903616
1260563291555971073
1260563210748538881
1260563207875432453
1260563200636080130
1260563136878428164
1260563085414273031
1260563052115775498
1260562978828685320
1260562950571646977
1260562913703624707
1260562910113382404
1260562895680802816
1260562876206628865
1260562854614372353
1260562845500166145
1260562762360672269
1260562733210238976
1260562732316835840
1260562685219016707
1260562659818250246
1260562608656089094
1260562575839956993
1260562572140568578
1260562554746810370
1260562545615818752
1260562448840605697
1260562375889084423
1260562297749200898
1260562297682001920
1260562274038820866
1260562181248122882
1260562164307369992
1260562142345953282
1260562038939684866
1260562030618128386
1260561997315407881
1260561936753651712
1260561920643551233
1260561906827440129
1260561874065805313
1260561846899224580
1260561834026958854
1260561833448148993
1260561828461117443
1260561802951372801
1260561763323576320
1260561748060508165
1260561742813433859
1260561695904354307
1260561560860327938
1260561487778713600
1260561419956826112
1260561363686096896
1260561261991006208
1260561256634875906
1260561253824593922
1260561163307241472
1260561133578092545
1260561106369744900
1260561079815540737
1260561036102565891
1260561025239339008
1260560963092254724
1260560956398039040
1260560951729889281
1260560838341132290
1260560658631884800
1260560655024824321
1260560644367097860
1260560562464882690
1260560509738377223
1260560477471551488
1260560435583033344
1260560344096878594
1260560340473065472
1260560323070787586
1260560265843822592
1260560185342517250
1260560060943675398
1260560014139416576
1260559991192399873
1260559944748806144
1260559940206419968
1260559900620578816
1260559879984549893
1260559819758583809
1260559807515439106
1260559793527406592
1260559723251802115
1260559700048969728
1260559641513254918
1260559566745546753
1260559546625536000
1260559537314172929
1260559497568890884
1260559474303078400
1260559452106887169
1260559440765497346
1260559424491532288
1260559397165596672
1260559350583775233
1260559334595088385
1260559302856753153
1260559299690070017
1260559244346130432
1260559146576945152
1260559072329445377
1260558988464345090
1260558901851967491
1260558888501460995
1260558872865103873
1260558792141520898
1260558748889776139
1260558730225213440
1260558713569644544
1260558710633529347
1260558701703897089
1260558673618907136
1260558630727954432
1260558610477826048
1260558594090680322
1260558590022168578
1260558545755475968
1260558481431703553
1260558472707522563
1260558341304209409
1260558276544139266
1260558269111771138
1260558250208043008
1260558156457037825
1260558094590935041
1260558077155303425
1260558053495185409
1260558018229473282
1260557984561795073
1260557970854772736
1260557952244645888
1260557945655435266
1260557872779452417
1260557852034375681
1260557832895815685
1260557832476377088
1260557793054076928
1260557785168785411
1260557773957464067
1260557772686602241
1260557772015403008
1260557676385374209
1260557640880578563
1260557617316970499
1260557613776977920
1260557610836799490
1260557538124353537
1260557530859737088
1260557447657336834
1260557430989164544
1260557404179177473
1260557379462221826
1260557348319477762
1260557343126945792
1260557260616589314
1260557234309824512
1260557178844430338
1260557131444617216
1260557053304754185
1260557020652015616
1260556932793892866
1260556922379546624
1260556902209146880
1260556886325235712
1260556881829007366
1260556847351771136
1260556836736032770
1260556774584827904
1260556571119058944
1260556565507080192
1260556558909558787
1260556387261743105
1260556344622567424
1260556163680219141
1260556156591902721
1260556110651523074
1260556084047163393
1260555976295559169
1260555929856159745
1260555920452583424
1260555843189321728
1260555764776697856
1260555665195573248
1260555660707729408
1260555611500134400
1260555485356470273
1260555459448233984
1260555418398609409
1260555352417996801
1260555224294608897
1260555145458352128
1260555127448113152
1260555095747502083
1260555090416545793
1260555058707660803
1260555035492188160
1260555022347141124
1260554873482948610
1260554812254490624
1260554787294187526
1260554707938029578
1260554691915677697
1260554648391385088
1260554563930775552
1260554491419557888
1260554399568531456
1260554340407836674
1260554333432811521
1260554304131411974
1260554244442271744
1260554189412933632
1260554152922488832
1260554147172155394
1260554127597240320
1260554120005660673
1260554046332682240
1260554015370248192
1260553974064832512
1260553938283180034
1260553906716884993
1260553903407431682
1260553842288136195
1260553810281410563
1260553786311020545
1260553762579664906
1260553730463850504
1260553643377467393
1260553448971534336
1260553409905799171
1260553403295547398
1260553335800815617
1260553302791643140
1260553259019898880
1260553247695212546
1260553247665905668
1260553125989138432
1260553122067480576
1260553100118626306
1260553090325000192
1260553086860394497
1260553064186105856
1260552973337460744
1260552937283170307
1260552903393259523
1260552875664642050
1260552840218583040
1260552817628123137
1260552805527453696
1260552793829621761
1260552767917211650
1260552638355120128
1260552635788267521
1260552564589936640
1260552551700840450
1260552549490479105
1260552548152479746
1260552524316266496
1260552489981575170
1260552447883427841
1260552432427438081
1260552427218092033
1260552408549163014
1260552394414469123
1260552376085250048
1260552374000783361
1260552291121315841
1260552282367762432
1260552189724053504
1260552079430561794
1260552037303017477
1260552009813504000
1260551925814243328
1260551899096461312
1260551852950794241
1260551838379790336
1260551805190144000
1260551790950600704
1260551762370576384
1260551728623206400
1260551728505720835
1260551642979676160
1260551496564985856
1260551483596115969
1260551399135420416
1260551373243940865
1260551240582344705
1260551212463685634
1260551177399386119
1260550904975110144
1260550852114292737
1260550841972527109
1260550836293455877
1260550831876816896
1260550824981397505
1260550804991291399
1260550734212411392
1260550547318464516
1260550531203969026
1260550500195479554
1260550481090396160
1260550471506419713
1260550462610210816
1260550429391433730
1260550395514048514
1260550305185501185
1260550291067461633
1260550290199240704
1260550269563265028
1260550185874345984
1260550171819159552
1260550142186475520
1260550038109016065
1260550022841712640
1260549976603725824
1260549940859875328
1260549939169497091
1260549929904353281
1260549914951630848
1260549891018969088
1260549838409732097
1260549783615389696
1260549759426793478
1260549720172355589
1260549718498820101
1260549700777922560
1260549659195510789
1260549580460089345
1260549509777670144
1260549470867070979
1260549407491198977
1260549290117775363
1260549280458211333
1260549240083881985
1260549174535348225
1260549013969014784
1260548843541757953
1260548818342477824
1260548809358221314
1260548701761818624
1260548699329040384
1260548667846668292
1260548654550704128
1260548327726333953
1260548314979807232
1260548314656890881
1260548313469894658
1260548307069349889
1260548261754142724
1260548243764674560
1260548183425417219
1260548175791874048
1260547980215701505
1260547952646463489
1260547848682291200
1260547775885979651
1260547736421744640
1260547681522462720
1260547660374839296
1260547628862967819
1260547530351353857
1260547458490400768
1260547426232000517
1260547378844745729
1260547325841342465
1260547234191544322
1260547094395473920
1260547076049571840
1260546936882581504
1260546856326762496
1260546842774974464
1260546835363528704
1260546821358837762
1260546726416482305
1260546573928407040
1260546515375992833
1260546476700295169
1260546467984543744
1260546453342208002
1260546406089207808
1260546336463732737
1260546267211608065
1260546232054943744
1260546227604783104
1260546147053174785
1260546119597162499
1260546115709132800
1260546098399252480
1260546097887547399
1260546034398367750
1260545977632653318
1260545952265494528
1260545943864324099
1260545927112261634
1260545918425841666
1260545811848605702
1260545806987407361
1260545796749045760
1260545656952930310
1260545519266521090
1260545401012260864
1260545344372387842
1260545344254992384
1260545343558647810
1260545340496887808
1260545329763663874
1260545283907256320
1260545242404720641
1260545231713456129
1260545144782295041
1260545022065283074
1260544927307571201
1260544909037178880
1260544907544006658
1260544895225409537
1260544886958436352
1260544848362438657
1260544757094375425
1260544689020821506
1260544591461330945
1260544565850890241
1260544416370044930
1260544396631605250
1260544355036803072
1260544347386363905
1260544341266833408
1260544102132789251
1260544071497629696
1260543997866582018
1260543883693494272
1260543864743616512
1260543781658595328
1260543768794710017
1260543737542914049
1260543627945824256
1260543611541823488
1260543514271776768
1260543502087225345
1260543500921290764
1260543404188078081
1260543377839403008
1260543324542377985
1260543299179479040
1260543272948293632
1260543267483144193
1260543260952535043
1260543257878188032
1260543212873277441
1260543211887607808
1260543185832628224
1260543035412303873
1260542947025719296
1260542932639272960
1260542920706469888
1260542889278476289
1260542720025731073
1260542716443865088
1260542622763974656
1260542605273837569
1260542585229246465
1260542545395945472
1260542537053372422
1260542529218453504
1260542485115408385
1260542474948395009
1260542432422346752
1260542349907832832
1260542279347036163
1260542271809818624
1260542251706564608
1260542179677810689
1260542168265043969
1260542155984175105
1260542127257407489
1260542091530305538
1260542005031186433
1260541994243362816
1260541847681880064
1260541825913421824
1260541662469775360
1260541561743585280
1260541511139315712
1260541473835098114
1260541387700920320
1260541326246006784
1260541173497815041
1260541172415635457
1260541127289077762
1260541075166543873
1260541062130655239
1260541033689108481
1260541011840942080
1260540985206947841
1260540969398800387
1260540897139318787
1260540894824075264
1260540815862104065
1260540774728556545
1260540738846277632
1260540684278341632
1260540666565754888
1260540639139246080
1260540638203973633
1260540590279856133
1260540540069838849
1260540496952340480
1260540491097165825
1260540241259253764
1260540222804307968
1260540202071851008
1260540108933083140
1260540083452751878
1260540083326914561
1260540055153672193
1260540039165087744
1260539982705500165
1260539980960727040
1260539913625370625
1260539903491915776
1260539797845803008
1260539739888852992
1260539703700402176
1260539679331491840
1260539672297693185
1260539647106732033
1260539598586904577
1260539552428699650
1260539494996029440
1260539470115463168
1260539425668431872
1260539385017257985
1260539370999894021
1260539345309765633
1260539200656609282
1260539167743922178
1260539090329579520
1260539085355208704
1260539063347687428
1260539061552451584
1260539037468762112
1260538941226266624
1260538838914605056
1260538626078912512
1260538588867055616
1260538570185547787
1260538421048737792
1260538392275795969
1260538382343720966
1260538323413729281
1260538225657085954
1260538167842820097
1260538122753978368
1260538118719094784
1260538110536028160
1260538017556684802
1260537991015084037
1260537970093953024
1260537913277845504
1260537884207198209
1260537590119313409
1260537472011862016
1260537421537644544
1260537256126922753
1260537057065283584
1260537046269075457
1260537029911248899
1260536917797605376
1260536769591812096
1260536660900687872
1260536543187537920
1260536533431586816
1260536459469127680
1260536390284165120
1260536311074689026
1260536303986278402
1260536276706607105
1260536259606446082
1260536257840635905
1260536183420936192
1260536175233818626
1260536167474348032
1260536126454075394
1260536098020888577
1260536034674315268
1260535958312640512
1260535911311380480
1260535868760211456
1260535863823470593
1260535714913058817
1260535706293862400
1260535635657527298
1260535632369201152
1260535545119354881
1260535277774397440
1260535156991025152
1260535146362613760
1260535123897995265
1260535106252484608
1260534961184137223
1260534949301702657
1260534948156649472
1260534878413733889
1260534845186420737
1260534819580239872
1260534785937637379
1260534718614900736
1260534668904013826
1260534552537243648
1260534537043488770
1260534449772601345
1260534172403277826
1260534060591562752
1260534025988583425
1260533992476028928
1260533985899360258
1260533929628631040
1260533819632955393
1260533812343308290
1260533812183867392
1260533798757941253
1260533765534887936
1260533656893960192
1260533616137900032
1260533591127310336
1260533542423080961
1260533474085265408
1260533419399938048
1260533412412211200
1260533277934456833
1260533062401699843
1260533020450271233
1260532857497366528
1260532832985853953
1260532775112892423
1260532758109184001
1260532430102028288
1260532368328347649
1260532297717231618
1260532228452421632
1260532142527991808
1260532111179685888
1260532078954917889
1260532076484460544
1260532042506416128
1260532030154190857
1260531820833226752
1260531754340945920
1260531723265335302
1260531701807288321
1260531462803202049
1260531267365490689
1260531245991297025
1260531180929155072
1260531088163770369
1260530921335291904
1260530836203585542
1260530808219148288
1260530723687145472
1260530620729561089
1260530618628177920
1260530609920884738
1260530551888494594
1260530513888108544
1260530509500821504
1260530349886537728
1260530331482034176
1260530325874257920
1260530308862087169
1260530193292242944
1260530136732053504
1260530067932930048
1260530060685172739
1260530058218876928
1260530034877575169
1260529998571671553
1260529990422220802
1260529848637890560
1260529764114345984
1260529735865679874
1260529728404021249
1260529639396605952
1260529379693809664
1260529336626667523
1260529299788115968
1260529150856769536
1260529010234310657
1260528874594729990
1260528768747286534
1260528757695283202
1260528749306675200
1260528692872253450
1260528687662989313
1260528615952977923
1260528538211487745
1260528500827656194
1260528327619751937
1260527969656848384
1260527916099743744
1260527812269805570
1260527781244538881
1260527662537281538
1260527584116445185
1260527535793856512
1260527510690897921
1260527508040175618
1260527429975773187
1260527387609124864
1260527299319005184
1260527267802951680
1260527211674849280
1260527130234011650
1260527041595744258
1260527040232644609
1260526968757465089
1260526942647918593
1260526867792252935
1260526790004670466
1260526687051268097
1260526657384914946
1260526584005615617
1260526484185366529
1260526431693668352
1260526371299786756
1260526339553198081
1260526326496329729
1260526260196966403
1260526217268269057
1260526077564370945
1260525910182301696
1260525887767875584
1260525750299627520
1260525711309393920
1260525605138948097
1260525513908649984
1260525469348306945
1260525463052718080
1260525459252576257
1260525401224470529
1260525255774343169
1260525085837975552
1260525064216285184
1260525052803657734
1260525032436088832
1260525017495977990
1260524961623683072
1260524911765970944
1260524893193543680
1260524842249576448
1260524778307321856
1260524775891484673
1260524711970328578
1260524668416659457
1260524635659124736
1260524610824687616
1260524607716634624
1260524563101859840
1260524440959541248
1260524423909695491
1260524416439640071
1260524413075828736
1260524363360735232
1260524330808639490
1260524286126809088
1260524165825732609
1260524142060867585
1260523957754695680
1260523949793959938
1260523922640035841
1260523837193703424
1260523757812305923
1260523689331822592
1260523687561834498
1260523650844942338
1260523403334889472
1260523400503668736
1260523390441570304
1260523336658018304
1260523291091120129
1260523286720626688
1260523201064550400
1260523195318370305
1260523195108655106
1260523156382420996
1260523126619865089
1260523115291062272
1260523091358351361
1260523027797770242
1260522971816484864
1260522935661613056
1260522759203012608
1260522695772508162
1260522695214673931
1260522664013291520
1260522645109555201
1260522640034463745
1260522626528804864
1260522556718755840
1260522524867285000
1260522518525497344
1260522417551806464
1260522400485179392
1260522363042639872
1260522359473278976
1260522348282884096
1260522203273211905
1260522198411984896
1260522177037819904
1260522167994855424
1260521995457961984
1260521972435468288
1260521817233592320
1260521740314296321
1260521739571912706
1260521668855967744
1260521665659908096
1260521494519713795
1260521453838987264
1260521451846852611
1260521430271365120
1260521418623725570
1260521405910786048
1260521369609146368
1260521352680951808
1260521336184754176
1260521256723628032
1260521104940163073
1260520727171735552
1260520703369121792
1260520677876084737
1260520642895654912
1260520520208076800
1260520495654612997
1260520455016009728
1260520453413666818
1260520412540215296
1260520365991907328
1260520292037865475
1260520207367524352
1260520184248446982
1260520179873853440
1260520125523951616
1260520108981653505
1260520078984073216
1260519910649798657
1260519885932826624
1260519802793328640
1260519781431742464
1260519641182502913
1260519640704397316
1260519618390536192
1260519542851239938
1260519469597839362
1260519437033226247
1260519384243744768
1260519319768891397
1260519196246540288
1260519117066506240
1260519104005505026
1260519095910502400
1260519067703803904
1260518949227290625
1260518913407934465
1260518752023609344
1260518742095810560
1260518732880904193
1260518708407087104
1260518671774072832
1260518603591467009
1260518594317881345
1260518516551278592
1260518507076366336
1260518431968944129
1260518384569024512
1260518288444047360
1260518215681216512
1260518111587033088
1260518099004141568
1260518073511153664
1260517997585879042
1260517985531428870
1260517959371575296
1260517939805073408
1260517918074339330
1260517912047214592
1260517814294720512
1260517810159181824
1260517773320560642
1260517538045349888
1260517444994695168
1260517422341206016
1260517403231948804
1260517256418791425
1260517135476031489
1260516996493565953
1260516962888810497
1260516950179971072
1260516921176403968
1260516911982534657
1260516852092067841
1260516837973995520
1260516797880700929
1260516792923021314
1260516728716615683
1260516660609454081
1260516580187930625
1260516557865783297
1260516503851536384
1260516455944159238
1260516364252479489
1260516169267785728
1260516122257997825
1260516115987431424
1260516113512902656
1260516080138756096
1260516076435243008
1260516045972025344
1260516014279872513
1260515959359655942
1260515943459028993
1260515943047929856
1260515923129241601
1260515820926574594
1260515691297492992
1260515677099773953
1260515580702007298
1260515498980229120
1260515498229469184
1260515441518284800
1260515412367814656
1260515393468354563
1260515364724707331
1260515333439401986
1260515313910718464
1260515136537845761
1260515068619427841
1260514983298895873
1260514819414859777
1260514720286728194
1260514701391298560
1260514441281646592
1260514379310813187
1260514322389884928
1260514312004788224
1260514146413686784
1260513869153304576
1260513782968844288
1260513729973796865
1260513719278280707
1260513714006110209
1260513706338910211
1260513599350542336
1260513528584298497
1260513527233744902
1260513477866684416
1260513444526243840
1260513370068922380
1260513271687327745
1260513262656946176
1260513261683965952
1260513178447904768
1260513159040942081
1260513021870383107
1260512980023808000
1260512911539220481
1260512841708318720
1260512832115933190
1260512782652407813
1260512737152700416
1260512701064925186
1260512550996905985
1260512499914412032
1260512451512143872
1260512448030924801
1260512430406414341
1260512401155383296
1260512398831738880
1260512355353575424
1260512297753198593
1260512276462874625
1260512274026041344
1260512180660813825
1260512151170662400
1260512135169310721
1260512115783282690
1260512082082107393
1260511911394885632
1260511895167160321
1260511889848754176
1260511807854317569
1260511750585278465
1260511719148879872
1260511715470565376
1260511706675122176
1260511667110195201
1260511589884743680
1260511587905015813
1260511524411432960
1260511512550137856
1260511357079891970
1260511347957288960
1260511272841424896
1260511189248901120
1260511172194942978
1260511129631100929
1260511126716125185
1260511097141985282
1260510996831100928
1260510975645679616
1260510954854518786
1260510919089684481
1260510893110157323
1260510797425455109
1260510766156992513
1260510745449697282
1260510650708701189
1260510586389086211
1260510398308134913
1260510364992770049
1260510355064848384
1260510344285487104
1260510300220149761
1260510206708142082
1260510188391608320
1260510184805466114
1260510177314377728
1260510092685914116
1260510004819492864
1260509892697300993
1260509888016453633
1260509812430966784
1260509805602582530
1260509788766646273
1260509664472707073
1260509567244546052
1260509510260658176
1260509447388041217
1260509334741671936
1260509285278257155
1260509183230820352
1260509090649866245
1260509077156892673
1260508953504604162
1260508828594057216
1260508778744725506
1260508764479905803
1260508741981650945
1260508651112017920
1260508646779293696
1260508543045828609
1260508406739329025
1260508220172521472
1260508158872768513
1260508097593913344
1260508094100131840
1260508059031519233
1260508024059371522
1260507996150521856
1260507978240864256
1260507899723501568
1260507847634321409
1260507846820671493
1260507787601338374
1260507749722488832
1260507705665564672
1260507668353101824
1260507645695479808
1260507604809375744
1260507591517577216
1260507537201336321
1260507496730542081
1260507482369200128
1260507460915232768
1260507460382666752
1260507460370128898
1260507460302823425
1260507448605052929
1260507446436671488
1260507350579830786
1260507348692426753
1260507346582867974
1260507190957355009
1260507167276359680
1260507128051249159
1260507122703499264
1260507013823565829
1260507013706113030
1260507007137853441
1260507000103997440
1260506943283761153
1260506915479699458
1260506909494386689
1260506898027159553
1260506856553938946
1260506849629163520
1260506737762873345
1260506730141802497
1260506727260344320
1260506718804590593
1260506694590902273
1260506491825664005
1260506469981720576
1260506439656898566
1260506438981615616
1260506429393457152
1260506360271298560
1260506336825094145
1260506316742811648
1260506303530754049
1260506071963185154
1260506050131906562
1260506020411047936
1260506006620176385
1260505723877851136
1260505641858326528
1260505584723464192
1260505528108802049
1260505509125332992
1260505509108613122
1260505392146251778
1260505307136036865
1260505234473975808
1260505137451237376
1260505100432420865
1260505068912218112
1260505045411540992
1260504998942736384
1260504996262658049
1260504845812891648
1260504841656377351
1260504831611068417
1260504775403110400
1260504709154197510
1260504658210062336
1260504640732438528
1260504570700144642
1260504370250219520
1260504257561874433
1260504205703421953
1260504154344169472
1260504151601172480
1260504133171318785
1260504122694029315
1260504059452297216
1260504026803732481
1260503967693406209
1260503904426524672
1260503843714064384
1260503826701987840
1260503789586526217
1260503769550389250
1260503757189795840
1260503723387899905
1260503722133794816
1260503653481435142
1260503621269106688
1260503612356210688
1260503597034475520
1260503580705984512
1260503576239132684
1260503542097469445
1260503503396573184
1260503396311851008
1260503367308148736
1260503311423283205
1260503293534654466
1260503135518429184
1260503119038988291
1260503102341500929
1260503086663118851
1260503031847755778
1260502951921057795
1260502944488787971
1260502888163540994
1260502829288099840
1260502823474737152
1260502569052405762
1260502554242318336
1260502466950508547
1260502442644590594
1260502322364526592
1260502264021749760
1260502262163611656
1260502240600752131
1260502035784519681
1260501974899994624
1260501916183867392
1260501897204596738
1260501877617287169
1260501864044474368
1260501833015066625
1260501807387881473
1260501801104793601
1260501785606750209
1260501753935642629
1260501747417612288
1260501699166437381
1260501647828058113
1260501627838087168
1260501609186037762
1260501580463439872
1260501481461088257
1260501423910985729
1260501370899238912
1260501297469497350
1260501241660157952
1260501229983207424
1260501229526007810
1260501210966212618
1260501138811617284
1260501079906758660
1260501059883143169
1260501018074394629
1260500930652450816
1260500843654152200
1260500703405096960
1260500663034920962
1260500624749232129
1260500608290902018
1260500476581289986
1260500394217738240
1260500279516160000
1260500252773298177
1260500193125990400
1260500184238301184
1260500136112926721
1260500117616025600
1260500083554111488
1260499975538081793
1260499960614866945
1260499942046654465
1260499884903477250
1260499865995485184
1260499786660302850
1260499758466154499
1260499711628279808
1260499643043057667
1260499619907280900
1260499592887644160
1260499587225333764
1260499462440595457
1260499453489840128
1260499334489149441
1260499323588087808
1260499274028236806
1260499211260514310
1260499133720399872
1260499086165368832
1260499081618694145
1260499075377610752
1260499021786988544
1260498971635654657
1260498967323959299
1260498846980980737
1260498746791677956
1260498737509675010
1260498614251642883
1260498539928588290
1260498522891333632
1260498474652631040
1260498348609544193
1260498271551860739
1260498145408159751
1260498102756298752
1260497950880530432
1260497928331894785
1260497742230626308
1260497611586502656
1260497590614986752
1260497536923709441
1260497479872786436
1260497431814340613
1260497282761449477
1260497256454721536
1260497116780249088
1260497072748462080
1260497039860924417
1260497014283960320
1260496809660735492
1260496675308810242
1260496660741984259
1260496601283547143
1260496594740396032
1260496582421725192
1260496485784997889
1260496456626176000
1260496383984971781
1260496380952535041
1260496191172853760
1260496125393600512
1260495969470341120
1260495966144258052
1260495933416112129
1260495923324518403
1260495892852981762
1260495814989959169
1260495801530417153
1260495788104392704
1260495701752111111
1260495561175826436
1260495479894347781
1260495446889431041
1260495433346007041
1260495402136199168
1260495397581176832
1260495351729045509
1260495310507425794
1260495282556502016
1260495277817057281
1260495254119161869
1260495208006942721
1260495202046947328
1260495185630433281
1260495040784338944
1260494791919403010
1260494727121645568
1260494685057044482
1260494660834930689
1260494646242938880
1260494613867122695
1260494596154560513
1260494541565693956
1260494486498574342
1260494445344182273
1260494420178321408
1260494292927348736
1260494047204052992
1260494025859137538
1260494017562849290
1260493995685396480
1260493956837773314
1260493896305594370
1260493894996963328
1260493788419698689
1260493782690209794
1260493753875419136
1260493674959515648
1260493541312266240
1260493514858782724
1260493495921508353
1260493441739472897
1260493435913502721
1260493355454205960
1260493289104584705
1260493141423067136
1260493010162397186
1260492899160072192
1260492893736841217
1260492850925633537
1260492845191962629
1260492757191331842
1260492725436190726
1260492713432166404
1260492705697849345
1260492682096508935
1260492655064166402
1260492575930224645
1260492549632004096
1260492542384246792
1260492479809368066
1260492468233084935
1260492464307294211
1260492445713924097
1260492384934285312
1260492268777222147
1260492264528322561
1260492261068062722
1260492251203080199
1260492228667064321
1260492184245153795
1260492176628355073
1260492041496264704
1260492040619556872
1260491949347307525
1260491910222958592
1260491903142965248
1260491891386220550
1260491750902202368
1260491719008759814
1260491714877435909
1260491709655457792
1260491612381200385
1260491587869724673
1260491487160172548
1260491464599052290
1260491463483408384
1260491462648659968
1260491460677439490
1260491405128077312
1260491381283397632
1260491365949091842
1260491353512968197
1260491327218823174
1260491149044781057
1260490908560130048
1260490780130660357
1260490699528712199
1260490643736068096
1260490592511016963
1260490586211090432
1260490529516802048
1260490464689631232
1260490428081733633
1260490340617814017
1260490292362444806
1260490282870718469
1260490278919692289
1260489964007153664
1260489855898980355
1260489849393614848
1260489685748658176
1260489685203369990
1260489558040477696
1260489500574220288
1260489488012378118
1260489485638422528
1260489447734419457
1260489399118299138
1260489344244162561
1260489287470059520
1260489264250355715
1260489213016932355
1260489108809551872
1260488992518279169
1260488957227339782
1260488909693300736
1260488809906667521
1260488802008805377
1260488684748582912
1260488572290859008
1260488494822182916
1260488384704925696
1260488355890049033
1260488255323209729
1260488201820659714
1260488165485395978
1260488151505735680
1260488033226436610
1260487991119798273
1260487830003949569
1260487760739270656
1260487733224636418
1260487684369321984
1260487655806156801
1260487650286452741
1260487585329283072
1260487572586987521
1260487521215053825
1260487483617415169
1260487471961444353
1260487468622757889
1260487416642666497
1260487415547990017
1260487340297986051
1260487338263818240
1260487145938194432
1260487089491238912
1260487059317428225
1260487058612793344
1260487056482013191
1260487024471048193
1260487019383357440
1260487017697292293
1260486982305820672
1260486969630605313
1260486964530352128
1260486933421142023
1260486862260576258
1260486845122727939
1260486633444573185
1260486406377529344
1260486396399190023
1260486179947937792
1260485973600845824
1260485601213775873
1260485541843349504
1260485533144436739
1260485471194484737
1260485247319379970
1260485244123258881
1260485176913780740
1260485155250151439
1260485063822716937
1260485023742005251
1260484985766715393
1260484972005203973
1260484969002078208
1260484930032873473
1260484912278364162
1260484886521135106
1260484780111605760
1260484697332813825
1260484655284916224
1260484607197265921
1260484603267166208
1260484602340179975
1260484513978814467
1260484496064942080
1260484443267006465
1260484420026470403
1260484398497124352
1260484349314686977
1260484318943686656
1260484302866976768
1260484280892997636
1260484207165530112
1260484203738791939
1260484158847168513
1260484149187616770
1260484140484497410
1260484109933121539
1260484025371721735
1260484006040276992
1260483982015291392
1260483825525837825
1260483783746347009
1260483744085028864
1260483732370227203
1260483578745573381
1260483546264809474
1260483405126537216
1260483196367626245
1260483188914348036
1260483017346363396
1260483004918628353
1260482918947983360
1260482847141441536
1260482827596050432
1260482823636553729
1260482819563929613
1260482635924754439
1260482573341425669
1260482494438219778
1260482410489229318
1260482303878365187
1260482291220074503
1260482274648379393
1260482229500874754
1260482182944034817
1260482173100048385
1260481963019943937
1260481959953936386
1260481947031216128
1260481879289008128
1260481874859884551
1260481855419285506
1260481832623243268
1260481823118970881
1260481783352737792
1260481629136588801
1260481568340094977
1260481475364913153
1260481441974140928
1260481426891431937
1260481348881563649
1260481331919716355
1260481319508815872
1260481235463352321
1260481130668720132
1260481049659936768
1260480975231954950
1260480944106061832
1260480890708393986
1260480859137814529
1260480836677361666
1260480832994713601
1260480808764223489
1260480711917740033
1260480681546788865
1260480571014295559
1260480431373406208
1260480425312518145
1260480376553836546
1260480336829571072
1260480312062115840
1260480205992361987
1260480196194504704
1260480137159720960
1260480066821279744
1260480034957152256
1260479998508576771
1260479958457225217
1260479957475700736
1260479759278112768
1260479731570540544
1260479683579252737
1260479558291263492
1260479420487413763
1260479310990802945
1260478991766519810
1260478797800972288
1260478660236189698
1260478496725512194
1260478380887154695
1260478362780413963
1260478357881446408
1260478335060238336
1260478258455478272
1260478246556184576
1260478230332571649
1260478100850294784
1260478048639635456
1260478046076907521
1260478043631554561
1260478024362987521
1260477983263019010
1260477981648130049
1260477853340139526
1260477849347272705
1260477796540985344
1260477728521945088
1260477587597524994
1260477477480206339
1260477475898957826
1260477459344044033
1260477399352868865
1260477384907784193
1260477384618278912
1260477209283833858
1260477145756901377
1260477007059705856
1260477004538957826
1260476950428241920
1260476939489497095
1260476879284338689
1260476851522285570
1260476736451608584
1260476733238792192
1260476646852878338
1260476617681506312
1260476405378400256
1260476261488570369
1260476239346896897
1260476227401535504
1260476079145390082
1260476074988888065
1260476046689947648
1260476026783707139
1260475859821084675
1260475855144452096
1260475841429078016
1260475804284313601
1260475802149421056
1260475739243249669
1260475643713765378
1260475593105330177
1260475573559754764
1260475569302654978
1260475506438348801
1260475503313653765
1260475494853681152
1260475458581397505
1260475435927863296
1260475435361742849
1260475380013699073
1260475310962814980
1260475248656424960
1260475209368379398
1260475202955350018
1260475186111041536
1260475157824638977
1260475135049564160
1260475037406187520
1260474932368113668
1260474909605744645
1260474767863406593
1260474766722576391
1260474747390963719
1260474721801506816
1260474638259404802
1260474620081291265
1260474545493991424
1260474508605108224
1260474445149454337
1260474418565963776
1260474400568156161
1260474255550152704
1260474208544587780
1260474206413881352
1260474184104382466
1260474143637725184
1260474091754205184
1260474006593064962
1260473900410036225
1260473833569628161
1260473829392035841
1260473767807066118
1260473561908752393
1260473469629804544
1260473469453717505
1260473462696615936
1260473445952950274
1260473375606046721
1260473324427259910
1260473076741013506
1260473038556008449
1260473016313696257
1260472997779066882
1260472982314590209
1260472891981914117
1260472822171910144
1260472785488482306
1260472766404407302
1260472707021447173
1260472581787918339
1260472578176622598
1260472463969980417
1260472382503993346
1260472375168176131
1260472283392552960
1260472242410004484
1260472241357234180
1260472210382356481
1260472194511101952
1260472157580165122
1260472148902268928
1260472110864125958
1260471889610375178
1260471872472469505
1260471758005645314
1260471596952817665
1260471547912949766
1260471465432006658
1260471406686601226
1260471400755855363
1260471372750389249
1260471323727474688
1260471321303154692
1260471297106157568
1260471284024184833
1260471218773336065
1260471193037148164
1260471109490741253
1260471085520257025
1260471052846739458
1260470922567442432
1260470874362253312
1260470869761101825
1260470789171806213
1260470781902979073
1260470656401051652
1260470500410773504
1260470269740711946
1260470209653149697
1260470099548483586
1260470092040675329
1260470080615432193
1260470073854222337
1260470059006337028
1260470021404405765
1260470003608010760
1260469936352374790
1260469891670433792
1260469854680879109
1260469828810391552
1260469783658672129
1260469733834592258
1260469725278109696
1260469593044332544
1260469579333218307
1260469571187769344
1260469552137338881
1260469551302672388
1260469440346546176
1260469433451118598
1260469392145559558
1260469378279235586
1260469279880855552
1260469213627637765
1260469209747918848
1260469075421077505
1260469036401545221
1260469035323531265
1260469018575724545
1260468993577619459
1260468957204668417
1260468953970814976
1260468946257543168
1260468810349522946
1260468768578420738
1260468759984246789
1260468732394078209
1260468627574329345
1260468623090515978
1260468613737254914
1260468496590417920
1260468485722865664
1260468389509845005
1260468377908363266
1260468211293831168
1260468192025161729
1260467993303187456
1260467952060694528
1260467875132956672
1260467871160958976
1260467856086532098
1260467838516690944
1260467825413697544
1260467818589552643
1260467802672181250
1260467779091795969
1260467691804143616
1260467610912731136
1260467525671882754
1260467499365212164
1260467341256777731
1260467220024635393
1260467132262944769
1260467119441002496
1260466913458753536
1260466844537847811
1260466835763363841
1260466644226322432
1260466597828931592
1260466587238371329
1260466518049067008
1260466486088523781
1260466468778582016
1260466467142803457
1260466418669289473
1260466392400310279
1260466371961421825
1260466144475058176
1260466005811363841
1260465957253910530
1260465935707668481
1260465926929031169
1260465865088282626
1260465836067827712
1260465748096569344
1260465476045606912
1260465421943177217
1260465353248985088
1260465005608292362
1260464994677854212
1260464983206494208
1260464955268247553
1260464888499093507
1260464879519088640
1260464818731003907
1260464810208251905
1260464786678177794
1260464637134372865
1260464538497015809
1260464533946208260
1260464498323963911
1260464458905903104
1260464454141165568
1260464413150232586
1260464303326531586
1260464163505217542
1260464119716724736
1260464102541086721
1260464091220660227
1260464063076872195
1260464019032465408
1260463994512510977
1260463875285270528
1260463821493276672
1260463772063412226
1260463768498290689
1260463765721677827
1260463673409179648
1260463630010761217
1260463582195724288
1260463581453262848
1260463501425999873
1260463460309237761
1260463388724953089
1260463371633205248
1260463339081252869
1260463236887035904
1260463102711250944
1260463068221505537
1260462989980950528
1260462972314488832
1260462967268741120
1260462808153698304
1260462799634993152
1260462762532188160
1260462749886414848
1260462740914802690
1260462661638160384
1260462601554796551
1260462557825032192
1260462475020992513
1260462462572339200
1260462457228873728
1260462412538544131
1260462398898679808
1260462364224303104
1260462353117741056
1260462277175713793
1260462260344020993
1260462250466381826
1260462227817222145
1260462223111139334
1260462207252529154
1260461946190606348
1260461939869782025
1260461915324719107
1260461847695810560
1260461805257871361
1260461793610215427
1260461766099832833
1260461753382711299
1260461723812757506
1260461671761563648
1260461648139124736
1260461533072633856
1260461477108031493
1260461460934795264
1260461373928153088
1260461359378161669
1260461294672580614
1260461289496813569
1260461266147127297
1260461218533433345
1260461192180641792
1260461101554241536
1260461095631958018
1260461067081220098
1260461060441677824
1260461050144718849
1260461006935019520
1260460967986692096
1260460899531403266
1260460853196963841
1260460831608799232
1260460799409209346
1260460756476272642
1260460729213300737
1260460587919839232
1260460361922285570
1260460352568950786
1260460314119806978
1260460311221592064
1260460306884591619
1260460268829790210
1260460040223424518
1260459996204216320
1260459917246423047
1260459884728004617
1260459832764698632
1260459802230173700
1260459713906515968
1260459683309072387
1260459681149050881
1260459617232064513
1260459466463547395
1260459412222816256
1260459381407338498
1260459300100718593
1260459247650865153
1260459214939570181
1260459212125208576
1260459057875496971
1260459019354898435
1260459016351879170
1260458856662077442
1260458746985267201
1260458734339448832
1260458671932420096
1260458653263507457
1260458641997680642
1260458617557393409
1260458495515688965
1260458390708420608
1260458381804015619
1260458284647174144
1260458254007701509
1260458069114400769
1260457974889426949
1260457830534057985
1260457775081062401
1260457723059212289
1260457710379839490
1260457700179218432
1260457626267156482
1260457595711741953
1260457444146384897
1260457421383794696
1260457347979390977
1260457326122762242
1260457173257256963
1260457057364344834
1260457035721846785
1260456864803946497
1260456815424409605
1260456787955892224
1260456728539299846
1260456676500660224
1260456530865987586
1260456517238693889
1260456417749872642
1260456253849042944
1260456252636827652
1260456198186438657
1260456068167208966
1260456061909241857
1260456036319854592
1260455987523260417
1260455986428510209
1260455928366870533
1260455893164003328
1260455760045264897
1260455753158139912
1260455725144342529
1260455649596637191
1260455522546995205
1260455417651609606
1260455366497914880
1260455363129888768
1260455278572683266
1260455259903795202
1260455234368929792
1260455152915492864
1260455037693759494
1260454760836202499
1260454739768115203
1260454734873362442
1260454697980301315
1260454673435279366
1260454630275928065
1260454609010769920
1260454476533596165
1260454415401697284
1260454376826683392
1260454293024526336
1260454261005201408
1260454105576804359
1260454010601058304
1260453984713703425
1260453909430181888
1260453858523873282
1260453818149593088
1260453802039222274
1260453627103232001
1260453608899907587
1260453515056549888
1260453399390236674
1260453395929935877
1260453387008704512
1260453328640753665
1260453286433472512
1260453233065164801
1260453216581488641
1260453166690246656
1260453136151580672
1260453034779426816
1260452966735192067
1260452964935876608
1260452945579184135
1260452861575663616
1260452837840084992
1260452750988632072
1260452689789562881
1260452646365868039
1260452641265668097
1260452570528612353
1260452555534094336
1260452528107503616
1260452526022893571
1260452510340390915
1260452474915295232
1260452191296462853
1260452125479501824
1260452092025716736
1260452023029444608
1260451838408757248
1260451823292420097
1260451596271587329
1260451547726651392
1260451495977406465
1260451492298985476
1260451485328031744
1260451405233623041
1260451300619300868
1260451293228937217
1260451220424138755
1260451202191540225
1260451174710419461
1260451164019208194
1260451116736819201
1260451116367728640
1260451105957429249
1260451098260844544
1260451063871803398
1260450961828581376
1260450927670108168
1260450900851769346
1260450811047542785
1260450740054753290
1260450686690607105
1260450625906782215
1260450469782192128
1260450413519790081
1260450370666496000
1260450258162798594
1260450254136188929
1260450192224067587
1260450170325676032
1260450014008152065
1260449961088626690
1260449926875578369
1260449907028242434
1260449835829862401
1260449831270649861
1260449830167613440
1260449814690631685
1260449788312670208
1260449758776373251
1260449604417589251
1260449576500318210
1260449557432995841
1260449533059903488
1260449527665954816
1260449504253358080
1260449332232359936
1260449279317094400
1260449268554502149
1260449205241462786
1260449195204456449
1260449149423681537
1260449139567067136
1260449102640357377
1260449068444258305
1260449045287505921
1260449033795051521
1260449011330408449
1260448923770146817
1260448868224950272
1260448780849238023
1260448750214012938
1260448745612881920
1260448722430955520
1260448693699915776
1260448674276151297
1260448591308619783
1260448450795253760
1260448421032402945
1260448347816681474
1260448144644546562
1260448098461061120
1260448075765686275
1260448069348401154
1260448061932867584
1260447812438949890
1260447811545575424
1260447786442596354
1260447747724935175
1260447656926679041
1260447632268374019
1260447619987406853
1260447590396633089
1260447565163749381
1260447549435101188
1260447545077178373
1260447424503578624
1260447392136155137
1260447327267041283
1260447298066284553
1260447286171258882
1260447224754044928
1260447189559582732
1260447175416467458
1260447153564127235
1260446974786101248
1260446939990163456
1260446924500537346
1260446745017888769
1260446735912050688
1260446611177701376
1260446559705214976
1260446553107505159
1260446455422222337
1260446445150355456
1260446422438236163
1260446290757943296
1260446268289093635
1260446197820592128
1260446165629272073
1260446151406469120
1260446007625764866
1260445972703870977
1260445891267375105
1260445595145244672
1260445481156718594
1260445476626800643
1260445402928746497
1260445109826584578
1260445089228341248
1260444939835584514
1260444912786583555
1260444880523886593
1260444856528363523
1260444779080531968
1260444754619359232
1260444732540534784
1260444722063163395
1260444711170510855
1260444684473729024
1260444682129223688
1260444671987384321
1260444611832676354
1260444359398391808
1260444239139352593
1260444202279763969
1260444199025029120
1260444165793603585
1260444094402310147
1260444025133334529
1260443966320922624
1260443963145797634
1260443930518269956
1260443927724916743
1260443911513833472
1260443871256944647
1260443871231778818
1260443869143011329
1260443787219947521
1260443735856484353
1260443695184326658
1260443616318799885
1260443612195827715
1260443585700335616
1260443570273738752
1260443455165210627
1260443436987056128
1260443429936513029
1260443354032222209
1260443124662505473
1260443020048183296
1260443011969843201
1260442936657031171
1260442919607193606
1260442559836454912
1260442520342925313
1260442517671161864
1260442452290396162
1260442421214789632
1260442413031702530
1260442362439925761
1260441989457289217
1260441833852805120
1260441733533499392
1260441665032146951
1260441646128410625
1260441578432323592
1260441361213526017
1260441270851440643
1260441199124656128
1260441135459295234
1260441041951494146
1260441030618492929
1260441026688417792
1260440821259780098
1260440718407057409
1260440596285657088
1260440571149238272
1260440566476804096
1260440468913086466
1260440429079801860
1260440340617715712
1260440261596975104
1260440240222801921
1260439868666191873
1260439839733841923
1260439799074357250
1260439422232862722
1260439394810580995
1260439284311625730
1260439278955507714
1260439239088627718
1260439101297303555
1260439086873149448
1260438793309638669
1260438679400652802
1260438587167977472
1260438529596960774
1260438513063006209
1260438420641452037
1260438299614892032
1260438262986018819
1260438140516433921
1260438074103914502
1260437992365338624
1260437778795573248
1260437651724926976
1260437647329239040
1260437562998566912
1260437324288139264
1260437142137954306
1260437120776376324
1260437047938031624
1260437043638874114
1260436937418199042
1260436595678810112
1260436419870371849
1260436281349345281
1260436257685078017
1260436178316283907
1260436004357443584
1260435982781906945
1260435848287473664
1260435683778473991
1260435586940317698
1260435551209041920
1260435514630553601
1260435512982192129
1260435490802675715
1260435471592755208
1260435455193092098
1260435383168401408
1260435248661364743
1260435198929444869
1260435192105353216
1260435150703296515
1260435112967225344
1260434823509876738
1260434729704337412
1260434700570689536
1260434583289503745
1260434552612405248
1260434528583254017
1260434498799521792
1260434489077047296
1260434177817788416
1260433888079470595
1260433273026723840
1260433271701286913
1260433193339142147
1260432937272647687
1260432684813344768
1260432640265641986
1260432466193637376
1260432464482390023
1260432355388469258
1260432353530437636
1260432283196100608
1260431934553014273
1260431854550876165
1260431853296721922
1260431852646600707
1260431788608020480
1260431721624977410
1260431648446976006
1260431554628792323
1260431473791979523
1260431405781266432
1260431342199869440
1260431295299104769
1260431274277326848
1260431241041543169
1260431233802276870
1260430986791342081
1260430984291536898
1260430968864858117
1260430819925135363
1260430810680885263
1260430695870103555
1260430665495044098
1260430663779602432
1260430658356359179
1260430616555917313
1260430446665531393
1260430251378827266
1260429836914503690
1260429768094355457
1260429580055261187
1260429569686933504
1260429560941891584
1260429524631773184
1260429490645278725
1260429436865871872
1260429151942705153
1260428917481111553
1260428902553575425
1260428823012802563
1260428736735989764
1260428703227576323
1260428654821203970
1260428482821193730
1260428439930261507
1260428396473004041
1260428377892294659
1260428341439578114
1260428323001380864
1260428311488053250
1260428311077040130
1260428299135836161
1260428287605694465
1260428265925345281
1260428236615495683
1260428214964498432
1260428209251930115
1260428200938811396
1260428181246484480
1260428136052928515
1260428017643511810
1260427974886686721
1260427918326595586
1260427666840313864
1260427609621610496
1260427413416292352
1260427352418459649
1260427096658186242
1260427083337129993
1260426984301174784
1260426847076171782
1260426823567126530
1260426720961798152
1260426498164559872
1260426434859995136
1260426365293207559
1260426261555445771
1260425843295256577
1260425760273305600
1260425441900363777
1260425300892102658
1260425162387787779
1260425090635792386
1260424877422583808
1260424864994820096
1260424804034908168
1260424504423206916
1260424244888047617
1260423919808454659
1260423875751526400
1260423827995144192
1260423757899935744
1260423497450487808
1260422974815047683
1260422923032113153
1260422790118858756
1260422775237480450
1260422506537779201
1260422310118465536
1260421664715800579
1260421518993088517
1260421271143276544
1260420068963487744
1260420055797465095
1260419854470991874
1260419517194346499
1260419113345744897
1260419097252311043
1260418212988162050
1260418010684313602
1260416983226515456
1260416842302095362
1260416200934293520
1260416153421328384
1260416038841323523
1260415886218997761
1260415678563090433
1260415504185004033
1260415227541291009
1260415127783866370
1260414723725672448
1260414443038490624
1260414299652214785
1260414298809151489
1260413499869724687
1260413454424379394
1260413292943728641
1260413206595584002
1260413140183011331
1260412347748925442
1260412270900895744
1260412059696746497
1260411910798934027
1260411516727279620
1260410976127668228
1260410959581110272
1260410597352583168
1260410216384016384
1260410066320195584
1260409766389714944
1260409406740545536
1260408239545606146
1260406741684097036
1260406691688075264
1260406282059735040
1260405783570808832
1260405219826991105
1260405086309801987
1260404985659117568
1260404875449511940
1260404479809269762
1260403705704255491
1260403083110162439
1260400861605441536
1260400268589649923
1260400007473238021
1260399926833483778
1260398673701339147
1260398167746633734
1260396544580374530
1260395747754815493
1260395611473547264
1260395058521616384
1260394652215230465
1260394544937537537
1260394514952437760
1260394464343986177
1260393196347162625
1260392776744808448
1260391605367955456
1260391598292164608
1260390713302360064
1260390526857117696
1260389721215250434
1260388654289125377
1260388131578286081
1260388122489171974
1260387663879843840
1260387348136763398
1260386701496717312
1260385962183581698
1260385928553598976
1260385458787409922
1260385392735502336
1260384332327288832
1260383603940261888
1260382591628255234
1260382462657650688
1260382284269715460
1260382246424514561
1260382217592803328
1260380854783815682
1260380424737619969
1260379794472083458
1260379197811372033
1260379076734472194
1260379013094178819
1260378852842508289
1260378639457226753
1260378541105000448
1260378122098278407
1260377308768210945
1260377292490133510
1260377243584466946
1260377093801639941
1260376926469992448
1260376803786588160
1260376803073495040
1260376739630518272
1260376645720039429
1260376501918318592
1260376153958817792
1260375661857964033
1260374799760703488
1260374377935319040
1260373792251142150
1260373534691524611
1260372964245200896
1260372898700763137
1260372875455926272
1260372492406882306
1260371708369920000
1260371561183416326
1260371233083928579
1260370482064474114
1260369809960730626
1260369729576894465
1260368831480037378
1260368402742497281
1260368283829665793
1260368092875685890
1260368022432354309
1260368009476091904
1260367067330600960
1260366288637046792
1260366255980187650
1260366208647430145
1260366121808596994
1260365984671596544
1260365688721551362
1260365564003876864
1260365386215817223
1260365370705227776
1260365304619728897
1260364908379717634
1260364383798075393
1260364205267582978
1260363994524717057
1260363901625122819
1260363781567393793
1260363763892596736
1260363611618320390
1260363041964777473
1260362248909918209
1260361879777656833
1260361362657738752
1260361354197729280
1260361041214611458
1260360946981261318
1260360889489928194
1260360634627248131
1260360377965182976
1260360337708236800
1260360278149083137
1260360267105525766
1260360206724325378
1260360148348010499
1260360115301081088
1260360062176047104
1260359651499089923
1260359616409612288
1260359266558410752
1260359209842950144
