1291886411885543426
1291886411826823169
1291886252627759108
1291885944107405313
1291885932656898050
1291885664607363073
1291885365830324224
1291885168240754693
1291885073646723082
1291884883732815874
1291884467355869184
1291884439023173633
1291884311067742208
1291884254079721473
1291884125595590657
1291884086793994241
1291883949455822850
1291883942438735872
1291883860297486337
1291883839246065664
1291883796686667779
1291883730244698112
1291883608916058113
1291883432268759041
1291883366883774476
1291883354296668161
1291883141402107904
1291883106656571395
1291882481432567810
1291882182596792320
1291882124958666752
1291882115022368768
1291881995363123200
1291881809727324160
1291880685049909248
1291880233562451970
1291879592576327680
1291879339164946433
1291879046796791809
1291878830815289344
1291878689609834499
1291878309727436800
1291878308527972352
1291878240794140672
1291878135601008640
1291878018869338115
1291877907485384704
1291877459428806659
1291877455955922944
1291877340700712971
1291877271922515969
1291876312525701121
1291876281588613122
1291876060955648001
1291875727705604097
1291875541755269128
1291875186288066561
1291875169116487680
1291875166465724417
1291874620065361921
1291874415895089152
1291874272613412870
1291874270419857408
1291874193240403970
1291874108515508227
1291874025661235202
1291873720815046656
1291873692075675648
1291873609082982400
1291873293591621635
1291873057573920770
1291873026968100865
1291872791864713217
1291872721350070273
1291872632237969410
1291872224740343810
1291872107350163462
1291872102371524610
1291872016962813953
1291871980178812929
1291871868169924609
1291871851094904837
1291871694970392586
1291871655824891911
1291871644340891650
1291871363163095042
1291871244997070853
1291871129200730118
1291870961218838528
1291870907867291651
1291870817383571463
1291870469038186506
1291869762058956817
1291869641736949760
1291869322948771840
1291869270339616769
1291869232318341121
1291869222965059584
1291868876318310400
1291868863584509952
1291868792281346048
1291868769560788992
1291868666590564353
1291868311613915136
1291867784629104641
1291867732762386432
1291867700386570241
1291867684800536577
1291867596862689280
1291867535411904518
1291867515191164931
1291867514197159937
1291867478851833856
1291867443351236608
1291867400498020352
1291866884418265089
1291866867452334081
1291866579001638919
1291866317935587335
1291866207491162112
1291866192303579138
1291866068479287297
1291866044634726402
1291865887956504577
1291865857103192065
1291865312829288448
1291865215034957826
1291865203362201600
1291865088635412487
1291864894619484160
1291864828781494273
1291864672296210434
1291864655825195008
1291864586031898625
1291864577932763143
1291864501432664064
1291864448433557504
1291864440036630534
1291864326970671106
1291864104102178817
1291863921993879554
1291863866809491458
1291863839466754048
1291863605311406081
1291863575007461382
1291863450285735938
1291863445265166338
1291863414122467330
1291863414080446465
1291863339447050242
1291863332505497600
1291863126812524544
1291863029131423750
1291862790085455873
1291862789594775552
1291862774482636800
1291862729108729859
1291862662478012420
1291862640625618945
1291862582672982018
1291862582173880321
1291862566659067905
1291862452200787974
1291862369770012672
1291862254443528192
1291862248898650113
1291862113363939328
1291861981729824768
1291861828138668032
1291861426160705539
1291861425372172290
1291861421375008768
1291861366010249216
1291861121616490500
1291860900819935234
1291860839729946624
1291860832381542400
1291860768821071872
1291860687703224320
1291860501664878594
1291860473399455744
1291860446841110528
1291860255392047104
1291860199653998592
1291860059836776448
1291860008297275392
1291859965657874432
1291859822229544961
1291859812981116933
1291859802004520960
1291859662363648012
1291859462500884482
1291859297710768129
1291859293499777025
1291859221160628230
1291859110959423498
1291859042978213888
1291858901932167169
1291858683891261441
1291858677671002112
1291858520783151107
1291858435416502273
1291858012345446401
1291857953495146496
1291857658589347840
1291857647822659589
1291857450342256645
1291857426459787269
1291857417257529344
1291857250148122632
1291857162038382605
1291857120158265345
1291857119189389312
1291857044534853633
1291856890763280384
1291856879682039809
1291856790657916936
1291856643777540097
1291856629479112705
1291856483240546304
1291856395856486400
1291856387983790086
1291856375589593088
1291856321864773634
1291856310443692037
1291856290457751552
1291856242609184768
1291856190645952514
1291856130415755266
1291856071351578629
1291856045602680838
1291856035435732993
1291855939637850114
1291855875284631552
1291855873942474760
1291855842854264838
1291855824516780033
1291855783026622464
1291855717792612354
1291855661630926861
1291855658703364098
1291855629980762113
1291855616655458307
1291855615921455105
1291855534312820739
1291855486510403587
1291855459067088896
1291855204611231746
1291855136550195203
1291855124739088385
1291855096125497345
1291854849726873601
1291854729711095809
1291854679761092614
1291854657187389445
1291854560403886082
1291854509493366787
1291854444473257985
1291854209298636808
1291854052607893505
1291853893438246912
1291853807660474368
1291853737787625472
1291853619105542145
1291853583130951683
1291853555473813505
1291853492945072134
1291853452499472390
1291853360040161281
1291853213109542912
1291853132054638593
1291853113872261121
1291853080540184582
1291852943419990021
1291852916152729602
1291852684300099585
1291852673793351680
1291852627479846913
1291852612984340482
1291852560249364481
1291852530880782336
1291852518641860612
1291852443836350471
1291852142110748673
1291852038222028800
1291851987970138112
1291851967875211264
1291851789378232322
1291851594284376064
1291851404794101761
1291851132650889216
1291850952631373824
1291850941990408197
1291850851561213952
1291850826072428549
1291850790915715073
1291850742916157440
1291850711345639425
1291850696040624128
1291850597373816837
1291850566763712513
1291850392360366083
1291850256850784259
1291850245249343488
1291849942491901952
1291849914088140802
1291849851236491267
1291849774413553664
1291849757506310146
1291849671695118338
1291849659464519680
1291849658323685376
1291849554950856705
1291849524194021377
1291849488114634753
1291849350218481668
1291849283499630592
1291849200695676933
1291849158693986304
1291849115383537664
1291849025285763074
1291848831420833795
1291848795014213633
1291848789146427393
1291848775477145605
1291848770624397312
1291848654592937989
1291848605481959425
1291848598762774530
1291848588859932673
1291848535885918209
1291848382546350083
1291848236865593344
1291848235921952769
1291848225469665282
1291848220344279040
1291848207685824512
1291848203839647746
1291848202761666560
1291848165759553538
1291848025103622152
1291848019684532224
1291847929716776963
1291847857033576449
1291847836762595328
1291847770400325633
1291847764352139268
1291847749835644930
1291847725332533254
1291847643023409152
1291847628041396227
1291847577265229831
1291847525243158528
1291847498886250496
1291847389498814465
1291847318308884481
1291847267318669314
1291847189120135169
1291847146321346561
1291847145696436224
1291847059021221889
1291847048581570565
1291846995695546369
1291846992948273153
1291846936903979018
1291846930734211075
1291846883539849218
1291846804871491589
1291846767122710528
1291846758264340480
1291846676886560771
1291846596750184450
1291846509881958407
1291846439363125248
1291846435625934848
1291846426012647424
1291846409512247297
1291846386749710336
1291846372648517635
1291846369741803520
1291846337655382021
1291846269078511616
1291846247821783042
1291846234974629890
1291846198270267393
1291846146122448896
1291846133254430721
1291846081442127872
1291845987707826177
1291845971438120962
1291845959325032451
1291845955713630217
1291845861996142594
1291845831105093633
1291845814797697027
1291845753959092226
1291845715128389636
1291845688171606017
1291845594193985540
1291845553974915073
1291845527764688898
1291845527403888651
1291845465642864643
1291845411712503810
1291845322394816517
1291845320004034560
1291845314928943112
1291845261145317376
1291845243277651968
1291845231500038148
1291845214823424000
1291845200793534471
1291845080735789057
1291845078143705088
1291845018324434946
1291844960023719938
1291844949110136833
1291844899533463559
1291844861520498689
1291844745795428354
1291844674412580868
1291844541327319052
1291844433420394499
1291844405276676097
1291844297176875009
1291844181829263368
1291844160362864653
1291844134672773122
1291844124937723905
1291844108777132033
1291844031815852032
1291844006289301506
1291843988090245122
1291843955299094528
1291843896167870466
1291843841176338433
1291843834129854464
1291843815930822656
1291843767943782400
1291843737904087042
1291843546723557377
1291843509499109381
1291843500221267972
1291843493187420160
1291843331933327360
1291843239197237249
1291843224143900673
1291843171568295936
1291843113867259905
1291843089120755717
1291842947604938754
1291842881670569984
1291842856584458242
1291842648488148997
1291842630800879636
1291842480032423936
1291842475137675264
1291842429214236674
1291842346200502272
1291842323396079624
1291842258539601921
1291842199861309448
1291842156295073793
1291842131640946688
1291842075613433856
1291841795668795394
1291841730879410176
1291841719449903105
1291841699602259970
1291841673622958086
1291841668631715840
1291841558828978176
1291841480093556743
1291841466529206272
1291841410501664776
1291841366872514563
1291841271645052929
1291841157496963073
1291841135112065030
1291841086432968704
1291841030229299205
1291841015465357312
1291841000483192832
1291840961555857409
1291840876864589824
1291840867683139585
1291840862004088833
1291840840755806216
1291840835227734018
1291840804319899662
1291840794203234305
1291840775341342722
1291840764876656641
1291840597360246786
1291840594101379072
1291840532784787457
1291840517693636608
1291840511888809987
1291840490212659202
1291840477231292423
1291840464165965830
1291840439864176641
1291840360319246345
1291840354770137090
1291840345786003462
1291840247731499008
1291840107687940097
1291840047608745986
1291839960362950659
1291839885498818560
1291839812727705601
1291839751608315905
1291839693311672321
1291839681903112192
1291839678816104448
1291839636319473664
1291839616757227521
1291839610927157251
1291839596087644160
1291839541511426050
1291839460670414850
1291839271662497792
1291839234769223680
1291839207577722888
1291839110919991299
1291838960436731904
1291838958452772874
1291838955474870274
1291838902316171264
1291838848134254592
1291838834167218176
1291838792849137664
1291838702113759233
1291838697273516032
1291838693142077440
1291838635864621058
1291838611105742848
1291838570077081602
1291838555371843586
1291838554780381186
1291838482747359232
1291838480742588417
1291838479446441986
1291838401969356803
1291838287552950280
1291838218598481923
1291838158162845696
1291838024100261890
1291838005301391365
1291837972023848960
1291837874267095040
1291837830394765312
1291837822941437953
1291837691110227968
1291837673859174401
1291837629454004227
1291837620004229124
1291837497891225601
1291837348024647680
1291837347169017856
1291837275018584064
1291837267758194690
1291837250658086916
1291837204583636999
1291837157687140353
1291837097595330562
1291837075747151873
1291837056436580352
1291837049222373376
1291836972546297857
1291836965378301954
1291836961246904320
1291836891667599362
1291836739439525889
1291836697769136131
1291836460212117509
1291836440389844995
1291836343526596608
1291836318994124800
1291836308357357568
1291836293266243584
1291836182221983746
1291836178505895936
1291836169379028993
1291836160101224448
1291836155596611584
1291836107567566851
1291835938285465607
1291835811491721217
1291835738745643008
1291835703660249089
1291835636211683328
1291835631547691010
1291835600933453827
1291835540799721474
1291835424172904452
1291835410038038529
1291835353083662337
1291835282602569730
1291835280819982337
1291835237903859713
1291835177824649216
1291835077811470338
1291834877281796098
1291834800429584386
1291834784105345025
1291834670640963585
1291834649501667328
1291834615028690944
1291834572708208640
1291834554467188739
1291834537450901509
1291834535055892480
1291834410040537096
1291834380500049925
1291834293275299842
1291834285423562753
1291834135456223232
1291834114321022986
1291833934058328066
1291833931936014336
1291833884469067789
1291833840584065029
1291833702050398213
1291833638603169792
1291833610585214977
1291833587914940417
1291833368238272514
1291833330619514880
1291833272088121344
1291833267302301696
1291833092995416065
1291833055884312579
1291833044530331651
1291832972690305025
1291832893719941122
1291832885297782784
1291832844793393153
1291832841580535815
1291832820915220481
1291832802548371456
1291832780473741312
1291832631659814913
1291832621455081473
1291832548738433024
1291832236409606147
1291832157858664460
1291832155824365576
1291832111104774144
1291832023749976066
1291832005169119233
1291832003822854144
1291831965168041984
1291831960399163393
1291831949473058818
1291831746724601856
1291831605640798211
1291831304024199168
1291831179201654787
1291831025564360705
1291831020128555008
1291830902776102920
1291830869636927493
1291830866600243201
1291830827509329922
1291830767912472576
1291830765605527554
1291830756990504960
1291830745770659846
1291830676828946432
1291830662606082049
1291830537859010572
1291830518418493440
1291830496335466498
1291830492501811200
1291830448314814464
1291830258656858115
1291830248850497536
1291830132886437888
1291830124464222209
1291830023486353413
1291829904309465089
1291829745794068481
1291829740710645760
1291829731076321283
1291829687644237829
1291829682007166977
1291829635907559430
1291829614940168192
1291829601040138240
1291829479707422721
1291829445104488448
1291829442625654785
1291829428260147200
1291829413324173312
1291829404780371970
1291829402775556096
1291829325646516224
1291829282306691073
1291829213981478913
1291829180276015105
1291829158482530304
1291829155521269760
1291829131534053381
1291829114043863042
1291829105508352000
1291829100785664002
1291829082481721347
1291828989812760577
1291828968111448067
1291828915015737345
1291828912872468480
1291828887111032832
1291828861005631488
1291828812787916800
1291828759054737408
1291828732982898689
1291828717015244808
1291828663084777472
1291828660220067841
1291828649168117762
1291828634722996226
1291828624832765953
1291828615823466497
1291828607392849920
1291828456796422144
1291828451746471936
1291828433136357382
1291828387066109956
1291828317830643712
1291828271345209345
1291828266970554369
1291828094584545280
1291828072644325377
1291828045960097796
1291828009226440704
1291828007640997888
1291828007481597954
1291827963680391170
1291827916515442688
1291827886899568640
1291827851914817537
1291827741222895616
1291827711053307904
1291827695190515712
1291827642828763138
1291827510196436993
1291827501824708609
1291827433327534080
1291827420560072711
1291827351794393091
1291827337579966465
1291827332609712134
1291827329627561990
1291827253454798852
1291827249008738304
1291827212350640133
1291827207397089283
1291827202070282240
1291827165261172736
1291827155387789314
1291827152690843649
1291827137821970438
1291827128699428865
1291827036391170050
1291827031341248513
1291827021320990722
1291827009077870592
1291826982901211137
1291826978522357761
1291826946918305794
1291826900487331847
1291826876822978560
1291826801082277889
1291826780190507017
1291826764491218945
1291826664570314756
1291826653505740800
1291826647327547393
1291826484554928130
1291826477361762304
1291826458021826560
1291826457598144512
1291826420289855488
1291826244892401664
1291826221270077440
1291826220682838018
1291826215280615426
1291826025513529345
1291826020211974151
1291826010716082176
1291825916268740608
1291825913689243650
1291825913504641024
1291825880856178688
1291825834525732864
1291825817069199360
1291825816477798400
1291825783678304263
1291825639742492678
1291825618183651335
1291825544645038081
1291825520922046464
1291825475808002050
1291825378823155717
1291825369977430018
1291825318387384322
1291825259285565443
1291825258270531590
1291825204386312193
1291825191593676806
1291825168956956672
1291825152183930882
1291825056134430727
1291825027621490698
1291824972722245632
1291824909287591937
1291824837023997952
1291824765737545730
1291824695923417088
1291824693780131850
1291824650541043712
1291824622657306624
1291824622585950210
1291824587970416640
1291824549177196548
1291824542206353409
1291824528755171334
1291824495968296961
1291824492881367047
1291824463789662213
1291824419527065605
1291824386543099905
1291824321200095232
1291824243009888258
1291824221363015680
1291824192636301312
1291824161254453248
1291824136277262336
1291824100525080577
1291824043667193856
1291824034464890880
1291824016307695619
1291823962876502017
1291823941280043009
1291823933910589443
1291823920178487296
1291823833134043140
1291823808312205312
1291823737856307200
1291823735994032129
1291823717673308161
1291823638954549249
1291823623922122752
1291823603642773504
1291823575654113280
1291823504673964035
1291823483295617024
1291823473233473536
1291823397312303104
1291823331625390080
1291823331591815168
1291823282249924609
1291823237538754560
1291823194672902145
1291823171910467584
1291823147952615424
1291823060228726784
1291822998677327872
1291822836819124225
1291822686662991873
1291822684356194305
1291822677607546880
1291822664873631744
1291822647173619713
1291822607264894977
1291822604148445188
1291822567687368704
1291822545839296512
1291822488561823750
1291822422199619586
1291822421931065351
1291822219513954307
1291822166074417152
1291822151834767360
1291822101565968387
1291822080351182852
1291821922599174152
1291821854408290305
1291821817032773632
1291821802491084804
1291821727941636096
1291821697906212866
1291821667656892421
1291821623268515841
1291821569656979456
1291821536786239490
1291821440757649409
1291821310511783937
1291821288248553473
1291821277251084288
1291821251003125762
1291821109319532544
1291821025135677440
1291820952519610370
1291820933196517376
1291820898647932930
1291820835595051009
1291820832466100224
1291820813159673857
1291820809883967489
1291820744603832322
1291820689834553345
1291820644028624896
1291820570817056768
1291820539460321281
1291820499409022976
1291820469042196480
1291820459483435009
1291820449228304384
1291820429477318662
1291820404089200640
1291820393955840001
1291820342013497358
1291820341317242887
1291820321683767299
1291820315891437568
1291820312338759680
1291820215421083648
1291820198501244928
1291820177068380160
1291820109208727552
1291820044964503552
1291819987703865344
1291819982473564164
1291819921836572674
1291819916220420096
1291819881231523840
1291819879834812417
1291819850659176454
1291819812272865280
1291819751686242304
1291819709948624897
1291819706320449536
1291819673630265345
1291819664801226754
1291819564653740032
1291819386899177472
1291819335393017856
1291819334256533509
1291819321199656965
1291819281295048706
1291819267558723584
1291819218988605446
1291819081432207360
1291819079255367683
1291819076541648897
1291819058803937281
1291819014692503555
1291818962930597888
1291818850175115264
1291818807284191233
1291818752741453827
1291818731027468292
1291818715173064704
1291818671183204354
1291818568720449538
1291818551469395968
1291818503687868421
1291818443168153603
1291818404236730370
1291818359085039616
1291818134232543239
1291818080365142018
1291818028984938496
1291818017358258186
1291817874303127554
1291817836319584265
1291817826811023364
1291817740517478400
1291817649073094656
1291817638742679554
1291817522992304128
1291817442524700672
1291817442126200835
1291817434509443073
1291817404662784006
1291817401701601280
1291817400971735041
1291817400384606211
1291817353563471873
1291817352816922625
1291817285905195013
1291817199938699265
1291817196360994818
1291817126634889218
1291817090588999680
1291817057114349571
1291816941439660043
1291816906148765705
1291816892479545344
1291816868454506497
1291816821155340288
1291816775827546112
1291816748954591232
1291816692390268935
1291816688967733248
1291816634345304065
1291816610844598275
1291816607333982208
1291816605232640008
1291816586853187585
1291816506423156737
1291816419416473602
1291816380849958913
1291816363166703622
1291816320611356677
1291816230198882305
1291816214260584453
1291816204101967873
1291816191510695936
1291816178344747008
1291816160581877760
1291816107754561537
1291816091816206337
1291816081284268032
1291815974178566144
1291815967782318081
1291815857446957063
1291815855429505026
1291815848060096513
1291815838819942401
1291815781873922048
1291815757685432320
1291815732314087424
1291815656992710668
1291815588705243136
1291815586499039232
1291815556040007681
1291815546741235716
1291815536813395968
1291815494627078145
1291815494157303811
1291815476918616064
1291815406651539465
1291815376242782209
1291815372232982531
1291815365522214912
1291815292721668096
1291815271838158850
1291815258126979081
1291815223456870402
1291815165684482060
1291815124894982145
1291815094289149953
1291815067147735041
1291815026018353152
1291814996951826438
1291814983223988225
1291814973262503943
1291814972796829698
1291814961233174528
1291814945244545024
1291814935215865857
1291814933802496007
1291814840059801606
1291814752243585025
1291814739656560649
1291814711084883977
1291814547427340288
1291814483254562816
1291814291885174784
1291814286365462529
1291814202089275392
1291814121969680386
1291814119679700997
1291814116533981186
1291814098280292354
1291814091720470528
1291814082887274496
1291814031288872963
1291814028285796353
1291814025488203776
1291813982937010177
1291813969225711620
1291813962141634560
1291813956793892869
1291813927794479106
1291813916855750656
1291813902083330048
1291813848626933765
1291813841077178369
1291813782025641986
1291813715734667264
1291813673728704512
1291813667751821322
1291813552504872960
1291813508644995078
1291813416135467015
1291813341040607233
1291813326952038402
1291813322606678017
1291813299915493378
1291813196035174400
1291813190288932870
1291813184408637440
1291813133670060036
1291813133225537537
1291813098584788994
1291813083153944577
1291813079542620161
1291812897824346114
1291812884721405954
1291812779742113804
1291812764374183937
1291812719314771968
1291812699299618816
1291812690176999432
1291812607624699905
1291812577299890176
1291812560237400064
1291812548455604226
1291812441039540224
1291812436815814658
1291812433246457866
1291812384139509762
1291812379727212546
1291812192245948417
1291812189192491010
1291812177662410752
1291812174797602821
1291812062398689286
1291812059949215746
1291812020623417350
1291812016487882753
1291811904508383233
1291811847977545735
1291811838808686593
1291811828042018816
1291811777139941383
1291811776573710337
1291811701319438339
1291811701264977920
1291811624295313410
1291811513418883078
1291811502131949568
1291811458821521417
1291811382632091649
1291811329439924225
1291811255846604800
1291811237664366592
1291811214520180742
1291811133020680194
1291811101273919488
1291811000669425668
1291810999985725443
1291810879374266368
1291810821933334530
1291810805101494274
1291810734532440064
1291810644107448325
1291810391224352769
1291810293379739648
1291810275692355584
1291810151847071744
1291810149502464000
1291810126748430340
1291810122025631746
1291810118946955270
1291810114551201792
1291810041746657282
1291810035979485184
1291809880890847242
1291809864751210496
1291809852315049988
1291809818144120832
1291809799152242689
1291809775999766533
1291809688523288582
1291809609603330049
1291809463662514179
1291809270032478209
1291809232338157568
1291809159856508929
1291809154823335937
1291809097680138240
1291809033905676289
1291809005988438022
1291808994860949504
1291808977098088448
1291808964045414400
1291808896055758867
1291808855698157572
1291808785024061443
1291808715155415040
1291808481062916098
1291808463010631681
1291808453468585991
1291808396371529728
1291808341178621953
1291808323776516098
1291808299000659968
1291808202045165568
1291808157338161152
1291808150652366851
1291808146948853760
1291808135393546243
1291808125591461889
1291808122470834176
1291808054426718209
1291808047845838848
1291808041395015680
1291808006435475457
1291808000685080577
1291807962651033603
1291807954556067841
1291807890890776584
1291807887153598464
1291807854928760834
1291807827204481025
1291807821068226561
1291807743297421313
1291807707406782465
1291807656080965639
1291807647772094465
1291807640146845696
1291807545913479169
1291807544722305024
1291807524862263296
1291807492767232001
1291807477063974914
1291807299506511872
1291807269387145221
1291807184272203777
1291807139938422785
1291807090609184768
1291807033851813888
1291806956156575744
1291806915190820864
1291806890356346881
1291806800711385089
1291806777680580609
1291806744893689863
1291806712161239040
1291806633081872385
1291806564899323904
1291806556296826881
1291806555520872450
1291806506187403264
1291806496011976704
1291806449803366402
1291806440643059720
1291806367624433664
1291806336796069888
1291806311517167616
1291806249886134272
1291806246903914496
1291806220244983809
1291806170701860864
1291806163948929024
1291806003089072134
1291805940099014656
1291805907266023424
1291805779222306822
1291805777821343744
1291805763703373826
1291805733907046401
1291805669876801537
1291805667507032066
1291805663434346496
1291805649341480967
1291805641993052160
1291805552960516096
1291805542638333953
1291805527098490880
1291805522077855744
1291805510736515077
1291805483473534981
1291805478654226432
1291805456982212614
1291805447725502468
1291805444256804864
1291805425285857287
1291805418671480833
1291805412417822722
1291805350505652224
1291805315843928066
1291805282318811137
1291805281345773569
1291805252853936134
1291805243773263872
1291805238047973378
1291805158628884480
1291805141285376001
1291805139339292673
1291805113225547776
1291805063476842498
1291805024243286017
1291804986477883394
1291804897055301634
1291804873504313344
1291804863106555909
1291804840834879488
1291804824997175299
1291804790624845824
1291804769519108097
1291804710219980807
1291804694013239297
1291804642213539840
1291804604934619138
1291804538513559552
1291804532528353283
1291804513909833728
1291804488165187585
1291804486135099392
1291804450038874118
1291804422012575749
1291804389984935936
1291804357848174592
1291804232568406023
1291804049109590016
1291803870956593154
1291803833987788800
1291803786990641157
1291803729071607814
1291803674868686851
1291803670565224450
1291803623899435009
1291803620015579137
1291803581994225669
1291803567678947328
1291803559449767937
1291803555997847552
1291803297402232834
1291803280662814723
1291803271930302464
1291803188493012995
1291803114933235712
1291802992438640642
1291802938768338944
1291802885873950720
1291802831016669185
1291802822892228610
1291802804206673923
1291802698011086851
1291802666834841600
1291802648950308864
1291802643866759168
1291802637751455744
1291802608466907136
1291802603697983496
1291802593140908033
1291802559469031426
1291802518943682561
1291802487784116226
1291802487696101376
1291802361405624322
1291802344972312577
1291802329059033089
1291802219440943108
1291802155775660035
1291802063874273288
1291802027564171268
1291801960023314433
1291801928519880707
1291801921507008519
1291801888355241984
1291801887151357971
1291801778145693696
1291801777554194435
1291801750748487681
1291801745870422019
1291801545600901122
1291801510150578178
1291801400482107396
1291801357272395777
1291801346207883264
1291801329355063296
1291801323629957120
1291801225290223616
1291801214892617730
1291801191211556871
1291801183850553346
1291801166259671042
1291801082734292993
1291801061347426304
1291801037670514689
1291800988677021697
1291800934520180741
1291800931022110723
1291800894175096833
1291800854077624325
1291800810716897280
1291800804740009985
1291800798536622080
1291800766546673664
1291800688327036928
1291800684753563650
1291800675156987904
1291800638406434816
1291800619997630473
1291800594466983938
1291800576913809409
1291800539748081665
1291800499746988033
1291800478905507842
1291800478154661888
1291800432940126210
1291800405832339456
1291800391739375619
1291800377956995074
1291800357866217472
1291800325490446342
1291800312672641036
1291800311045033986
1291800309027618816
1291800308822220802
1291800307165347846
1291800304179003392
1291800292850376711
1291800290216337409
1291800230783062016
1291800204191117314
1291800189313875968
1291800032274980868
1291800028315635713
1291800006358437888
1291799945633312768
1291799913844617216
1291799874808225797
1291799831749570561
1291799815609896960
1291799772844744710
1291799749180428294
1291799726480863232
1291799714845921280
1291799654380843009
1291799598449807360
1291799563905490945
1291799532167200769
1291799528274829314
1291799513628389377
1291799512147726337
1291799501443944448
1291799497849409541
1291799496691724295
1291799487984414721
1291799456858472448
1291799336645537792
1291799210656923648
1291799075331989505
1291798989411627008
1291798949234388993
1291798872864493569
1291798805453602816
1291798716966461445
1291798687950295041
1291798671047131136
1291798632690221062
1291798630458851334
1291798617615892480
1291798540461715459
1291798537743863820
1291798391127707655
1291798384160931840
1291798340510810116
1291798220868325376
1291798014340878336
1291797948251111424
1291797883197562881
1291797758572208128
1291797714070638594
1291797678184181762
1291797646139699208
1291797501373231104
1291797455529373696
1291797420192477184
1291797392120061960
1291797380677992448
1291797348297867264
1291797317625028608
1291797295399305216
1291797276617256960
1291797240240119810
1291797208183054341
1291797163282923526
1291797138024914944
1291797100355780609
1291797098074198017
1291797067279609862
1291796932126478336
1291796891001290752
1291796813486460929
1291796808323207168
1291796807022936065
1291796787439849473
1291796754334187529
1291796718992986112
1291796702232555521
1291796648822288388
1291796609118994432
1291796597714690049
1291796515795734534
1291796482522308608
1291796460510552065
1291796393275863040
1291796249612623872
1291796244415774720
1291796213570981893
1291796210391617538
1291796176753262595
1291796168389918720
1291796112035270656
1291796106087731202
1291796075498676230
1291795980736700417
1291795972620771331
1291795899044245504
1291795836532338688
1291795822510845960
1291795739375476736
1291795721751076872
1291795553202970624
1291795527097634816
1291795428518895616
1291795375523799041
1291795337431089154
1291795336139280385
1291795117079240705
1291795064033878018
1291795061374689286
1291794998401339392
1291794996308381696
1291794982337216523
1291794948883451905
1291794922316730371
1291794917606465536
1291794899629748224
1291794867052523520
1291794861985849346
1291794855673442304
1291794827986731009
1291794826246131714
1291794774282907649
1291794632951713792
1291794599585951747
1291794584083861505
1291794562562830336
1291794494728396801
1291794455519997967
1291794369230573570
1291794354739306497
1291794253199409155
1291794175655116801
1291794145997135872
1291794104620322816
1291793997921427456
1291793882729066501
1291793832967897089
1291793797756715008
1291793784200716289
1291793760586797056
1291793667947102208
1291793615904276480
1291793541191041026
1291793532735434754
1291793494122598403
1291793480705093632
1291793440548823041
1291793418067349507
1291793403311685636
1291793378846310400
1291793363814035461
1291793301432152066
1291793275263877121
1291793240467767296
1291793157844328448
1291793108255088641
1291792929829335040
1291792905997291523
1291792810019094531
1291792791610286081
1291792670181003264
1291792642834079745
1291792497119830019
1291792479797338117
1291792466685898754
1291792377410093062
1291792319600103425
1291792265908715521
1291792242974367746
1291792175785750531
1291792125559025665
1291792111776468992
1291792080881291264
1291792065978925056
1291792037667205120
1291791937486426112
1291791907941744640
1291791751519371266
1291791751154368515
1291791700663447556
1291791653246771202
1291791619574775809
1291791544635228160
1291791472061304836
1291791471302127618
1291791443632074758
1291791400758018049
1291791368457773057
1291791359515529221
1291791320219029507
1291791213218025474
1291791211154612224
1291791204137435137
1291791118414295046
1291790952714121217
1291790922166960129
1291790901807915011
1291790868911972353
1291790805384953867
1291790747272912896
1291790592045977602
1291790560357998593
1291790520436568064
1291790492783579141
1291790448936312834
1291790367625363456
1291790276017741826
1291790255935422464
1291790225627385856
1291790222443847680
1291790221630214149
1291790165539725312
1291790128499830786
1291790110636347394
1291790058908012544
1291790005543882752
1291789972639555585
1291789952968265729
1291789914502242307
1291789710768197632
1291789630287884296
1291789607101702146
1291789605658820610
1291789524486574083
1291789500767772674
1291789497533902849
1291789476101070848
1291789470908461056
1291789438159396872
1291789425349976068
1291789404068028416
1291789382773596162
1291789316381978626
1291789287101468673
1291789255036022790
1291789251143663616
1291789246521540612
1291789237021548546
1291789193866346496
1291789168507584513
1291789156390244353
1291789155811446785
1291789154876108801
1291788994892779520
1291788969223610369
1291788822116737029
1291788807080222722
1291788806476181504
1291788789044719618
1291788686317633536
1291788543514337283
1291788543472406529
1291788512845598720
1291788425201360901
1291788337787940870
1291788255571185664
1291788215242891269
1291787873046401025
1291787863542071296
1291787856059469825
1291787680750215168
1291787596180357122
1291787585505853440
1291787577910079496
1291787576911814656
1291787445466550272
1291787445244252160
1291787334782988294
1291787324146290688
1291787320870539273
1291787276406657024
1291787211747274760
1291787196811431937
1291787187156135936
1291787183314145280
1291787170387300352
1291787159863787523
1291787130059055105
1291787111989948416
1291787092561977349
1291787071003099137
1291787065584164864
1291787048291110914
1291786943529914375
1291786916828938241
1291786824042651648
1291786810335604736
1291786790811074563
1291786727766609922
1291786651392499713
1291786642672549888
1291786483570020352
1291786457569468416
1291786435889180673
1291786367278682114
1291786242967953410
1291786209405087744
1291786125925851138
1291786066970779653
1291786039045107718
1291785980802891782
1291785935806517260
1291785884438859778
1291785696710217728
1291785686106935301
1291785656579035136
1291785596197797890
1291785440232640512
1291785401426939904
1291785310133784584
1291785309219360782
1291785304958017537
1291785282505904133
1291785268555636737
1291785240239890439
1291785210573606920
1291785203497734146
1291785140549672960
1291785124682571776
1291785078822113280
1291785012258525184
1291785006256467968
1291784998484414464
1291784986434113538
1291784941353816066
1291784908688502790
1291784859573260289
1291784801347919874
1291784766757507072
1291784764035407872
1291784691821842432
1291784640659939328
1291784627896672263
1291784494610030593
1291784442332221442
1291784440855830529
1291784405204316162
1291784374502010885
1291784294592065536
1291784281812017152
1291784246990983169
1291784220621365250
1291784194750849027
1291784061757816834
1291783950273318912
1291783744177807360
1291783689723154434
1291783682769006592
1291783666801270790
1291783655849951237
1291783594071994368
1291783587998707713
1291783584894902272
1291783530381553664
1291783510928379906
1291783449569906688
1291783432905936896
1291783393957601281
1291783278853263360
1291783275715887108
1291783248310407169
1291783236591517699
1291783227833712643
1291783186205245440
1291783128865026050
1291783126243586048
1291783067951144961
1291782965454934023
1291782962158227457
1291782957389185024
1291782922886946816
1291782898136289291
1291782841278386176
1291782791659696128
1291782730661924864
1291782602022674449
1291782588479176705
1291782563644813312
1291782541389762568
1291782512725958657
1291782498570174464
1291782412553408512
1291782360376041478
1291782352188968965
1291782342739140610
1291782330332450816
1291782284375478274
1291782238435246080
1291782192855752710
1291782113071640577
1291782084734918656
1291782081136263171
1291782068100268032
1291782064208052225
1291782056670892033
1291782019991691269
1291782010894245888
1291781956989059075
1291781915062734848
1291781892354736129
1291781872532500481
1291781771605008385
1291781701526597638
1291781670308380677
1291781643238346752
1291781524975693825
1291781444889698306
1291781417349844994
1291781370549764096
1291781348999540740
1291781269202886656
1291781216656556033
1291781177351778310
1291781170695483400
1291781170380800000
1291781162889814016
1291781062406868992
1291781008522715138
1291780970169995264
1291780924531671044
1291780904357179393
1291780801185677324
1291780795863048200
1291780777139736576
1291780763244007426
1291780733309202433
1291780731967078402
1291780597548027910
1291780463229644800
1291780462734696449
1291780444443357184
1291780400709279745
1291780338147045376
1291780334833545216
1291780299798597633
1291780293326766085
1291780266927763456
1291780210095009795
1291780168218968065
1291780094990733314
1291780066981154818
1291780039219044354
1291779860176740352
1291779837791698944
1291779421054083073
1291779392952250369
1291779371280326657
1291779320785051649
1291779266078801921
1291779256524197888
1291779208314851331
1291779120733487107
1291779115692023811
1291779060658561029
1291779022771441668
1291779003498541056
1291778977384861697
1291778958464294916
1291778937450893313
1291778911693660161
1291778898506559488
1291778888683659264
1291778881884692486
1291778881310072832
1291778881037443074
1291778880748097537
1291778879787536385
1291778772426010624
1291778733808943105
1291778648966660101
1291778533761712130
1291778465964924928
1291778451020615682
1291778364882194434
1291778331491340288
1291778256191008768
1291778195344236545
1291778085382127617
1291778026263523328
1291778019036663816
1291778006839635969
1291777905790529536
1291777862064836608
1291777833048723456
1291777823691218945
1291777807568318469
1291777696473780224
1291777678173929472
1291777666220261386
1291777616236761090
1291777567725424642
1291777537975123973
1291777522498187274
1291777516265451521
1291777501413421056
1291777391170392069
1291777326531981312
1291777278125445122
1291777269141250048
1291777102040227846
1291777013951283201
1291777013884375044
1291777001817284608
1291776982389329920
1291776960482480128
1291776954702667777
1291776878978760705
1291776863430475777
1291776856837029888
1291776837283184640
1291776819973300226
1291776740218613760
1291776675978584066
1291776640943620096
1291776617220579328
1291776513206034433
1291776426723639301
1291776421552181250
1291776408981843977
1291776382612189184
1291776344880226311
1291776293202276352
1291776261619167235
1291776218577215488
1291776128487690241
1291776114961113089
1291776107369443329
1291776076570677248
1291775942302605314
1291775885910200326
1291775875168387072
1291775871959932931
1291775839198162946
1291775818109276160
1291775793379643401
1291775793366994947
1291775760613638144
1291775726069469185
1291775709296431104
1291775706779848706
1291775655840022528
1291775639448694785
1291775611573276672
1291775539531972609
1291775470372032512
1291775347013439488
1291775277257957377
1291775248447221761
1291775240582963203
1291775239597297669
1291775226045440001
1291775209503109120
1291775151139422215
1291775149432348675
1291775139823009793
1291775134139928577
1291775128947302401
1291775127122841600
1291775119912603648
1291775109846499329
1291775089252368387
1291775064426401793
1291775054120914945
1291775041563176961
1291775041009483776
1291775039302512640
1291775038727819264
1291775038144880641
1291775037557673986
1291775036999770112
1291775036441927680
1291775035900858371
1291775035053572101
1291775014002479111
1291774968414568453
1291774938521767942
1291774862747459590
1291774842384113672
1291774839678697472
1291774825799782400
1291774670325284865
1291774651933261825
1291774650700255232
1291774645545373701
1291774640726200323
1291774597998804993
1291774595490631686
1291774584472166401
1291774550959632384
1291774525605130240
1291774500531568640
1291774499097124864
1291774496211439616
1291774489517154304
1291774469028155392
1291774431786868737
1291774312253464583
1291774275960156160
1291774217961209865
1291774207878148099
1291774173434597376
1291774134498856962
1291774123912228864
1291774120988901376
1291774052818984960
1291774008757714944
1291773985651400704
1291773936598999042
1291773893288570880
1291773816146976768
1291773745648918529
1291773720944615424
1291773683577618432
1291773645791080448
1291773592263368706
1291773568225882112
1291773533794832384
1291773514446524417
1291773464119054339
1291773449157988352
1291773411572756480
1291773349442531329
1291773341167169536
1291773326726225923
1291773293301833734
1291773270434480132
1291773196132331523
1291773131057704961
1291772986350080001
1291772960362172416
1291772959288438784
1291772946332123136
1291772924769243138
1291772895660847104
1291772887955902465
1291772883841286149
1291772859900203010
1291772848802091009
1291772835086598146
1291772802278862849
1291772798705205249
1291772798600384514
1291772784121651206
1291772751787761664
1291772716417191937
1291772691570196480
1291772619482636290
1291772602621534208
1291772521075937282
1291772518995550216
1291772516894220290
1291772514218184705
1291772512926412803
1291772511680630784
1291772509071835142
1291772508560072704
1291772506513330178
1291772503250042880
1291772501786341377
1291772501308190721
1291772498791542785
1291772497969512451
1291772481087238145
1291772470584901634
1291772468202479617
1291772458467495938
1291772452197064704
1291772450674540545
1291772402557497345
1291772389408346114
1291772386208100353
1291772385423654912
1291772380294123520
1291772377546797060
1291772350271229952
1291772313604694017
1291772310492459008
1291772281581178881
1291772262664863748
1291772221376147456
1291772210877796353
1291772208373813250
1291772201100877825
1291772190237564929
1291772127935430657
1291772104270942208
1291772038210883584
1291771982300753921
1291771967733932040
1291771944292016128
1291771942157123585
1291771935290986499
1291771896367910913
1291771888839151616
1291771864533151746
1291771862201049090
1291771848561176578
1291771835131060225
1291771770215763968
1291771737735143432
1291771718470696960
1291771688426835969
1291771611671080960
1291771605715165184
1291771604981211136
1291771579098177538
1291771467210936327
1291771458587418630
1291771368942469121
1291771340509392896
1291771327184097280
1291771326835953669
1291771308242591745
1291771296037175296
1291771290395836417
1291771287132688384
1291771258577866753
1291771254140211207
1291771206140657667
1291771204001570817
1291771149559504896
1291771135508598785
1291771102440624132
1291771095264235525
1291771042675994624
1291770958278201347
1291770907606888453
1291770887134416898
1291770867589025792
1291770852820819968
1291770831505326080
1291770830628827137
1291770800593412096
1291770775314354176
1291770732079439873
1291770720020815872
1291770672562286594
1291770672365088769
1291770657756401666
1291770598566305796
1291770587946262529
1291770587845730305
1291770566005985280
1291770545827123202
1291770522573975554
1291770514915172352
1291770492148424706
1291770463799189504
1291770400876171267
1291770396732264449
1291770389484445697
1291770360162062337
1291770358970880000
1291770349399560193
1291770343221231622
1291770334677532673
1291770281493762048
1291770242344062976
1291770226401579015
1291770214078484482
1291770112991809540
1291769965234749440
1291769893201879045
1291769890127392768
1291769879834615809
1291769864059858945
1291769856015183872
1291769825732300805
1291769824188801024
1291769727036149760
1291769703812272131
1291769690923192322
1291769578066980865
1291769489328082944
1291769467408654337
1291769432893792263
1291769318624108544
1291769292099387395
1291769218791280641
1291769205638004742
1291769165263536130
1291769103376691200
1291769045470064642
1291768876095680515
1291768800589877249
1291768740795695104
1291768604183146503
1291768574877433856
1291768557106343936
1291768531252645891
1291768482061856769
1291768461283266560
1291768424864133120
1291768321134690306
1291768267804155904
1291768267460227078
1291768233910046721
1291768224678256641
1291768129002119169
1291768123465650178
1291768092167733248
1291768050287546368
1291768049352179712
1291768048278474755
1291768047368273920
1291768027357360128
1291768022953230337
1291767758879956998
1291767750701002753
1291767747937017856
1291767735236648961
1291767707436752897
1291767568525656064
1291767565618905091
1291767535386451968
1291767474782982144
1291767463617662976
1291767463558950912
1291767443648647168
1291767420156293120
1291767337641803776
1291767238819749888
1291767217294581762
1291767212542484484
1291767197006692352
1291767141390340104
1291767137263026178
1291767081738928130
1291767064349138944
1291766924003680256
1291766918572015617
1291766886213005312
1291766877841235976
1291766815262203907
1291766807565664261
1291766761273032704
1291766730788933633
1291766726263222272
1291766692117467137
1291766679299600384
1291766677055639554
1291766550664491011
1291766548038856704
1291766542812798976
1291766456556957696
1291766411820437507
1291766336583081990
1291766331218497537
1291766324511875072
1291766321345179648
1291766282094870537
1291766189614661632
1291766179107934210
1291766103820181505
1291766077169557504
1291766064347590657
1291765980239204353
1291765924295520259
1291765921296584704
1291765907904233472
1291765831563706371
1291765616966336513
1291765573869875200
1291765570627612674
1291765531968778240
1291765519415205889
1291765341148844032
1291765295577792512
1291765278938992644
1291765155219603456
1291765140065521665
1291765124425023489
1291765093999542272
1291765059824365572
1291765009765335042
1291764902525370375
1291764823898890241
1291764796602425345
1291764731536187397
1291764678201348096
1291764650569236484
1291764571515084808
1291764542624727040
1291764434952753154
1291764338471165952
1291764312625815553
1291764176675799040
1291764076457218050
1291764074792071168
1291764070627057664
1291764016952619008
1291764016411541516
1291763966713253889
1291763959771602947
1291763932500234240
1291763792397860865
1291763701893259265
1291763691336204288
1291763688618237953
1291763601997541383
1291763562268983302
1291763560310353920
1291763517931040769
1291763492375146496
1291763464873091073
1291763449786257408
1291763416554758152
1291763406077386752
1291763403158179841
1291763392596840449
1291763369272315905
1291763301492432896
1291763276100009985
1291763246144327682
1291763202498363395
1291763170852339716
1291763122630426624
1291763117387649024
1291763090258788357
1291763082717540353
1291763059531423746
1291763038895235073
1291762965834858496
1291762846871826432
1291762845710012416
1291762799392284675
1291762717716553729
1291762706136145921
1291762679317770242
1291762658883121152
1291762592000679936
1291762516692021248
1291762482776858624
1291762482055438336
1291762480100900864
1291762390133092352
1291762376300277767
1291762343978905601
1291762273283985410
1291762174147334145
1291762167432314880
1291762007369277440
1291761961781342210
1291761854826545153
1291761793673629696
1291761790284697600
1291761777664045057
1291761760807129088
1291761708885856257
1291761701541511168
1291761691324227584
1291761677122383875
1291761666200424448
1291761626765504513
1291761622911000584
1291761585317457921
1291761561300881410
1291761538072825860
1291761495437709314
1291761489431408640
1291761436855762945
1291761430769938433
1291761400898097154
1291761373341507588
1291761233272672258
1291761114498334721
1291761080881098752
1291761039021834241
1291760919509377024
1291760883404808193
1291760799476846594
1291760776777211905
1291760745777070081
1291760722645524480
1291760702571544576
1291760661840764928
1291760660045537280
1291760506315866115
1291760494517387267
1291760468600791041
1291760439848771584
1291760408781639680
1291760193035010049
1291760021479587840
1291759959399702529
1291759952680431619
1291759887349882880
1291759808647921664
1291759792948682761
1291759769565507585
1291759707078656002
1291759681501892611
1291759593845121025
1291759579110543361
1291759547674222592
1291759542787805184
1291759531119312896
1291759521266839557
1291759500026949635
1291759484944220160
1291759404627435527
1291759270086578178
1291759199416979457
1291759155766681601
1291759131968385024
1291759033339322373
1291759028696158208
1291759027102404609
1291758965198651393
1291758944877256704
1291758879177617408
1291758852594180099
1291758756813049856
1291758700445732865
1291758596112502784
1291758507176452097
1291758500994060289
1291758475664556039
1291758398317494273
1291758367212482560
1291758281304805376
1291758264972124164
1291758211901595650
1291758178401759234
1291758088194842625
1291758066808115205
1291758025942937608
1291757983572074496
1291757914735214593
1291757840714129408
1291757570017959936
1291757552892551169
1291757521250787329
1291757513579388928
1291757513260642306
1291757480754716672
1291757464745115648
1291757414325379076
1291757361309392903
1291757349921861634
1291757282116513792
1291757264861372420
1291757229511708680
1291757179536584704
1291757168660828160
1291757100394217473
1291757055557210112
1291757035315494914
1291756715755610112
1291756501741137920
1291756351882956802
1291756296975286272
1291756263014117376
1291756247943872512
1291756187621429249
1291755863900905472
1291755816643682304
1291755771034849280
1291755724234731521
1291755717716828160
1291755699328946183
1291755666219192327
1291755643959992321
1291755532332740608
1291755492029669376
1291755258822131712
1291755220083576832
1291755161065525250
1291755137892069378
1291754866684104708
1291754865316823048
1291754750141173760
1291754736237060097
1291754730981654528
1291754720902680576
1291754582092189698
1291754226687893504
1291754184891564033
1291754103517872130
1291754047708499970
1291753972907347970
1291753961305919490
1291753812449988608
1291753811850272771
1291753737028079616
1291753644233293825
1291753610586529792
1291753502012837888
1291753435067547653
1291753434648137728
1291753422421712896
1291753387055341569
1291753386736521218
1291753290657652737
1291753218616070145
1291753161938673667
1291753121937592324
1291753117550292993
1291753102199132160
1291753048986050562
1291752989284274176
1291752975107596290
1291752873097863171
1291752839849672707
1291752730348924928
1291752716738482179
1291752574010503168
1291752408066994177
1291752268962947072
1291752258175143937
1291751937675792385
1291751930033844224
1291751852414062592
1291751844750831616
1291751823599165442
1291751612717895680
1291751551443382274
1291751335788974080
1291751332035080192
1291751273994293255
1291751116699348994
1291751105874071554
1291751062769205249
1291751044561743881
1291750996398440448
1291750960566607872
1291750944334643201
1291750942434525186
1291750876974133248
1291750874700812289
1291750867016744960
1291750860930854912
1291750835815354368
1291750816559312899
1291750788692402176
1291750786385534978
1291750702323302401
1291750698078613504
1291750695448858624
1291750638557310976
1291750591010611202
1291750553727504385
1291750512250032128
1291750503316164608
1291750484739579911
1291750432830889984
1291750389931479042
1291750235635621888
1291750163644583936
1291749965522493441
1291749764485320706
1291749728154255360
1291749716061978625
1291749549720117250
1291749498834870272
1291749446494060550
1291749029441867779
1291748893152116736
1291748608421834757
1291748597009207299
1291748541925339139
1291748447859736578
1291748370059583490
1291748284147671041
1291748262039494658
1291748191319228417
1291748111602286593
1291748037732241409
1291748023844962304
1291747938453065736
1291747932308480000
1291747897290231809
1291747729388044290
1291747701214806016
1291747657694752768
1291747641081180162
1291747552321253381
1291747457785831425
1291747448835244033
1291747405306777600
1291747273349771265
1291747219297665025
1291747166239719424
1291747154411892741
1291747153518432257
1291747092646498304
1291747061432561665
1291747044986695680
1291746920021590027
1291746906364878848
1291746822688583681
1291746801670856706
1291746536242778113
1291746513622900736
1291746192922161153
1291746172323987456
1291746119228301312
1291746095568125955
1291746062043172864
1291746054145179651
1291746028425744385
1291745927212855296
1291745882178826240
1291745727299883009
1291745648761548804
1291745558663704577
1291745482180636672
1291745465000763393
1291745401209577477
1291745151501524993
1291745118303784966
1291744993535762432
1291744966423846912
1291744913747521537
1291744799561744386
1291744791437475840
1291744586411446273
1291744549891604482
1291744412989628422
1291744393263710211
1291744374963961857
1291744287529541633
1291744172727316481
1291744137985830914
1291744128997490691
1291744054624112640
1291744018876039170
1291743921152962561
1291743885014835200
1291743832653139976
1291743787333464065
1291743786205290497
1291743764428525577
1291743762750869504
1291743717485883400
1291743678852145159
1291743668186034176
1291743662410551304
1291743592231338003
1291743589391912960
1291743507619684353
1291743426208247811
1291743326002122752
1291743159345647617
1291743103628513281
1291743050054676487
1291742979292626945
1291742906034860032
1291742711964479489
1291742653793685509
1291742618636955649
1291742532565639168
1291742515050221568
1291742458540326912
1291742387597979648
1291742329074782208
1291742283486892033
1291742263463354369
1291742236028305408
1291742216227102723
1291742128268357632
1291742025352650757
1291741929512800256
1291741872612933632
1291741851800788994
1291741851528114176
1291741816400879620
1291741717918552065
1291741541925560320
1291741383120900102
1291741313549950977
1291741088663900160
1291740912771530759
1291740797260496896
1291740768885805056
1291740765895274498
1291740681254445056
1291740476840857608
1291740414576340992
1291740265233952768
1291740250767851520
1291740217939034113
1291740107641434113
1291740053950078976
1291739891395682306
1291739887838932992
1291739758163525638
1291739746167861260
1291739743735160832
1291739742233559040
1291739738093817857
1291739732402110468
1291739646968369152
1291739389069078529
1291739343107891203
1291739270592573440
1291739136303476736
1291739135560937473
1291738962877452290
1291738788281155585
1291738743922216960
1291738608513232896
1291738320163221504
1291738154991529985
1291737988549009409
1291737933297397762
1291737861608308736
1291737845665861633
1291737584826286080
1291737578207621121
1291737562172788736
1291737560159531010
1291737468618919940
1291737455868227584
1291737451506077696
1291737450394648579
1291737418761146369
1291737241761517569
1291737206499966979
1291737189387309056
1291737128385359872
1291737103710277633
1291737085397872642
1291737077848178693
1291737048546717697
1291736992686968832
1291736985967767552
1291736929050992640
1291736805549772800
1291736800315219973
1291736777678618624
1291736769986273280
1291736762503565313
1291736686704107520
1291736656060583938
1291736635319767040
1291736559771955201
1291736528713060353
1291736507984814080
1291736383804116992
1291736380318666752
1291736360991236097
1291736345782693888
1291736268599169024
1291736208549322753
1291736202249490432
1291736115137974273
1291735944836644866
1291735903589761026
1291735898011443200
1291735888536506371
1291735843468697602
1291735840977227777
1291735828113362949
1291735823788978176
1291735798027554816
1291735782810583041
1291735761302290432
1291735712996495361
1291735664506134528
1291735626782519297
1291735600329101315
1291735473371611139
1291735378165215232
1291735360914022405
1291735277032087553
1291735169452433410
1291735132936769536
1291735107120828416
1291734974916366336
1291734842271502342
1291734668052750336
1291734516793475072
1291734484589715461
1291734439375056896
1291734388527509505
1291734300182958081
1291734263621132288
1291734089905602561
1291734084046196738
1291733993914851328
1291733978702123009
1291733908535599105
1291733741338009601
1291733685390192643
1291733619606802435
1291733366102949889
1291733105791963138
1291733086682714112
1291733075290980353
1291732911461457920
1291732865328324609
1291732784021737472
1291732717390958596
1291732676819460108
1291732669320093697
1291732430026608640
1291732086538358784
1291732039838949378
1291731922847182849
1291731804660146176
1291731715694657538
1291731595976736768
1291731590557634560
1291731439784951810
1291731257194426381
1291731249594347520
1291731249577504768
1291730848853692416
1291730842339942406
1291730807678283781
1291730696386510849
1291730632679227392
1291730595438104576
1291730561309069315
1291730502907498496
1291730424687988736
1291730403351461889
1291730400428142592
1291730313727614977
1291730268647239680
1291730189446254592
1291730109393702913
1291730052971995137
1291730052770652162
1291730008814256129
1291729978564976640
1291729909753290755
1291729886625902593
1291729710343487488
1291729629695410176
1291729515341914112
1291729514473705473
1291729371875758082
1291729334064029696
1291729331899830272
1291729244372992000
1291729143822823427
1291729050050985985
1291728993151062017
1291728974146605056
1291728922082791424
1291728826326822913
1291728764687257601
1291728753161392129
1291728694596304896
1291728588740284416
1291728565252349952
1291728493097738241
1291728480586084359
1291728430334128128
1291728373195079680
1291728361702793221
1291728307449466880
1291728297446060033
1291728246963417089
1291728174808735744
1291728127555702785
1291728120043765760
1291727951030112256
1291727906759233537
1291727884751646725
1291727876249784322
1291727770586841088
1291727738722824192
1291727720515350530
1291727706279772161
1291727606979735552
1291727558225145856
1291727539971530752
1291727492928217088
1291727453237514240
1291727422052798466
1291727387340804096
1291727303693733891
1291727127495217154
1291727108532768768
1291727056351506437
1291726963514769408
1291726959525990400
1291726902504366080
1291726875656695808
1291726602590658560
1291726461674631171
1291726458411528193
1291726441718124544
1291726359903993857
1291726316107071488
1291726297429762049
1291726011881656320
1291725975827501056
1291725915236564992
1291725915207196677
1291725862589599748
1291725801747025920
1291725740724162566
1291725707953999872
1291725625691189248
1291725419457253376
1291725354944667648
1291725308714987526
1291725161800982529
1291725141781680128
1291725122647121920
1291724757893775360
1291724532177178624
1291724373590716418
1291724284054953986
1291724274345140224
1291724267655225344
1291724026805735424
1291723946912632832
1291723938276483073
1291723726850056195
1291723670843469825
1291723535661117440
1291723517189402625
1291723490916212738
1291723489133637639
1291723342458892288
1291723304449998848
1291723104939540480
1291723066347786245
1291723060626837509
1291722968847065093
1291722889167765504
1291722809731940354
1291722700667465731
1291722654068678657
1291722593855209472
1291722383364161536
1291722348366909441
1291722347418877953
1291722321535938560
1291722097572675586
1291722069927964673
1291722032426737665
1291721924113059842
1291721849320153090
1291721835021770754
1291721830219292672
1291721722455109635
1291721652414427136
1291721532310511616
1291721487553044480
1291721448810315777
1291721440769736704
1291721347157176320
1291721325904633856
1291721298159325186
1291721296255090688
1291721285639245824
1291721247710228486
1291720977567670272
1291720898765107203
1291720835028353025
1291720756011970560
1291720680342351874
1291720490143358976
1291720445864153090
1291720390994210816
1291720363387301889
1291720351739674625
1291720320928423938
1291720302788042752
1291720277601263617
1291720143865774080
1291719983236612097
1291719926437289984
1291719910519955457
1291719791888277504
1291719717284196354
1291719633528119296
1291719583011921920
1291719355454099456
1291719333966753794
1291719269827465217
1291718958509326337
1291718928482340869
1291718874463899650
1291718798488240130
1291718788111638537
1291718780733841409
1291718744008515584
1291718739692593152
1291718436427571208
1291718318194393088
1291718192059109379
1291718084189986816
1291717921618657282
1291717773735989248
1291717771433259008
1291717734397616129
1291717498879070208
1291717439856803846
1291717339365482496
1291717338086219777
1291717318398156802
1291717306146586628
1291717294716907522
1291717288761200640
1291717158637113346
1291717045386727424
1291716990978195456
1291716984800006148
1291716823646445571
1291716809838780416
1291716780411498496
1291716755006664705
1291716613855567873
1291716612844912640
1291716571510067200
1291716527335657473
1291716244048154624
1291716081833345025
1291715947351494656
1291715914518454272
1291715847820652545
1291715776215494656
1291715715972476929
1291715684792250370
1291715621403725824
1291715571046850568
1291715519343624197
1291715204229857281
1291715152912449537
1291715114983477251
1291714856312360961
1291714811177426945
1291714782454833152
1291714441411801090
1291714409006596098
1291714404141223937
1291714330451468293
1291714145352646656
1291714119662481409
1291714067904823296
1291714028029476864
1291714014146428934
1291713961063321605
1291713919938109441
1291713908919738369
1291713827566948354
1291713679730315268
1291713580979625984
1291713419415097344
1291713389794918400
1291713378822623232
1291713331015950337
1291713328780390401
1291713297524424704
1291713278113198080
1291713163570958339
1291713078359478272
1291713048269512704
1291713025800572929
1291713003646259202
1291712924176846850
1291712840907333632
1291712783642505216
1291712685449662464
1291712587986604034
1291712508483588096
1291712508030521344
1291712463277195264
1291712461037395971
1291712458961244160
1291712395589582848
1291712221983256577
1291712197991727106
1291712029674418176
1291712020505559040
1291711829799051265
1291711755983478784
1291711755983425537
1291711619920285704
1291711572721766400
1291711408288276481
1291711369520259077
1291711357990113280
1291711315812257795
1291711295193067520
1291711280676581377
1291711272866779136
1291711272011149313
1291711269804871680
1291711231917789185
1291711215866195973
1291711072194498560
1291710800583970816
1291710761719529474
1291710741641334784
1291710683843829761
1291710639950487554
1291710620019109889
1291710600586973184
1291710587408453632
1291710488439652353
1291710361075363840
1291710341315952640
1291710241869004800
1291710204938256384
1291710073270685696
1291710018333671426
1291709887563661314
1291709861198266369
1291709763424845829
1291709746249117697
1291709721842462721
1291709678934687747
1291709583698931712
1291709498101571585
1291709464983277573
1291709390265909249
1291709215690706945
1291709176415170566
1291709105254604801
1291709048006627330
1291708996974411779
1291708994705338368
1291708994176856066
1291708987860295681
1291708979719086081
1291708863805362176
1291708674759700480
1291708531201253378
1291708514793132032
1291708507985784833
1291708361386405888
1291708355753529346
1291708304578797568
1291708286488793089
1291708282181234688
1291708195761786880
1291708141311229952
1291708036755709952
1291707783734349825
1291707770513784832
1291707681460367360
1291707591228301313
1291707480217661441
1291707463394361344
1291707381764808705
1291707251430952961
1291707225321463808
1291707223027200008
1291707215401951232
1291707182950617089
1291707135198466049
1291707057280819207
1291706969502429184
1291706952788201472
1291706871414435840
1291706776577085441
1291706753990701061
1291706595810906112
1291706482959044608
1291706417565577222
1291706394111082497
1291706353380032513
1291706351882772481
1291706302796898304
1291706199856078849
1291706155228631040
1291706050840797185
1291705892564500480
1291705826164510720
1291705723966169090
1291705645255872512
1291705636984696832
1291705460324732928
1291705437822353410
1291705370889650177
1291705276127682561
1291705270201180163
1291704984602587136
1291704976180469760
1291704899605016578
1291704885440843776
1291704819040870400
1291704801785524226
1291704766066831361
1291704547975495680
1291704385777565696
1291704354395885570
1291704331398512641
1291704238041632769
1291704196274761728
1291704073318797313
1291703890459725824
1291703708401770499
1291703397771612160
1291703370638598146
1291703279534198784
1291703271644704770
1291703168968122369
1291703115314388992
1291702951908605953
1291702905905569792
1291702699004694529
1291702564187262978
1291702515852087296
1291702463297474560
1291702306510118912
1291702223181942785
1291702177157849088
1291702165304750080
1291702020567703552
1291701831622709248
1291701821803831300
1291701678404763648
1291701613640417280
1291701527959212032
1291701322371170304
1291701279291576321
1291701271842488320
1291701176447238145
1291701119396323330
1291701066703220736
1291700978119475202
1291700865238269953
1291700612615241731
1291700605027786752
1291700450429935616
1291700440225193984
1291700366946508800
1291700352497188866
1291700144925224960
1291699865806876673
1291699766016040961
1291699562655162370
1291699545794060288
1291699531663511552
1291699506199900160
1291699434091405312
1291699415569371136
1291699284363141120
1291699010902937603
1291698781113798657
1291698740311531522
1291698709059776513
1291698624041308161
1291698489345413120
1291698301205651456
1291698250421067777
1291698246038036481
1291698242674196483
1291698235564859392
1291698207727202304
1291698189473644549
1291698091414958082
1291697948225679362
1291697928348864513
1291697914188836869
1291697881137713152
1291697832974528513
1291697651709288448
1291697616233943047
1291697367515893761
1291697363187380224
1291697343285338112
1291697321902837761
1291697297399730176
1291697184728064000
1291697170643660803
1291697152083795968
1291697130948747264
1291696845824184324
1291696803587514368
1291696756711923713
1291696681038340096
1291696671789850627
1291696554877825030
1291696531620466694
1291696349428060161
1291696348757032964
1291696336157528068
1291696279773421568
1291696142422544385
1291696066203656192
1291695928169111553
1291695896279887872
1291695833482760193
1291695695041376256
1291695666683682821
1291695649185058816
1291695575918882817
1291695557472288768
1291695549234720769
1291695276802146305
1291695218732027904
1291695169436372992
1291695158170398720
1291695152797548546
1291694850132381696
1291694741747372032
1291694546984873984
1291694475941679111
1291694264641097736
1291694216536625152
1291694153538076674
1291694127051153408
1291693954732367873
1291693948549894144
1291693846708051968
1291693711256989697
1291693635348705280
1291693565878374400
1291693521548828672
1291693290706870273
1291693265092321283
1291693155205734406
1291692996002545664
1291692974959669248
1291692954332139520
1291692934589485058
1291692610122403841
1291692568468762626
1291692566954549253
1291692406103048193
1291692345893822465
1291692310435168256
1291692263584784384
1291692143430574083
1291692112296251392
1291691987368902657
1291691916468400129
1291691540650303488
1291691499608997888
1291691479023464448
1291691447897468928
1291691325667106819
1291691196268662787
1291691193265520641
1291691171207680000
1291691158582722560
1291691079213948931
1291690902981881856
1291690800762490880
1291690778729865217
1291690628590587904
1291690577235451905
1291690433630928897
1291690433089871875
1291690432553005056
1291690431676391425
1291690370087223297
1291690120492527616
1291689960907640839
1291689935695683586
1291689934932381698
1291689731236012034
1291689714781650954
1291689539648593921
1291689450276257793
1291689434379952128
1291689312141160450
1291689263831158785
1291689160076558337
1291689128199946240
1291689026982993921
1291688964668235778
1291688791837675521
1291688638183616512
1291688539042840576
1291688463591444480
1291688456280854528
1291688408713175040
1291688342309011456
1291688313989062656
1291688296813395970
1291688240987209729
1291688191607676929
1291688169667276800
1291688127812317184
1291688015119687680
1291687447601045506
1291687426084278272
1291687407688048641
1291687267891847173
1291687165148110850
1291687083405344768
1291687031152742401
1291686959698640897
1291686935858155520
1291686861862244352
1291686858032852992
1291686588058161154
1291686460094132225
1291686387633328130
1291686370944090114
1291686334583771138
1291686308713304067
1291686286634487808
1291686032568549376
1291685794118348800
1291685738724106246
1291685435400425472
1291685376831172609
1291685368094437376
1291685315133018112
1291685151957819392
1291684944293625857
1291684934218899458
1291684904405737474
1291684899456417792
1291684844490162176
1291684752836173824
1291684751686991872
1291684696632578049
1291684676025954304
1291684412917252096
1291684394105790464
1291684364821069825
1291684322760691712
1291684317056372737
1291684264946401281
1291684026831581184
1291684005448998912
1291683924532432896
1291683619619180545
1291683500488372224
1291683200234921987
1291683167800303617
1291683093397614592
1291683026502594565
1291683012166348800
1291683000837640192
1291682993875148805
1291682908944703488
1291682858298466311
1291682800198877184
1291682763112943616
1291682736676245505
1291682567079501825
1291682372879093760
1291682282286317568
1291682245959442434
1291682193455091713
1291681973539418112
1291681950810411008
1291681451449122821
1291681265205248008
1291681245295005696
1291681220158464000
1291681169373880321
1291680892293971969
1291680739369668608
1291680680141783040
1291680578643927041
1291680541314625536
1291680519881723906
1291680475296169985
1291680410682916866
1291680364352753665
1291680332689924096
1291680314444713987
1291680283712987137
1291680264830189568
1291680141312233475
1291680044818018304
1291680017206968322
1291679906892599296
1291679847476015104
1291679740848492545
1291679570618388480
1291679501810905089
1291679372806676481
1291679322416218113
1291679237380997120
1291679155256426496
1291679137514565632
1291679047878094848
1291679034749997056
1291678820261597187
1291678689026093061
1291678651784794113
1291678587288944640
1291678459962568704
1291678459840933890
1291678448994471937
1291678349547511814
1291678121113124865
1291678009611685888
1291677914572914688
1291677905421041664
1291677787217108993
1291677757714370561
1291677721035190273
1291677630476046338
1291677555867648000
1291677550067015680
1291677281128153090
1291677195597996032
1291677076773371910
1291677074156134402
1291676933269397505
1291676920502001666
1291676859365818373
1291676836649480192
1291676759046397955
1291676634198704133
1291676604612083714
1291676531140550657
1291676517530046464
1291676500287201280
1291676372637749250
1291676350932230144
1291676346545053696
1291676175639732225
1291676147122606081
1291676108631531522
1291675612919234565
1291675609219960833
1291675371423883265
1291675341463990274
1291675277815316480
1291675129584537606
1291675081861718016
1291674992845914112
1291674991700967425
1291674980133089280
1291674672795398144
1291674308457238533
1291674301578588160
1291674278556033025
1291674256212975618
1291673999018262529
1291673940167987201
1291673843568906240
1291673758881722373
1291673700195012609
1291673590962835456
1291673531177197569
1291673517088542720
1291673478198894592
1291673391557152768
1291673180495654912
1291673130667331584
1291673062543220736
1291673045611040768
1291673027890085892
1291672943458750465
1291672927537160193
1291672883073290240
1291672794946850816
1291672750936010753
1291672680870162432
1291672581721001985
1291672549575753728
1291672530189778944
1291672453568180226
1291672440247062528
1291672422341578758
1291672347943018496
1291672270742654977
1291672269773832193
1291672063812526080
1291672023312338944
1291671966441775104
1291671782043287552
1291671731816538114
1291671620365488129
1291671556184252417
1291671247181492224
1291671236230225920
1291671138716782593
1291671043942342659
1291670986367131649
1291670985603784704
1291670849217531904
1291670451723407361
1291670404269051904
1291670305316847616
1291670169195106305
1291670163557961729
1291670081571901440
1291669813576769537
1291669699852414980
1291669459749548032
1291669240731316224
1291669187719561216
1291669086691364865
1291668995624579073
1291668927483977729
1291668817916112896
1291668779215323136
1291668744461312000
1291668554736164873
1291668543654834178
1291668528014209024
1291668483282010114
1291668454257430530
1291668378923540481
1291668242822574081
1291667960227082242
1291667931059888129
1291667928673329152
1291667916350464000
1291667840056139776
1291667806669492224
1291667546937143298
1291667532030631936
1291667482881789952
1291667460178022400
1291667329772855296
1291667303344615427
1291667294255493120
1291667121882238976
1291667097303560192
1291667042819612672
1291666997235900417
1291666987182170114
1291666870391771136
1291666736203345920
1291666627105259521
1291666606435729408
1291666596419850241
1291666450231562240
1291666278206320640
1291666257549369344
1291666230173196288
1291666090402222082
1291666070516924416
1291666051256799234
1291665984844111873
1291665939038195713
1291665925125615616
1291665912379121664
1291665838295207942
1291665778614435844
1291665503090401280
1291665492852301830
1291665461034332162
1291665428226486273
1291665423340101632
1291665216678354945
1291665204296798208
1291665156838236161
1291664998243209216
1291664985702244352
1291664985404383232
1291664981168214016
1291664931289542657
1291664787320066048
1291664629186338817
1291664601755668481
1291664360222466051
1291664340538531842
1291664251183075331
1291664199429640192
1291664120912269314
1291664116898291716
1291664068324007937
1291663999726161921
1291663991744483335
1291663936740298752
1291663826539216896
1291663797694980096
1291663666279063552
1291663615628587008
1291663601531604992
1291663571471007744
1291663537841078272
1291663524830285824
1291663431062429696
1291663367409676288
1291663332106211328
1291663299348750337
1291663088098455553
1291663039276687360
1291662996289224704
1291662963338878976
1291662711680651264
1291662669129424898
1291662642017435648
1291662617187168256
1291662496072425472
1291662424526000134
1291662068593176576
1291662010707574786
1291662005523353601
1291661926422974466
1291661911763943424
1291661789684469760
1291661645484363777
1291661555973656576
1291661425690042371
1291661387995938816
1291661287202717696
1291661234849423360
1291661193627697153
1291661181816582146
1291661139902947328
1291661113806016512
1291660764630200326
1291660754861666304
1291660652696743938
1291660643087589376
1291660638465425408
1291660580919681025
1291660553430147072
1291660396676472832
1291660378125012994
1291660035181948933
1291659959353118720
1291659843015774209
1291659737105391616
1291659623762669573
1291659581286944769
1291659540715507712
1291659538731589633
1291659503088349185
1291659447241146369
1291659356639985664
1291659292303675392
1291659218144186369
1291659170870185984
1291659118697160704
1291658991517536257
1291658945719930880
1291658862991421440
1291658622544629760
1291658618706821120
1291658511273918464
1291658366230712321
1291658365710536704
1291658347205341184
1291658320047202304
1291658206645833728
1291658114668863488
1291658098399227908
1291658075796131840
1291658052878376961
1291658019990900736
1291657927980453888
1291657866110291968
1291657863564230658
1291657812116934656
1291657806077140996
1291657679400603648
1291657598853357568
1291657596198424577
1291657559817048065
1291657469379444739
1291657449305509889
1291657392309100545
1291657366006575104
1291657233747632128
1291657221441564672
1291657220934041600
1291657144052391940
1291657107436113923
1291657095834722304
1291657017023696896
1291656862694363138
1291656859288514560
1291656767122935808
1291656656510689280
1291656399618015232
1291656371100844034
1291656219531214848
1291656046570807297
1291656030598856704
1291655981831790598
1291655957341261824
1291655853905453056
1291655668760543232
1291655629682233344
1291655535025164288
1291655507036516352
1291655347451703298
1291655317944594432
1291655255906816001
1291655126600560645
1291655036326629376
1291655029351428096
1291654973248462849
1291654904851857408
1291654877614047233
1291654835251613698
1291654697833492483
1291654645979533312
1291654410804789249
1291654146182000640
1291654132965793792
1291654117094555648
1291654073138196480
1291654054834319360
1291654051009105920
1291654035607494656
1291653962798702592
1291653747966345216
1291653693406949376
1291653663346302977
1291653545134043136
1291653531339051008
1291653433548853248
1291653330591076352
1291653325348364289
1291653318931095552
1291653288492965888
1291653274337247237
1291653270159667201
1291653211187806208
1291653202623037440
1291653138747924481
1291653113598926850
1291652862339174400
1291652835952791552
1291652806659772417
1291652801227943936
1291652767724064770
1291652640275935232
1291652544784105473
1291652523892396038
1291652485346623488
1291652296502321152
1291652075986866178
1291652044709920769
1291651987101155339
1291651906822176769
1291651877260726273
1291651667163832321
1291651663233720326
1291651627858964480
1291651615548678144
1291651559961645056
1291651500150849536
1291651455020146694
1291651450511261696
1291651092833542145
1291651084939919366
1291651027477946368
1291651020091731968
1291650872888438785
1291650848435712000
1291650832425984000
1291650802965188609
1291650684073500673
1291650664116912128
1291650646320525312
1291650617161768960
1291650440917065729
1291650305613082630
1291650249455525888
1291650204421292032
1291650034983997440
1291649978478276608
1291649944487632896
1291649870999289856
1291649843149058048
1291649810228031491
1291649767169236992
1291649746059366401
1291649676429660160
1291649657551163392
1291649557324075008
1291649508082941954
1291649343108374528
1291649341069942784
1291649279476535296
1291649212355092480
1291649206239801344
1291649130993983488
1291648997329969152
1291648954195677184
1291648934608330753
1291648765674299396
1291648696673882121
1291648609851789313
1291648492688093185
1291648442461302784
1291648339965022208
1291648115720806400
1291648048280612864
1291648012469637120
1291647804008534019
1291647679160885248
1291647539301752833
1291647367737942016
1291647352017690624
1291647289245806598
1291647287601631235
1291647286758580225
1291647286653652995
1291647220627001344
1291647071511023617
1291647070479233025
1291647051646853120
1291646965483286529
1291646913452933122
1291646866267025408
1291646860055240704
1291646837204684800
1291646825917800448
1291646672532119553
1291646567460548609
1291646543284637696
1291646511030456321
1291646407921807366
1291646277978066944
1291646274681405440
1291646178287902721
1291646151687647232
1291646087313448960
1291646052349747200
1291646033680834562
1291645988004929537
1291645979935092736
1291645866370113536
1291645861257150465
1291645829967745024
1291645827203596288
1291645750607314944
1291645711793172480
1291645679652175872
1291645652825505793
1291645574668845058
1291645531991805952
1291645498697428992
1291645450009837568
1291645441399042053
1291645415193010176
1291645403453153281
1291645395215486976
1291645317591584772
1291645238688337926
1291645231000104961
1291645207239417857
1291645199400210433
1291645127371436032
1291644979383873536
1291644839877107712
1291644757245075457
1291644723053068290
1291644497659658240
1291644493658296320
1291644485387145216
1291644471101337600
1291644408891420672
1291644336598327296
1291644179135766529
1291644151524667392
1291644122009346048
1291644031454388224
1291643718706102277
1291643677866184705
1291643552896880640
1291643523188523008
1291643511339732992
1291643472747823106
1291643455689691136
1291643423687155713
1291643272570507265
1291643269487763456
1291643214668201989
1291643104068591617
1291643022925606912
1291642938313838592
1291642849507840000
1291642787289616385
1291642680058011651
1291642668771139584
1291642531227336704
1291642528714960896
1291642520682856453
1291642350230482944
1291642330651426816
1291642067450580992
1291642051323400192
1291641863821299712
1291641849959067649
1291641846930845696
1291641799530905601
1291641757021634562
1291641684657307654
1291641610053312512
1291641581972357121
1291641526200786950
1291641442289541121
1291641331845083136
1291641312748462080
1291641021407932416
1291640906043592704
1291640895746576385
1291640844991307776
1291640692494798849
1291640692301864969
1291640654485835776
1291640652971745280
1291640651361030146
1291640649759023104
1291640634550497280
1291640604586319873
1291640580339105792
1291640243947483141
1291640234858483714
1291640181787971584
1291640129153568769
1291639995292438528
1291639961058516993
1291639945313095680
1291639870121742336
1291639857064939521
1291639670221279238
1291639632120221697
1291639575094403072
1291639561991467009
1291639443636527105
1291639435017293825
1291639232537276416
1291639069232041984
1291638870996652033
1291638862750650370
1291638755548450816
1291638697922891782
1291638582084612096
1291638332020195330
1291638307785453568
1291638265922179072
1291638257286078464
1291638108136648704
1291638011546013696
1291637987198095361
1291637948052656129
1291637759485124609
1291637750261862402
1291637603859660800
1291637510834196483
1291637486997905408
1291637440030146560
1291637364356526082
1291637362167091200
1291637358820052993
1291637320479911936
1291637266960523264
1291637189718220800
1291637187805618176
1291637121653055488
1291636852664000512
1291636830652084227
1291636787392262144
1291636683998408704
1291636672405397504
1291636571981185024
1291636538837807106
1291636325616095232
1291636233572155394
1291636064076083200
1291636041720442880
1291635982979260416
1291635739210534914
1291635684919451648
1291635630066335745
1291635609338028033
1291635568217141248
1291635557223849985
1291635546490642433
1291635500994965504
1291635471693623296
1291635433286369280
1291635422351826944
1291635310846255107
1291635265249910785
1291635242118402053
1291635217107759105
1291635146408558593
1291635134547066880
1291635090313940993
1291634971942309890
1291634916380336129
1291634897883402240
1291634852496900097
1291634829826625536
1291634815687634945
1291634785966862336
1291634755105153024
1291634741612085249
1291634715913527297
1291634669306482688
1291634574569672704
1291634446702194688
1291634247858561024
1291634244117299200
1291634195836604416
1291634158264033280
1291634098260398080
1291634095307579392
1291634080728178688
1291633855494066178
1291633801685340160
1291633757590630402
1291633720026378240
1291633610823471104
1291633558931398656
1291633488156864512
1291633400860872709
1291633351493853184
1291633227334115328
1291633023507726336
1291633018734612485
1291633012443054081
1291633007330234369
1291633002871697408
1291632996848676865
1291632992201445376
1291632986774016002
1291632982177062913
1291632974069403649
1291632969761923072
1291632965420748801
1291632961339752448
1291632958735097857
1291632956755382272
1291632876442746880
1291632805080965120
1291632727607906305
1291632632778850306
1291632571009376257
1291632564181127170
1291632471092715521
1291632342872862720
1291632264456085504
1291632209753931776
1291632131861610497
1291632047577083911
1291632044385107970
1291632019953324032
1291631935853387779
1291631920330215424
1291631888193531904
1291631855897325568
1291631722149433344
1291631671385751557
1291631488715370508
1291631434009124864
1291631428724305920
1291631367785193473
1291631235211636736
1291631209475383296
1291631184993288193
1291631013274300416
1291631003631521792
1291630969108168705
1291630899407261696
1291630810160865281
1291630629721956352
1291630599099289600
1291630552857088000
1291630546808963072
1291630497383292929
1291630461542961152
1291630441846525952
1291630438679797760
1291630322581417986
1291630263861215232
1291630257741729792
1291630076342272000
1291630059485356033
1291630056624869376
1291629952954245120
1291629914823766016
1291629900458266624
1291629894452088832
1291629740110077954
1291629738897936385
1291629609415520256
1291629600636895232
1291629589563953153
1291629586959212544
1291629552050089984
1291629483938717697
1291629439944622080
1291629418599849984
1291629319198998533
1291629252765417474
1291629252757147648
1291628962704166913
1291628945234964484
1291628942089166848
1291628889874325505
1291628779882848257
1291628645287694336
1291628589805445120
1291628580724772865
1291628568276021248
1291628470989193216
1291628455206035462
1291628444527276037
1291628409710415872
1291628387258314753
1291628318241030146
1291628315170701312
1291628279116570633
1291628084014317573
1291627953768587264
1291627900177965056
1291627772205510656
1291627710578675712
1291627659122933761
1291627574343368704
1291627546925314049
1291627528616996865
1291627463102078976
1291627329962336256
1291627244629233665
1291627154187395073
1291627067616956416
1291627046473469957
1291626944803397632
1291626740104798210
1291626674715582465
1291626617622736899
1291626602586152961
1291626512115011585
1291626504422596609
1291626408301780992
1291626282858487809
1291626138033369088
1291626068420550657
1291626068395335680
1291626066273087489
1291625913222868993
1291625688932515841
1291625622200934400
1291625579536699393
1291625538117828608
1291625479884222465
1291625452361129984
1291625402218184705
1291625227710078976
1291624699257139200
1291624697734496258
1291624690008678400
1291624663446102016
1291624569955143681
1291624515173265408
1291624459468709888
1291624320104620032
1291624296129990657
1291624230845546496
1291624086133714944
1291624010439172097
1291623968953315329
1291623872262021120
1291623802351345665
1291623710936436736
1291623497983303681
1291623455121702912
1291623441561460736
1291623363824234499
1291623339283435520
1291623299990970368
1291623244034973706
1291623040485384192
1291622995396562944
1291622896683581440
1291622674251358211
1291622650746482689
1291622603778596864
1291622580743544834
1291622539937165312
1291622510098886656
1291622490406621184
1291622488489766912
1291622214626836481
1291622200068407304
1291622093524742146
1291622044673679360
1291621950041792514
1291621927321206787
1291621890260434946
1291621866306703360
1291621783846752256
1291621716075130880
1291621711553667072
1291621699713208320
1291621672106287105
1291621483190550530
1291621441071456258
1291621420464775168
1291621416929054722
1291621379113193473
1291621356547772416
1291621272326221826
1291621198246420512
1291621172292071429
1291621160921292800
1291621117820456960
1291621048534933504
1291620838622605312
1291620679599587328
1291620541086998528
1291620525840703489
1291620501941493760
1291620491090944000
1291620448682336256
1291620445649862657
1291620429619179520
1291620356923559937
1291620338611228672
1291620231195099137
1291620067789221888
1291619978970574850
1291619909991124992
1291619880639377408
1291619815556358145
1291619715102707712
1291619604922535936
1291619597947482113
1291619395417051136
1291619296037216256
1291619195361341440
1291618907279831040
1291618870625697792
1291618797921677312
1291618734424109057
1291618547563724800
1291618521865224192
1291618380907249666
1291618202468921344
1291618116892528642
1291618070235152384
1291617918720053249
1291617903570300928
1291617901741584384
1291617896838443008
1291617751354744833
1291617727363375105
1291617726113419266
1291617696182865920
1291617505988022272
1291617466146226176
1291617454347649025
1291617315348516865
1291617314295742465
1291617234712956928
1291617000352096256
1291616944873975811
1291616927903883265
1291616904667377664
1291616890113138689
1291616802070564865
1291616723825831936
1291616671254421505
1291616605819084801
1291616596469972992
1291616545941184514
1291616413401198593
1291616406321139712
1291616236632190976
1291616235642331136
1291616224493932544
1291616189152727040
1291616137655062529
1291616096555077632
1291616037604134913
1291616012253749249
1291615818556612608
1291615795139817472
1291615658929782784
1291615486564864000
1291615483482050560
1291615367769526278
1291615342263971840
1291615294243459072
1291615285473140737
1291615121748492289
1291615059765014528
1291614992475848705
1291614966034894853
1291614934305058818
1291614805430870017
1291614716750700544
1291614683552780288
1291614658399535104
1291614591689134080
1291614441373487104
1291614386138812417
1291614186494218242
1291614095700045830
1291614090142658561
1291614012766064640
1291613777968926722
1291613750781530112
1291613591175680001
1291613564315336709
1291613559420596225
1291613516219265024
1291613473386856448
1291613414071111680
1291613220415983616
1291613165252378625
1291613041654726656
1291613028862046208
1291612931990466560
1291612916467273728
1291612834204352512
1291612823823540225
1291612819948011520
1291612798074720256
1291612782018822146
1291612569971687424
1291612347371597824
1291612280338165760
1291612275200188416
1291612248293638144
1291612217172000768
1291612166920065024
1291612092924071942
1291612033797050368
1291612028436484096
1291611733333860352
1291611707786309632
1291611707295633408
1291611685074153472
1291611628589518848
1291611413434302464
1291611278667022337
1291611022927835136
1291610853159165952
1291610840404234240
1291610770690707457
1291610737891250176
1291610725765582848
1291610609327452160
1291610535931400194
1291610483431219200
1291610377076318208
1291610350652018690
1291610199778713600
1291610063719796736
1291609906672545792
1291609742402617344
1291609697791942656
1291609675360882688
1291609641043087362
1291609559904198656
1291609526865727489
1291609500110249991
1291609431793434625
1291609096408510464
1291609088720281603
1291609071603331072
1291609031942057984
1291608869672816640
1291608830439305216
1291608743784980485
1291608685979013122
1291608386958757888
1291608285863444480
1291608280268263426
1291608157177946112
1291608117797691393
1291607946409975808
1291607800603455489
1291607721062608901
1291607702095847425
1291607546105597953
1291607487662170112
1291607436219031559
1291607311769886722
1291607182753103873
1291607141414043648
1291607076423323648
1291606892419129344
1291606800530321408
1291606601015664640
1291606570560823296
1291606454911356930
1291606439530827777
1291606391229210624
1291606390465867776
1291606351517560832
1291606123162808321
1291606072185233408
1291605945588559872
1291605716273442816
1291605688830046209
1291605441626222592
1291605435578036224
1291605099177967618
1291604918986584064
1291604787348279296
1291604570796367873
1291604497895227392
1291604485618499584
1291604472381284353
1291604469319426049
1291604310942457856
1291604225747714049
1291604143216513025
1291604138342711296
1291603865310199808
1291603810176073728
1291603773886996480
1291603696745435136
1291603598321868803
1291603314480742403
1291603285082873856
1291603150219161600
1291603141960568833
1291602971520831488
1291602967951560704
1291602813533986817
1291602533471924226
1291602517898469379
1291602419869265925
1291602395059892224
1291602392312680448
1291602104126144512
1291602020890284032
1291601781089345536
1291601749913083904
1291601602781106176
1291601436720193537
1291601299902009344
1291601027070930945
1291600908925763584
1291600802134593537
1291600701206990848
1291600477789061120
1291600437464924160
1291600384805548033
1291600309228376065
1291600079435042817
1291599962007101440
1291599954532696067
1291599953165463555
1291599854343524353
1291599730544390150
1291599636482985984
1291599326511345666
1291599242964934659
1291598988647571456
1291598916203544576
1291598712234541057
1291598703204204544
1291598086981263361
1291597939115208705
1291597818583486465
1291597747121016835
1291597699628912640
1291597384120664071
1291597341565296641
1291597311001473027
1291597301727862784
1291597205393080320
1291596832561344514
1291596734368546816
1291596688273084417
1291596670812266500
1291596400699084800
1291596118216908801
1291596084628914176
1291595810791202816
1291595727379075074
1291595021783793666
1291594977722675201
1291594676575887363
1291594653326860288
1291594631680065536
1291594617004138496
1291594474620178432
1291594416948482049
1291594393233891328
1291594078992441347
1291593969030311936
1291593375406329856
1291593299824975874
1291593296687636481
1291593252458696709
1291592754162741251
1291592722223112192
1291592716674109440
1291592673879613441
1291592319079198720
1291591774276931584
1291591715275657217
1291591530604564480
1291591366603046913
1291590673305567233
1291590481336565761
1291590226176086016
1291590139999858688
1291590098526576641
1291589908398825477
1291589728224137216
1291589292691685376
1291588603290714117
1291588079917182976
1291587074936705025
1291586976534138883
1291586528465100800
1291585816259702784
1291585454136078336
1291585416341131264
1291584782384726016
1291584675220262914
1291584288237015040
1291583935613472774
1291583739756257280
1291583451532079109
1291583291653595143
1291582945262804992
1291582321997602818
1291581726439940097
1291581554297393152
1291581529634766850
1291581518985527302
1291580887856021507
1291580819933483012
1291580588122660865
1291580143505375233
1291578995327340545
1291578873545711616
1291577605632729088
1291577129298165766
1291574865070297089
1291574022187233282
1291573656129331201
1291572074453106689
1291570413206671365
1291570336576737285
1291570054358863873
1291569646034997250
1291569174460928001
1291568503384924161
1291568497252872192
1291567541895278593
1291566782742958082
1291566388432252928
1291566103693582338
1291566062027382785
1291562851002249216
1291561675129266177
1291561596364390406
1291560567266844672
1291558217991036929
1291556893694013440
1291554931871305733
1291553642705715205
1291552548923547651
1291552491809759234
1291552073578876928
1291550970430857216
1291549918352613378
1291549628832403456
1291548630458019846
1291548317688700934
1291547815055896581
1291546140786253826
1291545589549862914
1291545115266289666
1291544949276770304
1291544446459424770
1291544316754698240
1291544087003312130
1291542467427401730
1291542466798260224
1291542466257195009
1291542465619648518
1291542464772345862
1291542452332003330
1291542006964027392
1291541196863668225
1291541195714449409
1291541195148144640
1291541194565193730
1291541193977925632
1291541193415897088
1291541192883212294
1291541192354795521
1291541191683604481
1291541191142584320
1291541190286991360
1291540802741710852
1291540792633372674
1291540095619796994
1291539473130455041
1291539060742225920
1291538970850086912
1291538325254307845
1291536565819322369
1291535582221541376
1291535528140189696
1291534719608397824
1291534573810089990
1291534535834959874
1291533423237050369
1291533337555869699
1291532821228662784
1291532240359481350
1291532003922399235
1291530762110541826
1291529211535073281
1291529103439519745
1291528980294664195
1291528643273994241
1291528623590182914
1291528435765059584
1291527386069000192
1291527184167960582
1291525925650259969
1291525437026381829
1291525292083875845
1291525108725624836
