1292973982585675782
1292973479562747906
1292973287232999424
1292973208967229440
1292971393559207936
1292971391755722752
1292971323010973696
1292971068903350273
1292970619450032130
1292970295268122625
1292970239794262018
1292970156826689536
1292970132076220418
1292968359601020930
1292968035393863688
1292967924458819592
1292967904665903105
1292967840077811714
1292967630144503813
1292967323826114565
1292967015645360129
1292966979792506880
1292966962163781634
1292966726997598208
1292966716843188229
1292966273178099718
1292966208946475008
1292966131024769024
1292966025491820546
1292965949574971392
1292965679847669761
1292965676190228481
1292965394630795267
1292965346987606017
1292965218096762880
1292965213420085249
1292965064966840326
1292964993869242368
1292964958733508610
1292964610673238016
1292964181583568897
1292963748387397633
1292963490760740864
1292963419369414657
1292962949649358849
1292962623470874624
1292962539572256768
1292962428741980160
1292962270427918336
1292962115465228295
1292962102324469761
1292962046171058176
1292961695443361792
1292961670139125760
1292961625604071425
1292961624131805186
1292961620986138625
1292961333634371586
1292961322309758977
1292961250545152001
1292961055891759104
1292961050254598144
1292961023872380930
1292960798244052992
1292960685782073345
1292960482773610498
1292960467707715584
1292960440440553478
1292960423071932416
1292960415618609157
1292960319132831746
1292960204116692992
1292960131764883460
1292960107362422785
1292960046817697792
1292959880073052160
1292959810510565376
1292959787970433027
1292959729879322626
1292959712477052928
1292959618205913088
1292959391193411584
1292959099185922049
1292959051895234563
1292959046094524422
1292959021952008195
1292959020945473536
1292958938963599362
1292958901860798466
1292958859313774592
1292958817815330817
1292958807035969537
1292958695706562560
1292958672121991168
1292958635031756805
1292958606267219970
1292958515284320256
1292958468664631297
1292958412377075717
1292958215228076033
1292958204448714753
1292958189017849862
1292957947849564160
1292957784024154112
1292957712939192322
1292957622308667399
1292957589433659392
1292957540704227328
1292957502607425536
1292957234066931713
1292957122976714752
1292957110947524609
1292956959084249088
1292956871981240322
1292956854067310592
1292956735297249284
1292956621019258882
1292956504535031809
1292956496515543044
1292956484482076672
1292956482296741894
1292956382405197826
1292956318085591044
1292956305217462272
1292956248539836417
1292956216172388354
1292956138640728080
1292955938845057024
1292955842594185221
1292955618836393987
1292955531133452295
1292955522363265025
1292955454050643968
1292955312790568965
1292955288551804930
1292954945403191297
1292954931478122500
1292954740284960775
1292954683166916608
1292954680696483840
1292954669644488704
1292954511758286850
1292954390903623683
1292954361874862080
1292954272049565696
1292954255339466752
1292954204038987776
1292954073717714944
1292953995485511683
1292953975264808961
1292953893903765505
1292953844369043457
1292953671794335744
1292953658326425600
1292953406701789190
1292953290037239809
1292953174278578185
1292953061971853316
1292953060650684422
1292952604406886407
1292952593988308997
1292952196284329984
1292952129968254976
1292952126134669317
1292952121319591940
1292952117494284290
1292951955766157314
1292951806964891652
1292951799079608327
1292951622226763777
1292951418488455169
1292951397768531970
1292951167455113216
1292951145175031808
1292951143933501449
1292951058860384257
1292950985657257984
1292950931156459521
1292950489513025540
1292950220242915339
1292950216363171841
1292950202203152385
1292949940369608706
1292949794349092864
1292949592221405186
1292949467029745665
1292949402261299201
1292949221180616705
1292949163160805376
1292948989080371200
1292948972240338944
1292948843110248448
1292948809081860096
1292948790652149762
1292948579447906309
1292948564788871168
1292948553833353221
1292948471109095425
1292948238019026949
1292947914164183040
1292947891896688643
1292947858820300800
1292947855200616448
1292947714720890886
1292947555886784513
1292947275233320961
1292947203871449089
1292947087190097922
1292947068630241281
1292946792456355843
1292946645253009409
1292946547584499712
1292946334215962624
1292946287621541889
1292946228536369155
1292946186735882241
1292946140481097729
1292946136488120324
1292946115667669002
1292946025414524929
1292946015021158405
1292945970553069572
1292945868438593537
1292945795516436480
1292945688725205003
1292945462698352640
1292945445421867008
1292945296398450690
1292945078147846146
1292945069427785734
1292944953610588160
1292944918168645633
1292944694218043399
1292944692150177794
1292944590283198465
1292944527125360644
1292944489326080001
1292944436683563009
1292944162526986241
1292944125604634627
1292944083867107329
1292944051805859842
1292943949171232769
1292943922302509057
1292943902148833282
1292943789917691907
1292943722980810754
1292943640957005825
1292943594941231107
1292943583008436225
1292943582945595397
1292943515857682437
1292943395850194944
1292943267865202695
1292943236055670789
1292943232578584590
1292943227084054529
1292943125418303488
1292942980152733697
1292942929934405638
1292942884623327235
1292942863437836291
1292942848309043200
1292942803589267456
1292942676011163649
1292942639470346242
1292942490035720194
1292942213689769984
1292942186175254535
1292941815872655363
1292941753419431939
1292941659311951880
1292941619830951944
1292941609810694147
1292941593683668992
1292941483495104516
1292941379933536258
1292941241097879560
1292941206050275329
1292941202459852801
1292941144482095105
1292941117525241858
1292941110063620096
1292941098306985986
1292941045060325376
1292940873299382272
1292940807763374085
1292940759688192001
1292940748158054400
1292940609343434754
1292940586442465282
1292940501117800449
1292940487771529218
1292940454426750977
1292940428048830470
1292940400060182528
1292940390547546113
1292940247001702407
1292940166294896640
1292940160850698243
1292940138692182029
1292940101115240448
1292940081163128832
1292939982206840837
1292939771300511747
1292939689327026177
1292939392517050369
1292939331540312065
1292939187432361988
1292938908641132555
1292938783646797824
1292938770602496000
1292938723471097864
1292938680114577416
1292938639106859008
1292938569984729093
1292938232439746564
1292938059672170498
1292937986406055937
1292937931632578564
1292937913882345472
1292937849000595456
1292937771405934593
1292937720508153859
1292937669299908609
1292937654535766018
1292937651528577024
1292937556456333314
1292937527595335681
1292937467834793985
1292937353695297539
1292937322271563782
1292937319423639554
1292937077848498176
1292937007346454531
1292937002283933697
1292936956695982082
1292936940984193025
1292936846692028416
1292936760306147331
1292936588222242816
1292936578273349632
1292936402741624835
1292936364179193857
1292936348169637888
1292936246675865602
1292936224370577410
1292936206859329536
1292936190639984642
1292936182310068224
1292936165939707906
1292936023656345602
1292936015754264579
1292935581786427397
1292935537549082626
1292935462760439809
1292935455630032898
1292935398990254086
1292935343164002313
1292935212142297089
1292935133054611456
1292935032445820930
1292934955429920770
1292934877470498818
1292934851176300544
1292934785149677572
1292934632065900547
1292934629327097863
1292934598733815808
1292934597240643586
1292934521151791104
1292934504647139329
1292934499190190080
1292934378004324361
1292934369498275846
1292934347465658368
1292934319393181697
1292934300371910656
1292933984054398976
1292933931445235712
1292933919701180417
1292933883579846662
1292933805125308416
1292933744274350080
1292933732802985992
1292933690356572160
1292933673977815043
1292933671868149763
1292933591496904710
1292933562229051393
1292933371996381189
1292933289158770695
1292933128135352320
1292933017095282693
1292932924300570625
1292932841727287297
1292932833502269440
1292932798031048704
1292932715843653640
1292932474071375883
1292932390126485509
1292932304445349888
1292932278331613188
1292932233129590785
1292932191803113473
1292932151441338369
1292932108357447680
1292932094868557824
1292932019178147840
1292931980674433029
1292931918338686980
1292931769776377857
1292931718547202052
1292931702747275266
1292931691024125955
1292931685202436096
1292931625697914880
1292931618282373124
1292931562250608646
1292931557364240384
1292931542348632070
1292931386391896064
1292931373620252673
1292931340388700162
1292931215369080844
1292931092996128780
1292930891887652873
1292930701042622472
1292930697456492548
1292930692209246208
1292930675650236416
1292930612848988160
1292930209105281024
1292930182316253184
1292930173231411201
1292929888643678211
1292929819093667847
1292929673203200006
1292929664634302476
1292929488326623234
1292929293018976260
1292929200018673667
1292929137770979329
1292929080917188613
1292929047614431232
1292928932518469634
1292928861689307143
1292928822975827969
1292928819435773953
1292928811391168518
1292928788175687689
1292928781636837377
1292928778256228353
1292928722149036036
1292928546541899777
1292928534298734592
1292928500811407361
1292928496587747329
1292928465520463877
1292928436336459776
1292928408217886721
1292928371337367561
1292928208036388866
1292928183688294405
1292928161936809985
1292928152302493696
1292928114700427264
1292927799720914945
1292927758683824135
1292927480760864770
1292927446006759425
1292927360585654279
1292927260094353412
1292927239424794624
1292927191542464512
1292927185045643264
1292927112370892805
1292927104624066561
1292927052614705152
1292926932510744578
1292926922125717508
1292926863787122688
1292926581753516032
1292926550762029061
1292926519627722756
1292926471162519552
1292926341306695680
1292926218149539840
1292926184733511681
1292926161056673799
1292926159274074117
1292926131025387521
1292926098972594177
1292925645283119113
1292925528530472970
1292925454425509888
1292925440584187904
1292925439992827905
1292925439334387713
1292925438508126209
1292925423744057350
1292925195716567042
1292925072399896577
1292925005723041799
1292924967898828800
1292924939968942080
1292924890224431111
1292924881651236864
1292924797698088961
1292924791964545026
1292924780786704389
1292924772452577282
1292924761115365377
1292924714646736904
1292924705121488899
1292924611294789642
1292924560665382916
1292924487533559811
1292924456646651906
1292924378301292544
1292924233044176897
1292924170947436549
1292924046968000518
1292923971399225344
1292923952583643144
1292923830768406540
1292923818068058115
1292923771909799938
1292923694445211650
1292923668687990789
1292923579244437506
1292923430401183744
1292923397542940672
1292923329859530754
1292923282421944320
1292923228046974983
1292923212477669383
1292923207704555520
1292923138238537729
1292923071112912896
1292923064842420226
1292923061734432770
1292923054067195909
1292922999625199621
1292922969786920970
1292922897921650694
1292922845597782018
1292922844993785856
1292922825884540929
1292922823778996226
1292922767436845056
1292922678064680962
1292922676311478274
1292922649203613698
1292922586775552004
1292922571852320771
1292922561282682881
1292922525727494145
1292922495381786625
1292922487840309255
1292922427983507457
1292922286677401601
1292922273641496584
1292922272521621505
1292922249708744705
1292922240330354688
1292922134222733314
1292922110080356360
1292922105315680257
1292922090425913344
1292922075989053441
1292922041662943233
1292922005658927104
1292921882954604546
1292921878521286658
1292921772300541954
1292921453998997504
1292921352614289413
1292921234624217088
1292921224985747458
1292921206925078531
1292921177296580608
1292921034417504256
1292921030974070785
1292920960811663360
1292920754452013056
1292920730846466053
1292920603150823430
1292920581726273536
1292920568111665152
1292920548088000514
1292920512650326023
1292920435420680192
1292920406391783425
1292920343343108097
1292920343036923907
1292920293799989248
1292920239957643264
1292920185482088448
1292920183137415168
1292920135448252420
1292920021153390598
1292919974374313984
1292919881227218944
1292919862713552897
1292919727753498631
1292919667133157377
1292919657830199297
1292919649403904001
1292919638200856576
1292919589672812547
1292919565954031618
1292919510870249473
1292919467488534530
1292919439470538759
1292919412551540736
1292919409628123142
1292919352908488704
1292919345358802946
1292919332608016391
1292919318859198464
1292919261715988490
1292919257009979395
1292919163674075136
1292919141490479107
1292918963790401537
1292918828800901123
1292918800669605888
1292918727382573057
1292918690766376961
1292918655446061061
1292918637620269058
1292918573690687488
1292918554568937472
1292918552966631425
1292918547707047941
1292918540228599808
1292918531638603779
1292918407701114880
1292918392144396290
1292918375803506688
1292918328328105989
1292918256865615874
1292918225261518854
1292918154071547904
1292918149181046785
1292918096802525188
1292918072047816704
1292918070613282816
1292918038346465291
1292918029068767234
1292917995472379904
1292917919144382470
1292917842417987584
1292917832167100422
1292917786642198528
1292917779151179780
1292917757739249664
1292917654697648128
1292917620421861377
1292917616953221120
1292917584732606468
1292917571034001414
1292917526607867905
1292917416717156352
1292917323494559752
1292917214618820615
1292917134524325891
1292917109694005254
1292917060033486856
1292916853522792449
1292916741568376845
1292916534336262144
1292916525104603141
1292916505433251842
1292916435833049090
1292916354392166400
1292916340232204288
1292916108023009282
1292916067208241159
1292916044814790656
1292916012132827138
1292916003807072256
1292915947792224257
1292915903735029760
1292915817839984641
1292915810709766145
1292915677909716992
1292915666954190848
1292915566458675201
1292915505196683274
1292915410132762624
1292915408153059328
1292915405623906304
1292915403577069570
1292915301588377600
1292915223905665024
1292915168356315149
1292914982187933701
1292914914353385472
1292914885626658818
1292914798812962817
1292914590238597120
1292914556600299520
1292914509053661184
1292914462631120896
1292914438635479040
1292914258469105667
1292914245332590594
1292914213241991168
1292914150214172678
1292914043540451329
1292914000750161920
1292913840070504448
1292913809548554246
1292913774748413954
1292913744457035776
1292913721619120128
1292913697405521926
1292913657320550405
1292913593567125504
1292913559681236994
1292913439262887937
1292913429502713862
1292913397701517319
1292913383856054272
1292913382673264641
1292913365455704069
1292913248262483968
1292913214573940739
1292913123368873986
1292913104301494272
1292913047795896324
1292912986408058880
1292912921064943619
1292912848893620224
1292912768371372034
1292912755444416512
1292912716064096259
1292912654814777347
1292912600993464321
1292912453882466312
1292912387503329283
1292912208779907074
1292912169592422401
1292912123379683328
1292912110561906688
1292912092010422273
1292911988423757824
1292911976415461383
1292911912032841728
1292911892965601280
1292911797775880194
1292911727370174464
1292911721808502784
1292911719040221185
1292911649721061376
1292911532511297538
1292911469286297600
1292911436700831744
1292911356996390924
1292911295122022400
1292911245427970048
1292911235814559746
1292911123596025861
1292911123029688321
1292911090758803457
1292911021850611714
1292911011993980929
1292910893941096449
1292910708838092800
1292910705721704453
1292910001229631489
1292909889128366080
1292909826696257538
1292909806185902080
1292909772346470401
1292909598802935811
1292909594432245765
1292909592876322816
1292909575608434695
1292909432951775242
1292909141053321216
1292909139413393408
1292909100787994638
1292909047071543296
1292908975307055104
1292908935616372739
1292908934857207808
1292908889869103105
1292908742678282241
1292908680812417024
1292908535131537414
1292908411525443585
1292908400162926592
1292908277144199173
1292908270420729857
1292908269619552257
1292908183015559170
1292908134311354373
1292908098076708866
1292908029063684096
1292907944217108482
1292907729418424320
1292907324093407232
1292907057226616834
1292906992621817858
1292906899424370689
1292906639612416004
1292906610759798786
1292906429351944193
1292906411417055238
1292906359462207488
1292906332564193281
1292906331914067968
1292906331318505481
1292906302784655362
1292906159867863042
1292906153433870340
1292906123620691969
1292905905089138688
1292905881366147072
1292905864014290946
1292905822436171778
1292905788458127362
1292905754127728642
1292905566273187840
1292905517606752258
1292905498933637122
1292905487227330568
1292905477580496896
1292905354624487428
1292905327768338435
1292905205999308805
1292905132397666308
1292905031558144000
1292905008208519168
1292904920140701697
1292904903275417600
1292904873558773760
1292904600064921600
1292904529424506882
1292904474932109313
1292904468409982983
1292904309882007557
1292904273072869377
1292904262339526658
1292904246619275264
1292904053836525568
1292904045573799941
1292903950077829120
1292903886290931714
1292903835451752453
1292903830502477830
1292903724843597824
1292903670581989376
1292903549945479168
1292903468605349888
1292903371578511363
1292903300048789504
1292903237209796609
1292902926504034305
1292902912948043776
1292902812721000448
1292902774271889410
1292902757083553795
1292902659930890240
1292902480737640449
1292902390925070337
1292902390576840704
1292902347010695170
1292902190793842688
1292902187782287362
1292902174159253513
1292902165669916673
1292902129838051333
1292902117859119115
1292902092521328641
1292902078340370432
1292901870953009154
1292901657660076040
1292901561803378688
1292901379258880001
1292901367397470208
1292901285834952707
1292901235876671494
1292901159024427008
1292901108478877697
1292900937787465730
1292900834586615808
1292900761144262657
1292900740885893121
1292900697801920512
1292900532126973960
1292900494160154624
1292900444352720898
1292900442117201921
1292900419925168128
1292900373439684613
1292900288727310337
1292900280439382017
1292900280183533572
1292900208758620168
1292900184188506113
1292900151061692416
1292899992152285184
1292899970706743297
1292899924322004993
1292899905611202562
1292899897692368898
1292899869271695360
1292899789139574785
1292899788510449664
1292899776770584576
1292899736492572672
1292899733934149633
1292899695115870208
1292899424948162563
1292899424428077058
1292899404307890177
1292899347437441024
1292899277572919297
1292899156936126464
1292899124405317632
1292899062568681472
1292899008424415232
1292898897447325697
1292898852845084672
1292898849540001792
1292898765129605124
1292898622879797249
1292898615791427586
1292898600800997385
1292898549357776896
1292898526234468352
1292898438070272000
1292898218515353600
1292898144045408256
1292898123036205057
1292898000835141633
1292897926616887296
1292897911542620161
1292897827593564161
1292897765228511233
1292897736560463873
1292897573225877506
1292897570726055939
1292897560412266498
1292897548869480449
1292897390731698190
1292897385358790664
1292897333219401728
1292897324243582979
1292897145503322112
1292897088666316800
1292896875499134977
1292896841965678592
1292896763129368582
1292896729638076417
1292896674126409728
1292896592140410881
1292896570279636996
1292896514759688192
1292896228083224581
1292896223167422464
1292896027650002946
1292896017281691654
1292896013875912704
1292895993931935745
1292895970812977153
1292895902009643008
1292895749945122816
1292895617417707520
1292895504859385857
1292895485100003328
1292895286063489024
1292895237728358400
1292895191356055557
1292895185555398658
1292895160041431040
1292895155758997504
1292895072334290944
1292895054130970624
1292895035911012353
1292894981607305216
1292894723808661504
1292894634516123648
1292894507525001216
1292894475581349889
1292894452026146816
1292894403120566274
1292894232349474819
1292894231401500674
1292894188359557120
1292894167383912449
1292894161268604930
1292894128410419201
1292894082973478914
1292894075939622912
1292894053143543808
1292894046608908288
1292894032927100931
1292893964694159362
1292893954682355712
1292893903612502017
1292893782665564162
1292893778055921664
1292893512988610560
1292893322613227523
1292893295828402178
1292893287712542723
1292893219546632195
1292893209794838529
1292893191818096641
1292893154795040768
1292892999387688960
1292892937911754753
1292892898120392707
1292892890662936577
1292892868621864960
1292892831913320449
1292892757560897538
1292892715479375873
1292892620985970695
1292892582981271555
1292892280676917254
1292892086463860737
1292891870180315136
1292891866363396096
1292891854015533057
1292891786495614977
1292891770997571584
1292891750265245696
1292891642677071872
1292891494685315079
1292891453119700993
1292891424657158145
1292891412233682945
1292891344420184073
1292891328423038976
1292891303173328896
1292891198491971586
1292891131995402243
1292891110092804097
1292891096398397440
1292891084826259459
1292891083144396800
1292891077343686658
1292891012361265161
1292890990689345538
1292890956518367238
1292890936092090368
1292890892630740992
1292890869448704002
1292890770060574721
1292890757037162496
1292890718260867078
1292890622504972289
1292890590598832129
1292890570516504577
1292890507413270530
1292890479508500480
1292890455798153222
1292890354996465665
1292890335622893568
1292890320640802816
1292890232891809792
1292890041367367681
1292890023654756353
1292890005199822856
1292890004289662977
1292890000254816256
1292889919539609602
1292889873842688004
1292889762076995590
1292889492429377539
1292889441011466240
1292889303362736134
1292889235947741184
1292889161767231489
1292889058725617664
1292889010315157504
1292888956900716545
1292888953255862272
1292888814940233731
1292888786192543744
1292888623575183360
1292888621637414912
1292888594848391168
1292888488124256257
1292888474824171520
1292888411385335808
1292888353948540929
1292888329491566596
1292888291856048130
1292888278690148353
1292888278165839872
1292888238043037698
1292888195676479491
1292888193747095554
1292888162218446849
1292888104391643138
1292888058644365312
1292888000150503425
1292887953421881344
1292887868478763008
1292887841383632896
1292887831686320129
1292887712442318848
1292887661661884417
1292887639293665281
1292887560889544710
1292887469835288576
1292887460653993986
1292887377476833285
1292887320774017025
1292887302017093633
1292887292797952000
1292887249730834432
1292887205631983617
1292887185063055362
1292887168696946688
1292887167627333634
1292887163634438145
1292887111142694913
1292887108743569408
1292887107363627010
1292887054490062848
1292886997569331200
1292886946868604930
1292886939520114690
1292886935661420545
1292886913112842243
1292886829818089472
1292886800386719745
1292886784284798977
1292886713572958210
1292886708523016200
1292886581532151808
1292886549957357568
1292886527257739271
1292886456206331904
1292886425130737667
1292886362090283008
1292886331249627136
1292886303772729346
1292886255819280384
1292886176043601921
1292886005071183872
1292885855099588611
1292885848493563904
1292885810170265602
1292885737860411392
1292885689739223040
1292885537418809347
1292885461829128193
1292885411250032640
1292885408909611015
1292885368052883458
1292885306643865600
1292885295604609024
1292885294375731201
1292885243310026752
1292885226885185536
1292885177467908096
1292885160191557632
1292885150527885312
1292885016100384768
1292885002619936770
1292884876786630657
1292884858587537411
1292884814824185856
1292884810474688513
1292884800588722176
1292884796822228992
1292884792120414208
1292884729038077954
1292884709631037441
1292884709203152898
1292884708024606720
1292884700672008192
1292884509239709698
1292884452742496257
1292884421494874112
1292884358332915718
1292884089960378368
1292884077922717696
1292884006795706369
1292883955813883904
1292883954505220097
1292883773927890945
1292883696282931205
1292883675114340356
1292883594076205057
1292883591463145472
1292883568641941505
1292883478711853056
1292883452375728128
1292883432960397313
1292883392183382024
1292883390287446020
1292883373304745985
1292883361871155201
1292883360424108032
1292883294770679808
1292883019460677634
1292882958223908866
1292882952507056129
1292882937868955649
1292882808441131008
1292882805207322627
1292882768301522946
1292882759157981184
1292882677851463681
1292882670989565955
1292882602051997699
1292882568925401088
1292882519134740482
1292882505473941504
1292882477514620931
1292882361059811329
1292882351903641604
1292882216230551553
1292882083765985280
1292882083149471746
1292881921668784128
1292881799111159808
1292881741175300096
1292881658295865347
1292881627937480705
1292881616109543424
1292881610229133313
1292881491274469380
1292881388312629253
1292881153616207872
1292881120640602113
1292881106094743555
1292881089711747072
1292881050901909506
1292881006635233282
1292881001631420419
1292881001291698179
1292880987597176832
1292880940608425986
1292880823952302085
1292880819716071425
1292880742368907266
1292880602316800001
1292880553700622336
1292880438739046401
1292880419449446407
1292880406119948292
1292879948412329986
1292879698016514053
1292879618127667204
1292879547457822726
1292879531385249792
1292879522581405697
1292879148013236224
1292878976797609986
1292878950260244482
1292878869909901312
1292878811411906560
1292878771930963973
1292878721154768900
1292878687600291848
1292878679173926912
1292878489851502595
1292878471107096583
1292878311757172737
1292878202466172929
1292878197147803648
1292878191137370113
1292878092541865985
1292878044680654849
1292878034484236289
1292878010865971206
1292877972257624064
1292877954381471744
1292877932785016832
1292877918109085699
1292877800370778113
1292877759849562112
1292877611287404549
1292877603951521794
1292877576835346433
1292877410552209418
1292877406982807553
1292877304025288712
1292877215139602432
1292877194797228036
1292877105445965824
1292877053839187973
1292876975753830401
1292876955587682305
1292876928643366912
1292876919722119181
1292876911295725570
1292876901070123008
1292876900264812548
1292876835072684032
1292876815887937536
1292876798582235137
1292876725412651008
1292876721729998850
1292876714780000257
1292876689949765632
1292876673499705349
1292876667006877696
1292876529362448390
1292876311749439496
1292876190823350273
1292876149165563906
1292876147219406850
1292876139485069316
1292876130849042432
1292876128055697408
1292876112398290944
1292876013991591944
1292875989282885633
1292875923834970112
1292875843291746309
1292875700689657857
1292875688542900226
1292875661141581824
1292875628811878401
1292875612810608641
1292875561929498625
1292875514739384321
1292875514689003522
1292875451237629952
1292875417825742850
1292875325932789764
1292875308945879040
1292875278721712130
1292875236648640513
1292875205329788928
1292875167325130752
1292875127550599168
1292875096483336193
1292875005274075136
1292874953717698562
1292874894624137217
1292874891595862022
1292874794376060930
1292874788285952001
1292874719356690435
1292874711202922501
1292874665904476162
1292874651874603009
1292874519854624771
1292874514603347970
1292874495104081921
1292874446907346944
1292874394969284611
1292874394143010818
1292874382487035907
1292874326895661061
1292874311099875331
1292874112071852034
1292873972439285760
1292873969511669761
1292873905523363846
1292873805505986563
1292873799877242880
1292873766444371969
1292873681178439680
1292873668473819141
1292873634307084294
1292873539566145541
1292873386021064706
1292873369621270533
1292873228717891584
1292873126682992641
1292873038179053569
1292873027168993281
1292872978590388225
1292872953982529539
1292872905110491137
1292872822189170694
1292872790350102528
1292872726659596292
1292872726634528770
1292872696590671874
1292872689967923202
1292872661601845255
1292872657206226949
1292872643453104128
1292872563807399936
1292872538905882626
1292872474011500548
1292872450254999552
1292872426762702848
1292872423281496064
1292872375739076608
1292872304804986881
1292872251373748230
1292872232046415873
1292872231132045312
1292872227181002757
1292872201209819137
1292872195727863808
1292872192296984579
1292872184260710401
1292872167282147328
1292872162605510657
1292872160562884608
1292872143949176833
1292872006023688192
1292871945185300482
1292871940802256896
1292871928349437954
1292871900281151489
1292871899177979905
1292871869176123392
1292871727576502272
1292871674426163210
1292871618415525892
1292871598416986112
1292871566527791104
1292871483769978882
1292871341587214337
1292871332548542464
1292871112892788738
1292871002427469825
1292870952309661697
1292870936748855298
1292870860806684674
1292870858030145537
1292870820730212354
1292870794851344384
1292870687720443906
1292870684570537985
1292870674273505280
1292870633425166343
1292870577192079360
1292870486280540160
1292870481289281536
1292870469444608004
1292870363748225027
1292870323940069386
1292870280952651780
1292870240360071169
1292870227013840897
1292870157786898434
1292870009816064000
1292869897882566656
1292869783227174914
1292869767016194049
1292869759516778496
1292869751300132864
1292869707595485186
1292869688825917446
1292869623931691009
1292869566289399813
1292869516544933888
1292869418427572225
1292869413335699458
1292869338190446592
1292869259530510336
1292869243231522819
1292869242308694017
1292869126596198400
1292869122552889346
1292869116588707841
1292869114512510992
1292869073634840579
1292869067783704576
1292869028155994112
1292868985575346178
1292868973340565505
1292868956181745666
1292868906957316096
1292868878444503041
1292868795674120197
1292868776115937280
1292868741999493125
1292868675494715399
1292868665411620865
1292868590211915776
1292868569135493121
1292868500084719616
1292868486457446407
1292868455675371521
1292868427439276038
1292868351241465856
1292868334476767235
1292868314100715521
1292868274963640320
1292868255003095040
1292868251710562304
1292868214582587393
1292868085561663490
1292868080364855298
1292868061205323776
1292867936806477827
1292867897954623493
1292867856393281538
1292867736884908032
1292867627929477120
1292867587538378752
1292867547751157765
1292867533322752000
1292867472819879939
1292867458181795840
1292867445192044544
1292867381790941184
1292867335573909506
1292867312442368004
1292867234730303489
1292867221228847104
1292867200420909064
1292867168577687559
1292867104304136193
1292867101682733057
1292867096716738560
1292867080723693568
1292866971118305280
1292866927325515778
1292866871411257346
1292866768541814790
1292866753509437443
1292866706247954435
1292866665944961024
1292866616598962176
1292866562416955393
1292866553495588866
1292866529671950341
1292866443567140864
1292866441881038849
1292866392144916480
1292866335865790464
1292866225845002243
1292866183406989316
1292866153463910400
1292866107976671236
1292866012791087105
1292865995485446144
1292865991450517507
1292865918700314624
1292865894364975104
1292865878254641156
1292865863486525441
1292865836634513412
1292865785657008128
1292865697220038662
1292865642190843907
1292865615032713225
1292865528042795008
1292865503598456832
1292865503225151488
1292865500809236482
1292865494501011461
1292865476461289472
1292865465145069568
1292865441849909252
1292865435231281153
1292865302510874625
1292865233917292546
1292865232264671237
1292865114983616512
1292865083966656512
1292865065914335233
1292865016715190274
1292865003737972736
1292864974000459778
1292864919440953346
1292864870375882752
1292864753430335488
1292864725441806336
1292864669913362432
1292864623801184257
1292864575692570625
1292864563428425730
1292864535825715202
1292864416300650497
1292864396906160128
1292864220413992960
1292864123945078784
1292864109604737032
1292863986623565824
1292863888317452294
1292863844860268544
1292863797720489989
1292863774005788675
1292863771615137792
1292863632125186048
1292863615666737153
1292863606149853184
1292863582284189697
1292863578534543360
1292863531881308160
1292863476021506048
1292863438335750146
1292863437349978119
1292863393850957826
1292863380177526792
1292863349131292679
1292863313987153920
1292863281640738817
1292863273189224449
1292863258689449985
1292863257666031618
1292863219858640898
1292863150010834946
1292863141165105155
1292863140586311685
1292863123108409348
1292863117832183813
1292863114816430081
1292863111926558720
1292863111825956865
1292863108491415558
1292863074052046849
1292863015533109248
1292862990669283333
1292862930804002816
1292862922176311297
1292862920267833346
1292862910985904128
1292862826864955395
1292862812658827265
1292862783349043200
1292862777703501825
1292862730932805634
1292862694173941761
1292862692567506944
1292862676557758465
1292862675232358404
1292862674183901185
1292862673194029056
1292862672401309699
1292862672132886528
1292862668219592705
1292862665354870784
1292862651572289541
1292862647533174785
1292862644706258944
1292862629573206017
1292862613030871043
1292862587206602756
1292862556726603784
1292862496479510531
1292862457287933954
1292862439638339584
1292862399595323392
1292862366158409729
1292862347149598723
1292862343156817920
1292862336303276034
1292862321690320897
1292862317097607168
1292862263582511106
1292862249896378368
1292862237783265286
1292862226601324544
1292862211925442573
1292862186725965831
1292862184998031362
1292862176760397824
1292862148721475585
1292862091825750018
1292862015095087110
1292861825554550784
1292861822282891265
1292861805497331712
1292861715655331840
1292861661217533952
1292861539469467648
1292861493264949251
1292861469051310081
1292861321617309696
1292861250653888514
1292861247826862081
1292861228587593729
1292861221780303875
1292861215627194368
1292861162560856066
1292861076149874689
1292861041001533440
1292860996495843331
1292860979588616198
1292860858402574336
1292860796863746050
1292860734326669312
1292860644384006147
1292860453224357891
1292860446853259268
1292860418646577152
1292860411864322048
1292860402120916998
1292860361205592064
1292860351168548864
1292860311394037768
1292860276581203970
1292860246453518341
1292860190350544896
1292860148285939715
1292860040752357376
1292860000122089476
1292859874297155584
1292859864675430400
1292859679425597442
1292859576749109248
1292859502887403521
1292859501872283649
1292859425640927234
1292859414622371841
1292859308569432064
1292859261949751302
1292859252973936640
1292859237438238726
1292859232379904001
1292859230815494145
1292859221739024390
1292859070488117248
1292859019426705409
1292859015278538752
1292859006143401985
1292858964837834752
1292858854796132352
1292858598444470273
1292858579884679172
1292858469511561218
1292858423227416582
1292858171535642625
1292858163599941646
1292858136118931458
1292858087280443393
1292858084482842624
1292857999510380544
1292857966895476737
1292857966610337794
1292857902013743110
1292857838180732928
1292857811517480962
1292857731616059399
1292857672014987264
1292857412895100931
1292857376199118848
1292857367785287683
1292857328895692800
1292857327591333892
1292857321333415936
1292857206443061248
1292857123131527168
1292857114482876417
1292857090193723397
1292856959604011008
1292856945636970496
1292856888275722240
1292856873322983425
1292856813671591937
1292856808902742016
1292856776157732864
1292856768117301257
1292856649099685888
1292856631395581958
1292856599648894978
1292856585115652098
1292856508930293760
1292856354051325953
1292856300699897858
1292856265719382016
1292856264272367619
1292856114409877504
1292856087172067328
1292856073687310337
1292855983463636992
1292855953663102977
1292855926320398336
1292855878337601536
1292855877637210113
1292855850315460608
1292855848339939335
1292855841566216193
1292855754807037957
1292855752596561922
1292855751262851072
1292855740420497412
1292855689652707328
1292855663815778309
1292855576326791168
1292855569305526272
1292855564704202753
1292855534039773184
1292855521960239104
1292855468705144836
1292855370944327680
1292855281857130496
1292855279890071553
1292855205680361472
1292855201695768576
1292855183312130050
1292855150873280512
1292855132661719040
1292855127225839617
1292855047164960771
1292855006648049666
1292854970728026112
1292854811109527556
1292854804482527232
1292854745527459840
1292854591290302464
1292854547447263232
1292854463204593672
1292854459794628608
1292854444594532357
1292854407474880513
1292854388994781185
1292854384183959553
1292854357684301830
1292854301396733958
1292854232400433152
1292854181448093700
1292854134870290432
1292854067149115400
1292853936114880513
1292853895040045058
1292853894452785152
1292853893890805760
1292853893299412993
1292853892498296834
1292853891848114176
1292853821115424768
1292853758762852355
1292853757038989312
1292853752798613507
1292853748776214529
1292853666328850434
1292853663711600641
1292853659504652291
1292853560875585536
1292853517279989761
1292853511957483526
1292853476955951105
1292853464947621889
1292853413667983360
1292853411902300161
1292853389555007489
1292853384056373248
1292853383133573120
1292853334173515777
1292853332093153280
1292853323826167808
1292853294277234688
1292853224668639232
1292853217458450432
1292853176828334080
1292853107072946177
1292853097237274631
1292853088760602626
1292853086168416259
1292853054237278210
1292853017440595975
1292852821608595456
1292852792592420871
1292852775265734656
1292852771570495495
1292852674854100992
1292852664288653314
1292852654041968643
1292852625533284356
1292852609926213633
1292852594931634179
1292852572185919489
1292852531744378882
1292852455823335424
1292852407307833347
1292852360297971713
1292852280937644032
1292852231327354880
1292852213992370176
1292852131276496897
1292851952779485184
1292851928506994688
1292851918709063687
1292851882243874818
1292851810928078855
1292851796973674497
1292851776585191427
1292851770608234499
1292851764832722945
1292851760822923268
1292851708406767616
1292851682720743426
1292851658133839873
1292851638936494080
1292851632397602817
1292851552168882181
1292851466395430912
1292851445247741953
1292851440097140745
1292851431989489671
1292851424108347394
1292851423663853569
1292851383675256832
1292851358903787523
1292851227794059265
1292851203940978694
1292851172605403138
1292851160789979137
1292851080007757826
1292851050991497221
1292850979755491328
1292850972495159298
1292850933181886466
1292850905763766272
1292850868971331584
1292850805377306625
1292850757864235009
1292850738733948928
1292850713148551169
1292850703598223360
1292850679577485319
1292850486257889290
1292850484143886336
1292850467089846273
1292850431786442753
1292850319504924673
1292850306972254208
1292850189875777536
1292850129779793921
1292850091754061824
1292850051623067649
1292850011588395009
1292849805941776389
1292849801277538309
1292849793396613120
1292849646872731648
1292849464135254016
1292849294177898496
1292849179912556547
1292848980603416581
1292848961938763778
1292848954430894081
1292848944607789057
1292848923867045890
1292848884969082881
1292848703695474691
1292848693918408705
1292848649278554114
1292848600398155777
1292848572661207040
1292848459683254274
1292848330205208578
1292848316196229127
1292848311930691585
1292848275297636353
1292848265772187648
1292848137963528193
1292848015938662400
1292847945260445699
1292847844790067201
1292847780776611840
1292847764993384454
1292847696504664067
1292847677290487808
1292847580368506880
1292847491986206721
1292847469383110657
1292847463729188864
1292847342585106432
1292847286775681024
1292847219088003073
1292847200964403200
1292847091526623233
1292847020445765632
1292846982000762880
1292846831022604288
1292846758733774856
1292846737967779850
1292846621210947589
1292846589598466053
1292846335973040129
1292846329568403459
1292846205177933827
1292846187679297537
1292846070591041538
1292846041117728780
1292845876952563712
1292845830148251648
1292845808807743489
1292845792458399744
1292845789035802624
1292845735805952001
1292845622123548673
1292845618491252738
1292845576678264838
1292845557338329088
1292845478862872578
1292845400198647809
1292845334062923778
1292845308137938951
1292845300885921792
1292845245261111296
1292845176038318081
1292845174515732480
1292845163195371520
1292845093683167232
1292845012808601602
1292845006143848450
1292844997180559360
1292844932726771712
1292844877651292160
1292844864334450695
1292844844382027776
1292844834445832192
1292844772344954880
1292844602060345344
1292844456845115398
1292844453892362243
1292844445986152449
1292844437018730496
1292844423991234560
1292844341833207808
1292844228314357761
1292844132734578688
1292844098492268544
1292844065294299137
1292844006804791302
1292843999674478594
1292843923631755267
1292843874432548864
1292843859333062656
1292843829876404225
1292843817868111874
1292843787513995265
1292843722917453825
1292843717435568128
1292843691267297280
1292843677614854145
1292843659877023744
1292843611005030400
1292843592218796034
1292843560425922560
1292843559100481538
1292843532424744962
1292843515223973889
1292843390439227392
1292843367282417665
1292843356620546050
1292843316913025026
1292843283744542720
1292843264580747267
1292843246360711170
1292843069809860610
1292843065741398016
1292843064160067585
1292843012750442496
1292843009801949185
1292842978076131334
1292842916419960832
1292842868026019843
1292842844340858881
1292842788871180289
1292842598902702080
1292842595736006657
1292842546402594817
1292842501930397696
1292842495211180033
1292842491729915904
1292842442555895809
1292842437342384128
1292842411865985025
1292842407554363392
1292842385127493632
1292842324138000385
1292842316676435968
1292842198631952386
1292842081292099584
1292842069900369920
1292842045728595969
1292842020860559361
1292841980301647873
1292841919488372739
1292841910135148557
1292841903000518660
1292841854711533568
1292841810138730496
1292841802454753280
1292841713187393536
1292841650004406274
1292841522015219718
1292841501572112387
1292841448539410432
1292841352477265921
1292841296411926536
1292841229424775169
1292841186470895619
1292841135573016579
1292841093600612356
1292841060692090880
1292841056090955776
1292841014202441735
1292840920258412544
1292840913589469185
1292840834510061568
1292840818584297479
1292840646512910339
1292840632428441605
1292840548416585728
1292840501524267009
1292840475129520129
1292840373124050947
1292840318837170179
1292840298079563776
1292840284875829249
1292840233139154946
1292840203745480705
1292840177799516162
1292840152453316611
1292840146874830850
1292840043938283521
1292840023704903680
1292840003995938816
1292839990100140033
1292839910215426057
1292839900652417024
1292839840279662592
1292839797111783425
1292839795320913920
1292839779487420416
1292839636352602118
1292839574641741826
1292839528932225026
1292839448045146112
1292839433771855874
1292839412607455233
1292839380164456453
1292839356558913537
1292839320638885888
1292839285138300930
1292839284945420290
1292839272358252546
1292839230260076550
1292839222748106753
1292839170193469442
1292839164208132098
1292839150874497026
1292839140883652610
1292839066107551745
1292839058306203650
1292839019093454854
1292838992816353282
1292838859110092801
1292838714595520516
1292838688725106688
1292838665157312513
1292838553358077963
1292838537180647428
1292838459581882370
1292838413616521217
1292838404170932228
1292838403483074560
1292838396201664515
1292838344196489217
1292838319869632512
1292838298101207043
1292837980420345857
1292837967308914688
1292837895594823683
1292837867870453766
1292837818197254144
1292837794360983552
1292837718238658561
1292837618753961985
1292837610134675457
1292837582695550982
1292837554778243073
1292837501628026881
1292837464520957956
1292837428294811648
1292837351971000322
1292837282668589057
1292837265316753408
1292837262040981504
1292837219162562562
1292837174908538880
1292837077311201282
1292837053449809920
1292837024622419968
1292836970767568897
1292836877171593217
1292836847824109575
1292836836461731842
1292836796108349441
1292836756627304453
1292836674167349250
1292836668727271428
1292836567279706113
1292836560774234113
1292836380603830273
1292836357434413056
1292836344771870721
1292836278036246531
1292836210042380292
1292836161220730880
1292836127691481092
1292836112264765443
1292836091633041408
1292836082938187776
1292836039376228352
1292836014046818304
1292836009621835777
1292835988465737730
1292835930307530752
1292835924041175040
1292835851681050626
1292835828373348353
1292835828213964800
1292835724203622410
1292835704993722373
1292835702028275713
1292835602476474368
1292835588782120961
1292835571363131392
1292835559853957120
1292835522356838401
1292835364797927424
1292835211324141569
1292835152033390595
1292835112003018755
1292835072924622850
1292834947477188610
1292834904837959683
1292834880641015808
1292834869660311553
1292834821463474177
1292834755944341509
1292834657596321792
1292834567812939777
1292834543456727044
1292834492760154113
1292834478847598595
1292834434127933445
1292834334827839488
1292834329484316677
1292834300359061504
1292834296659664899
1292834228535726082
1292834162991419392
1292834024096923649
1292833988692922368
1292833964726648834
1292833945436987393
1292833826587246592
1292833819716915206
1292833792667918342
1292833749508526080
1292833733037481985
1292833562320941057
1292833559594532864
1292833537255669760
1292833512802967552
1292833463964491776
1292833449120862209
1292833402400505856
1292833370892906496
1292833200117514240
1292833186024697861
1292833141053415424
1292833107008278529
1292833041463881728
1292833033054228493
1292833032517357570
1292833008182079489
1292832980793282561
1292832979832786946
1292832969661583361
1292832944860672006
1292832879819591683
1292832863889567744
1292832859045220353
1292832818129702912
1292832786420727810
1292832772223049728
1292832680078442497
1292832618745073665
1292832594913038340
1292832586562187270
1292832582384717825
1292832496275652609
1292832466382852098
1292832381666197506
1292832323021484033
1292832260585029633
1292832255660957698
1292832246026706946
1292832148051959813
1292832098349449217
1292832058558091266
1292832052644020224
1292832018338689025
1292831997149290496
1292831965838745601
1292831908246835206
1292831881529106432
1292831798523768832
1292831776805736450
1292831771315376128
1292831549977698307
1292831548950155265
1292831440418353153
1292831329466408961
1292831304891998208
1292831286860677121
1292831210452942849
1292831162520436736
1292831137195229184
1292831081926987776
1292831022229458944
1292831012091764737
1292830930952957953
1292830929107509249
1292830866440413184
1292830856055345153
1292830780369047552
1292830765944799232
1292830715059539968
1292830639356510212
1292830617005105153
1292830602438344709
1292830600987062278
1292830556464578560
1292830532531900416
1292830358640173056
1292830357314834432
1292830340604555271
1292830303141212170
1292830297403392002
1292830266000637957
1292830198623358977
1292830174992572416
1292830163126964226
1292830156646756352
1292830118747017225
1292830109590859782
1292830084353720322
1292830073284960262
1292830032256278528
1292829898936127490
1292829785748656131
1292829752479408128
1292829740424986627
1292829721349296128
1292829678991020032
1292829587504799744
1292829508756738048
1292829477978939393
1292829472908025857
1292829463143747584
1292829447037620224
1292829352284086272
1292829270092505089
1292829268880302080
1292829237234335746
1292829183983456256
1292829017473679360
1292828971420323841
1292828970677919745
1292828932606251013
1292828902981681153
1292828772656394240
1292828712912789510
1292828690422923266
1292828673779925000
1292828642251350018
1292828602988408832
1292828558616821761
1292828464815497219
1292828401267609600
1292828348234727425
1292828341393928192
1292828316194484225
1292828280207413248
1292828267603529737
1292828204579852288
1292828092629684226
1292827997762990080
1292827973708582912
1292827942930784257
1292827933334274050
1292827916309532673
1292827896445378564
1292827867265601536
1292827863729799169
1292827835565039618
1292827816518549508
1292827737070145536
1292827702907543552
1292827675795628033
1292827640634773505
1292827635484065792
1292827566634676224
1292827427140444162
1292827377228275713
1292827338934235136
1292827274132303873
1292827206041964545
1292827157572603907
1292827048445128705
1292827047874756608
1292827046910009345
1292827042996801536
1292827015536619520
1292826936453062662
1292826872661905409
1292826808262459392
1292826616209563648
1292826588954886144
1292826543312515073
1292826539436978179
1292826486630735874
1292826479722672131
1292826459439083520
1292826447791493120
1292826368103899137
1292826362617761796
1292826267709038593
1292826219176759297
1292826124318388226
1292826112800821248
1292826020010176512
1292825963974336519
1292825934261886982
1292825844558200833
1292825830989737986
1292825799880515586
1292825756570210304
1292825643965612034
1292825584201076736
1292825575409831937
1292825502026268675
1292825484552699907
1292825478424821760
1292825474050281473
1292825450419556357
1292825364100677633
1292825181950545921
1292825178834194432
1292825022965440513
1292824968288509953
1292824954795429888
1292824867339993091
1292824812998529025
1292824790068277251
1292824750230822913
1292824726625226752
1292824656030969856
1292824319018635264
1292824234272739328
1292823958413357058
1292823935881555969
1292823922254262276
1292823901727318017
1292823805220487168
1292823793648443395
1292823739198066688
1292823712476127232
1292823706369241089
1292823696311226376
1292823669211901952
1292823556414418949
1292823456686514177
1292823365305217028
1292823330194628608
1292823324951748608
1292823229707554816
1292823193376436226
1292823139664236547
1292823115395993606
1292823095980556290
1292823047871832064
1292823044646371334
1292823029848969216
1292823012811644929
1292823010399985664
1292822895580905472
1292822819861127168
1292822815541002241
1292822773912539136
1292822752269926401
1292822741809352705
1292822704677060609
1292822590176649217
1292822553980030977
1292822533687959552
1292822532542869507
1292822530894573569
1292822503509942274
1292822502213914627
1292822501354024963
1292822488708243458
1292822461495619584
1292822422031405067
1292822274500890626
1292822263889371136
1292822225666670592
1292822122230939650
1292822085941833733
1292821962239115265
1292821957491200001
1292821778486747137
1292821767929569281
1292821759570386945
1292821692839067649
1292821661432119302
1292821450899034113
1292821437238124546
1292821070958022656
1292821054403022848
1292821020135559171
1292820881203396608
1292820750504808456
1292820637988392960
1292820551698976770
1292820465489240064
1292820443875938305
1292820424582139909
1292820368214851584
1292820337059606528
1292820269560733696
1292820243287613442
1292820227605049345
1292820198807003136
1292820195636060160
1292820182868676608
1292820154594873348
1292820054560722945
1292820016648290305
1292820009031544833
1292820004518465542
1292819930505711616
1292819888462012416
1292819770580992001
1292819762448199680
1292819751119523841
1292819679652786176
1292819622492766209
1292819606139211777
1292819333605994496
1292819211111325696
1292819154467205123
1292819151434678272
1292819138080124928
1292819126088605700
1292819069050249217
1292818967418068995
1292818942759763970
1292818908794294273
1292818839139385344
1292818732297916416
1292818575649120256
1292818548625215490
1292818483852595200
1292818469403136000
1292818418643722242
1292818093849358337
1292818071783190530
1292817768639795203
1292817747894837251
1292817738579283969
1292817705389756417
1292817693737979904
1292817624292786179
1292817598074302465
1292817490804903941
1292817490150481921
1292817398123368448
1292817303617318914
1292817301243416581
1292817198478696448
1292817193265242113
1292817155495469057
1292816991426928641
1292816979632500741
1292816975853486081
1292816876448473090
1292816832819277824
1292816692989566979
1292816667672752128
1292816661955977216
1292816249471344640
1292816219624669184
1292816199252877312
1292816116465774592
1292816060794667008
1292815990737313792
1292815909992697856
1292815878669709312
1292815740081496064
1292815717969076224
1292815625241403392
1292815468529623050
1292815456508706817
1292815455741186050
1292815443363860480
1292815434144784384
1292815426108436480
1292815372186525702
1292815368474558464
1292815348971036673
1292815327022272512
1292815299276939265
1292815253928136704
1292815185493856257
1292815126123479041
1292815097962913794
1292814724799791106
1292814670236127234
1292814597171417088
1292814548697743362
1292814512060588035
1292814285098319873
1292814233768517633
1292814165296459777
1292813997973090304
1292813858483167232
1292813469570535425
1292813464117874690
1292813397633966081
1292813377652363265
1292813348384497666
1292813330038624256
1292813288552701952
1292813161255575553
1292813136697929730
1292813073439481857
1292812996524244993
1292812946352017409
1292812913208696832
1292812857634103301
1292812853305651200
1292812852626169859
1292812787157282817
1292812782858113024
1292812769180422146
1292812746023751685
1292812744450768903
1292812716961341440
1292812687697678338
1292812660250222593
1292812646899736577
1292812552435531777
1292812541123584000
1292812320599662592
1292812252609941507
1292812252001849347
1292812095633973248
1292811969775509504
1292811902247227393
1292811869519065089
1292811868210421761
1292811818675601408
1292811803496517633
1292811741081014276
1292811691269525504
1292811658474262528
1292811601331068928
1292811520305500164
1292811475820650496
1292811404186193927
1292811307918516227
1292811263911890945
1292811263815430148
1292811123536941058
1292811090435485696
1292811017160982530
1292810986932572164
1292810661106454529
1292810644874559489
1292810624506920960
1292810594295394306
1292810547180834818
1292810539551412225
1292810445989056513
1292810437734600713
1292810424275152896
1292810400636063744
1292810389558788096
1292810367287152640
1292810326870831105
1292810313885261824
1292810184188932096
1292810135866310656
1292810097614364672
1292810095848574978
1292809990475055106
1292809978915545089
1292809949861552128
1292809810946281477
1292809808731688961
1292809808568098816
1292809790893240320
1292809669593960449
1292809545690099713
1292809395282247680
1292809323211567105
1292809249689657345
1292809164058697729
1292809103404924928
1292809077542789121
1292809071461105664
1292809053685645312
1292809051978465281
1292808951495630848
1292808929273974789
1292808707429072897
1292808656216629248
1292808632309035014
1292808612499337216
1292808573219672066
1292808517645152256
1292808424670089217
1292808386401239040
1292808312627568642
1292808147485294599
1292808119907745798
1292808110701195265
1292808067378229250
1292808061678161920
1292808060755484672
1292808030137065472
1292807945240158210
1292807926973964292
1292807914705518592
1292807821747261440
1292807793972596736
1292807743447994368
1292807683553349643
1292807650976182275
1292807633955688448
1292807601084923908
1292807594181111809
1292807587059073026
1292807538879139842
1292807462979076097
1292807362043154432
1292807277653745666
1292807276244406273
1292807150834679808
1292807099030831104
1292807090193543169
1292806993648943104
1292806974330089473
1292806904729796608
1292806833539878912
1292806819728052225
1292806792871911425
1292806684344299521
1292806666791133184
1292806658096271360
1292806608557412352
1292806557114290178
1292806546049642497
1292806435764604930
1292806382756954113
1292806350439882753
1292806295859462145
1292806215257530373
1292806084659421190
1292806068830195712
1292806053722230788
1292806050916311041
1292806049527988225
1292806044712869889
1292805998126796800
1292805869579771905
1292805779188318210
1292805698007584769
1292805651572367360
1292805558651756545
1292805432843612160
1292805417794449412
1292805360626081793
1292805260860370944
1292805175003021312
1292805126240051200
1292805015514619906
1292804803735760902
1292804785297666056
1292804647208583169
1292804614077779969
1292804589075542023
1292804557865734149
1292804534536986624
1292804325991997441
1292804265837240321
1292804239471849472
1292804161361387520
1292804121683267584
1292804057950715905
1292804006981644288
1292804006818045952
1292803953172807682
1292803887431331841
1292803844636909569
1292803818460151813
1292803769542094849
1292803643083821056
1292803623894896643
1292803468974006275
1292803464754597894
1292803462573555712
1292803440008142848
1292803399667404806
1292803273725022208
1292803202115678209
1292803194431537153
1292802975430258689
1292802879523233797
1292802839056723969
1292802825748185088
1292802766486765568
1292802716553613312
1292802712191598592
1292802710564147200
1292802627407876097
1292802605530460161
1292802487339163650
1292802334792318976
1292802309999689731
1292802307894247426
1292802296368242689
1292802291716820992
1292802230983241728
1292802227510423552
1292802223655858176
1292802154336530432
1292802146283462658
1292802020018196481
1292801852069863429
1292801837100339201
1292801815805911047
1292801812802736128
1292801783526502402
1292801684301910016
1292801636180668416
1292801632149868544
1292801598251577344
1292801594174640128
1292801508539535365
1292801243061067777
1292801107371134978
1292800960994119681
1292800958116896769
1292800883152097281
1292800574770077701
1292800536299941888
1292800522051702785
1292800406377070598
1292800402904289282
1292800369672691712
1292800301305602054
1292800278111170560
1292800178555162624
1292800095759605760
1292799978348384256
1292799943904813062
1292799798123339777
1292799733002575872
1292799725792616448
1292799440525373441
1292799386171383808
1292799216377569280
1292799210593701889
1292799181250330624
1292799163206447104
1292799158940835840
1292799091244761088
1292799050002190336
1292799024324583430
1292798998911373313
1292798964144779272
1292798945349992448
1292798928392531970
1292798926823792640
1292798854342086656
1292798853171773440
1292798840442101761
1292798837724151808
1292798775254224902
1292798714302664704
1292798616952856576
1292798576033173504
1292798572199583747
1292798550397591552
1292798549969829888
1292798521394040832
1292798499533225986
1292798495670308864
1292798441471582208
1292798421426995200
1292798375323213824
1292798350484557824
1292798313796968455
1292798258390106117
1292798105683988488
1292798032321433600
1292797968962265089
1292797953866969089
1292797844924108801
1292797696038838273
1292797689357381632
1292797676543774720
1292797637201211392
1292797570012581888
1292797561028452352
1292797549460500482
1292797488034910214
1292797351464239111
1292797333818810373
1292797225882583040
1292797138724892673
1292797123986165761
1292796999549550592
1292796965856710663
1292796937347960839
1292796934487449600
1292796887238610944
1292796864484564992
1292796790991917056
1292796686574800900
1292796647425093633
1292796617708449792
1292796603124908034
1292796460136833025
1292796357833613312
1292796337143111681
1292796282285719553
1292796231622766593
1292796081865134081
1292796079797424129
1292796042006736896
1292795947727159301
1292795771935391747
1292795695922118657
1292795647419133953
1292795638774669314
1292795596433174528
1292795578653593600
1292795486433312773
1292795400097861632
1292795337443336192
1292795247290966018
1292795093448089600
1292795027278704640
1292794995238408193
1292794797422522369
1292794778619449346
1292794691809935360
1292794681932251137
1292794679013126149
1292794649002807297
1292794643869061120
1292794634435952642
1292794630048747520
1292794531763625984
1292794521382793217
1292794502671998976
1292794490663600129
1292794445759471616
1292794355942645760
1292794347231031296
1292794327509475328
1292794313106219010
1292794284819853315
1292794249638010880
1292794228666437633
1292794222131777536
1292794058016948225
1292793980925685764
1292793973313081344
1292793973233385472
1292793941583114240
1292793927540658177
1292793892312698880
1292793864869367810
1292793826105532418
1292793784259031040
1292793683134251008
1292793587323883521
1292793573914673155
1292793455492640769
1292793361032712194
1292793260868591617
1292793168677789697
1292793164143775750
1292793023181533184
1292792991875321857
1292792909171961862
1292792892801585152
1292792869590315008
1292792843224993792
1292792839731118084
1292792816633098241
1292792752011390979
1292792746483363840
1292792699616141312
1292792677289918469
1292792650735779843
1292792566396616705
1292792500730699777
1292792479171989505
1292792461069299715
1292792460503113728
1292792400105086982
1292792381989949440
1292792307809427457
1292792222920904704
1292792053471023106
1292791961942990848
1292791950068916224
1292791793369718784
1292791687375462401
1292791586372419588
1292791536778969088
1292791492692586498
1292791487231676416
1292791368465686528
1292791323553128448
1292791205999390721
1292791205621899266
1292791190048460800
1292791189821849602
1292791171559890945
1292791163330662401
1292791148554133504
1292791078698065920
1292791068677857281
1292791058921922560
1292791037056950273
1292790984800194561
1292790912628731909
1292790889832689667
1292790882278801410
1292790853346435073
1292790840767787008
1292790792751329283
1292790723188752385
1292790721104281606
1292790705866379273
1292790605563789313
1292790575452893185
1292790574265901057
1292790557413081088
1292790546071773184
1292790534524866562
1292790497153613825
1292790429428191234
1292790372754698240
1292790334733287424
1292790299497058305
1292790269826433024
1292790257814048771
1292790214281367552
1292790146362900481
1292790062753751040
1292789965513003008
1292789917169442817
1292789906750701571
1292789883564699648
1292789772159782914
1292789764240932870
1292789653867769857
1292789648067121153
1292789636255883264
1292789536913842176
1292789447260614659
1292789318193426432
1292789089322913794
1292789087259197441
1292789077465587712
1292789044796166146
1292789040798937089
1292789034599800833
1292788881927135233
1292788870849978368
1292788811806715904
1292788803372023810
1292788759545745408
1292788743661903873
1292788692017389568
1292788652607774721
1292788634270216192
1292788633720754176
1292788633137750016
1292788632340893696
1292788607175004160
1292788506352394240
1292788453621538816
1292788355978199040
1292788259110690816
1292788192190574592
1292788179922288640
1292788064364957696
1292788033838895104
1292788007477665792
1292787976271847424
1292787928691879936
1292787903924445185
1292787896752263169
1292787859011796999
1292787847624302592
1292787729466642432
1292787704053235714
1292787591184633856
1292787565268029442
1292787527561224192
1292787454886510593
1292787414205956098
1292787363886903296
1292787193526788097
1292787153659924480
1292787096583917568
1292786989947813889
1292786985321594886
1292786902828044289
1292786868313104384
1292786795374088192
1292786760225783808
1292786289050357760
1292786264983457793
1292786243072405505
1292786150655102983
1292786063900053506
1292786059378667521
1292785874174910464
1292785868445450246
1292785854646280192
1292785798954319872
1292785787247919104
1292785772035297280
1292785736282968065
1292785730507476998
1292785727927914496
1292785705652031488
1292785625649881088
1292785622273400833
1292785616728592384
1292785502530285571
1292785495198621696
1292785402961698816
1292785368350240768
1292785365200384000
1292785358434902019
1292785326537109504
1292785239929032706
1292785165627002880
1292785149998960640
1292785048501063685
1292785039827238913
1292785017547038721
1292784991450079232
1292784969694289920
1292784968809291777
1292784911552843776
1292784832666390530
1292784811837468675
1292784794380754946
1292784709941047301
1292784695931998209
1292784587240808450
1292784520383602691
1292784513207107585
1292784455069958145
1292784356063350784
1292784234780864512
1292784176144568321
1292784067071676418
1292784044044935168
1292784002206765057
1292783987677634560
1292783981092429826
1292783949505323008
1292783828902252544
1292783777819885569
1292783742453456896
1292783724258635776
1292783723184902144
1292783691887005696
1292783589646639105
1292783584118546432
1292783563402862595
1292783555991478274
1292783479491629056
1292783462047518720
1292783436764254211
1292783432871940098
1292783391381889024
1292783250507735043
1292783121566490625
1292783094609719296
1292783088930557953
1292783085457678338
1292783064997941248
1292782982856663042
1292782978331025413
1292782907501817860
1292782865697013761
1292782672964722690
1292782664752271367
1292782630283468801
1292782614064107521
1292782612151508992
1292782568824332298
1292782450184269826
1292782446480678912
1292782423047118848
1292782340830265344
1292782143651815426
1292782115856232448
1292782093181882369
1292782050580131841
1292782020360380416
1292781888860573697
1292781817297350656
1292781774423166976
1292781657473376258
1292781592847548419
1292781566008209409
1292781558097743875
1292781487662804992
1292781430867734528
1292781253515763713
1292781225699147776
1292781151334146051
1292781094316781568
1292781077413724160
1292781049215418368
1292780915899486208
1292780797108387842
1292780726207864832
1292780704363929600
1292780671639924737
1292780502403948544
1292780466630795264
1292780396548063233
1292780386041430016
1292780369402617856
1292780339853766656
1292780294941138947
1292780279627747329
1292780266084335616
1292780250909356032
1292780243296673792
1292780208291028992
1292780116435709952
1292780099079634944
1292779963519729665
1292779911342706688
1292779775665340416
1292779722712264711
1292779673433169920
1292779596212056065
1292779592663564288
1292779588381179904
1292779569796263936
1292779477827825667
1292779474103218176
1292779389118222336
1292779332272824320
1292779329378824192
1292779281660215296
1292779259229016064
1292779202153009153
1292779179721789440
1292779006484533249
1292778970329612288
1292778842428407809
1292778684273831937
1292778680683573248
1292778661914058755
1292778636177809423
1292778620268707840
1292778581286887424
1292778465322774528
1292778429990023168
1292778373471776769
1292778246174576641
1292778092101074947
1292778056642420737
1292777996173152257
1292777987570532352
1292777952015462403
1292777931807195139
1292777926048481281
1292777924828057600
1292777901713235968
1292777731940392961
1292777720112390144
1292777667935309824
1292777644619169795
1292777632510214145
1292777600897765377
1292777585542389761
1292777512762847232
1292777442076221441
1292777441468055553
1292777430655131648
1292777364448063490
1292777277412069377
1292777260198629376
1292777230351896580
1292777224802885633
1292777190438903809
1292777182360678400
1292777172374032384
1292777120972836864
1292777113473482752
1292777109736357889
1292777019403653120
1292777011883192322
1292776995282210818
1292776972448407553
1292776935643381760
1292776907302469634
1292776897894653953
1292776853695070209
1292776707171258368
1292776690524000258
1292776654633394176
1292776647066779648
1292776635222106113
1292776592167571456
1292776285484331008
1292776274470080514
1292776243855855622
1292776228152320000
1292776177678024705
1292776171185348608
1292776113761026049
1292776081980825600
1292776049529499648
1292775964838109184
1292775947129819136
1292775809497825282
1292775783707086850
1292775622410940417
1292775584452550656
1292775554291204096
1292775548608012288
1292775511664590854
1292775485945122818
1292775471214661633
1292775466504466435
1292775460045230081
1292775444736081920
1292775421273137154
1292775326490263555
1292775240167305216
1292775211612413954
1292775193857921025
1292775120168267776
1292775107698597888
1292775064677605378
1292774996478222336
1292774914093719553
1292774905734463488
1292774899426242561
1292774867255820289
1292774818111270913
1292774753829302272
1292774710867111944
1292774702809833473
1292774528783986688
1292774460974661633
1292774429987147776
1292774329827168257
1292774237506285569
1292774175606800384
1292774152382881793
1292774108804124672
1292774096456032258
1292773965874765824
1292773823352377345
1292773818667237377
1292773807523078144
1292773788791255040
1292773754876174338
1292773728393277440
1292773722030592000
1292773684617392131
1292773680829825024
1292773679269642242
1292773599951060992
1292773473778098177
1292773390021988352
1292773191857905665
1292773166083973122
1292773146089660417
1292773113642573824
1292773059162710016
1292773026174468096
1292772887045308417
1292772813053583360
1292772664491282436
1292772512154165248
1292772506894585856
1292772416586907648
1292772342851088384
1292772338648350726
1292772283996606466
1292772257757114369
1292772256104566786
1292772241969733633
1292772093508100096
1292772071781605376
1292771991901085696
1292771939262459912
1292771934267150336
1292771884279504897
1292771853308755968
1292771841204006912
1292771819532046336
1292771792990412800
1292771772987826178
1292771753454964741
1292771743178907648
1292771674656514048
1292771625847394400
1292771488416899073
1292771474793734145
1292771410943893504
1292771408267837441
1292771345097543682
1292771322611871745
1292771305339535361
1292771231570235398
1292771215610912769
1292771099785269248
1292771070596923392
1292771009184116737
1292770969724104704
1292770920759787523
1292770877222916096
1292770773350973440
1292770754078093313
1292770715641565184
1292770664001212421
1292770632858566656
1292770581868417024
1292770511521492992
1292770483927166976
1292770438167306243
1292770291593158657
1292769925937934342
1292769921311617025
1292769845159788545
1292769715262234624
1292769650120548354
1292769634974937089
1292769603400105985
1292769528997453825
1292769373946613761
1292769363293020160
1292769332880117762
1292769310050603009
1292769191548911617
1292769186238935040
1292769109235634176
1292768895061942272
1292768846655492096
1292768676178010113
1292768671702626304
1292768541477920768
1292768506904289280
1292768390818521093
1292768176531484672
1292768163604701185
1292768101373747200
1292767827838083072
1292767796863086593
1292767755410833408
1292767750306357249
1292767724230324226
1292767704009576448
1292767664511819777
1292767661919801344
1292767624808542211
1292767601685405698
1292767579296202757
1292767553182486530
1292767544546336768
1292767541677428736
1292767500535554049
1292767495934431232
1292767495330422785
1292767431044345857
1292767415928074242
1292767360106008576
1292767346520723456
1292767285271289861
1292767282209464320
1292767172591329284
1292767113040592897
1292766903593832448
1292766825487400960
1292766808194404353
1292766601939488769
1292766580003295232
1292766556305448961
1292766445324165121
1292766210870910976
1292766178256080897
1292766106734796800
1292766082399436801
1292766077777256448
1292765992196673536
1292765968628953089
1292765826030940160
1292765741658386433
1292765685890850816
1292765667054227457
1292765636515581952
1292765531284606978
1292765456667942912
1292765380931399683
1292765328183877632
1292765309376626688
1292765301302611968
1292765258449399808
1292765157651775489
1292765010222100485
1292764957558349824
1292764947643011075
1292764911890726912
1292764880722952192
1292764759268438016
1292764714838241282
1292764709947674628
1292764513578745858
1292764401599164417
1292764382083125249
1292764285853212678
1292764251715772416
1292764243746533376
1292764209927815168
1292764176264450048
1292764143938867202
1292764066503680000
1292764027974803456
1292764016943792128
1292763988611215360
1292763865537798145
1292763820277071872
1292763813369061376
1292763762995462144
1292763753910538240
1292763610750627842
1292763601799991296
1292763498339094528
1292763487186427905
1292763477367455744
1292763430324252673
1292763377006190592
1292763317161938944
1292763306994868224
1292763302293123073
1292763301860999168
1292763236106932225
1292763217354207233
1292763203710210052
1292763179521638400
1292763178405965825
1292763151239438342
1292763139923152897
1292763049229783040
1292763037292797952
1292762972125831169
1292762913556529158
1292762832317157376
1292762788792864768
1292762667602661376
1292762344838385664
1292762307165073410
1292762295978917888
1292762272658591745
1292762232498139136
1292762183072456707
1292762045843214336
1292761989652127745
1292761893296373760
1292761665780486144
1292761639905890304
1292761622122045442
1292761615314681857
1292761548625190917
1292761523253850113
1292761473459027968
1292761468820226050
1292761452756045824
1292761364012859394
1292761361597030400
1292761277941547009
1292761244181635073
1292761207821271040
1292761182508650502
1292761150581616640
1292761075302248448
1292761066188005377
1292760979332386816
1292760948843982848
1292760945136197632
1292760874504065025
1292760864672669697
1292760835744505857
1292760711932850176
1292760683067703296
1292760520349462528
1292760420114210816
1292760415856930818
1292760406902153217
1292760376170418179
1292760296180920323
1292760259002609664
1292760207953735687
1292760184172040193
1292760082745298945
1292760066437926912
1292760062491004934
1292760031528706049
1292760000784367616
1292759978042961920
1292759832618045440
1292759783309811712
1292759766943576064
1292759606649913344
1292759532888887296
1292759347106324480
1292759306958508032
1292759251690151937
1292759105023737856
1292758968608194560
1292758899599319045
1292758852522344448
1292758845002002432
1292758786655084544
1292758712713707522
1292758710658400256
1292758700697030657
1292758653154529281
1292758624683659265
1292758618132090881
1292758576151265280
1292758546887725056
1292758512095956992
1292758490642096128
1292758372987686912
1292758357598711809
1292758314334511105
1292758303525801984
1292758255794561024
1292758210131238912
1292758060478365696
1292757823768666112
1292757769670610944
1292757750028611584
1292757734895624192
1292757636522311680
1292757551411601408
1292757541970223104
1292757517999710209
1292757515143348224
1292757432972857345
1292757349518708738
1292757301133291521
1292757292488757248
1292757173135695873
1292757105611595777
1292757077530640384
1292757061810479106
1292757001609588736
1292756940054036480
1292756883678416896
1292756880243200001
1292756824945504261
1292756709606330368
1292756679399022592
1292756564789669890
1292756562151448576
1292756551799898113
1292756537061113861
1292756501531172864
1292756475413233667
1292756424498569218
1292756366302552065
1292756281372155904
1292756270462705664
1292756260467736576
1292756164019658752
1292756138275020800
1292756129437683713
1292756123154554881
1292756106251575297
1292755964828045313
1292755897454866433
1292755844011089921
1292755839145607169
1292755830224322560
1292755777967489025
1292755749135949824
1292755734061621248
1292755700146470913
1292755698464559104
1292755659436503041
1292755610438598657
1292755584794722305
1292755546572029952
1292755525361377280
1292755510115151873
1292755416993206272
1292755352858001409
1292755283375259648
1292755239049793537
1292755175292239872
1292755124880900099
1292755119721926662
1292755067259490304
1292755052051025921
1292755049479843845
1292755033944203265
1292754985881686016
1292754872820019201
1292754808135462912
1292754759829663744
1292754733380362242
1292754672651055104
1292754672206438401
1292754664216297472
1292754524805922817
1292754394384076801
1292754199386763265
1292754146022563840
1292754105069445120
1292754103118987264
1292754050333769729
1292754003605020675
1292753958163886080
1292753947669733376
1292753890945966080
1292753712407027713
1292753647533805568
1292753578579374081
1292753566189330434
1292753555049324545
1292753541547937792
1292753437101367301
1292753396613742594
1292753391320469504
1292753388862689280
1292753289998721029
1292753143726592002
1292753040978608128
1292752915640311813
1292752884111745025
1292752770064437250
1292752527738507264
1292752483706707969
1292752473241858050
1292752414014144513
1292752367746723840
1292752341314265089
1292752331596091392
1292752178696904704
1292752124539961344
1292752018701000709
1292752008475226112
1292751980801163264
1292751947808866304
1292751629654151168
1292751582564618240
1292751470824169472
1292751460489482241
1292751368155996169
1292751359918448640
1292751329572651008
1292751249926950912
1292751118439780354
1292751088320421888
1292751061334265858
1292751024365670401
1292750992673574914
1292750937426202624
1292750906304401409
1292750894904344577
1292750884506607617
1292750837102587904
1292750789744746496
1292750706093498368
1292750689127587841
1292750528204726276
1292750506125856769
1292750440610828289
1292750352404623360
1292750288126914562
1292750277850861568
1292750264483622912
1292750215473135616
1292750164147535872
1292750148997718021
1292750054281875456
1292750047747035138
1292750038456832000
1292750014628925440
1292749990801145856
1292749986971693056
1292749955594178567
1292749953882783744
1292749863793426438
1292749746772344833
1292749686491754496
1292749616958578688
1292749609350107136
1292749603918557185
1292749567683895296
1292749544510324736
1292749509940981760
1292749434183278592
1292749387567902721
1292749382639550464
1292749327463518215
1292749245175431169
1292749216599744513
1292749205665185792
1292749187055079424
1292749105329049601
1292749081404747777
1292749035456077824
1292749000039378950
1292748764659224576
1292748717880213504
1292748321380073472
1292748314727927808
1292748253482680320
1292748248801775616
1292748230623727616
1292748212357529602
1292748159060520960
1292748084355702784
1292748035550830592
1292748032132427776
1292747906479468547
1292747905477074945
1292747837080571905
1292747827530149888
1292747647967797249
1292747647221145601
1292747589402669056
1292747530057457670
1292747462034231298
1292747445731041280
1292747409907482625
1292747323953549312
1292747254399475712
1292747168340746241
1292747066842714113
1292746901914300422
1292746852639662080
1292746850534076416
1292746728119193602
1292746711706800128
1292746672305512450
1292746669449252865
1292746464205008898
1292746460195434496
1292746367279013891
1292746351701303296
1292746328888487936
1292746301617078278
1292746182599544833
1292746170142535680
1292746169777631232
1292746113267773442
1292745990110351362
1292745755216814080
1292745640494202881
1292745629043691520
1292745591760605184
1292745567874023425
1292745498982592512
1292745306954698753
1292745299593695233
1292745178806190087
1292745146816253952
1292745120186601472
1292745102620872704
1292745017866543104
1292745010706874368
1292744913742954497
1292744860827627520
1292744857048559616
1292744850299932674
1292744825830334464
1292744818532274176
1292744786093514752
1292744762458624002
1292744717587886080
1292744700936556544
1292744636063272962
1292744614919712769
1292744605667139585
1292744580023099392
1292744539011260416
1292744440256307200
1292744288699375616
1292744230046236674
1292744209477361664
1292744190116405249
1292744129827475459
1292744116233789440
1292744108407169026
1292744082457071616
1292744067055591425
1292744066623471616
1292744024923811840
1292744017420091395
1292743937434759168
1292743812121612290
1292743637718245376
1292743549797249025
1292743505467641863
1292743385904799745
1292743272851484674
1292743195919634433
1292743188042657792
1292743047713902597
1292742855501455363
1292742799947857920
1292742695774040064
1292742681194565634
1292742347021791237
1292742257486057473
1292742081220431873
1292742015827038208
1292742003273412611
1292741980930408450
1292741959270817793
1292741945983479809
1292741944347631617
1292741853163466752
1292741840039555074
1292741760058363904
1292741722443833345
1292741620576780288
1292741554701053953
1292741469648945152
1292741193001033730
1292741071697518593
1292740859071430657
1292740839706435586
1292740764137644032
1292740763160383488
1292740743463829504
1292740542523211782
1292740442107281408
1292740302902632450
1292740197927591936
1292740061126111233
1292739945187225600
1292739880062275584
1292739843617890304
1292739809514004480
1292739711660957704
1292739692148989952
1292739681495457793
1292739602806185984
1292739594874691586
1292739577451552768
1292739397704613893
1292739340699873282
1292739314535796737
1292739071530479616
1292739017671311360
1292738971446005760
1292738897995325440
1292738761885966336
1292738756508897281
1292738696429608960
1292738692147294208
1292738570617327616
1292738479504461824
1292738420482154497
1292738323283312642
1292738297001840645
1292738113018769410
1292738053979754496
1292737910891057152
1292737867928739840
1292737720549281793
1292737665834594304
1292737577326444546
1292737541012172800
1292737453795794945
1292737449148506112
1292737448615837696
1292737447986704385
1292737447454023681
1292737446661193729
1292737379711811585
1292737276565430272
1292737236090474497
1292737136920334336
1292737062307848195
1292736980153925632
1292736975158616065
1292736890739843073
1292736710690910208
1292736630147690497
1292736594961727488
1292736504331227137
1292736491446325249
1292736457673781255
1292736452628021248
1292736440485531648
1292736388778074113
1292736290245484544
1292736280594452480
1292736278455353346
1292736189951344645
1292736177481682944
1292736108661477377
1292735980668178432
1292735955573583872
1292735949021954049
1292735779089846273
1292735655919996928
1292735471970390017
1292735408132980736
1292735384972075008
1292735334984355841
1292735313312460806
1292735265149194240
1292735222790926338
1292735146316177414
1292735088686399488
1292734938601656320
1292734869324419073
1292734790786076673
1292734710477721600
1292734683709669376
1292734603116138496
1292734567955210241
1292734566931849216
1292734554978033664
1292734394655023105
1292734392608137216
1292734155902656512
1292734084159078402
1292733996108062720
1292733877706989568
1292733867816882176
1292733844160946177
1292733821000060930
1292733799244214272
1292733754465714176
1292733695821074433
1292733694223032320
1292733641089601536
1292733633405624321
1292733610072694784
1292733596684505088
1292733516413886464
1292733499674370048
1292733457102233600
1292733418023813125
1292733402064523265
1292733270111793152
1292733261895159808
1292733159138832385
1292733029111259136
1292732993019273216
1292732817324072960
1292732805043163136
1292732750961811456
1292732715368960000
1292732688701456392
1292732614927843330
1292732546078343170
1292732537702318080
1292732491682336768
1292732488855498758
1292732372589465603
1292732332928008192
1292732312216571909
1292732261687873537
1292732129667960832
1292732099200520192
1292732084419801093
1292732065469870085
1292732048713506817
1292732041503608833
1292731984188518405
1292731952559161344
1292731934943129602
1292731844862136321
1292731735495630848
1292731659851358209
1292731547590594566
1292731424378884096
1292731348495536128
1292731335212175360
1292731233970069504
1292731190995279872
1292731156522242049
1292731153070395392
1292731122720428032
1292731113694265344
1292731102621204480
1292731081452662785
1292731075421233152
1292731042105831424
1292731003501412352
1292730982559358977
1292730910597623808
1292730877336850434
1292730780859412481
1292730769039917056
1292730717315764228
1292730643533778944
1292730621530382336
1292730611900264448
1292730456924917761
1292730408199770113
1292730404651270144
1292730323898437632
1292730019723317248
1292729899208396808
1292729805134336006
1292729804563927040
1292729760745959426
1292729707448938498
1292729678617358339
1292729630575788032
1292729537130672128
1292729524665364480
1292729452317859841
1292729257316233218
1292729133143937025
1292729118614855683
1292729051661115392
1292729050008518656
1292729042911756288
1292729024507248640
1292728794097299456
1292728739705630720
1292728476349456384
1292728439884132353
1292728408825303041
1292728289900060672
1292728237928452096
1292728051621662720
1292727978909147137
1292727943417004033
1292727883451031552
1292727850466971648
1292727752446095360
1292727705130209280
1292727693033771008
1292727674843074560
1292727632010842112
1292727606748614656
1292727470244995073
1292727416918507521
1292727283120308224
1292727187267821568
1292727169647616000
1292727104963072006
1292727022863765504
1292726960087588864
1292726787420483584
1292726739169353729
1292726738129227776
1292726686635773954
1292726625109512192
1292726596315623427
1292726557539262464
1292726343549976577
1292726269868744710
1292726245655031808
1292726096031559680
1292726073038438400
1292725962044514304
1292725940020301824
1292725854162780160
1292725684557746176
1292725681990905856
1292725511047782400
1292725330772398081
1292725330508120065
1292725307267481601
1292725212254015490
1292725181488734208
1292725168947826688
1292725153571442690
1292724950407753728
1292724849459240960
1292724831000068098
1292724805779755008
1292724731033026562
1292724692063866880
1292724669393633285
1292724603752783873
1292724508021985280
1292724498316361728
1292724449058459648
1292724422235824129
1292724388492652546
1292724298361245697
1292724297572798464
1292724268992798726
1292724189066080257
1292724171395534849
1292724150394662915
1292724113501491200
1292724109646925824
1292724099870003201
1292724092202778624
1292724070182789121
1292724023898628097
1292723990499295232
1292723964888973314
1292723952259866625
1292723947981737984
1292723922841079808
1292723919951200256
1292723911839354880
1292723846236315650
1292723710655434752
1292723681966403590
1292723644460867584
1292723579516223488
1292723560293838850
1292723538042990592
1292723534087815170
1292723521471250432
1292723509001695232
1292723473136128001
1292723458267385856
1292723395671580672
1292723393083604993
1292723279174737921
1292723250728927233
1292723133192052736
1292723055886819328
1292723020168138753
1292722992477331456
1292722939599769606
1292722832040964097
1292722779415105541
1292722757256581120
1292722715326128128
1292722705234624512
1292722686364352512
1292722645079859200
1292722572027666435
1292722565354598400
1292722525789728768
1292722202580852737
1292722148553961472
1292722099543511042
1292721955184021504
1292721833364660227
1292721813739524096
1292721783657857025
1292721782852550656
1292721701470560256
1292721669514104833
1292721667651887106
1292721640741142528
1292721599003664384
1292721478098616320
1292721393155661825
1292721380635664384
1292721379364745216
1292721364873486341
1292721356908498945
1292721278676357120
1292721245348388864
1292721214650298373
1292721195272613888
1292721188062494720
1292721175328624640
1292721161407811584
1292721135252058112
1292721109083791360
1292721085369262080
1292721070303322114
1292721059666558976
1292721048446787584
1292720996118671360
1292720995367821312
1292720978372579328
1292720946621681666
1292720847644512257
1292720840530898945
1292720838089805826
1292720826203222017
1292720785749090304
1292720740052205568
1292720623525994496
1292720604647489538
1292720588222599169
1292720549802790912
1292720323532599296
1292720252401455105
1292720249893195776
1292720188564164609
1292720167038976001
1292720165268926465
1292720113376952322
1292720069840175104
1292719944644333569
1292719868672978945
1292719766046728192
1292719716478443520
1292719625986285568
1292719478724329472
1292719463079575557
1292719441982164992
1292719429093068800
1292719404141158400
1292719398244044801
1292719304505524224
1292719289229770752
1292719244778655744
1292719232053121024
1292719205259902977
1292719124146262016
1292719046551580672
1292719031728906240
1292718934605672449
1292718898660474881
1292718777436708864
1292718681907179520
1292718542165553152
1292718363341467648
1292718269821050880
1292718225751408641
1292718185641398272
1292718146747609089
1292718126329733122
1292718121451749377
1292718027323179008
1292717945215483905
1292717926894702592
1292717922926956544
1292717918954946561
1292717834234200064
1292717718555316227
1292717688939307008
1292717663014268928
1292717661093273600
1292717621310296064
1292717614695952384
1292717594257104901
1292717534643445760
1292717405555372032
1292717315998601217
1292717313628798976
1292717175535472641
1292717127628185600
1292717080467386368
1292717079599165441
1292717075216175104
1292717042555133953
1292716898661150721
1292716879602167810
1292716826271649793
1292716527578423296
1292716496754548736
1292716404475600897
1292716366106066945
1292716324905455616
1292716292848443394
1292716206663884800
1292716195452420097
1292716194269667330
1292716169296781312
1292716158119022592
1292716084248944642
1292716034449903616
1292716025901977600
1292716025834872832
1292715906402062336
1292715906313977857
1292715832032755712
1292715779620777987
1292715711429783554
1292715710905569283
1292715669620916224
1292715647831543808
1292715627619201024
1292715557092052992
1292715553325547520
1292715511369867264
1292715502700318720
1292715489941229568
1292715463567433728
1292715252283473920
1292715224919932930
1292715224521494529
1292715223842009088
1292715187418681346
1292715174714118144
1292715148944257024
1292715134201352192
1292715043751112704
1292715022175686659
1292714980966633472
1292714954584469504
1292714766448889856
1292714760287395841
1292714748652523520
1292714739542499328
1292714721708310528
1292714691941326848
1292714682646700032
1292714585989042176
1292714582369349632
1292714495807299589
1292714363493781504
1292714288549900290
1292714151769407488
1292714130005164032
1292714122023493632
1292714119909519360
1292713971406045186
1292713932394827776
1292713886525792256
1292713797417938947
1292713797078130688
1292713767495663618
1292713744653586437
1292713722436345856
1292713642371227649
1292713527619321866
1292713486301233152
1292713450603511808
1292713420278640640
1292713334937133057
1292713220143230976
1292713217689616389
1292713078782660608
1292713071958462466
1292712997471899648
1292712862352388096
1292712849152901120
1292712840877539329
1292712802029907968
1292712781368758272
1292712737907367936
1292712653400481793
1292712631644692480
1292712562371579904
1292712548752592896
1292712535406387200
1292712406666354689
1292712377356619776
1292712376278687750
1292712370410848256
1292712355189723136
1292712338404061187
1292712212457558017
1292712202257027076
1292712126113554433
1292712099903344640
1292712070060933120
1292712059755520000
1292711923528732674
1292711871276036096
1292711834911465472
1292711761267875842
1292711714262257664
1292711688064598016
1292711604174323717
1292711570955554816
1292711458548125697
1292711428256862208
1292711327862067202
1292711311525195776
1292711291719737344
1292711259524276224
1292711222438252546
1292711186170093568
1292711176900681728
1292711140867407872
1292711112316784640
1292711066120720385
1292711020448886785
1292710920142168064
1292710876064231424
1292710818879098881
1292710796204675073
1292710775371501569
1292710744497238021
1292710715640426498
1292710713149063168
1292710712960331776
1292710664860049410
1292710613668462594
1292710574023938048
1292710539077058560
1292710528377389061
1292710528087883776
1292710451365773314
1292710407522725888
1292710263741992960
1292710257089748992
1292710248285982721
1292710229298294784
1292710170003374080
1292710158708219905
1292710038717509633
1292710025891381248
1292709950364491776
1292709940520464384
1292709836220751874
1292709783791960065
1292709727269531648
1292709720223096832
1292709475007291392
1292709425350955009
1292709405314682880
1292709295533051905
1292709285722554368
1292709250444283909
1292709214012547073
1292708953542074368
1292708917353623554
1292708818816765952
1292708793281916928
1292708542294765568
1292708423130394624
1292708290628026373
1292708256750669826
1292708197191622658
1292708134151168001
1292708073702817793
1292707336130371584
1292707331290148864
1292707314391289856
1292707270019743745
1292706982365990915
1292706970496110594
1292706962665353216
1292706927949090818
1292706745933012994
1292706629943730176
1292706579377266691
1292706573895294976
1292706320597110785
1292706184361840640
1292705937686441984
1292705913598402560
1292705909895028736
1292705900638146560
1292705898859835392
1292705842333208576
1292705798594887680
1292705714490822657
1292705666319241216
1292705580696702976
1292705549902020609
1292705455635140609
1292705324143718401
1292705124784181248
1292704991124377600
1292704988146393088
1292704966134632448
1292704854872395776
1292704707216125952
1292704706691829761
1292704704607158272
1292704664459390976
1292704629633974272
1292704481277247489
1292704295092092928
1292704228075548675
1292704199004880896
1292703936114302976
1292703643402108928
1292703574426869760
1292703350480408576
1292703240673464322
1292703212739452929
1292703097576456194
1292703077431226368
1292703008397164544
1292702979280142338
1292702950142488576
1292702828352491521
1292702784157097984
1292702562806882305
1292702535271186432
1292702487238135813
1292702349216174081
1292702279750103040
1292702058114617344
1292701753868255232
1292701632598335489
1292701624671121408
1292701538935345152
1292701527296049153
1292701399327875073
1292701294679986178
1292701221984317440
1292701124047314944
1292701074965618688
1292700418716446721
1292700338659745794
1292700305365372931
1292700302785863680
1292700227972009986
1292700195910754304
1292700169469931521
1292700136376799232
1292699916335226880
1292699731035066374
1292699729395056640
1292699653759283205
1292699306219184128
1292699252666372096
1292699184827715585
1292699175860285440
1292699055630561282
1292698937770606599
1292698846456356866
1292698831231082496
1292698804295262208
1292698779351744514
1292698704386949120
1292698691938258946
1292698550321782784
1292698348676362241
1292698336164708352
1292698236436844546
1292698204639596547
1292698113535287296
1292697971130277889
1292697961701543937
1292697943141752832
1292697918684762118
1292697870487953414
1292697697690857473
1292697683094917120
1292697589503188997
1292697530669637633
1292697316802154496
1292697228952449024
1292697085104529408
1292697016515153923
1292697009854525440
1292696813754101760
1292696777293004803
1292696692953944065
1292696397922406405
1292696192745377792
1292696187569569792
1292696072456933376
1292695960947228672
1292695884220837888
1292695874682998784
1292695839677317122
1292695689181442048
1292695538593411073
1292695514601984006
1292695246913118208
1292695165505810432
1292695030684168192
1292694997196771328
1292694932050849792
1292694925608456193
1292694864245776385
1292694720582488066
1292694679973060608
1292694264472838145
1292694144771592193
1292694137888792576
1292693468524011521
1292693468230356994
1292693457564241920
1292693434378199040
1292693406439936000
1292693160372719616
1292693002729783297
1292692852401741825
1292692843983708166
1292692748693381120
1292692657379119112
1292692555805728768
1292692503385300992
1292692417137655809
1292692388524232704
1292692264062525440
1292692240146604033
1292692230440996864
1292692119082209280
1292691942917242882
1292691907571863552
1292691849598177282
1292691690378199040
1292691509800837121
1292691504973205504
1292691228648251392
1292691179503591424
1292691131797508096
1292690839223885824
1292690643073073153
1292690577088184321
1292690506829496320
1292690385345695744
1292689885065879553
1292689767474311168
1292689743910703105
1292688607300521986
1292688339573911552
1292688255721365504
1292688250826559488
1292688234829549569
1292688190386647042
1292688033955946498
1292687945674166272
1292687503720427520
1292687370224107527
1292687338427080705
1292687001439920129
1292686990346002434
1292686845164298241
1292686775190683648
1292686043024588802
1292686038343856133
1292686017661751298
1292685497354137600
1292685421038755842
1292684903797133312
1292684834947633152
1292684627866517504
1292683550265946112
1292683411648282624
1292683188070998017
1292683163035152390
1292682578277916673
1292682442571227138
1292681561264009217
1292680175847706624
1292679888298815488
1292679339490803712
1292678171310071808
1292677642672644096
1292677306222284800
1292677152450777088
1292676869570080768
1292676324931379200
1292675852761735169
1292675406877929473
1292675308332752899
1292675229806886914
1292674429894438913
1292673619844268035
1292673166020620289
1292672035899027461
1292671910908694530
1292671500806492165
1292671107212992512
1292670684385222657
1292670589031899137
1292670236626505729
1292667726201315329
1292666846026641409
1292666111717244928
1292665353353539586
1292664032869187584
1292663651183321088
1292663588025499653
1292659903698542592
1292659759473197059
1292658537034915846
1292657331382169602
1292656368562970624
1292655911165624320
1292654973101187072
1292654147565694983
1292653519749685248
1292653438736760832
1292653304841998336
1292652350272868352
1292651624146640897
1292650951506046979
1292650013487771648
1292648948579078144
1292648199992336384
1292648180761452544
1292647881841815552
1292647662760722432
1292647572235067394
1292647403582042112
1292645965355274240
1292644666341548032
1292644632241856512
1292644064077250562
1292643830441955328
1292642729118306307
1292641456352636928
1292640566531031041
1292639604642918401
1292639309657444352
1292639270402961408
1292639188609904641
1292638994518466560
1292638876994015233
1292637789662609419
1292637629045977089
1292637384706646017
1292637292654460929
1292634207345356810
1292633852477939714
1292632111673901056
1292630584834117632
1292630168671064064
1292629582047305728
1292629581145550849
1292629311556661248
1292628709166505984
1292628559379542016
1292628069199556611
1292626498818641921
1292625281640005640
1292625181878484995
1292623833598324739
1292623601947103233
1292623316767911937
1292623112656293888
1292622196255457280
1292621940549652486
1292620684938694656
1292620435545370625
1292620300304240641
1292619594436403200
1292617932153991170
1292617060070064128
1292616581655166976
1292615721130786816
1292615004693331973
1292614930512977922
1292614784009920512
1292614104956510209
1292613261947478020
1292612730181038091
1292612325824962560
1292612216227794945
