1299496838874247168
1299496652424777729
1299496515514388480
1299496033890840577
1299495626665844737
1299495471476547584
1299495349489479686
1299494946311991302
1299494736844197888
1299494538432700417
1299493780211589122
1299493529048281091
1299493396193644544
1299493082732400640
1299492979003076609
1299492937768865792
1299492682201542656
1299492599221432320
1299492572944044032
1299492558415036418
1299492519722483718
1299492446741630976
1299492333084454914
1299492202134081538
1299492185746870283
1299492171054227458
1299492114372407302
1299492072748208133
1299491768988241923
1299491651988197376
1299491621009063936
1299491012180615172
1299490854734827520
1299490629072941063
1299490550765236225
1299490270363496450
1299488347459588097
1299488284259819524
1299488201061683202
1299487975311650816
1299487923390369792
1299487482686451719
1299487258530263040
1299487192289628168
1299487161771790336
1299487107279400961
1299486862671740939
1299486621943955457
1299486152752271361
1299485830768193541
1299485479532978177
1299484985930334208
1299484931802963971
1299484871413334023
1299484858750824449
1299484572447657984
1299484350292131840
1299484302594408449
1299484093462261761
1299483774460325894
1299483645695143937
1299483307193794563
1299483141552431108
1299482982080827392
1299482882696777728
1299482875444768773
1299482786328449031
1299482500117475328
1299482138157420544
1299481646174003200
1299481485599277057
1299481290413146112
1299481203872067585
1299481192903905280
1299481146833731584
1299481134443757570
1299481063199252485
1299480979959152640
1299480917464043520
1299480840137781251
1299480695543418881
1299480301446467584
1299480276813385729
1299480198891679744
1299479894318026755
1299479755918639105
1299479432084819969
1299479298542317573
1299479147073372160
1299479045407739904
1299479000826421248
1299478901853491200
1299478891245993986
1299478870882689025
1299478804101033984
1299478630842728448
1299478247458172929
1299478219121360897
1299478215333904384
1299478131951235074
1299477631843401728
1299477483587280897
1299477474062086151
1299477281228939266
1299477178174918657
1299477145060888577
1299477008347521025
1299476935756705792
1299476797185286144
1299476780689092610
1299476570281832452
1299476557572997122
1299476490741055489
1299476416933879808
1299476389914083342
1299476278102437888
1299476271827685378
1299476225606512640
1299476183839584257
1299475898593357824
1299475879740018689
1299475597123637251
1299475475216113674
1299475451056926722
1299475047690711046
1299474887401144321
1299474793276768262
1299474628121972737
1299474472853032965
1299474417278488576
1299474359594053632
1299474248101175296
1299474229335937031
1299474225263190023
1299474216534913026
1299474207382806528
1299474160725491712
1299474070807941121
1299474025081638926
1299474009038487554
1299473886174683140
1299473872794853383
1299473813311295488
1299473727483195397
1299473666523172865
1299473621027565573
1299473464114503682
1299473315917107200
1299473124929482753
1299473032201801736
1299472883081764873
1299472830854201348
1299472720934178822
1299472385859518465
1299472283698855941
1299472260365987840
1299472212601298945
1299472211196157953
1299472175456452610
1299472154149429248
1299472072377339905
1299472043075923970
1299472001598394374
1299471853854109697
1299471818433220608
1299471714221518851
1299471675126317056
1299471653974532096
1299471408251252738
1299471347077263362
1299471341654077440
1299471181729468419
1299471095301582849
1299470937071419395
1299470849087614976
1299470798122516480
1299470772713517059
1299470637367517184
1299470585332994048
1299470578215194625
1299470574880780288
1299470567721054208
1299470383163346944
1299470323566415874
1299470320034816000
1299470135384838146
1299470105693298688
1299470053751099393
1299470038777421824
1299470017680080896
1299469945684635650
1299469611071660035
1299469562233135110
1299469075324821511
1299468950355546114
1299468784953065472
1299468747774791685
1299468598214299651
1299468558573993985
1299468438679834626
1299468379443662848
1299468345440436229
1299468189315760136
1299468168809852928
1299468042934661121
1299468027440910338
1299467870217408513
1299467692798287877
1299467591094882310
1299467293513187328
1299467271790886912
1299467249401688069
1299467216950374401
1299467182041112576
1299467096456417282
1299467067914149888
1299466981108785153
1299466947164340231
1299466923219050497
1299466921994342403
1299466867246063616
1299466774870732805
1299466753622388737
1299466744688410626
1299466682294046720
1299466658965266433
1299466433047474184
1299466244656160768
1299466116771844096
1299466058382925824
1299466028452401152
1299465848248295433
1299465806074568709
1299465786378027008
1299465626138877952
1299465619763593218
1299465583759679491
1299465554747678720
1299465427597373442
1299465325277257728
1299465261813202945
1299465257426001922
1299465180569624577
1299465140308529158
1299465079692328961
1299465007416082432
1299464901476442116
1299464849882308609
1299464732735406087
1299464719854641152
1299464709419282435
1299464602091237377
1299464598559567872
1299464574668857344
1299464511548686337
1299464369072476160
1299464326122811399
1299464307546247169
1299464173101948931
1299464135399428097
1299463929979170818
1299463900564512768
1299463823955501056
1299463771849662464
1299463683005976576
1299463662365806600
1299463565615804416
1299463532266872838
1299463441795756033
1299463378059038721
1299463324229398529
1299463302079303680
1299463193597804546
1299463120746950658
1299463093773361153
1299463089637732352
1299463028983902208
1299462980468379650
1299462785093570563
1299462778252648449
1299462664461135884
1299462586610659336
1299462555530862592
1299462519652745219
1299462428908978178
1299461955493732353
1299461931594641411
1299461844604682240
1299461829723291651
1299461607794319363
1299461427812540417
1299461403921784832
1299461264918405121
1299461104691707906
1299461047645016065
1299460930833711104
1299460929646665733
1299460922499649538
1299460893672181762
1299460510820302851
1299460317525704704
1299460127519580160
1299460102064308224
1299459953686609924
1299459840100761601
1299459727160750082
1299459718163898368
1299459677932064768
1299459651185119233
1299459637398429698
1299459599485947905
1299459580343259137
1299459547514503175
1299459539255930883
1299459466354663425
1299459435027410944
1299459332086681605
1299459219389911046
1299459094177349632
1299458952997015553
1299458670032547841
1299458627997249536
1299458588243562502
1299458573945188357
1299458469288964096
1299458416780488705
1299458403258060802
1299458357468725248
1299457794102489089
1299457768617893888
1299457733347999746
1299457683658022917
1299457586987765762
1299457432226234369
1299457399728885760
1299457276923785219
1299457240441782274
1299457192417013760
1299457131524108289
1299457126994268162
1299456913495805955
1299456872307666944
1299456638299107328
1299456511236886539
1299456430681055234
1299456384744947713
1299456376197046272
1299456374850625536
1299456277911830528
1299456227743870977
1299456122496126978
1299456089122131969
1299455813036191745
1299455770640216067
1299455735592636417
1299455642864820224
1299455581347106816
1299455549612982272
1299455465903083528
1299455454217736197
1299455413746794497
1299455402913009664
1299455348353400833
1299455096145747968
1299454977308532737
1299454974380912642
1299454961877757952
1299454952885157891
1299454896488493058
1299454890075394052
1299454866042036225
1299454736941420548
1299454649733447683
1299454560172470272
1299454554375888896
1299454535270883328
1299454504551829509
1299454459379159040
1299454423232585743
1299454333919145985
1299454299286786053
1299454213240561665
1299454194743681030
1299454181846245378
1299454113353170952
1299454091173691395
1299454009435205632
1299453887368302593
1299453833505132548
1299453713011048448
1299453705931173895
1299453452905574401
1299453395812732929
1299453392364998656
1299453373071208449
1299453372651712523
1299453347435610116
1299453115058585600
1299453104073641985
1299453102219841537
1299452799172968449
1299452739949391872
1299452727563628545
1299452718503821315
1299452654725353472
1299452539478441986
1299452530284539906
1299452324084154371
1299452253431005186
1299452181872103424
1299452100003401728
1299452091291914241
1299452058513412097
1299452025802035202
1299451891118727170
1299451884932132867
1299451883023667201
1299451855311966209
1299451832364867584
1299451815453495303
1299451771866185735
1299451766673731590
1299451700269461504
1299451665049948164
1299451614378549249
1299451547395514368
1299451490239737862
1299451447822647301
1299451378419535872
1299451259645317123
1299451142502576128
1299451118502764547
1299451115247894528
1299450911123738625
1299450754646892545
1299450743812956166
1299450741724196870
1299450685176635395
1299450674921590784
1299450647599820800
1299450595837972482
1299450547414675458
1299450533640626181
1299450486513438721
1299450465114091521
1299450383899783169
1299450383169880064
1299450343290548224
1299450281017606145
1299450280006815754
1299450234771329030
1299450126554013698
1299449977551413250
1299449924006875136
1299449711934484483
1299449700039487489
1299449672520675329
1299449658465492996
1299449653147164672
1299449484297072640
1299449417473363969
1299449303598067712
1299449206915190785
1299449139068108800
1299449022328037382
1299448975263703043
1299448959979716608
1299448928035889154
1299448860645961728
1299448648498114561
1299448495770865668
1299448462526820355
1299448441324679169
1299448368582852610
1299448340585873410
1299448215167815680
1299448071521214464
1299447989841387520
1299447950951751681
1299447695292194816
1299447639721869316
1299447636651659264
1299447587813154817
1299447574093590534
1299447392849350656
1299447372502781953
1299447304357908482
1299447280853028865
1299447153673330694
1299447113429012482
1299447066666639360
1299446810877067264
1299446687992250369
1299446666093789184
1299446636213665792
1299446480231686145
1299446475299139585
1299446383859163136
1299446349231009792
1299446337499525123
1299446215768264704
1299446177520377857
1299446161028374528
1299445793997434880
1299445733125484544
1299445651831508996
1299445496075948037
1299445360893595655
1299445213526659072
1299445090037968896
1299445071914336256
1299444975265087489
1299444919350841346
1299444896428896256
1299444789134471168
1299444672704778242
1299444640261853184
1299444312632160256
1299444301487841282
1299444282005225473
1299444262438830081
1299444221657649156
1299444012932378624
1299444006024343552
1299443936918941699
1299443921022603272
1299443900336267267
1299443883030523904
1299443837241352193
1299443747739111427
1299443522588815360
1299443366220959744
1299443349896728581
1299443167197044736
1299443119679778818
1299442987341156352
1299442875655172096
1299442833900924928
1299442760710225930
1299442753286348800
1299442723779473408
1299442714556141569
1299442708642136064
1299442703638376453
1299442676312481792
1299442657870123013
1299442622730297345
1299442609409196033
1299442589226209280
1299442524440768512
1299442458095427585
1299442434988965894
1299442245150691329
1299442228113309698
1299441662121385984
1299441595713040385
1299441508110696448
1299441416066793472
1299441415890575361
1299441413592150016
1299441407124537346
1299441349763178497
1299441324744204288
1299441292263460864
1299441069374033922
1299441049539096578
1299441012381831168
1299440971197935616
1299440966252793859
1299440963874627585
1299440850523557891
1299440816356757507
1299440802603642881
1299440385991868416
1299440365154512896
1299440250805202945
1299440092210229249
1299439996433240064
1299439971800154117
1299439922315751424
1299439874760683520
1299439782922260481
1299439707827433474
1299439669558603777
1299439611014524928
1299439544765501441
1299439424858710016
1299439403228516353
1299439316691816448
1299439292285169664
1299439098533498881
1299438995831652353
1299438904626614272
1299438872842170373
1299438861785927687
1299438810208575488
1299438744219590656
1299438702062718977
1299438491667922944
1299438460860801024
1299438454435131393
1299438384453214208
1299438377633222656
1299438360000372737
1299438358461112322
1299438352161218568
1299438316438335489
1299438310834737152
1299438295110352896
1299438272528220160
1299438244392771584
1299438236582981633
1299438216194535431
1299438215951273990
1299438104290504704
1299437917480386563
1299437837276807168
1299437671249588225
1299437615465345025
1299437560582807564
1299437554186543104
1299437545563082753
1299437499224338434
1299437413203431425
1299437342843899904
1299437327295676416
1299437301702045696
1299437290566057986
1299437264628527105
1299437185595252736
1299437159250829313
1299437119761518595
1299437099410698243
1299437014400589824
1299437008146890753
1299436910113435652
1299436640499269632
1299436617749467139
1299436575856693248
1299436420654936069
1299436366795857921
1299436312739622912
1299436247413411850
1299436240425672710
1299436141788229632
1299436106585440265
1299436029729017856
1299435991619514368
1299435905216843777
1299435676535001092
1299435655437725701
1299435521261867008
1299435190629130245
1299435180449554435
1299435117266571264
1299434970293907458
1299434856758341633
1299434673970573314
1299434661798707203
1299434657243713538
1299434604399669249
1299434470873989123
1299434421901291520
1299434412547940352
1299434336454938624
1299434287910055936
1299434216099401728
1299434214312599552
1299434200685326337
1299434198764261377
1299433891602800645
1299433890126458882
1299433872325775363
1299433856295145472
1299433829988478977
1299433758144294912
1299433669271191553
1299433652779192322
1299433543886680065
1299433514752970755
1299433445836427264
1299433387065827331
1299433214000365570
1299433151526244352
1299433127945871361
1299433031363629059
1299432820922814470
1299432797975842816
1299432685094526976
1299432592832430081
1299432569021366273
1299432429468422145
1299432316683591681
1299432243144908800
1299432226212458496
1299432207287713793
1299432197296918528
1299432059237281796
1299432018074361856
1299431922456723456
1299431920137314310
1299431918124052481
1299431812360527874
1299431737735417857
1299431683465322497
1299431682018349060
1299431622052392960
1299431549016977408
1299431541148352512
1299431158632116226
1299430987890339841
1299430875294306305
1299430793157259264
1299430747791646721
1299430711351554049
1299430302012641280
1299430283813556226
1299430235948175363
1299429979621675008
1299429907722899456
1299429833705951232
1299429805528625154
1299429799597879298
1299429711781785603
1299429666781102087
1299429666172948480
1299429665610829835
1299429664834945025
1299429584157511684
1299429260550197249
1299429256615923716
1299429198692519939
1299429121139802114
1299429095172984844
1299429066475483141
1299428995734343682
1299428906999721986
1299428881204736000
1299428727848341505
1299428727504416769
1299428675537043457
1299428495840481283
1299428406426304512
1299428372725063681
1299428287102488578
1299428137504329731
1299428064359845891
1299428011557769216
1299427891860647937
1299427867730817027
1299427826656043015
1299427724608573442
1299427658950946820
1299427360912150528
1299427290573611013
1299426932786974721
1299426892504870913
1299426783352233985
1299426721582772226
1299426636673232896
1299426571942604800
1299426564732583936
1299426290831962114
1299426246321999873
1299426021813428224
1299425955761487872
1299425949155549189
1299425935037550595
1299425925914861576
1299425754778865665
1299425725943029760
1299425633009913856
1299425594623619077
1299425550025527296
1299425418106359811
1299424794648227840
1299424710518886402
1299424669016231944
1299424520701464577
1299424469799391233
1299424460269813762
1299424443261956100
1299424428548382721
1299424310583611393
1299424187791093765
1299424155427901440
1299424079703879681
1299424059743186947
1299423970064822284
1299423960954810368
1299423873700634631
1299423723263602693
1299423706188517376
1299423671753363456
1299423662471368705
1299423622986190852
1299423615868436481
1299423593907081220
1299423584826335239
1299423578379743232
1299423529495134209
1299423519412023297
1299423509932920833
1299423408221028352
1299423405054324737
1299423342836035585
1299423262607208448
1299423248992612352
1299423096177397763
1299423094432555008
1299422952321167361
1299422801322012672
1299422763464171521
1299422453542912000
1299422233698480130
1299422193324089344
1299422160847548423
1299422141641875464
1299422128002011137
1299422117998538764
1299422034796187651
1299422009085104132
1299421996967755777
1299421957121871876
1299421931184287746
1299421494636929029
1299421278726754304
1299421262314438658
1299421206500737037
1299421190155628548
1299421151345729539
1299421006591918086
1299420997486075906
1299420874949513216
1299420872172765185
1299420861938663425
1299420533507883010
1299420503405404160
1299420459147067393
1299420444332822528
1299420300132708352
1299420124441653256
1299420052253552642
1299419977527832588
1299419949971189760
1299419933328187394
1299419856060780546
1299419842123104259
1299419808119820289
1299419403587645440
1299419267281096710
1299419250336071681
1299419171856490496
1299419032114933760
1299418968801906688
1299418823469289472
1299418793647771649
1299418762257600513
1299418761347227648
1299418607651348485
1299418461727330309
1299418457633697794
1299418133875372039
1299418109938462721
1299418084982358016
1299417989721317377
1299417972533063690
1299417760334778370
1299417742202859524
1299417638221864962
1299417561117921281
1299417454322556930
1299417444348579847
1299417338828259333
1299417311376441346
1299417220188078083
1299417173920710660
1299417120955133953
1299417077892218883
1299417062222200832
1299416816062738432
1299416811683885056
1299416774086189063
1299416755899641856
1299416727823020032
1299416670369447938
1299416466178142208
1299416427145854988
1299416353129070593
1299416272371879937
1299416238263762946
1299416213345492994
1299416177744252931
1299416062535106561
1299416058294611978
1299416037729996804
1299416007862374400
1299415962404507649
1299415930963886083
1299415924542443520
1299415917559001088
1299415517644685315
1299415509323132928
1299415424426299393
1299415423797035011
1299415422924709888
1299415380746743808
1299415377361932290
1299415366666518531
1299415307367395331
1299415304553091073
1299415194423226369
1299415023182381068
1299414720328404993
1299414587138285568
1299414553705537537
1299414497157935105
1299414332325998592
1299414275144978435
1299414269553979392
1299414245319290880
1299414200624742401
1299414115241263104
1299414112687054849
1299413989886177280
1299413611992018952
1299413555628904448
1299413304620781570
1299413240103997442
1299413146768211969
1299413120994213888
1299412956921368576
1299412546190020609
1299412511863836674
1299412388379328513
1299412369001635843
1299412354237640712
1299412056144109568
1299412004160106503
1299411914427166720
1299411561270906882
1299411442081423363
1299411432258318343
1299411285310951424
1299411258559602689
1299410820821065736
1299410729339158537
1299410452972212225
1299410319337549825
1299410244964167681
1299410140383383556
1299410054395973633
1299410012444426242
1299409961160765440
1299409892747378688
1299409824032137217
1299409747129573376
1299409488269766662
1299409473052848129
1299409468120354818
1299409442665115649
1299409417767616525
1299409375187083265
1299409012010684421
1299408969115619328
1299408746288996357
1299408611643449344
1299408484111441921
1299408382223421441
1299408361428062210
1299408268800995329
1299408250677407746
1299408241869434888
1299407917138022402
1299407779954929667
1299407746119413760
1299407610395983874
1299407545879195649
1299407517429059589
1299407488270446595
1299407391180685314
1299407302445932544
1299407127740641280
1299406977047703554
1299406815961243654
1299406755986837512
1299406689859448836
1299406569881378817
1299406532120137728
1299406392831479810
1299406021694234628
1299405947379625986
1299405866253324290
1299405687387295744
1299405201896615944
1299405139216928770
1299404940331421699
1299404859859402754
1299404814338715651
1299404536914882560
1299404330957668352
1299404322506244101
1299404226578264064
1299404225873694721
1299404193053265920
1299404099138576389
1299404044813955072
1299404026946224133
1299403910713671681
1299403861921271812
1299403732589907968
1299403683696967683
1299403571708993538
1299403555682553858
1299403397955809282
1299403231500668930
1299403220155068421
1299403183165505536
1299403158721048576
1299402743187230721
1299402555915669506
1299402495358382085
1299402484939730949
1299402466266669056
1299402281708912643
1299402153858134017
1299402080411627520
1299402036467978240
1299401864094646274
1299401691331211264
1299401478189219840
1299401349663203333
1299401341308227589
1299401323226505218
1299400864025710592
1299400813471830017
1299400803753566213
1299400667405090819
1299400631535443968
1299400442137337856
1299399985012912129
1299399869522751497
1299399857254420486
1299399800606150656
1299399224619159560
1299399119597953031
1299399042162733057
1299398768362762240
1299398615203545090
1299398505648148481
1299398467333296131
1299398222595715073
1299397904050913282
1299397366693363713
1299397276352348160
1299397251673055235
1299397203878981632
1299397073930985473
1299397054087737346
1299397023251267587
1299396971556470784
1299396727024349186
1299396678022238209
1299396669654663173
1299396568093732866
1299396445267783681
1299396367190720514
1299396145219866629
1299396121358413824
1299396097371262977
1299396094431031298
1299396073497264128
1299396070456389639
1299396067935518720
1299396064668254209
1299396025124356097
1299395957507780608
1299395902977781760
1299395876792786944
1299395727374856193
1299395724275322880
1299395380501774337
1299395130701611008
1299394937193213953
1299394894910324736
1299394791659188224
1299394636293779461
1299394594963173376
1299394370643296263
1299394280713261057
1299394232067776513
1299394173112590339
1299394066669621249
1299394038983004161
1299393984008204289
1299393739396444160
1299393658832195584
1299393657905328136
1299393545988640768
1299393504494444546
1299393410500042756
1299393263707844608
1299393258209062912
1299392986183278592
1299392639440228354
1299392327102889984
1299392265958367232
1299392206051180548
1299392131744833537
1299392083581636611
1299392000349876228
1299391787442802689
1299391716978499594
1299391643053969414
1299391575739576322
1299391398664429573
1299391321963102208
1299391184079646722
1299391183530201088
1299390971701063681
1299390863773249536
1299390822190907392
1299390627285798912
1299390557811363842
1299390395319812097
1299390390076952577
1299390110404931585
1299390092998574083
1299389955844825089
1299389919283032065
1299389869626740740
1299389734482071564
1299389731046854656
1299389592064397312
1299389490029563904
1299389142628003840
1299388903762395141
1299388786942541824
1299388718759976961
1299388397908299783
1299388367524769792
1299387997553602561
1299387930931269634
1299387930830614529
1299387906977665025
1299387878192095232
1299387707895042055
1299387605340098562
1299387464847679488
1299387460280029186
1299387402612617216
1299387396258254849
1299387372984045569
1299387360673763328
1299387248484536320
1299387196831657992
1299387139176759297
1299387059723997184
1299386901179387904
1299386812285300736
1299386723445682176
1299386703254360064
1299386507124453376
1299386402073960449
1299386369299689474
1299386352006500353
1299386317688668162
1299386212785033217
1299386018605551616
1299385973290217473
1299385881363730434
1299385868596244480
1299385803823558656
1299385639679344641
1299385568862916612
1299385355431555072
1299385332102844422
1299385293192265731
1299385266940108802
1299385121351630848
1299385017307717634
1299384984483102720
1299384966674083842
1299384863544442881
1299384857898909698
1299384711131926533
1299384518982471686
1299384266313400320
1299384190304215041
1299383941653245953
1299383882253508609
1299383838880268288
1299383776607375360
1299383702938673154
1299383636907696129
1299383594771779590
1299383588555808773
1299383542678523904
1299383465255874560
1299383188834394117
1299383187471323136
1299383108542894082
1299383055610769414
1299383018155651074
1299382890803982338
1299382876144898048
1299382810847911938
1299382653070774273
1299382565598625792
1299382544346034181
1299382465933570049
1299382394802315264
1299382352175652866
1299382320407949313
1299382267215851521
1299382081039093761
1299381862318698496
1299381787710369793
1299381785307090945
1299381773223292935
1299381454787444736
1299381280191242240
1299381250428461061
1299381085663617024
1299380796575318017
1299380796013383681
1299380795438698497
1299380609857531907
1299380601695465473
1299380579549364226
1299380515687018510
1299380465443524608
1299380397726466054
1299380397151858688
1299380335625596930
1299380037771300866
1299380011883995136
1299380007878512641
1299379998369996800
1299379911531139073
1299379627169808384
1299379494789296130
1299379461562011649
1299379267487309824
1299379236747304962
1299378993242796032
1299378893435133954
1299378590962921474
1299378411505422336
1299378204281581568
1299378079832436738
1299377961120956416
1299377710964322306
1299377673370820609
1299377594777903104
1299377470085369857
1299377454524530688
1299377258948370435
1299377257685934080
1299377093730541576
1299377082909294592
1299377030853808131
1299377006845603841
1299376856857276416
1299376663038431232
1299376573439774720
1299376437150060547
1299376409832566785
1299376248251129857
1299376216131149825
1299376076641234946
1299376071868121094
1299375800953778176
1299375772579266562
1299375767600746496
1299375735719763970
1299375733165436928
1299375692593811456
1299375683949547520
1299375575505743879
1299375564571185154
1299375371645857792
1299375291995955201
1299375286799208449
1299375086781243393
1299375084851924993
1299374910117220352
1299374842123296769
1299374813635584000
1299374797231738881
1299374555580989445
1299374483862622210
1299374468083716096
1299374386223353861
1299374323241713666
1299374314567987203
1299374307274117126
1299374168128061440
1299374125484474369
1299373859729178626
1299373791647334400
1299373791580225536
1299373487770001408
1299373415351058432
1299372882557009920
1299372756207837184
1299372726185058306
1299372657377505280
1299372477618049026
1299372477353791490
1299372447616176128
1299372112315121664
1299371955028717573
1299371717735911426
1299371648022388736
1299371577478438912
1299371540656664576
1299371530644795393
1299371480225124353
1299371413011394560
1299371387019235328
1299371337690025984
1299371119464656897
1299371083259408385
1299370914057007104
1299370907815747584
1299370532232626182
1299370472300253184
1299370440616538113
1299370176421523457
1299370174957617153
1299370077826019333
1299369947697737730
1299369938625466376
1299369852575141895
1299369819045875716
1299369739882463232
1299369361908658179
1299369349413822466
1299369227590283265
1299369132190826496
1299369083562061824
1299369041958785026
1299368743970234370
1299368648411353088
1299368508631941120
1299368470610685955
1299368432035680256
1299368229106786306
1299368153223487489
1299368099142041601
1299368069404467200
1299367882242109441
1299367799979208705
1299367292074160128
1299367212239781890
1299366787704905733
1299366715168624640
1299366710869454851
1299366521672794114
1299366392140042240
1299366328470573058
1299366314201546752
1299366297604587523
1299365998328512518
1299365773933121536
1299365496668721154
1299365302342475781
1299365279986745351
1299365238773633028
1299365069655023617
1299365062864441346
1299365023685451777
1299364946380230656
1299364922254647298
1299364906475622401
1299364852360785921
1299364806756052994
1299364752393736192
1299364714556817408
1299364685783990272
1299364670814523393
1299364400994942976
1299364383076872194
1299364382439219200
1299364378865799170
1299364337350565888
1299364100741517312
1299364087479107587
1299364022874247172
1299363991664439300
1299363950254063619
1299363789335416833
1299363674512142337
1299363420454739975
1299363293119877127
1299363267857592321
1299363142707838976
1299362788507357185
1299362786737356801
1299362776461213696
1299362563386486784
1299362327859548161
1299362299065569281
1299362274784804866
1299362057922453504
1299361975194005507
1299361837906096129
1299361803286253569
1299361801025589251
1299361779307479041
1299361292709498880
1299361241761230849
1299361238263173121
1299361206541656064
1299361139428556800
1299361083174645760
1299360933186285568
1299360898851708930
1299360895517290502
1299360880619130880
1299360814625947648
1299360803729092609
1299360676121632768
1299360655439474689
1299360645645819908
1299360314773962752
1299360290832818176
1299360241604329472
1299360184830177281
1299360071122669570
1299360064629878786
1299359684869095427
1299359512676175873
1299359499858386944
1299359483454513152
1299359479591559168
1299359455042134017
1299359448281092098
1299359346099458048
1299359319125823489
1299359030306131968
1299358998299316224
1299358865092378626
1299358775015550976
1299358729020768256
1299358572334190594
1299358502540857346
1299358281232781317
1299358183992029184
1299358159526670336
1299358018497282049
1299357964432814080
1299357934963642368
1299357791707070467
1299357692415352845
1299357674191101952
1299357552245968896
1299357540946513920
1299357394594562051
1299357381533597698
1299357331495493632
1299357275186962438
1299357010123788290
1299356980113559553
1299356861544779776
1299356828179070981
1299356780418527233
1299356691457290243
1299356650957156355
1299356281065451521
1299356279970947072
1299356068481564673
1299355886708838401
1299355851371810818
1299355594323824641
1299355566846820353
1299355536866115585
1299355321488609281
1299355292933730304
1299355186629148674
1299355117905473547
1299354982932676615
1299354909595373572
1299354600244416518
1299354390558539778
1299354017357758464
1299353876865445891
1299353819470585860
1299353667263488000
1299353497402593281
1299353264861872131
1299353201045655557
1299353187619606536
1299353095596658688
1299352961324404737
1299352923458203650
1299352618322595840
1299352276168060928
1299352134287347712
1299352103312330753
1299351972634652683
1299351945124216833
1299351921195732995
1299351845672976386
1299351827511750657
1299351725506260996
1299351539719565318
1299351407208923138
1299351406197997568
1299351367857975298
1299351320651071488
1299351233967390720
1299351060209963009
1299350953443954688
1299350934989017093
1299350910372642819
1299350585318219777
1299350449850646531
1299350370595082242
1299350116910891009
1299349920198144000
1299349813838872576
1299349592732041221
1299349480907644928
1299349478407892992
1299349411802288129
1299349400838443008
1299349269728694274
1299349220927967232
1299349152623714310
1299349150027386881
1299349115504123904
1299348967608721408
1299348931738992641
1299348882485374978
1299348827917496321
1299348694295285761
1299348680441507840
1299348678642216962
1299348662464778240
1299348614330953731
1299348592902144001
1299348582651383808
1299348560006262786
1299348554792742912
1299348539739385857
1299348466343313409
1299348417160908800
1299348394792583168
1299348353319350273
1299348264861433856
1299348155285336064
1299347961986666500
1299347784173314053
1299347639574638592
1299347519198068740
1299347507038900225
1299347444669480962
1299347431109394432
1299347428362121218
1299347393989804034
1299347267971952641
1299347256294993921
1299347243506556929
1299347119791321088
1299347110203191296
1299347071233921024
1299347027323686912
1299347023678799872
1299346985175134208
1299346909849620480
1299346900525764614
1299346771949256705
1299346668190683138
1299346390301184001
1299346374912290817
1299346292200689664
1299346173594140673
1299345974100455428
1299345945667276800
1299345917733228544
1299345878084390913
1299345836397277185
1299345550719045636
1299345468581990402
1299345429503578112
1299345409954000896
1299345268886982657
1299345241846304768
1299345218022584321
1299345207285157893
1299345132471431174
1299345098686291968
1299345021922144256
1299344920029863936
1299344891164712962
1299344725892235264
1299344701103968256
1299344646900981760
1299344557818155008
1299344541951168513
1299344409662812161
1299344211339341825
1299344035388305409
1299344012952899586
1299344004497182720
1299343952945000448
1299343868660461570
1299343690712915968
1299343613508423680
1299343576606945280
1299343390929309699
1299343362286383111
1299343248893280257
1299343227242328065
1299343215112400897
1299343071478513665
1299342943388610560
1299342887512166400
1299342852225470464
1299342775335432192
1299342740254326785
1299342703235346432
1299342640941592581
1299342400465309699
1299342383696543744
1299342266348306432
1299342254914637825
1299342231090978817
1299342104565551108
1299341940094390273
1299341862650683394
1299341861593714689
1299341818455261186
1299341697466462209
1299341615300050944
1299341098163240961
1299341032862212097
1299341019222339584
1299340987668496387
1299340964792643584
1299340807644876806
1299340800929730561
1299340743564242945
1299340732881424386
1299340721938477056
1299340714065747968
1299340552861814786
1299340487418089476
1299340164041527299
1299340158018433026
1299340115379183616
1299340063231401984
1299340029647609856
1299340006415368192
1299339936945111048
1299339929357627393
1299339783546732546
1299339769835597824
1299339730476244992
1299339621697032194
1299339612683407361
1299339302283902979
1299339179898343425
1299339089230139392
1299339058003537922
1299338752616267777
1299338662883274754
1299338607099105280
1299338552917069824
1299338379172220930
1299338293939777536
1299338261429727232
1299338183952474114
1299338136984616960
1299338121344102400
1299338094169161728
1299338011298201600
1299337927139438592
1299337871552393217
1299337863956439040
1299337814287491072
1299337645856784389
1299337405623828480
1299337300883714048
1299337263105613824
1299337227969933315
1299336884741701633
1299336687554891776
1299336504137969665
1299336295068717057
1299336196934467587
1299336128269561857
1299336077396901888
1299336003094818816
1299335974246387712
1299335937374269440
1299335904931307522
1299335872911998976
1299335740493619201
1299335485781925889
1299335377304649729
1299335372070154240
1299335269242503168
1299335264813408259
1299335172777795584
1299335113579417604
1299335009149558785
1299334934004367360
1299334929151651840
1299334895681105921
1299334877834366983
1299334774427987968
1299334731700621312
1299334661366321153
1299334630865334278
1299334502758658048
1299334488284188672
1299334434672566272
1299334338266435585
1299334307656470532
1299334295979470848
1299334016420716544
1299334012075479045
1299333972946751495
1299333958354776065
1299333951782187008
1299333934816227328
1299333866596061193
1299333640267141120
1299333626455355394
1299333405696557056
1299333358011527170
1299333275551498241
1299333181464870912
1299333160665260037
1299333048002138112
1299333031837290501
1299332953911242753
1299332879646851072
1299332816782663686
1299332814400352256
1299332770372648962
1299332757869539328
1299332640722558977
1299332640055668740
1299332524884267008
1299332489438212098
1299332424577568770
1299332316855185411
1299332192615780353
1299332156624384000
1299332114329067522
1299332097715376128
1299331921416269826
1299331920455782402
1299331889082310657
1299331848393445377
1299331796526600192
1299331653874126848
1299331599083933696
1299331597905342466
1299331474047594502
1299331305092648960
1299331243591467010
1299331155989336066
1299331033423319046
1299330960228528128
1299330904893140993
1299330817257283584
1299330745421516801
1299330641977389057
1299330450603868160
1299330448452202496
1299330446845591584
1299330342327922688
1299330302838534144
1299330151306715137
1299330103890116608
1299329923795095552
1299329876353323009
1299329863090933762
1299329791544434689
1299329754143784961
1299329677186785280
1299329676469469184
1299329664494825473
1299329609683677184
1299329593992794112
1299329532814667776
1299329494155767813
1299329451734560768
1299329395430240258
1299329370432114688
1299329325335040000
1299329221601435648
1299329115103924224
1299329106220380161
1299328991019634688
1299328885952315392
1299328873763663872
1299328654716137474
1299328589368877056
1299328474361090048
1299328439619596291
1299328347659546624
1299328277446754306
1299328240411176960
1299328237923971078
1299328206462488577
1299328200804270081
1299328176791969792
1299328130675597312
1299327882167279617
1299327832745795584
1299327767297830912
1299327716571971584
1299327511726379009
1299327261443796994
1299327156024217600
1299327155336286208
1299327088114184196
1299326975312572416
1299326911584309248
1299326788410241024
1299326783209254918
1299326710106787841
1299326613839020033
1299326558486827011
1299326393889828864
1299326210728693760
1299326194798727168
1299326168030736387
1299326161957392389
1299326127480221698
1299326126813216768
1299326109893492736
1299326027714396160
1299326014309511168
1299325962757300224
1299325935787954179
1299325897548455936
1299325809023422469
1299325808016793602
1299325792040747008
1299325564931788800
1299325559021993984
1299325507343876098
1299325491636252673
1299325473810452484
1299325382563426308
1299325142909231110
1299325121065349120
1299325116954935297
1299325041658691588
1299324879032987656
1299324783625109506
1299324539386630145
1299324432985608192
1299324386336538625
1299324268526940160
1299324244409700352
1299324125706620928
1299323959243046912
1299323906336133120
1299323836685602816
1299323736831807489
1299323675347386369
1299323532279676931
1299323502038786049
1299323463979667458
1299323328696659968
1299323260086214656
1299323078325997568
1299323077705293825
1299323011741487104
1299322984801370112
1299322951519567875
1299322613374877696
1299322503400165378
1299322394390269958
1299322314413223938
1299322312097923072
1299322222742564870
1299322139045232641
1299322124750991360
1299322121705992192
1299322055645691904
1299322032526483456
1299321925546790914
1299321793191317504
1299321707732381698
1299321609027715073
1299321594209275912
1299321374733824001
1299321174812434435
1299321171931009029
1299321106415923200
1299321093862445061
1299321046374506496
1299321008072077314
1299320923326119937
1299320918750175233
1299320818355273728
1299320768015273984
1299320750260838400
1299320698037510145
1299320507234385920
1299320421704232962
1299320382948868096
1299320281002119169
1299319992568213505
1299319854336536576
1299319849399857152
1299319833004130305
1299319719296667650
1299319662912638976
1299319648027107330
1299319560768757760
1299319510382637058
1299319369344798721
1299319329666879488
1299319322184232961
1299319260578287616
1299319238004322304
1299319214356992000
1299319204210827265
1299319157050216450
1299318997704421377
1299318968147116032
1299318958177181696
1299318932164218880
1299318928427147264
1299318869497131010
1299318831182118912
1299318828552409090
1299318759790981127
1299318735371735041
1299318682502541312
1299318626919616513
1299318608082894849
1299318591326748679
1299318388934823938
1299318299088617473
1299318255795023873
1299318223423373313
1299318196705648640
1299318176405127169
1299318155215593472
1299318046214041600
1299318032737742850
1299317828861022213
1299317821965565953
1299317795289792513
1299317775727550466
1299317635851706370
1299317620060102656
1299317611302453250
1299317604524404741
1299317578775502848
1299317577026592775
1299317566394040320
1299317532332044289
1299317470327640066
1299317467710447616
1299317414115639298
1299317321484382209
1299317307974586371
1299317303251734530
1299317107151245313
1299316824883048449
1299316803764719618
1299316739575091200
1299316737188519937
1299316412838744068
1299316407654645760
1299316282588884993
1299316239148474369
1299316220609658880
1299316212023918598
1299316156021563394
1299316124522344450
1299315794141216770
1299315746342924290
1299315728332599296
1299315717884571649
1299315685479284738
1299315637769117697
1299315611290529793
1299315602906021890
1299315582878314496
1299315563748118528
1299315439588331521
1299315438057291779
1299315377265143808
1299315364573204480
1299315072498569220
1299315036872204289
1299314985621913600
1299314874246365185
1299314841019129856
1299314668687757313
1299314666884263937
1299314630779719680
1299314607094411269
1299314469747687424
1299314453574545408
1299314420556861443
1299314397731586048
1299314354932846594
1299314328110325760
1299314260401627136
1299314236171210752
1299314222845890561
1299314019577278464
1299313967404380162
1299313944218173440
1299313906339532800
1299313786155929602
1299313633982377984
1299313581801066499
1299313465740402688
1299313453463732224
1299313441899974657
1299313407959732226
1299313405816340482
1299313395611701248
1299313388024205312
1299313380956811264
1299313309452206080
1299313242725023744
1299313194641616898
1299313120473747462
1299313120423432193
1299313087460323331
1299313033408385026
1299313000852213760
1299312976021856257
1299312922213183497
1299312857268588545
1299312802100805632
1299312718869078016
1299312640913797127
1299312629119365123
1299312587784564736
1299312582415785984
1299312581232992259
1299312567463149569
1299312520906395648
1299312520860241921
1299312477021364229
1299312428044505088
1299312385778425857
1299312332661817344
1299312293814173701
1299312224771637250
1299312211928719360
1299312141720260610
1299312104999211008
1299312096069419009
1299312091178954753
1299312038758494208
1299311968856272896
1299311864317464576
1299311851143131142
1299311697921011713
1299311591285030912
1299311409516482561
1299311350490030084
1299311316839084033
1299311309155074050
1299311230226755586
1299311181350555654
1299311177105846273
1299311099758641154
1299311087221964800
1299311078225178628
1299310963598995457
1299310899258417152
1299310858900779008
1299310853590745089
1299310778852540417
1299310752138919936
1299310711794012161
1299310673659334658
1299310663215591425
1299310655766495232
1299310655359643648
1299310649680506881
1299310612858765322
1299310543031992320
1299310501948657665
1299310476761935873
1299310298063659009
1299310261766098948
1299310237812432898
1299310110536335360
1299310039631568897
1299309935696605184
1299309920144232450
1299309775432413186
1299309661905186816
1299309596973166594
1299309593802219522
1299309548042366976
1299309435790282753
1299309362519961602
1299309302423990272
1299309237357760512
1299309183049912322
1299309137235529728
1299309058902626304
1299309024614248449
1299308986798428161
1299308852442263553
1299308810935431169
1299308801099788289
1299308700268666882
1299308669025345539
1299308566533361667
1299308527748554754
1299308480491401217
1299308372597108736
1299308246864408576
1299308162819010561
1299308122813747200
1299308096494407680
1299308017486385154
1299307971290296321
1299307681900105729
1299307671242317824
1299307647330639874
1299307562031108098
1299307560248500230
1299307537054007298
1299307524819169280
1299307493017948160
1299307475880095745
1299307382074486786
1299307358489804800
1299307159277252610
1299307120890990592
1299307117871063041
1299307010119344129
1299307004159242241
1299306955115237378
1299306937016877057
1299306901646303232
1299306786437173248
1299306751435694080
1299306710998413313
1299306665485967360
1299306613203968000
1299306524905549824
1299306379203706886
1299306364091666433
1299306322157072387
1299306241798238210
1299306141676113921
1299306087271878658
1299306046171774977
1299305945986732032
1299305931684155393
1299305895441162242
1299305891221639170
1299305790960959489
1299305756370644992
1299305591568031744
1299305569719848962
1299305537084051457
1299305486223683584
1299305451688001537
1299305258540314625
1299305258536108033
1299305236004089857
1299305226814599174
1299305128269418496
1299305125442457600
1299305053002620928
1299304897737830401
1299304858562985984
1299304780527935491
1299304767806746624
1299304659551748096
1299304632192245760
1299304554035638272
1299304550097182720
1299304481243435008
1299304479544795136
1299304464172683264
1299304317007138819
1299304243925585922
1299304205648363521
1299304108898349056
1299304054594699265
1299304039792939009
1299304005257121793
1299303907642966016
1299303770128617472
1299303731780091905
1299303703657226241
1299303627140616192
1299303476409794560
1299303386404155393
1299302945109037056
1299302837143449600
1299302654816985090
1299302572277280769
1299302477360238593
1299302467105161216
1299302325908131841
1299302189282856960
1299302068486844423
1299301997762543616
1299301884063342593
1299301869727232006
1299301591116402688
1299301454071689217
1299301401017937920
1299301329354076160
1299301304880082946
1299301197099290629
1299300895633674245
1299300700871159808
1299300623989366784
1299300570117922818
1299300489494962177
1299300423568969728
1299300369353322496
1299300340735578117
1299300322167476226
1299300206161387522
1299300157838721024
1299300082890797057
1299300059369082880
1299300036921233408
1299299555347922948
1299299543356510208
1299299383515779073
1299299313437339648
1299299202741215237
1299299172462596098
1299298679040495617
1299298629434462210
1299298554859716610
1299298538329976834
1299298522802597889
1299298475511869440
1299298400098283520
1299298386793951233
1299298381077118977
1299298336722296832
1299298331689189377
1299298272029356032
1299298108019482625
1299297897025024000
1299297877274042370
1299297847607783427
1299297778506641409
1299297675263778816
1299297626525970432
1299297608284991489
1299297558527909888
1299297469206089728
1299297409399500800
1299297342475177985
1299297284488859648
1299297186581295105
1299297077445484546
1299296970020921344
1299296954065788928
1299296916178644992
1299296774750965760
1299296746963636224
1299296669218070528
1299296628260642817
1299296585101254657
1299296387654463488
1299296262051819520
1299296218753970176
1299296057562628098
1299295918911610883
1299295851127373824
1299295849302896641
1299295731069714432
1299295663499481089
1299295406254444545
1299295355847299073
1299295310469107717
1299295249093799936
1299295179875196930
1299295160682119168
1299295113680760832
1299295096148496385
1299294819609718788
1299294758288973825
1299294713770651648
1299294689275904000
1299294581461262338
1299294292301627392
1299294291332796418
1299294150349803521
1299294023920816128
1299294017742659584
1299294017310658560
1299293999031898112
1299293991901560836
1299293957885751296
1299293932078149632
1299293622890893312
1299293603928387584
1299293527722074115
1299293495048507392
1299293453088690177
1299293378006470659
1299293363699675138
1299293321681133568
1299293318006935554
1299293310763368448
1299293297370857478
1299293297308045312
1299293251711762432
1299293230970929152
1299293113698131970
1299293062666096641
1299292908106002434
1299292772806033408
1299292601582059521
1299292519457525761
1299292470250016768
1299292402340028416
1299292374439546881
1299292371688058880
1299292264246714373
1299292250044850176
1299292241798803457
1299292183581929472
1299292155492659202
1299292155157123072
1299292115197927424
1299292041055272960
1299292021354565632
1299292020129910785
1299292007651774465
1299291958968561676
1299291873102770176
1299291871638941697
1299291864554766338
1299291748338995201
1299291673768460288
1299291555837227009
1299291520839843843
1299291485758726146
1299291452598554625
1299291434814767104
1299291410609434626
1299291391848263682
1299291301532381185
1299291184712552452
1299291009852080133
1299290863865139202
1299290847687606273
1299290808135413760
1299290587460505601
1299290576035155970
1299290564261806080
1299290491637428224
1299290456778510336
1299290228528734209
1299289887628300291
1299289789011763200
1299289735442116608
1299289678944907266
1299289661752442881
1299289661098127362
1299289462267052032
1299289425747337218
1299289400925401089
1299289400208130048
1299289356029526018
1299289352204414976
1299289338417733637
1299289245664804864
1299289180309262336
1299289004572053505
1299288986947588097
1299288954215202816
1299288892919644160
1299288875681091584
1299288667547217922
1299288566355431424
1299288550169604098
1299288490857959425
1299288389108334596
1299288134413430785
1299288131355774976
1299288085763633153
1299287990255091714
1299287881790484481
1299287816363540481
1299287803830906881
1299287781953413120
1299287656749240320
1299287569943990274
1299287467091283969
1299287364737601536
1299287331418054656
1299287151641866242
1299287100202856448
1299287041428119557
1299286962868826113
1299286940563501056
1299286863862272000
1299286823034859520
1299286764847235072
1299286727673229315
1299286656219049984
1299286574476263429
1299286516129243136
1299286411942789120
1299286257596592128
1299286210641362944
1299286147563171840
1299286041204002816
1299285953018724353
1299285946886696960
1299285922316464128
1299285905392513025
1299285836962332672
1299285788010729472
1299285719769403392
1299285626370633729
1299285624483127298
1299285597228544005
1299285523530383366
1299285460594950145
1299285276867559424
1299285266314801152
1299285008734191616
1299285008415428611
1299285003352891393
1299284992133148672
1299284848977342470
1299284847907741698
1299284822251188225
1299284603740606465
1299284494181171200
1299284443291672576
1299284229801508864
1299284213141823493
1299284189955657728
1299284173782421504
1299284094644375553
1299284066114711559
1299283954772705281
1299283851613741056
1299283786249756672
1299283762342227968
1299283701499604994
1299283642234138624
1299283614950207488
1299283549640687616
1299283522390237184
1299283127756558337
1299283115295338496
1299283095703687169
1299282850513129473
1299282780044570626
1299282629666238464
1299282524112334850
1299282474460164102
1299282111636156416
1299282045978447878
1299281914025725952
1299281676825231361
1299281645560901633
1299281580897251328
1299281408393973761
1299281371895132160
1299281318501548042
1299281262331465733
1299281260712538112
1299281158442831876
1299281093875691520
1299281076175728640
1299281026414514176
1299281017971376128
1299280913231208448
1299280847661658113
1299280799003488257
1299280788551331841
1299280565225521154
1299280540848320519
1299280400938946561
1299280375324213249
1299280366461685762
1299280307712077824
1299280270584164353
1299280256185118720
1299280249969090560
1299280227399540737
1299280197406031872
1299280172877787136
1299280166133399554
1299280120151183361
1299280100622467073
1299280088291303424
1299279966429995008
1299279927863390208
1299279927288705026
1299279814600388608
1299279795570855936
1299279541957951493
1299279375175741441
1299279330292510720
1299279237170552833
1299279072426635265
1299279018013978624
1299278859498655745
1299278855274934273
1299278854943629313
1299278722491613186
1299278700219957248
1299278622402834432
1299278559169728512
1299278533001465856
1299278522654040064
1299278408984260608
1299278382480453633
1299278288318279680
1299278265023115268
1299278223788965889
1299278143518388225
1299278069325344769
1299278020054786048
1299277988647841792
1299277906628300802
1299277869290532864
1299277621931446273
1299277587211051008
1299277553081909248
1299277364736798720
1299277280620023808
1299277130128330753
1299277128224182274
1299277070908796928
1299276868961603584
1299276756902465537
1299276725856206849
1299276721452191744
1299276706042306560
1299276512873590785
1299276465578610688
1299276352231747585
1299276284418240512
1299276278705672192
1299276183692025856
1299276176419106816
1299276056801816577
1299275861414346752
1299275855454240768
1299275797048549376
1299275731890036741
1299275666295226369
1299275401387220992
1299275327118749696
1299275290699616256
1299275259905015808
1299275255270301696
1299275212656193538
1299275149292851202
1299275143705960449
1299275023283367936
1299274786770759680
1299274786691055617
1299274728696406016
1299274726926356481
1299274683406331904
1299274581602185216
1299274581149089793
1299274514044461056
1299274475918241793
1299274462165073920
1299274427507539968
1299274424420622336
1299274382444027904
1299274284120993792
1299274279595511809
1299274262323310595
1299274208233623553
1299274205360533504
1299274181692067841
1299274070543003648
1299274043607089154
1299273957749731328
1299273902095577089
1299273768767025152
1299273763029233664
1299273757257863168
1299273731903229952
1299273572276412416
1299273539569307649
1299273446443175941
1299273360338280448
1299273360107593729
1299273339924606977
1299273203722878976
1299273199650246656
1299273107648262145
1299273101264457728
1299272994389463040
1299272899363209216
1299272868392558594
1299272824637489154
1299272810624319489
1299272760615743488
1299272694731603969
1299272595213254656
1299272538946764801
1299272369798774785
1299271987001528320
1299271928767819776
1299271874422202368
1299271859700150273
1299271837344563202
1299271725331484672
1299271587590438912
1299271526450167808
1299271250418827265
1299271218634403841
1299271119246065664
1299271079081529350
1299271039055204352
1299270888639148033
1299270865637593088
1299270595738324994
1299270554533400576
1299270549353439232
1299270535608762368
1299270415634792449
1299270387352637440
1299270385372925952
1299270298848632833
1299270157882318848
1299270147627245569
1299270046099877888
1299269963673468928
1299269924758618112
1299269906970685441
1299269819649404928
1299269716033318918
1299269669224951813
1299269637708877824
1299269588929175552
1299269492644737024
1299269472675655680
1299269416295768065
1299269274394152961
1299269146958589952
1299269143846416384
1299269117099343873
1299269013055459328
1299268991639265280
1299268917387550720
1299268911574253568
1299268903269470208
1299268863037669377
1299268813414899713
1299268779415875584
1299268761938276352
1299268686663102465
1299268618274955266
1299268579058221056
1299268558376128514
1299268508963024896
1299268355556245505
1299268309305655297
1299268305526689794
1299268213415567361
1299268030313254914
1299267913468317699
1299267836561498113
1299267766357295105
1299267673650532352
1299267634815434752
1299267439696523266
1299267360063451138
1299267359639830528
1299267351280521216
1299267346578714630
1299267279578976257
1299267273853751296
1299267262814343169
1299267212285538305
1299267118257635329
1299266896722829313
1299266835997691904
1299266835729313794
1299266768272347136
1299266728271249409
1299266719928799232
1299266654589857796
1299266617646419971
1299266595513077760
1299266579478319104
1299266330634399744
1299266330286338048
1299266306701692928
1299266302838743042
1299266264217550848
1299266223977435137
1299266161423585281
1299266122626236416
1299266113428226051
1299266091047366656
1299265982540775424
1299265919496093697
1299265794447159296
1299265705280503808
1299265680911544320
1299265602373193730
1299265594362073093
1299265566885244929
1299265564234448899
1299265494994825216
1299265484240683009
1299265441995644929
1299265384332304384
1299265367777390592
1299265313637314560
1299265244427104257
1299265221480140800
1299265191738212353
1299265160889204736
1299265136813903872
1299265082149548035
1299265044035899393
1299264981293203459
1299264960204288000
1299264862426730496
1299264857745883137
1299264837923622913
1299264795682787329
1299264521748516865
1299264513200525312
1299264484536733696
1299264470926217216
1299264389585960960
1299264228432449536
1299264200905236480
1299264121842601984
1299264119422550016
1299264097326903296
1299264044600360960
1299264013197606917
1299264001881276416
1299263934583758848
1299263918158876672
1299263906809106432
1299263897191542785
1299263869035196416
1299263862903107586
1299263739397627904
1299263708057743361
1299263677951074306
1299263674880864256
1299263651120119808
1299263518051573760
1299263483956125696
1299263478864244736
1299263474959298560
1299263474883792896
1299263411931447296
1299263390523756544
1299263387038183424
1299263337981710341
1299263307745046529
1299263301759762432
1299263290430889985
1299263284072284161
1299263148667662338
1299263128488812547
1299263078564065280
1299263038575566848
1299262890306920448
1299262875056431110
1299262716583047168
1299262713714089984
1299262688669958144
1299262555244974080
1299262506691629062
1299262503868923904
1299262485330100224
1299262323861880835
1299262294095015936
1299262168093921280
1299261963755827200
1299261799058092032
1299261798911275008
1299261749821087744
1299261344747868162
1299261179790012417
1299261058549510144
1299261030867128321
1299260966631342080
1299260861404663808
1299260849614446593
1299260845713694721
1299260767921987584
1299260732907958273
1299260697562492933
1299260611604500480
1299260515672363010
1299260497569763328
1299260472756142080
1299260470281613317
1299260412244959232
1299260384482922496
1299260269634490368
1299260209467195393
1299260154295316481
1299260113379831808
1299260072527364096
1299260016541814787
1299260008417431552
1299259982219706368
1299259962753982469
1299259901211009024
1299259854222168064
1299259781547466752
1299259708121976833
1299259613532106758
1299259589028990976
1299259560738189312
1299259534322667520
1299259504916336641
1299259403334541312
1299259377455706112
1299259362255478786
1299259291216547840
1299259239773474816
1299259070994690048
1299258992070361088
1299258960680235009
1299258873279377408
1299258841935249410
1299258840660271104
1299258803775401990
1299258681926848513
1299258676969078784
1299258634556276738
1299258610451656704
1299258564100395009
1299258550485622785
1299258548791250944
1299258522903994369
1299258507343073280
1299258505401114624
1299258493342568448
1299258474803625985
1299258458307465216
1299258454851362818
1299258395183198208
1299258382579372034
1299258295992098817
1299258108372553728
1299258041540456448
1299258023643435009
1299257956731629568
1299257925744156672
1299257900158906369
1299257781363638272
1299257773889290240
1299257708357529600
1299257679953776645
1299257654511009793
1299257591571378177
1299257568792113152
1299257491705004032
1299257491189047297
1299257478568382465
1299257362847535104
1299257348352102400
1299257250696097792
1299257204642664448
1299257080923271168
1299256985607692291
1299256943761125376
1299256854959267842
1299256835095003136
1299256831508873216
1299256827834765312
1299256663631892481
1299256595398955008
1299256457146310661
1299256300090597376
1299256268591370241
1299256168850903043
1299256124793909250
1299256019747471360
1299255952189927424
1299255937690206208
1299255895579389952
1299255876084281345
1299255847873392646
1299255834476675072
1299255820056657921
1299255801283072001
1299255736166481920
1299255721473855489
1299255714775543808
1299255611054587905
1299255597146267650
1299255569266728960
1299255566569746434
1299255547414433792
1299255535259267073
1299255451503267841
1299255400110399488
1299255382968348672
1299255249539141632
1299255131947532288
1299254954104958976
1299254863436681216
1299254790229295104
1299254786571763713
1299254766690861057
1299254743617998848
1299254710591987712
1299254677838716928
1299254619160432640
1299254577930350592
1299254573178253312
1299254472997253120
1299254457927172096
1299254440957038593
1299254374896721925
1299254212380033026
1299254208147972097
1299254174882975744
1299254041676050433
1299253920234123264
1299253882749583362
1299253750129979393
1299253649709969409
1299253487407181825
1299253441030688769
1299253372638367744
1299253348516929537
1299253189397676032
1299253155776077824
1299253131474341889
1299253122565574657
1299253037412868101
1299252953862336512
1299252777844191238
1299252713746825217
1299252680007745536
1299252588848836608
1299252561883602945
1299252539502874624
1299252512051138560
1299252505961000965
1299252504459448320
1299252499082285059
1299252404643336193
1299252327170412544
1299252308837101569
1299252274758406144
1299252198057091072
1299252075516354562
1299252019233017856
1299251967399792646
1299251914383777793
1299251906825592833
1299251801267548174
1299251738843713538
1299251677598547970
1299251651782606850
1299251647160426496
1299251616709779457
1299251575286833152
1299251480562724866
1299251376569057281
1299251291370250240
1299251276941848576
1299251249540403205
1299251149988663296
1299251146931011584
1299251138982825986
1299250976910643201
1299250838196584449
1299250802528264192
1299250669573079040
1299250653101948930
1299250528430497797
1299250496817913857
1299250379201351681
1299250213127892992
1299250120282824705
1299250066671181824
1299250058005803008
1299249854695305217
1299249778396729344
1299249690211385344
1299249625375834112
1299249574444445698
1299249510359670784
1299249368076300288
1299249223574212608
1299249170738536448
1299249135770574848
1299249012202262528
1299248937312890880
1299248919428435968
1299248903532023809
1299248836200869888
1299248759273066496
1299248754931965952
1299248741380169730
1299248702536716288
1299248254052438016
1299248240668409857
1299248168597630976
1299248155503087616
1299248097546178560
1299248020475842561
1299247900057370625
1299247860656074753
1299247858311405568
1299247820910755840
1299247606158237698
1299247596041646081
1299247595471200256
1299247538114097152
1299247398712217601
1299247396698968065
1299247386003464192
1299247376113246208
1299247325727121413
1299247319712399360
1299247241690050567
1299247209695899649
1299247191320662016
1299247162375757825
1299247047917350913
1299247019282792448
1299247012165058560
1299246886776430592
1299246854920638469
1299246842446786560
1299246718580645888
1299246670895554562
1299246606978609152
1299246596484407296
1299246546593157120
1299246447850913794
1299246387561992192
1299246374916157441
1299246103456604160
1299246052273459202
1299246021768339456
1299245758894370816
1299245648617799682
1299245575758663680
1299245549418315776
1299245516321157120
1299245302973685760
1299245279162531842
1299245079912161280
1299245067094368256
1299245045116284929
1299244856791965697
1299244830548258816
1299244826685300736
1299244732082802689
1299244679016448000
1299244578873257984
1299244577510043654
1299244495494623238
1299244491036151808
1299244411977707520
1299244398266519554
1299244389500411904
1299244283694919681
1299244278468825088
1299244209354940418
1299244171060891648
1299244152413188097
1299244095420932096
1299244032888111107
1299244026923814912
1299244007487348737
1299243962637651969
1299243946627993600
1299243942844792832
1299243869079588865
1299243852663062534
1299243795217821696
1299243756244348928
1299243736468205568
1299243590208675841
1299243496541388803
1299243486093471744
1299243441092788224
1299243366383857665
1299243356837552128
1299243347857547264
1299243322742013952
1299243149467029504
1299243141892014082
1299243102142631937
1299243028121563137
1299242957250400256
1299242574503383041
1299242495189094401
1299242403862319105
1299242369393582080
1299242259641180162
1299242240540389376
1299242209628352512
1299242162358542337
1299242143769391104
1299242141420531713
1299242124584660995
1299241942757396481
1299241855536828416
1299241807125987328
1299241763782176768
1299241724276072449
1299241597528346624
1299241578364653568
1299241523603791873
1299241438929186817
1299241335019405317
1299241265310191616
1299241248910442497
1299241196804542464
1299241053715869697
1299241005879881729
1299240903480152064
1299240862459867137
1299240792612106241
1299240727763968000
1299240696625483776
1299240681634963456
1299240668750139392
1299240551498362881
1299240532636585984
1299240493327548416
1299240319851155457
1299240305984708608
1299240298883809282
1299240297881382912
1299240247381950464
1299239941550022656
1299239894150262784
1299239865150824448
1299239795055628288
1299239721596522496
1299239605657575425
1299239417681522688
1299239414766465024
1299239413411704834
1299239394981879809
1299239323116744704
1299239191658803200
1299239125351047168
1299239090701905922
1299239079389868032
1299239027808313344
1299238960821088256
1299238817401106432
1299238716720984064
1299238610429005826
1299238572575412226
1299238566996987904
1299238541818564610
1299238516396822529
1299238474697113600
1299238464148451328
1299238381608722432
1299238334544441344
1299238329045708801
1299238267829837824
1299238243163082752
1299238209847689216
1299237939415834624
1299237928774889472
1299237892443844608
1299237888744456192
1299237752043720705
1299237705176449026
1299237676978180097
1299237676403613697
1299237665410351104
1299237656593870849
1299237649614540801
1299237529615585280
1299237528147570689
1299237464670900225
1299237423453532160
1299237326342754304
1299237299805274112
1299237296181587968
1299237132997931008
1299237042736582658
1299237001594580993
1299236951925690368
1299236897072570369
1299236780718338053
1299236694915534848
1299236686585618432
1299236447225024512
1299236390706851841
1299236313439272963
1299236277502574598
1299236262478573573
1299235989672599555
1299235916771405824
1299235902225604608
1299235664224030720
1299235571982831616
1299235535991570432
1299235397604724736
1299235373407666176
1299235359818211333
1299235352520142848
1299235281535750144
1299235241438085120
1299235187688124416
1299235113553866752
1299235093412749312
1299235058738487297
1299234855981637632
1299234710942556160
1299234679107858432
1299234630344863744
1299234602255634433
1299234593451765760
1299234507258822656
1299234493526675456
1299234407153311744
1299234377881313280
1299234331978797059
1299234260906389504
1299234157307088896
1299233951010230275
1299233844688826371
1299233824128348162
1299233591902302209
1299233518682337281
1299233477636874240
1299233449396625409
1299233431944134658
1299233290793242626
1299233264050339844
1299233254403461121
1299233196337434626
1299233045439025152
1299233024756908032
1299232985460375552
1299232979689058306
1299232977877164033
1299232973737385986
1299232970923012098
1299232967580151810
1299232857920024576
1299232855458021378
1299232853436309505
1299232851054014464
1299232814597107712
1299232806120423424
1299232654957703169
1299232638360793088
1299232609038479361
1299232602004631552
1299232600096231424
1299232592286412800
1299232521989783552
1299232460950167553
1299232419019718657
1299232316699611137
1299232276228829184
1299232001443024896
1299231986578579456
1299231856223756288
1299231538534637569
1299231296607191040
1299231012837355520
1299230983951208455
1299230930771509252
1299230762307289090
1299230741851779074
1299230715977125888
1299230647064711169
1299230572657733632
1299230531876515841
1299230399302955008
1299230385176539136
1299230371196874753
1299230318113828864
1299230290813087744
1299230236039622656
1299230049913184256
1299229984322711557
1299229975749505024
1299229770044104706
1299229768324444160
1299229728352731136
1299229657166950401
1299229152529256448
1299229128416276481
1299229107037843456
1299229082337587201
1299229021163618304
1299229014524133377
1299228799796641793
1299228685774589952
1299228537216528384
1299228378977968129
1299228282722844672
1299228262770630656
1299228161289465856
1299228072277929985
1299227980024119296
1299227780287287297
1299227676578807808
1299227596735918081
1299227552612052994
1299227373372612609
1299227369253810176
1299227277889339392
1299227241944096774
1299227125761880065
1299227095458086912
1299227063556231169
1299227020417740800
1299226921021173761
1299226909935636480
1299226729119199233
1299226718624985088
1299226700119789568
1299226673972473857
1299226603407454208
1299226596981780480
1299226568087273472
1299226550819225600
1299226527905861633
1299226434708348928
1299226412013023234
1299226404303798273
1299226377397383169
1299226279221354496
1299226246212136961
1299225914572787712
1299225769445593093
1299225761547800576
1299225675149332481
1299225672896983041
1299225646707638273
1299225590340476934
1299225539081887744
1299225311008129024
1299225308852293634
1299225212559544327
1299225199930470401
1299225177587417088
1299224894937407488
1299224877585625088
1299224867880013829
1299224708618088449
1299224680608473088
1299224594319052800
1299224524270034944
1299224516875476998
1299224493441855488
1299224232266805248
1299224138326867968
1299224057897013249
1299223796197527552
1299223672956293120
1299223572767019010
1299223496518762496
1299223485005402114
1299223476725862400
1299223322652106759
1299223290200940544
1299223250938015744
1299223080557056001
1299223057035337733
1299222731678982145
1299222720060821504
1299222612393029633
1299222566943457281
1299222215943245830
1299222186369130497
1299221972354830337
1299221607249043458
1299221540094054400
1299221443612479488
1299221349232148485
1299221319129726977
1299221307863658496
1299221220278390787
1299221083879604226
1299221020247719936
1299220995325263872
1299220992695382016
1299220953281507328
1299220867604516865
1299220731507732482
1299220723219738626
1299220680328777731
1299220674775584769
1299220615744950272
1299220603841449984
1299220593011818498
1299220585927540737
1299220563253227522
1299220289004474369
1299220235535478786
1299220172159496192
1299220104127881220
1299219991888306176
1299219800829431809
1299219747918225408
1299219714967851009
1299219633241821184
1299219117556277248
1299219032697077760
1299218996223528961
1299218990657609729
1299218891361705984
1299218888605999105
1299218847577395201
1299218745148280832
1299218701468733440
1299218645801992192
1299218540910780417
1299218417300504578
1299218400946860032
1299218289218945026
1299218221984288776
1299218193790181376
1299218148642762753
1299218020850708482
1299218000831275009
1299217917876338688
1299217897252950016
1299217857398673408
1299217763274285057
1299217735059152897
1299217711961116672
1299217548660142082
1299217421094604800
1299217405688926208
1299217346146566146
1299217342279249920
1299217274935693313
1299217268916846592
1299217098472816640
1299217093968224258
1299216940154658816
1299216874094329857
1299216525996494849
1299216435894517760
1299216290377355269
1299216282479480832
1299216074508992513
1299215909027020801
1299215772900786181
1299215504528244736
1299215468398510083
1299215318414393346
1299215043838570497
1299214930692976641
1299214886350749696
1299214538571644928
1299214336850825216
1299214199470592000
1299214170773229568
1299214014929666048
1299213900441845762
1299213809152864256
1299213619159326721
1299213452444131329
1299213166195417089
1299213154971508736
1299212743808036864
1299212653483745281
1299212607312846849
1299212365297319936
1299212320955142144
1299212167816806401
1299211919597895681
1299211786605002752
1299211746306072576
1299211346282778626
1299211345376804864
1299211327370604546
1299211317165862912
1299211225100763136
1299211057823715328
1299210749789831170
1299210606436904960
1299210561973084167
1299210492381102082
1299210296532361218
1299210191125319680
1299209567528800256
1299209470480977921
1299209377971404800
1299209321822158848
1299209023334551554
1299208985057398790
1299208732270891008
1299208490297315328
1299208420080447488
1299208317517139968
1299208296453345281
1299207988398428160
1299207446934827008
1299207361073119234
1299207118352977920
1299207031707049989
1299206953483333639
1299206769382752256
1299206696879915010
1299206635815088128
1299206588679548930
1299206482190315526
1299206297053786112
1299206290154061824
1299206100093489153
1299205836326174720
1299205744735268864
1299205201258262529
1299205058702303235
1299204791546019840
1299204608833867781
1299204553997463552
1299203820304642048
1299203453965697025
1299203409090838529
1299203157533302786
1299202917900091394
1299202856818544641
1299202567352856576
1299202348670214145
1299202260715606016
1299202183016124417
1299201755994087426
1299201217294487553
1299200988042137607
1299200026263121921
1299199422048460800
1299199211066531842
1299198504057831424
1299198319697301510
1299197289043505158
1299196914924171266
1299196865586622464
1299196319861530624
1299195563339112454
1299194907131863040
1299194846524174337
1299194001640304640
1299193901371318273
1299193819846631424
1299192867810955266
1299192736864776192
1299192419020402688
1299190741990866944
1299190191333179393
1299190088560185350
1299190087461281793
1299189072473272320
1299188692943339525
1299188520876154883
1299188447480107015
1299188437740912645
1299188302478807040
1299187903172685824
1299186343273213953
1299186193452670981
1299185716698718212
1299185687082733570
1299185648042160136
1299185244566941697
1299183230327848961
1299183123155111936
1299181215367528449
1299181072111017985
1299180940997136386
1299180656732377088
1299179899077361664
1299179780177383424
1299179172976300032
1299178145006878726
1299177740051116032
1299176095275606016
1299175242133368832
1299174527251906561
1299174497338130432
1299174124628119557
1299173912933146626
1299173878871339009
1299173151117660160
1299172889418240000
1299172454380822528
1299169536248360960
1299168548900818945
1299168465987809280
1299166413253488645
1299165984155148288
1299164091362299904
1299163378951303169
1299162544620351488
1299162025885683713
1299161288925491206
1299160391570935808
1299159566106660864
1299155992601677825
1299155930022662145
1299155833004191749
1299151977277009920
1299151807248248832
1299151718396170240
1299151308902064131
1299150812556525576
1299149599110725633
1299148448596459521
1299148091094859776
1299147267585212425
1299147004388483074
1299146832396931073
1299146566012297217
1299146434126716928
1299145710160343040
1299145581038895105
1299145327950417924
1299143923747749893
1299143131263188993
1299142903034331136
1299140578886725639
1299140134064074758
1299139747219214337
1299139611365650434
1299139196251254786
1299139007968940035
1299139002243723264
1299138767677136897
1299138543059599365
1299138479692152834
1299138464416436226
1299138291653062656
1299137880879779840
1299137697941008385
1299137586846486528
1299137324245299202
1299136737613148161
1299136066025410561
1299135967756984326
1299135935200673792
1299135809942106112
1299135342474334213
1299135095232659456
1299134918463811586
1299134611956600833
