1300221631105728512
1300221592811827200
1300221201462288384
1300220967390777350
1300220951343357952
1300220594634526721
1300220190538502145
1300219898745024512
1300219771540176896
1300219712069144578
1300219581747933190
1300219456719855619
1300219328772669442
1300219264864071681
1300219124887543814
1300218157563604992
1300217058253303808
1300216943199346689
1300216807324823552
1300216546095177732
1300216161435619330
1300216056942858241
1300215937753382913
1300215909756416007
1300215492553121792
1300215364777922560
1300215318015606787
1300215065191292931
1300215033641734144
1300215030118481921
1300214773989224449
1300214606745554945
1300214271956127747
1300214095338143744
1300214054842179584
1300213815926231040
1300212969167622145
1300212360150495232
1300211935141650433
1300211746402115585
1300211742170140675
1300211540805771266
1300211362719846404
1300211361688047616
1300211251197472771
1300211226081886208
1300211003788079107
1300210985798688768
1300210790201544704
1300210742558437376
1300210632961253381
1300210256962883585
1300209735229112321
1300209596569616386
1300209293908680704
1300209184584142849
1300209028392538112
1300208395690086400
1300208146003226634
1300207945628684291
1300207433349029888
1300207312041279489
1300207248841609216
1300207099037782016
1300206364120227841
1300206266409721856
1300206011266068489
1300205496385843200
1300205178570846216
1300204590466584588
1300204135392960518
1300203859005059073
1300203332724760578
1300203012116353025
1300202778053279744
1300202514177036288
1300202425614241792
1300202275026206721
1300202256525074437
1300202048076513285
1300201865561485312
1300201831646269441
1300201725262000138
1300201417970520064
1300201385049419777
1300201221828079616
1300200879564390403
1300200863827456000
1300200826732974080
1300200460771635200
1300200449417646089
1300200423681294338
1300200256953556995
1300199829340123138
1300199484664709122
1300199467157794823
1300199439827693571
1300199271526993920
1300199129457491968
1300198646437343234
1300198638929555456
1300198517856706560
1300198311610191874
1300198214939877389
1300198174485884928
1300197831601520641
1300197677158854657
1300197665720983559
1300197636042043399
1300197347838881795
1300197232688455688
1300197091000672256
1300196938957107200
1300196793226010625
1300196792777224198
1300196711701393411
1300196648820318208
1300196401482264576
1300196067519205376
1300195980529356801
1300195902477533184
1300195635442876416
1300195559345655811
1300195454211285000
1300195288200679424
1300195281863168000
1300195059824984064
1300195009967403008
1300194857676402689
1300194709827137547
1300194597633691659
1300194363876741121
1300194272180920320
1300194100331847688
1300194016286388225
1300194003900608513
1300193989111566337
1300193978780975108
1300193685074780160
1300193514928648192
1300193502589054976
1300193384636854275
1300193084169486337
1300192952900349952
1300192935225552898
1300192880255008770
1300192867424653314
1300192854250262528
1300192742140776457
1300192695189733378
1300192645067747331
1300192596279603206
1300192564579053568
1300192523856605184
1300192488720945159
1300192293924876288
1300192218544771072
1300192192401739780
1300192140941824001
1300192133719175169
1300191937798995974
1300191923177693185
1300191922263388168
1300191906320785410
1300191836754018306
1300191786393128963
1300191750074621955
1300191690939084803
1300191530758664196
1300191512412794883
1300191469479907328
1300191274822180866
1300191211492446208
1300190928838197248
1300190780737323011
1300190708415049729
1300190488683843584
1300190401077350400
1300190376712704002
1300190311344295937
1300190241916178440
1300190229383479298
1300190159795818496
1300189921454497792
1300189860561551361
1300189843251777536
1300189833646804993
1300189728952721409
1300189531031982082
1300189297702821894
1300189235803193344
1300189079200563205
1300188956059893760
1300188954143141891
1300188882655498241
1300188682301976577
1300188575867207681
1300188538936459265
1300188150111891458
1300188120714018816
1300188012823883776
1300187795433164805
1300187789640839168
1300187726931726339
1300187520626552836
1300187378418675712
1300187103515598852
1300187093977706499
1300186390131507201
1300186231750438912
1300186213685637121
1300186149349191682
1300185849775226883
1300185785908506629
1300185723568443392
1300185709769371653
1300185427278729216
1300185298937274368
1300185010075508739
1300184954861740034
1300184897374560256
1300184701081137155
1300184661335904260
1300184657519153152
1300184610442301440
1300184480108421121
1300184197160632320
1300184139757482005
1300184044811022337
1300183978595487745
1300183836102471681
1300183829857087493
1300183790984278018
1300183759757729795
1300183752220516352
1300183626294980608
1300183577188020226
1300183394672836610
1300183375370752000
1300183368374587393
1300183302813495297
1300183301521633281
1300183206248022016
1300183132008783872
1300182932854837249
1300182836478201861
1300182783797743616
1300182727195586561
1300182628667138055
1300182544835543043
1300182537353015297
1300182503592996864
1300182392209059840
1300182271274692611
1300182264819732481
1300181943972225024
1300181896756973573
1300181884304003072
1300181797049970688
1300181619601551361
1300181603814170626
1300181346174763009
1300181260850036742
1300181237366222850
1300181187671990273
1300181017899171841
1300180960265277441
1300180894167248896
1300180888383369217
1300180886592389126
1300180654794199042
1300180653556862976
1300180246025601024
1300179984087232523
1300179961165295618
1300179958917197824
1300179945554051077
1300179898418556930
1300179883549749248
1300179584953061377
1300179506662191112
1300179141690568704
1300179109390188544
1300178964351246337
1300178675036495878
1300178584586330112
1300178580429733888
1300178447948550146
1300178439413080064
1300178406097723394
1300178386917228545
1300178227814596608
1300178130586537985
1300178102975451136
1300178064098426880
1300178040262189066
1300178035367436288
1300178003167793158
1300177940576194561
1300177935807246339
1300177922616107013
1300177907248238593
1300177903825686528
1300177895806193666
1300177878110351360
1300177733725696006
1300177622408847360
1300177516578115584
1300177513612804096
1300177426929127425
1300177407941451780
1300177290882691072
1300177270884139009
1300177247127642113
1300177054953070593
1300177053074030593
1300176961218772993
1300176847863517185
1300176676035407873
1300176605315301378
1300176577846808579
1300176504828186624
1300176482002763776
1300176450763583492
1300176421747335171
1300176389946183680
1300176376817954817
1300176367410085888
1300176359420030980
1300176153706205186
1300175957916037122
1300175608085983244
1300175559469694978
1300175513013678081
1300175399171874816
1300175318607695876
1300175300702150657
1300175214232379393
1300175194678603776
1300175173769990144
1300175155390537729
1300174994618675204
1300174848803643392
1300174846882656258
1300174816109043714
1300174615986266115
1300174547350687747
1300174469273718790
1300174449317154817
1300174395873394688
1300174230051590145
1300174227354640394
1300174218437554189
1300174152922521601
1300174151206998016
1300173879697080321
1300173862030761984
1300173699056766976
1300173633604771841
1300173459339829251
1300173415521955840
1300173252602494976
1300173183581065216
1300173170687774722
1300173100148035585
1300172954920267778
1300172930878406662
1300172916726915072
1300172888058757120
1300172867024363520
1300172848754036738
1300172765677449216
1300172707502460930
1300172688707772417
1300172653471432707
1300172574186516480
1300172447573061632
1300172424336547840
1300172380589953030
1300172283655393280
1300172274104967168
1300172120819937280
1300172035067441157
1300171991652225027
1300171892054208512
1300171720234545153
1300171409935806464
1300171378797219840
1300171311042486274
1300171162928939010
1300171143752581122
1300171031936729091
1300171018548457473
1300170916576530434
1300170888357261315
1300170884142039040
1300170884045561859
1300170883869421568
1300170743020429312
1300170648006938624
1300170625374355458
1300170483267244038
1300170347908661248
1300170337016074242
1300170256053395461
1300170167729745921
1300170126097084417
1300170112935383040
1300170086586646532
1300169943116386309
1300169770487218180
1300169718524006402
1300169697296605189
1300169654888017921
1300169625368489991
1300169622944129024
1300169620733808642
1300169613062406145
1300169574449582080
1300169544137310210
1300169382505652224
1300169355037155330
1300169285290070026
1300169222312669188
1300169203304091648
1300169062442565633
1300169016040972291
1300168816622817281
1300168808691314688
1300168514838376448
1300168459108724736
1300168438040715276
1300168375029706753
1300168234562457600
1300168226450681857
1300168187678543873
1300168067209728004
1300167934262861824
1300167906001588232
1300167699365089280
1300167669992361986
1300167493441421313
1300167422209556483
1300167247294586882
1300167240109744132
1300167231326900224
1300167090565976065
1300167058135699457
1300167050145533953
1300166951533268994
1300166896298459141
1300166874429296641
1300166872374140928
1300166736797478913
1300166566085095425
1300166518467170306
1300166499919953920
1300166408597385216
1300166404776308736
1300166388510846976
1300166166405697538
1300166163813601280
1300166037913075713
1300165949983686662
1300165919277297669
1300165866596765702
1300165698644332547
1300165686740815877
1300165677291106305
1300165494520061952
1300165442493911042
1300165409396621319
1300165402304090116
1300165320880132103
1300165284184174598
1300165278328815616
1300164856402845699
1300164798815047680
1300164795656736775
1300164651167162372
1300164619495972866
1300164557541867520
1300164430228054019
1300164250032369664
1300163987594776578
1300163980015603712
1300163806958678018
1300163792987459584
1300163594898878464
1300163559054356481
1300163540054151170
1300163525747204097
1300163479412719616
1300163197593432066
1300163138277474318
1300163078789660673
1300162925370503169
1300162920127623168
1300162789395357701
1300162291925688327
1300162265325469696
1300162213399928832
1300162151513042946
1300162100040544262
1300162022844387328
1300161999268184065
1300161905072504832
1300161802265915396
1300161795185946625
1300161547810074628
1300161490507501568
1300161287117209602
1300161254322065408
1300161106078560256
1300161072247308289
1300161014265249792
1300160976889753600
1300160815287472134
1300160732034674694
1300160722769510401
1300160640863088641
1300160577445203969
1300160570008711170
1300160551696445442
1300160453121896453
1300160416396570625
1300160341968646146
1300160330832764930
1300160236460945411
1300160227057250304
1300160215757680640
1300160161340944387
1300160103165956096
1300160015341367297
1300159990100094979
1300159830125096961
1300159809971519488
1300159580727652352
1300159542110625792
1300159514784731145
1300159441866838016
1300159289215066114
1300159237943971840
1300159152136880128
1300159071652376576
1300158870531313664
1300158683968688129
1300158679283568642
1300158459858620416
1300158411179470848
1300158361967697921
1300158285908238339
1300158250894192641
1300158230388248578
1300158228442079237
1300158062817312768
1300157955090898945
1300157849998327809
1300157808910966785
1300157787075379204
1300157708960706560
1300157557814767617
1300157171309711365
1300157133347057670
1300156868468367364
1300156734774935553
1300156602322948097
1300156416431448064
1300156404548984833
1300156371250315266
1300156260956938240
1300156249737224196
1300156157789601793
1300155657077874692
1300155533056507906
1300155442660810752
1300155225504849920
1300155076347129858
1300154786042597378
1300154712789053440
1300154685937123330
1300154639833235456
1300154447117549568
1300154365471268866
1300154142040698883
1300154141055090688
1300154117168525312
1300154001246298117
1300153983777017859
1300153934393290755
1300153896392888320
1300153708559425538
1300153659511144448
1300153486110273538
1300153444116975616
1300153422147211266
1300153384327098369
1300153299585445888
1300153165640335365
1300152995594854400
1300152880184340481
1300152778564734976
1300152767546351625
1300152759417737227
1300152751809232896
1300152733627015169
1300152646171590657
1300152618011045889
1300152526352809984
1300152469515898882
1300152437555240960
1300152384342167554
1300152369871716360
1300152347591692291
1300152308144263170
1300152083660918787
1300152053956849670
1300152035166355462
1300151972440530947
1300151824297713665
1300151813438611459
1300151687865421826
1300151489114112005
1300151378300547072
1300151308066926593
1300151280355209221
1300151197039562752
1300151141343297540
1300151092496470016
1300150723557064706
1300150603545489408
1300150470938427392
1300150302897770496
1300149962160975876
1300149959258443778
1300149958524444674
1300149955622047746
1300149952149172226
1300149949234130944
1300149900810780673
1300149752173154304
1300149647588167683
1300149637286973440
1300149585399214080
1300149236755988480
1300148838133530625
1300148828935458816
1300148802033258497
1300148727563407361
1300148705950138370
1300148431923666944
1300148086069747712
1300147932851773442
1300147891139469315
1300147866858594310
1300147791214374920
1300147672238751747
1300147516009312258
1300147430860771332
1300147400372375555
1300147400087089154
1300147394642837505
1300147393464340485
1300147365261778947
1300147343803678720
1300147216372445185
1300147198328533000
1300147125355982852
1300147100622237696
1300147024378163204
1300147017310711808
1300146856631177222
1300146829804306434
1300146758912217088
1300146737831702535
1300146674187333633
1300146672274735110
1300146670462795784
1300146667203817472
1300146661809967106
1300146659091980290
1300146583523266565
1300146516577996801
1300146474576211968
1300146363959832578
1300146292891488256
1300146269516640262
1300146247626563587
1300146071843241990
1300145992591978498
1300145960614539268
1300145932063866882
1300145910714900485
1300145850140815363
1300145513707319296
1300145426620964864
1300145318097498112
1300145295523819521
1300145294999523329
1300145206507995137
1300145049150382087
1300145030024376320
1300144973510254592
1300144937468604417
1300144913087160321
1300144842023071746
1300144779385352195
1300144111282946050
1300144092882636801
1300144081729880068
1300144045931585536
1300144045919014912
1300143956681003008
1300143558888955904
1300143480614850560
1300143332790804481
1300143000824221703
1300142972927967242
1300142831667949569
1300142666227814405
1300142540264476674
1300142482596876290
1300142371070410756
1300142317412716546
1300142005310324741
1300141930123231234
1300141852528701440
1300141844521717761
1300141751206899713
1300141673289256960
1300141411254272001
1300141340777480194
1300141182245310465
1300141096819986432
1300141089698066444
1300140801381617670
1300140781156663296
1300140752459239427
1300140729650548737
1300140721970741248
1300140540416217090
1300140474699837446
1300140408220119045
1300140309553254407
1300140173712396289
1300140135204425730
1300139942581018631
1300139909739671553
1300139676083380225
1300139589949153281
1300139482184904704
1300139305353043969
1300139159227686913
1300139005141561344
1300138869854294019
1300138698655367168
1300138567323340800
1300138551766642696
1300138286095179776
1300137893852315648
1300137871169540097
1300137786889187330
1300137752667861000
1300137301612396544
1300137270293520384
1300137198692577281
1300136615160012804
1300136498554179587
1300136456321671169
1300136347504607233
1300136324557660160
1300136110534918146
1300136001029931010
1300135964686331906
1300135960668143617
1300135946608881665
1300135940149653508
1300135902233194498
1300135703871979523
1300135640747651074
1300135514230710274
1300135463253151744
1300135421129744393
1300135354645852161
1300135306960744449
1300135243303747589
1300135182947803139
1300135047140225024
1300134945122385921
1300134820585050113
1300134661558087680
1300134535963783169
1300134531077410817
1300134374676070400
1300134353645629441
1300134274331480070
1300134184191692801
1300133695173603336
1300133693739143168
1300133608926121985
1300133281090895874
1300133237310840835
1300133218298011649
1300133204700155904
1300133201755729920
1300133074550784008
1300133036324016128
1300133016875020292
1300132982200700929
1300132964945272834
1300132959408787456
1300132959006195712
1300132737723105280
1300132725295378433
1300132648241836035
1300132541882564608
1300132471351246848
1300132403273445380
1300132061848756232
1300131848836841474
1300131780062777344
1300131753265262592
1300131728485474304
1300131703021867010
1300131494564892674
1300131448008126464
1300131392358174721
1300131364013047810
1300131289266180096
1300131028527349763
1300130967038853120
1300130797454843906
1300130776982454272
1300130641485402119
1300130328124760069
1300130321455816706
1300130298437435398
1300130247300571136
1300130218754084871
1300130098218242052
1300130050537381898
1300129836904656896
1300129671531687937
1300129616598831104
1300129468200243200
1300129212913905664
1300129153178628097
1300129019803860993
1300129014443540482
1300128842288377859
1300128805462384640
1300128687778656257
1300128675954909184
1300128547982503940
1300128463777656838
1300128370966102016
1300128345779253249
1300128279861616643
1300128223490080769
1300128201763622912
1300128201142927360
1300128108448804865
1300128069294919683
1300128032326332418
1300127810103672835
1300127748464271362
1300127732152643588
1300127523209121797
1300127499955961858
1300127460701491200
1300127434260570114
1300127337556717568
1300127119725539329
1300127092022169601
1300127017040478211
1300126990381527042
1300126989374947331
1300126907321720835
1300126767634579457
1300126723787366402
1300126552223555586
1300126410317737987
1300126396715601920
1300126066783158275
1300125989679386631
1300125731780001795
1300125545141800961
1300125412039819266
1300125381077409794
1300125350442283009
1300125301851271170
1300124991623659520
1300124941589901313
1300124866461433859
1300124843812233218
1300124707862216706
1300124423501078529
1300124403045408773
1300124401841643520
1300124314470092800
1300124313664786434
1300124289102950400
1300124165018615808
1300124142939897868
1300124116272414720
1300123899074621440
1300123888857350157
1300123851100246019
1300123836923478016
1300123592466849793
1300123408240435200
1300123397335191561
1300123374350487557
1300123258986131456
1300123211405897736
1300123210327961600
1300123104744796160
1300123069235843072
1300123024205717508
1300123017998147584
1300123006291898368
1300122927594123265
1300122902205997059
1300122899232288770
1300122895033786368
1300122847906598914
1300122730411503616
1300122718671712256
1300122670919548928
1300122489520037889
1300122463020429319
1300122299677454336
1300122246749577216
1300122036312969216
1300121998715224064
1300121974430199810
1300121961864015873
1300121729503825920
1300121673727905795
1300121655843467266
1300121644166332416
1300121621425000454
1300121528386949121
1300121511035105280
1300121462423068672
1300121427736227845
1300121361801768962
1300121334937260036
1300121315257602050
1300121216834056192
1300121211196837889
1300121203760340997
1300121194490982401
1300121111951298561
1300121089176150016
1300120954497097728
1300120802927542272
1300120789929398274
1300120405638885384
1300120291386032130
1300120248096522242
1300120228093984769
1300120198306050048
1300120180459294721
1300119947461492752
1300119887076118532
1300119887046680577
1300119833472892929
1300119684080173057
1300119683362938883
1300119649695260673
1300119478345359363
1300119470548152322
1300119192432238592
1300119161364975618
1300119099088023559
1300119096017719297
1300118735060172800
1300118681255579654
1300118250915799040
1300118240417517569
1300118149115842561
1300118086847209472
1300117836053053441
1300117795926093826
1300117540480450562
1300117357885640704
1300117335936774151
1300117228378087424
1300117039739068416
1300117038418010113
1300117034282483713
1300116936852942848
1300116896021442560
1300116806972198917
1300116792468275202
1300116577510215681
1300116507129786370
1300116363185467395
1300116048927240193
1300116010419318785
1300115972511199237
1300115883411505152
1300115819368779779
1300115795050143752
1300115671456641024
1300115661033738243
1300115613197762562
1300115539667365892
1300115419072733195
1300115395093958656
1300115387040837639
1300115226562572296
1300115205230333953
1300114801507659778
1300114775045701632
1300114662088945670
1300114655793344512
1300114480328704000
1300114446698917890
1300114287579586566
1300114279862095872
1300114181123960834
1300114121703256067
1300114119249612800
1300114117685112833
1300114092116578306
1300114042594439168
1300113992971694080
1300113937636098049
1300113911107252225
1300113845801885696
1300113810670465024
1300113808862646273
1300113775845089281
1300113762444292097
1300113743926493185
1300113700054016001
1300113669175599106
1300113663723016192
1300113415827075072
1300113242098929664
1300113191230468096
1300113190139953152
1300113173954072586
1300112888657514499
1300112820445548544
1300112819787096064
1300112724702179335
1300112649477386240
1300112568330203141
1300112538772942848
1300112511010824196
1300112322216820737
1300112289425756161
1300112094243717122
1300112081916657665
1300112069237366789
1300111937418727425
1300111917021790209
1300111722049679372
1300111676080107520
1300111317781622785
1300111257916313601
1300111186340581377
1300111166014971904
1300111102391574528
1300110917217202178
1300110667060572160
1300110301292040192
1300110199706058754
1300110160887771136
1300110099868917761
1300110098216431616
1300110095204986881
1300110027982766080
1300109929047523328
1300109926824652801
1300109896910856192
1300109647307735041
1300109645512675328
1300109637589577729
1300109575924965377
1300109552315179013
1300109244809859074
1300109193014317060
1300108929385586691
1300108905972989954
1300108870321344512
1300108824611819523
1300108819339653122
1300108806626701315
1300108781548900352
1300108626040967180
1300108503160418309
1300108383429824512
1300108260842835968
1300108249685950465
1300108141783388161
1300107427929632769
1300107291434381315
1300107215072907265
1300107057375440899
1300106857508474881
1300106626612027393
1300106554130288641
1300106423460941826
1300106364275093510
1300106100155572229
1300106048976674818
1300106016676290562
1300105973890195457
1300105851961856003
1300105824979873792
1300105758302973953
1300105634764009473
1300105597250084865
1300105328428756995
1300105200649359361
1300105124837314560
1300104871874527232
1300104778144456706
1300104646242054148
1300104596476567552
1300104507133759490
1300104444793835520
1300104382369992706
1300104362199572482
1300104095248928771
1300103969176514566
1300103695309443072
1300103451075063809
1300103420830003200
1300103382850588672
1300103350986444800
1300103333168939012
1300103242240667648
1300103096186658824
1300102967366946817
1300102812924346368
1300102793836064768
1300102767311294472
1300102587535032323
1300102534808383490
1300102359104671746
1300102196202221568
1300102010176516096
1300101855507296256
1300101783017197573
1300101644466692097
1300101482281340933
1300101467211280384
1300101370452811777
1300101347174424577
1300101275858743302
1300101181369470978
1300101168958517250
1300101145566892038
1300100931036557313
1300100870315610113
1300100805157163008
1300100802602848256
1300100737570082816
1300100623053008898
1300100467154997250
1300100294546788353
1300100233859411968
1300100153219731458
1300100108764221441
1300099741007704067
1300099721701322752
1300099663262085122
1300099563475398656
1300099562015780870
1300099386035376135
1300099362320777216
1300099275075051530
1300099209316761605
1300099192669573122
1300099153368944640
1300098822736097281
1300098371370319872
1300098029614137345
1300097640726659073
1300097438158647298
1300097425923887109
1300097403186491394
1300097402318266369
1300096959357779968
1300096862402359296
1300096855867625472
1300096837857292288
1300096798313324549
1300096597188059139
1300096549066809345
1300096485367992326
1300096434000351232
1300096430711898114
1300096353951985664
1300096301535813635
1300096255394287617
1300096141695094784
1300096093544472579
1300096081150312453
1300095935708622849
1300095863126200321
1300095821128622084
1300095780607463428
1300095591490318339
1300095411714224129
1300095410627842049
1300095176715759618
1300095135351484418
1300095089381978112
1300095052664930304
1300095044582547459
1300094915175763970
1300094486207442944
1300094469291806720
1300094377461772296
1300094216270475266
1300094061601263617
1300094059894185985
1300093851139543041
1300093742326657026
1300093628514263040
1300093607433646081
1300093599259004934
1300093525019820035
1300093419310608385
1300093350096273410
1300093220685258752
1300092775145365504
1300092684216995840
1300092615363366914
1300092414103871488
1300092299708334080
1300092297707745283
1300092042002026496
1300091962855510016
1300091957499383808
1300091954278129664
1300091842764115968
1300091770815033344
1300091746450386944
1300091627189436416
1300091216894332928
1300091150162853893
1300090942200975360
1300090817479168000
1300090585391521796
1300090356273491969
1300090321167056899
1300090218872176642
1300089951422418947
1300089865288253447
1300089789547458562
1300089783163723777
1300089754332082177
1300089677320523777
1300089668013371395
1300089579882586112
1300089439377592320
1300089418414460928
1300089396314738689
1300089217113108480
1300089205209608192
1300089193272692737
1300089140701204480
1300089018437251079
1300089005657255938
1300089004709294081
1300088916675096576
1300088738865917952
1300088675599093760
1300088594179272704
1300088545969876992
1300088501904515081
1300088416030330881
1300088250221162498
1300088156495187971
1300088094339862528
1300088045706915842
1300087995840724992
1300087988286902272
1300087853326708738
1300087849656750080
1300087831147229185
1300087742337036290
1300087726910435328
1300087712985350145
1300087658048299014
1300087556416180231
1300087538451910657
1300087437386014722
1300087376405041158
1300087243571372032
1300087152190029824
1300087025429819393
1300086831934046208
1300086809796501505
1300086804868141057
1300086439951114246
1300086415410311170
1300086349052219393
1300086346061668352
1300086332203528192
1300086315418034176
1300086310259044360
1300085930687111168
1300085844355809288
1300085659714097152
1300085386937540609
1300085381015244803
1300085308525088769
1300085184671424513
1300085117013102593
1300085030375641090
1300085003511099393
1300084984460595201
1300084961840635910
1300084905108529155
1300084888817803265
1300084842198118401
1300084838846922752
1300084733985071105
1300084707166769153
1300084636375224320
1300084557530578951
1300084413410271233
1300084300902170625
1300084280912216065
1300084238780424193
1300084186271879169
1300084016020942848
1300083958328291332
1300083861414653954
1300083784042393601
1300083760537501696
1300083727758962689
1300083606929518593
1300083563535175686
1300083525929127940
1300083452130275330
1300083385461805058
1300083362401595394
1300083327601238017
1300083263948705792
1300083248660348930
1300083211205312512
1300083146503921665
1300083105768902659
1300083098181349376
1300083076366766081
1300082821990625281
1300082658404380673
1300082560287027202
1300082506818093056
1300082323489202179
1300082229964664833
1300082182963310593
1300082053661315074
1300082016961073157
1300081939874017281
1300081883615817729
1300081483420442626
1300081440001056769
1300081365040463872
1300081294685220864
1300081283461271558
1300081154981351428
1300081129173774340
1300081071808274432
1300080871005970433
1300080868346732551
1300080701027610634
1300080685294723072
1300080650544992261
1300080603698692098
1300080566566629383
1300080503693938689
1300080480256249856
1300080386819739649
1300080327306735624
1300079843632177153
1300079772899454977
1300079661590945794
1300079547078017024
1300079538232274954
1300079400826925057
1300079330106671104
1300079090763010049
1300078835455733765
1300078771580669954
1300078720972132357
1300078510988578818
1300078464209477633
1300078430206283776
1300078391413088257
1300078348018876418
1300078326124511238
1300078305006284801
1300078263386157064
1300078191072153602
1300078060918763522
1300077989946953729
1300077834480816130
1300077791224963075
1300077749302943745
1300077624950239235
1300077548316037125
1300077538669101057
1300077375548518403
1300077269130584066
1300077169859874818
1300077124091551744
1300077117762408448
1300076997847265282
1300076918243569665
1300076899662729216
1300076898563829760
1300076886802997248
1300076882965270529
1300076879853096963
1300076876304711681
1300076715046297600
1300076710990413825
1300076658775527430
1300076615091859457
1300076554949660674
1300076251370205184
1300076249042358272
1300076245938581504
1300076190301126657
1300076152283967489
1300076143551356928
1300076142712500224
1300076097267265537
1300075973220741128
1300075963783483393
1300075864072302595
1300075841733439488
1300075835962126336
1300075767733334017
1300075671541211140
1300075670635249668
1300075617426300931
1300075539697459200
1300075518738468865
1300075442712571905
1300075337724854273
1300075162948304898
1300075122217357315
1300074921557733379
1300074916864241664
1300074904277192707
1300074854935339008
1300074639775981568
1300074567604621313
1300074524487155720
1300074383084531714
1300074355968405506
1300074299286585344
1300074086035529729
1300074074056593409
1300073958474121217
1300073948772814848
1300073902308294656
1300073860201578497
1300073794065833984
1300073762633768960
1300073573424476160
1300073471498743808
1300073442205667329
1300073419141255168
1300073333841633280
1300073319773986821
1300073212827631616
1300073118619312128
1300072925735854080
1300072877371387904
1300072532163395584
1300072309018038278
1300072282497392641
1300072277468422144
1300072087881682945
1300071962551689216
1300071740257775624
1300071721865752579
1300071649916706816
1300071645915295745
1300071613849841665
1300071599266242561
1300071463010140161
1300071436749545472
1300071390968778752
1300071345443745792
1300071061850030080
1300071041256099849
1300071007890407424
1300070996444172298
1300070991591342081
1300070966232576001
1300070922909560840
1300070917616394240
1300070856408825858
1300070747227017219
1300070706038833152
1300070623339859969
1300070623092367366
1300070615034916864
1300070499737796613
1300070412513095683
1300070327855321088
1300070247781797899
1300070171067985921
1300070030105817091
1300069857967386624
1300069704200081408
1300069612684480512
1300069575346868225
1300069574646345732
1300069424733528065
1300069330428755968
1300069218147282944
1300068928975179777
1300068913489866753
1300068899443048454
1300068858364153857
1300068784196255745
1300068728894377984
1300068719796924416
1300068396051070981
1300068357945913344
1300068234494959616
1300068209543045120
1300068203893227520
1300067841362874371
1300067727080673281
1300067636357857280
1300067590572781568
1300067508821602304
1300067486554034177
1300067377162457089
1300067334451793921
1300067330546962433
1300067221432078339
1300067077194211328
1300066985607397376
1300066948554817536
1300066511420370947
1300066494227918851
1300066439148208128
1300066161686708225
1300066123849883663
1300066045877682177
1300066041775751169
1300065930614108161
1300065870245441537
1300065838318354432
1300065735075680256
1300065584831516672
1300065522533490688
1300065419886301185
1300065390274502656
1300065379205681157
1300065378522017792
1300065329431883778
1300065285421101056
1300065192450064384
1300065154588200960
1300065145188683777
1300065094882209795
1300064990771240962
1300064988007141378
1300064957925593089
1300064918843133953
1300064804485332995
1300064738500583424
1300064734570405888
1300064506748571649
1300064298518097922
1300064274635685888
1300064248756920320
1300064123494035459
1300064061078540288
1300064026320343040
1300063939947044865
1300063817909633024
1300063794664742913
1300063761936658432
1300063564556890115
1300063406163144706
1300063322700681216
1300063304082173952
1300063030462623744
1300062890091839488
1300062740195799042
1300062703369756672
1300062703151706113
1300062641591906304
1300062607345422336
1300062527053848576
1300062473001644032
1300062443180298250
1300062309625344005
1300062219875606530
1300062159116947457
1300062081815916544
1300061951960154113
1300061718756945921
1300061708308934657
1300061682241351686
1300061677749186560
1300061632928849923
1300061574359547904
1300061521112895495
1300061519439429632
1300061497146646528
1300061477034844165
1300061474333888518
1300061464041062406
1300061378527604736
1300061356822089728
1300061220234461185
1300061218456166405
1300061211745300482
1300061191537131523
1300061146590982146
1300061111300108293
1300061028059951105
1300061016496234496
1300060943674736640
1300060915572846592
1300060671569256448
1300060647451959303
1300060489834168321
1300060469705748481
1300060417948090374
1300060289346437121
1300060081459990531
1300060002154143745
1300059740320473092
1300059585575874560
1300059576998531073
1300059527346368514
1300059470249316352
1300059378507186176
1300059369976066049
1300059349965041675
1300059335373082624
1300059244864176128
1300059228493807616
1300059178225074177
1300059074084646913
1300058634311827462
1300058561393852416
1300058550861955073
1300058535410184192
1300058400030691329
1300058383454818304
1300058372935426050
1300058365771550721
1300058242404450304
1300058035210117120
1300057860483813377
1300057760818769920
1300057621899157505
1300057503510802432
1300057336279638019
1300057201541885952
1300057181547528192
1300057009589493767
1300056608031080455
1300056590352109570
1300056574778634247
1300056566654291972
1300056533154365441
1300056454049783808
1300056286785142785
1300056284595658752
1300056278107127813
1300056196368470017
1300056008673427456
1300055969582415874
1300055965212045314
1300055939236671491
1300055938267779072
1300055807422234624
1300055628854038534
1300055537212698624
1300055447102201856
1300055249835696128
1300055213517221888
1300055163965759488
1300055130105151489
1300054962018439169
1300054947053162498
1300054932087803905
1300054318729625600
1300054196755017728
1300054132020129794
1300054076034609152
1300054063413944322
1300053965342736384
1300053949530148864
1300053936171253762
1300053929150033920
1300053890612826112
1300053846576828417
1300053846559870979
1300053846006337536
1300053788821250054
1300053769208631297
1300053751965810688
1300053727127240704
1300053713567047680
1300053682512420864
1300053650404974592
1300053431303000071
1300053348150894592
1300053215405314048
1300053190721896448
1300052973352087553
1300052821237268480
1300052785963171840
1300052709903654918
1300052568568147969
1300052517242404865
1300052411420160000
1300052290045386754
1300052289223364611
1300052233841717249
1300052233019682816
1300052219404967937
1300052061787230209
1300052053209878529
1300052048520638464
1300052011694600192
1300051998038011905
1300051939019894784
1300051899576651777
1300051848049700864
1300051846774632451
1300051761592520704
1300051706663886848
1300051436781416448
1300051313074597889
1300051186335256578
1300051080546521088
1300051068815052800
1300051058589184001
1300051058580914177
1300051032370802689
1300051010925268992
1300050992382251008
1300050815563051008
1300050736886231040
1300050702216163329
1300050638903169030
1300050632217329666
1300050601900945409
1300050471827144706
1300050308350046208
1300050234496688128
1300050227332820992
1300050182340476928
1300050004447559685
1300049867750936576
1300049674594848769
1300049617007063041
1300049542453309442
1300049541501259777
1300049457178968064
1300049442108776448
1300049387519868929
1300049332213821442
1300049216212004867
1300049132996886528
1300048819632197633
1300048631865782272
1300048622726373378
1300048348251070464
1300048141333549056
1300048110392152064
1300048030910107649
1300047827909988353
1300047817139007488
1300047605242769408
1300047500108234752
1300047422429835264
1300047339495862273
1300047248475279367
1300047247976079360
1300047205114482689
1300047158494801920
1300047129772265481
1300047009865445376
1300046894769623045
1300046884585824257
1300046871537291264
1300046833461362688
1300046833079799809
1300046788385288192
1300046767031975936
1300046729711149056
1300046566561116161
1300046530867605504
1300046432834027520
1300046424785195008
1300046326613372928
1300046262671208448
1300046252219006976
1300046124011716613
1300046108341698561
1300046074938355712
1300045832209731584
1300045826853670913
1300045775456657414
1300045651321987072
1300045637023682561
1300045482195066881
1300045472632123392
1300045453644439553
1300045430336770048
1300045361105506304
1300045276653268992
1300045246944997377
1300045065897889794
1300044985908318208
1300044940702031873
1300044847357800453
1300044796589998081
1300044763144609797
1300044580625186816
1300044570160439299
1300044491567624194
1300044442985009154
1300044423242362881
1300044239557079042
1300044177112260609
1300044133877383171
1300044036741439488
1300043931766452224
1300043816544632834
1300043565213589504
1300043492610265088
1300043374381142017
1300043267787108352
1300043256298954754
1300043239165227008
1300043231082627073
1300043207313633280
1300043063948193792
1300042930170855426
1300042753456381953
1300042572694523910
1300042531485487105
1300042467945873415
1300042451021856768
1300042396454051840
1300042272348819457
1300042250941063173
1300042125250306048
1300042071529721860
1300042070116229121
1300042011068821504
1300041865346060288
1300041795313827841
1300041728121016320
1300041715265548288
1300041697485893632
1300041674404622336
1300041579772743684
1300041478006280194
1300041262314254336
1300041144710111233
1300041134614474752
1300041048018870273
1300040959158349824
1300040887393759233
1300040820138147840
1300040746335195137
1300040572321722368
1300040439848996864
1300040426120974356
1300040382202421248
1300040284563267585
1300040249209425921
1300040235062091778
1300040115415384065
1300040102916362240
1300040025715900418
1300039816512405504
1300039811600969729
1300039755602821120
1300039648358658051
1300039638170710016
1300039572689244160
1300039455580061698
1300039408754794497
1300039074250723331
1300039047402971137
1300039005619318787
1300038711393112064
1300038613221224448
1300038498544742402
1300038497546514433
1300038481348120577
1300038471285977088
1300038400565800961
1300038383625031680
1300038203936854016
1300038189277736960
1300038189239988224
1300038173846843397
1300038168864006144
1300038077667332096
1300038074387357697
1300038028262506497
1300038022478598144
1300037997446955009
1300037855083929601
1300037854815563777
1300037693070606338
1300037693037047808
1300037679376003078
1300037578213724160
1300037521800335362
1300037477042978816
1300037311057588224
1300037283060609024
1300037233983062017
1300037200474705920
1300037110469193730
1300037098272161792
1300037061349703681
1300037009155780608
1300036860903911424
1300036828750323716
1300036661837996037
1300036644343603200
1300036639750840321
1300036638660268037
1300036635669786625
1300036400629321728
1300036255682625537
1300036192902275073
1300036160895549445
1300036090150219776
1300036044059013121
1300036037184573440
1300035962031013888
1300035861506072576
1300035853763457026
1300035602323300352
1300035498262564866
1300035300018790400
1300035284428632064
1300035230192087047
1300035204153856001
1300035171459227648
1300035160113639424
1300035025115774976
1300035020657229825
1300035012448976896
1300034942836056064
1300034929355522053
1300034863353999362
1300034853581262851
1300034849990901761
1300034848325799944
1300034811004891138
1300034809402621952
1300034609158201344
1300034604972343296
1300034394799955969
1300034315083034624
1300034313505968138
1300034296758128640
1300034285160804352
1300034192865193985
1300034167615430656
1300033933443248129
1300033929513230339
1300033853487230976
1300033794389483520
1300033761585836032
1300033666857476096
1300033660515745794
1300033655050579968
1300033617184387072
1300033572741488640
1300033539585585152
1300033489438478337
1300033478956912641
1300033469981040642
1300033460632006657
1300033389446209537
1300033366566330368
1300033363449917440
1300033139042070529
1300033046335434755
1300033043990708226
1300033022440374272
1300033016622972928
1300033016442564609
1300032987057315842
1300032941263908864
1300032851002433537
1300032793569886208
1300032790319304704
1300032781884493824
1300032745310162944
1300032737043247105
1300032725131440129
1300032713987174400
1300032672681648131
1300032643682242560
1300032588703203328
1300032540561027072
1300032299225022464
1300032282871431169
1300032279889227777
1300032194258382852
1300032124133814272
1300032069716725760
1300032066617311232
1300032028570791939
1300032026892996609
1300032018915491841
1300031877995270145
1300031772374302720
1300031498511360001
1300031482023555072
1300031453099708418
1300031406270226432
1300031257254989826
1300031016531185664
1300030898851713030
1300030881340493825
1300030783160291329
1300030584912216065
1300030555912835073
1300030524459823104
1300030513516875776
1300030433804128256
1300030233744158720
1300030148037705728
1300030055243014144
1300030026771988480
1300030026168107009
1300030025333440513
1300030008812097542
1300030006584844291
1300029833800560641
1300029762879053824
1300029710827692034
1300029608000196613
1300029538676727808
1300029470175309824
1300029381897785344
1300029362973147136
1300029227744612352
1300029043094556673
1300028884306534401
1300028813762613249
1300028810725855232
1300028679792320513
1300028602956869633
1300028599244906496
1300028551635316736
1300028519066611712
1300028506424979456
1300028415194660869
1300028378448363520
1300028369698992128
1300028329085501440
1300028221786861568
1300028113276071936
1300028080904458240
1300027953636675585
1300027871638028293
1300027845050236928
1300027710073458688
1300027601734561792
1300027513389936640
1300027501167677440
1300027492804198400
1300027483715260416
1300027390890999809
1300027322838528000
1300027295961354241
1300027286239031296
1300027230848987138
1300027084857843712
1300027066944020480
1300026996093788160
1300026991371051008
1300026944222892032
1300026936970936320
1300026833946238976
1300026790086406151
1300026737850544128
1300026730208538624
1300026597840482304
1300026528806432770
1300026331367907328
1300026184466599942
1300025978626998272
1300025846279933952
1300025794404773889
1300025692315410432
1300025615974838272
1300025585054474240
1300025563592228865
1300025498999894018
1300025447535833088
1300025420885131264
1300025180165738497
1300025094975229952
1300024948426235905
1300024927979032576
1300024869145522177
1300024765135163393
1300024711263465473
1300024681685229575
1300024658297860098
1300024578849284096
1300024570389442560
1300024355729158147
1300024313236590597
1300024283142422528
1300024247516106755
1300024220928356352
1300024127496032257
1300024098018521093
1300024052476764160
1300023884046102528
1300023870301384705
1300023808582209536
1300023731234967553
1300023655523667968
1300023628034199552
1300023328762200065
1300023264278962178
1300023256645275648
1300023195936985089
1300023154509783040
1300023145315926016
1300023120263368709
1300022979489869829
1300022933616762880
1300022921121927170
1300022854378049536
1300022838641020928
1300022481630134273
1300022165304156162
1300021930062422017
1300021550633160704
1300021532761247744
1300021249507295233
1300021202061156353
1300021187242799104
1300021063179476994
1300020999291916289
1300020618776268800
1300020553881919489
1300020445232668672
1300020443009744897
1300020354354683905
1300020324751355904
1300020194102980609
1300020033716977664
1300019912514113536
1300019879500754946
1300019849746419713
1300019829471096832
1300019694062243840
1300019634008186880
1300019568212017153
1300019505431744513
1300019317480796160
1300019217652166658
1300019175226839041
1300019132402937858
1300019122881933312
1300019052132339719
1300018947710951425
1300018850369540096
1300018799182311426
1300018710825119744
1300018640302071811
1300018593900507137
1300018346293891072
1300018295316324353
1300018241474113536
1300018197857554433
1300018145328066560
1300018122687160320
1300018050226417664
1300017398372761600
1300017318886608896
1300017009560780803
1300016891210203136
1300016878513946624
1300016838550712320
1300016663803375618
1300016659407802369
1300016584535269378
1300016535977766912
1300016532190265344
1300016189020794880
1300015867086934016
1300015483274567681
1300015458431586304
1300015453084016641
1300015378861617152
1300015326269255680
1300015322670530560
1300014938652643331
1300014846700814337
1300014832662519808
1300014740085919745
1300014703696113665
1300014658863140865
1300014646515118080
1300014531935174656
1300014508048613377
1300014506538565632
1300014432068788225
1300014418433015810
1300014235477516289
1300013913052938240
1300013849333071872
1300013842689339392
1300013826755133441
1300013538644291586
1300013484898480129
1300013480020455425
1300013435904761856
1300013430389329920
1300013341105156096
1300013180555591681
1300013174767443968
1300013116110114821
1300013107943821317
1300012909171544066
1300012626932621313
1300012391292428288
1300012387391754246
1300012364264333312
1300012343754186753
1300012189089226754
1300012084088967169
1300012060235968513
1300012045472067584
1300012023649009664
1300011996939776000
1300011927628849152
1300011857424584708
1300011849489027072
1300011833462599680
1300011786557632512
1300011781448962048
1300011757826695168
1300011648959250432
1300011607255388162
1300011585348546560
1300011474174304257
1300011193596289024
1300011187254505472
1300011108741328896
1300011001295835138
1300010980093689856
1300010978176794624
1300010963261816832
1300010826691211264
1300010741928546304
1300010492111532048
1300010420556763137
1300010408221302790
1300010274460762113
1300010272468463616
1300010242848313351
1300010150414163968
1300010085209513984
1300009985976434689
1300009886965796864
1300009766538940418
1300009756426461184
1300009704505184261
1300009618463223808
1300009528138911744
1300009498514513920
1300009475588395010
1300009317890957313
1300009284802162688
1300009233656745984
1300009139498868736
1300009034398003200
1300009022234468352
1300008975728087040
1300008736745050112
1300008599884890113
1300008435736612865
1300008363552575488
1300008155699699713
1300007993619214336
1300007890430951426
1300007844419379200
1300007760382308352
1300007751922446339
1300007619587964928
1300007597144248321
1300007562071486466
1300007500452945921
1300007485810634753
1300007320542482435
1300007296655855616
1300007254004060160
1300007129747722241
1300007056515235840
1300006933571788802
1300006912713469952
1300006700343328768
1300006618738950146
1300006460211036160
1300006434852294662
1300006320930684931
1300006082446794755
1300005963357978624
1300005949890088960
1300005842356445184
1300005762685497345
1300005648877453314
1300005619894804480
1300005564030881794
1300005537287897088
1300005506061402112
1300005501393088512
1300005481923121154
1300005381280849920
1300005308270608384
1300005273063616513
1300005238439542784
1300005169338421248
1300005132768366593
1300005070302588930
1300005015936000000
1300004929239646208
1300004725618814976
1300004582765015040
1300004580168732672
1300004509817733121
1300004456482975744
1300004386085711872
1300004308952416256
1300004165901594624
1300004095143620612
1300004012138401793
1300003856676515843
1300003761897734145
1300003716867796992
1300003657879105536
1300003633329778688
1300003538748223488
1300003515033686016
1300003468053295106
1300003292215468033
1300003289841512449
1300003222518673408
1300003193485766658
1300003147994345473
1300003127605768192
1300003125806477312
1300003120836210688
1300003077056065539
1300003008995045376
1300002957224808449
1300002904519127041
1300002859887538177
1300002813712519169
1300002812634566657
1300002661295689733
1300002627149869061
1300002579301257216
1300002557662724096
1300002526977314817
1300002484317032448
1300002259879841794
1300002253277929472
1300002234906882051
1300002172390854656
1300002153696821250
1300002091923132416
1300002062244159488
1300002042879111168
1300001772933709825
1300001737399562241
1300001664791982080
1300001637055049728
1300001636140580864
1300001511477596160
1300001463373123585
1300001353822019584
1300001191825494016
1300001120350281728
1300001068106080256
1300001027555553280
1300000987348955137
1300000964288614400
1300000801293766656
1300000787901411328
1300000574973370368
1300000554094137344
1300000537753067520
1300000516043407360
1300000511589076995
1300000339467341825
1300000330579611648
1300000015281160192
1299999906933936128
1299999746472521728
1299999640226594816
1299999619263410176
1299999470143373313
1299999426379948033
1299999369249411072
1299999296096546816
1299999224998891521
1299999179784192001
1299999153267892226
1299999059772674048
1299998800988246016
1299998701688098816
1299998700404645888
1299998669735895040
1299998602224381952
1299998520364142592
1299998400050495488
1299998361139974145
1299998108126973955
1299997975608004609
1299997963960410112
1299997905575727107
1299997779239079943
1299997743834947584
1299997682191261696
1299997645528760320
1299997523873091584
1299997085828345862
1299997075011252225
1299997074302414848
1299997043528814592
1299997034687143937
1299996814398099456
1299996671842103301
1299996612740210689
1299996568792293377
1299996417151447042
1299996415171670016
1299996366173863936
1299996327577878529
1299996318300082177
1299996106030542848
1299995971200393218
1299995950950363136
1299995942804914177
1299995881706598400
1299995879324217344
1299995866514718721
1299995824974430209
1299995716476174336
1299995602131005441
1299995592207273984
1299995554244689920
1299995449512931328
1299995404369563648
1299995304075427841
1299995299004456961
1299995283145871360
1299995218704506880
1299995202531348480
1299995175167709184
1299995152031735810
1299994879129538560
1299994745419296768
1299994733801091073
1299994701500686336
1299994372600221702
1299994367000743936
1299994308620308483
1299994170866761730
1299993591343874048
1299993571626487808
1299993540232204288
1299993437765332993
1299993349789806592
1299993184446156801
1299993144239427590
1299993140993159169
1299993075280998402
1299993069048262658
1299993013440204801
1299992894263222272
1299992876861063175
1299992843273097216
1299992768182452224
1299992701807538176
1299992479215779841
1299992182808604672
1299992182338793472
1299992130681737218
1299992095961370624
1299992020732325888
1299992017846571009
1299991940746956800
1299991930860904448
1299991771963949058
1299991589247488000
1299991557874081792
1299991525821042691
1299991505625546752
1299991354605539333
1299991252172242950
1299991248414142464
1299991232874242048
1299991171452805122
1299991101651251200
1299991059603349504
1299991006704791553
1299990960286429186
1299990923896664064
1299990850760564746
1299990842342604800
1299990835023486976
1299990703037190144
1299990654219685888
1299990612104613893
1299990480009265153
1299990349239197697
1299990344952680448
1299990343539191810
1299990334970232832
1299990322785800194
1299990286647660544
1299990267706175488
1299990211548663809
1299990105906712576
1299990094737104897
1299990008942780416
1299989978827689984
1299989940416188421
1299989914671443968
1299989846736412672
1299989673847271424
1299989672085647360
1299989541806379008
1299989522881675265
1299989381487321088
1299989360801206273
1299989176906121216
1299989169947766784
1299989136179331073
1299989017505804289
1299989004268511233
1299988910974566400
1299988771245621249
1299988720817451008
1299988693516800001
1299988689121144834
1299988646410489856
1299988642333691911
1299988550616846336
1299988530211545089
1299988489417691137
1299988433046310912
1299988369594888193
1299988348820508672
1299988317933580288
1299988283087294464
1299988265412501504
1299988263978098688
1299988172429029377
1299988170998788097
1299987674498031616
1299987581770313728
1299987513428279297
1299987450165682176
1299987417584349184
1299987352530685953
1299987351259811841
1299987308729393153
1299987051576782848
1299986836744437761
1299986803567611904
1299986773037248513
1299986704540073989
1299986684310884352
1299986451057332224
1299986390135046150
1299986241358880770
1299986234341720064
1299986211755429888
1299986185251704832
1299986160954073090
1299985937599004672
1299985780224516098
1299985737593638912
1299985712767545345
1299985643590868992
1299985638255722496
1299985572082126848
1299985453811216384
1299985416729305089
1299985411008278528
1299985394109419520
1299985112944312320
1299984994740449280
1299984951711010816
1299984908383903745
1299984875248852992
1299984739940564998
1299984699360763905
1299984623485755392
1299984560336273408
1299984558952189952
1299984556087545857
1299984555475193859
1299984519110496256
1299984480439078912
1299984469554876417
1299984415205064705
1299984368757354496
1299984355155161088
1299984278210707456
1299984270786793474
1299984243641200642
1299984218030845953
1299984003123023873
1299983949268234240
1299983930167300096
1299983920113606656
1299983752223956993
1299983557281173504
1299983545876779008
1299983259053498369
1299983152639864833
1299983116979843073
1299982996427149313
1299982841573449728
1299982766814244864
1299982707154452486
1299982619032121345
1299982507732078593
1299982223295250432
1299982162905772033
1299982132983537674
1299982084325494786
1299981970546581505
1299981936644042754
1299981912849743872
1299981901671927809
1299981802245947394
1299981792179609600
1299981638407946240
1299981543830679553
1299981539808346113
1299981525010743296
1299981452302577664
1299981400314179584
1299981255413465090
1299981184244551680
1299981102715633664
1299980923702837250
1299980908892762114
1299980711496216576
1299980372780806144
1299980337028661250
1299980172280516611
1299980090869194757
1299980032081879041
1299979976943562752
1299979789164515328
1299979786903748608
1299979758353240065
1299979678057459712
1299979471970275328
1299979470716243969
1299979464579874819
1299979387916488710
1299979359726510082
1299979336297205760
1299979277908180992
1299978852651986946
1299978844695343106
1299978615183020032
1299978549554634752
1299978336777768961
1299978333736906756
1299978330335252480
1299978328192045057
1299978325335699456
1299978321829269504
1299978228820512770
1299978226710831104
1299978224382943232
1299978221509906433
1299978214807306240
1299978200190246913
1299978192506286083
1299977893817262080
1299977813374701568
1299977774741024768
1299977635666317313
1299977631996272645
1299977512177602562
1299977508020944897
1299977343973363712
1299977173785366529
1299977150196572161
1299977111688671234
1299976634368430080
1299976531465437184
1299976473919598593
1299976330461827072
1299976323436359680
1299976313969741827
1299976219929309186
1299976176564416512
1299976004379783169
1299975673369505792
1299975551449432066
1299975526354911233
1299975250172669952
1299975222729285635
1299975218174271488
1299975087395921923
1299974786400092160
1299974723942723584
1299974688857305089
1299974560020922369
1299974362972512256
1299974199956721664
1299974079697608705
1299974016875278337
1299973978413465600
1299973968863076353
1299973533498474496
1299973464066060289
1299973382121947137
1299972928281489408
1299972582133977088
1299972568443686912
1299972451175145473
1299972446586572800
1299972443927445504
1299972418866380801
1299971961582477312
1299971943769296897
1299971905932402695
1299971905416572928
1299971815465537538
1299971489903587333
1299971378129629184
1299971147136675840
1299970839501312001
1299970584403677184
1299970491395043328
1299970485359345665
1299970401934639106
1299970374575292417
1299970327229984768
1299970233470537728
1299970190529171458
1299970166067953664
1299970037915287556
1299969913021440002
1299969822298603520
1299969678232690688
1299969672385826822
1299969634624512000
1299969586562043904
1299969374879588354
1299969333347659776
1299969059560267777
1299968761471135744
1299968688926470144
1299968383987994624
1299968207009337344
1299968203158888448
1299968195152011265
1299968113975451648
1299967741420503040
1299967596150878208
1299967573358936066
1299967558532182016
1299967514495967233
1299967376507768834
1299967142423601152
1299967077768400898
1299967010789523457
1299966932054138880
1299966918049357827
1299966736079388673
1299966722808729607
1299966714491408385
1299966685416427520
1299966612762624000
1299966595784085504
1299966468663267329
1299966332180537344
1299966114877911040
1299965967288672257
1299965962507096070
1299965958178648064
1299965842503823360
1299965734529925121
1299965590334042112
1299965590031998979
1299965575934943232
1299965535992664064
1299965503830712320
1299965434549002240
1299965338268905473
1299965291779297280
1299965221143023617
1299964994482831362
1299964699052830721
1299964655364866049
1299964631516155904
1299964579573690368
1299964165377921024
1299964082137772032
1299964037288136706
1299963964479209472
1299963831112929280
1299963829296738304
1299963745612034048
1299963491730759681
1299963451922620416
1299963373237534720
1299963297983328257
1299963229758730242
1299963121826770944
1299963090696581120
1299963062804451335
1299962852174950400
1299962827600429057
1299962740870656000
1299962593315090432
1299962509311475719
1299962466357649409
1299962284324909056
1299962277941129216
1299961737555464195
1299961612921602049
1299961586279477248
1299961492368957443
1299961422584205313
1299961411372822534
1299961233718882305
1299961162679955456
1299960871251304449
1299960845812862976
1299960780025196544
1299960564274388994
1299960556774883330
1299960531596521472
1299960393515888645
1299960337253490694
1299960251584741377
1299960153463230465
1299960124052832257
1299960092167675906
1299960047292874753
1299959777154543622
1299959598850469890
1299959497541156865
1299959345963298821
1299959345317326848
1299958769800146948
1299958662178525186
1299958568142221315
1299958261240729600
1299957875528339456
1299957816187330560
1299957513241202688
1299957360807608327
1299957343174750208
1299956290060521479
1299955755173457920
1299955632095846401
1299955540618027008
1299955438042128384
1299955056230510597
1299955020775829504
1299954839229693954
1299954331165298688
1299954327273037829
1299954265469972481
1299954247291854848
1299954215310241793
1299953782340677632
1299953429796868096
1299953428945346562
1299953266709725184
1299952910030311425
1299952846226558976
1299952692354220032
1299952641368350720
1299952530475155456
1299952524838010880
1299952471805231105
1299952462758064128
1299952434727522310
1299952423222599680
1299952223712161794
1299952157442093056
1299952050680233984
1299951710279000064
1299951522743279616
1299951437292675073
1299951363389038592
1299951212100378624
1299951009708597248
1299950896944742400
1299950746322993152
1299950681344929792
1299950583043022848
1299950424498339840
1299950271439810560
1299950264544358402
1299950224228732928
1299950143391838209
1299949634287218688
1299949386475220992
1299949236667256832
1299949130643628032
1299948848010407936
1299948825147305985
1299948808126767106
1299948716275781633
1299948657232564227
1299948580858404875
1299948487975546881
1299948471127093248
1299948457076064256
1299948194151964672
1299948039168315392
1299947998458392576
1299947862416130048
1299947780442664961
1299947715963564032
1299947667288666112
1299947599550652418
1299947597852012549
1299947388443021312
1299947384609402881
1299947184461357056
1299947140014370816
1299946831644950528
1299946531626381312
1299946313891676160
1299946080851951618
1299946015685050368
1299945737661362178
1299945629838381058
1299945405992574976
1299945041692168197
1299944932300517377
1299944804030259200
1299944769829961728
1299944601030209536
1299944535154462720
1299944453541711879
1299944204680994816
1299943903131512833
1299943510418829312
1299943168910200834
1299943013079187461
1299942935174303745
1299942900629934083
1299942890228117504
1299942800008646658
1299942680361938944
1299942301981184001
1299942282901303297
1299941765819105280
1299941686945210368
1299941450533175296
1299941388650504192
1299941162778845184
1299941023435505667
1299941019677585410
1299940977206087680
1299940701476589569
1299940463974195202
1299940339822792706
1299940139578294273
1299940043398746112
1299940029280784384
1299939702225678339
1299939579043119106
1299939418401370112
1299939410427797504
1299939398667169795
1299939307520700417
1299939254861086720
1299939043795513344
1299938987344363522
1299938952594550784
1299938690907738112
1299938606396649478
1299938409042120705
1299938408467509249
1299938145165807616
1299938099330461696
1299937994883977216
1299937764134313985
1299937333370859522
1299937135013883904
1299936782717521921
1299936658129915905
1299936479536451587
1299936411446112257
1299935227247239168
1299935131856240641
1299935048129490944
1299934754566004739
1299934503167762432
1299933603875500032
1299932766868561920
1299932756378517504
1299932222426943493
1299932101295452166
1299931991954128898
1299931793425137664
1299931389073055744
1299931052799074306
1299930293852405760
1299930249371754496
1299929840640880641
1299929266226950144
1299927771834089472
1299923568000749568
1299923117939228673
1299921942183587840
1299920071746355200
1299919630165856261
1299918630306619393
1299918119234830337
1299917984446779392
1299917014610456576
1299916140899192832
1299915762824556550
1299915133821612033
1299914731940179968
1299913401557229568
1299912224883048448
1299910993506717696
1299910619949395980
1299910608884768768
1299910353430745088
1299910168549953538
1299909836650557442
1299907223972388869
1299905438683672576
1299905348984336384
1299905126086447107
1299905108168208384
1299902326736551936
1299901974779920390
1299901812888174592
1299898036961902602
1299897406960566272
1299893685702791175
1299892379089014784
1299892307278401537
1299890910080241669
1299890837913038848
1299889025596231686
1299888884277485568
1299887999736590337
1299887934036946946
1299887722014871552
1299887567446454272
1299887275543859200
1299886775607885824
1299885931462356993
1299885835295371265
1299884527662366722
1299884022387142657
1299883709290754049
1299883567670063104
1299883040362070018
1299882221084594178
1299881955983527939
1299881614017785858
1299881543264096257
1299881311017013250
1299879239441936385
1299878256993275904
1299877967213068288
1299877749339942914
1299876755574894592
1299876069298900993
1299872886954524672
1299872398108438529
1299871737442598913
1299871579426488320
1299868964588224519
1299868545095020544
1299868065031761928
1299867709379768320
1299867526034268161
1299866625332707340
1299865788560572416
1299865129903943686
1299864586015834112
1299864310274027520
1299863313594150912
1299863189086179328
1299863133822087170
1299862955757129728
1299862913889562625
1299862764752699392
1299862183921229824
1299861932787335169
1299861664108630016
1299861629446823939
1299861507635924994
1299860814296428552
1299860797401821184
1299860245209116672
1299860075104923650
1299860039621115904
1299859492088279042
1299859474623197184
