1274491601130336256
1274491268840783873
1274490785086541825
1274490699304579072
1274490499915751425
1274490258894266369
1274490222135345153
1274489310532767745
1274488798248939523
1274488482447138819
1274487933672787969
1274487632400191488
1274487236361404422
1274486990705233920
1274486608192995334
1274486589842915335
1274486427376631808
1274486252620910594
1274486242185555970
1274486099277156353
1274485915684155394
1274485734435704832
1274485541241839616
1274485351512518656
1274484961328934912
1274484820987580417
1274484141224951808
1274483818318237701
1274483168557621249
1274483147795771393
1274483063876194308
1274482968485154816
1274482025668509697
1274481565494652928
1274481564278239233
1274481405389672450
1274481328701026304
1274481250594631680
1274481087666847747
1274480891197304835
1274480877976854529
1274480688683769857
1274480621113561088
1274480407837376512
1274480198768103425
1274479570352209927
1274479145850998784
1274478844616024066
1274478810944110595
1274478664114110464
1274478640550608896
1274478053931040768
1274477928580034560
1274477780743467008
1274477663202299906
1274477464476160004
1274477459510083589
1274477395345539073
1274477293231095810
1274477130928345089
1274477069595029505
1274476914737020928
1274476886798872576
1274476862555783169
1274476850966925315
1274476776186617856
1274476727587287047
1274476287009206272
1274476250044735489
1274476119090237442
1274476087905595392
1274475992493539328
1274475902336983041
1274475870426664960
1274475817473630208
1274475797752004611
1274475770493259777
1274475585541222400
1274475525675847681
1274475383635804160
1274475374420819970
1274475211551801344
1274475160884506624
1274475118383767552
1274474848236994561
1274474797951602691
1274474620922597376
1274474468929306625
1274474326109106176
1274474284052865024
1274474256584314881
1274473950878273536
1274473909446946820
1274473861807996930
1274473802894901248
1274473718027358210
1274473492789055489
1274473416930852870
1274473393702739969
1274473296097050625
1274472915841490945
1274472870354325505
1274472827870154752
1274472792877150214
1274472740863586309
1274472715395706881
1274472684907368449
1274472669598175246
1274472612341710852
1274472600744460290
1274472456519061504
1274472170123558912
1274472074795454464
1274472020902850560
1274471962774036480
1274471935255199746
1274471848147812353
1274471660884766720
1274471597664067585
1274471573920063489
1274471510443507712
1274471476176052224
1274471447369572352
1274471428667080705
1274471297494515712
1274471290326441984
1274471052849156098
1274471040610193411
1274471037384654855
1274470907508076544
1274470841183502340
1274470685520334848
1274470669145833476
1274470660090232832
1274470514879324160
1274470494939557889
1274470334742364165
1274470268791029762
1274470264944951302
1274470115141136385
1274470061923872770
1274470041258536966
1274469935679488000
1274469931795570689
1274469916540833792
1274469771107602432
1274469586985943042
1274469547320500224
1274469396673695744
1274469378722082820
1274469258496561154
1274469244772782080
1274469169858260992
1274469005672108032
1274468623411806208
1274468620790378497
1274468567568834561
1274468537206267904
1274468331538579459
1274468316774567947
1274468180723937282
1274468179713155074
1274468177481797642
1274468170666041344
1274468134548897796
1274468121869516800
1274468073957928960
1274467931280244736
1274467916944232453
1274467899227373568
1274467794143318020
1274467790070710273
1274467738413654017
1274467723683168257
1274467712979304450
1274467490098184198
1274467405096521730
1274467294257786880
1274467141601935367
1274467136329703425
1274467063466274817
1274466984290398222
1274466967995514880
1274466917709950978
1274466724029628416
1274466695353114625
1274466648662163457
1274466562775408640
1274466214656512000
1274466007789101057
1274465972993351680
1274465722836664320
1274465638237511682
1274465444200681472
1274465352345423874
1274465108010336257
1274465038691074048
1274465015874060288
1274464960953925638
1274464856163471360
1274464833493180417
1274464832515907585
1274464740442595329
1274464621026566147
1274464564059549698
1274464549492666368
1274464412259270656
1274464385763872769
1274464382123196417
1274464364632907782
1274464224337682437
1274464109015203840
1274464052874481666
1274463920149934085
1274463913351041024
1274463833315332101
1274463815095267328
1274463705070174211
1274463656319815687
1274463596907565061
1274463386424750087
1274463246616072192
1274463187702865920
1274463125023137794
1274463005724626947
1274462964565921793
1274462958383398915
1274462934362722304
1274462849876865031
1274462845720240128
1274462824031555584
1274462677759397894
1274462559748399145
1274462553553453058
1274462445940113412
1274462427644596224
1274462413698588672
1274462389925281800
1274462359587823616
1274462345411117057
1274462280378388484
1274462257280364545
1274462244953378816
1274462219485556737
1274462193258500096
1274462081346125825
1274461969026822149
1274461960428564487
1274461891545497600
1274461785370886144
1274461673412272128
1274461658879078400
1274461656307978246
1274461655532023810
1274461563764826112
1274461538330574862
1274461488665821185
1274461433695219713
1274461375734185985
1274461340476809216
1274461309615124487
1274461291000848385
1274461272361373697
1274461257769398273
1274461236667846656
1274461233719246848
1274461015133077504
1274460883872342016
1274460835314913281
1274460810253946880
1274460808702046210
1274460774845616128
1274460761805533185
1274460401296703490
1274460317242871808
1274460161659322369
1274460088242253830
1274459984043085824
1274459858969022469
1274459850987225088
1274459821056671744
1274459767566729216
1274459737149583361
1274459674977452038
1274459492030255105
1274459410576875521
1274459377710309377
1274459317996072967
1274459263839207432
1274459216875597826
1274459195845365761
1274459058603425792
1274459025699155974
1274459000441012224
1274458950394621955
1274458864281362438
1274458803128459264
1274458740742373376
1274458686656831489
1274458659293204492
1274458655065280519
1274458514463903750
1274458419764834305
1274458409065201664
1274458382368493568
1274458366836912128
1274458342409285633
1274458264722382848
1274458090394484739
1274458039849037824
1274457969594380288
1274457938938208262
1274457839571021827
1274457808826744840
1274457614529843200
1274457587166203905
1274457562688245764
1274457544484966401
1274457487991885825
1274457477455716359
1274457265278509065
1274457191513231360
1274456937892102151
1274456824050331649
1274456800130105346
1274456798641127426
1274456661483229186
1274456612963483648
1274456509821464576
1274456370721492994
1274456369551335424
1274456369048010752
1274456363381522442
1274456203805024259
1274456177783472133
1274456143134416898
1274456111291273217
1274455967481069568
1274455951316312064
1274455814200270849
1274455795028185090
1274455755249397763
1274455738262454273
1274455570418933760
1274455492333645825
1274455489712205825
1274455467759144962
1274455391645110273
1274455307570368521
1274455293720584192
1274455148509749250
1274455131459911680
1274455016041066499
1274455008423981057
1274454990657138689
1274454984315277313
1274454785496944640
1274454769541746689
1274454736280915969
1274454693968842765
1274454686138093574
1274454657583153153
1274454589568401412
1274454586871463937
1274454581917954048
1274454355928891405
1274454345246035968
1274454327965487105
1274454293962272770
1274454284747358210
1274454216594071552
1274454211430961154
1274454201398104064
1274454198072029191
1274454173648596992
1274454071873810433
1274454061014757377
1274454049849516032
1274453974872133633
1274453961341272065
1274453792986202115
1274453788129099777
1274453776796209160
1274453645271142401
1274453623821516802
1274453616615518208
1274453610269749248
1274453574739726336
1274453559107563526
1274453554997137414
1274453409199009793
1274453395798208514
1274453379872325633
1274453346158473216
1274453319424053249
1274453140805423108
1274453114876317703
1274453086518509568
1274453069980413953
1274453063017869312
1274453027265687552
1274453023675351045
1274452972513230848
1274452934688997379
1274452894755012609
1274452801784078338
1274452791499599878
1274452778434297857
1274452727653978113
1274452576403181568
1274452550188765184
1274452423503941637
1274452421234827264
1274452210231934976
1274452092460154882
1274452036617146369
1274451910637031424
1274451890210832385
1274451855398047745
1274451795981611009
1274451775072976898
1274451683456794630
1274451678876643334
1274451673906401280
1274451624337997824
1274451582726348800
1274451535838294016
1274451532684107777
1274451520411643905
1274451481123598338
1274451455357988864
1274451453235679243
1274451414769598471
1274451350307377160
1274451301720567816
1274451292258271232
1274451266090008576
1274451264366051328
1274451235379216386
1274451231168245762
1274451203909464064
1274451187304140800
1274451147374411778
1274451053958828033
1274451040998436864
1274450941106958338
1274450880637603840
1274450853907312640
1274450605206052866
1274450567860039680
1274450511127855104
1274450492777803776
1274450460817141768
1274450427354976256
1274450403585929226
1274450298367549441
1274450294387204098
1274450174069350402
1274450022055239681
1274449927914094593
1274449805360726023
1274449786607976449
1274449774830325772
1274449738935545856
1274449691946647552
1274449683507752966
1274449644504965120
1274449602259890176
1274449424824111106
1274449362714800128
1274449011764801538
1274448935768260608
1274448916055031809
1274448669488476160
1274448620994146305
1274448600748240898
1274448531806474240
1274448412184915969
1274448318224089088
1274448312427520000
1274448301329453058
1274448152641146881
1274447895203319809
1274447849997176833
1274447499516928000
1274447430730342400
1274447407510675457
1274447377722679297
1274447343262347271
1274447338858315778
1274447227499536384
1274447146817859585
1274447054111223809
1274447049757515776
1274446987975372802
1274446968169943040
1274446953439469568
1274446933076185090
1274446838410686471
1274446835898335232
1274446772753088513
1274446740024934408
1274446719934255104
1274446694659305473
1274446536433418242
1274446522386714625
1274446434268479490
1274446219507634176
1274446147969593346
1274445987931701256
1274445930650112000
1274445919430287360
1274445857480417288
1274445830888599553
1274445815164088323
1274445774114480129
1274445694724706304
1274445667142959104
1274445540382707713
1274445519956381697
1274445500343877633
1274445444396003330
1274445361176670208
1274445281736695808
1274445263487328262
1274445173850808321
1274445162995908615
1274445161246883840
1274445111036907525
1274444809302876161
1274444772002926592
1274444694718681088
1274444679640211458
1274444621595230208
1274444524698259456
1274444486828056583
1274444478766551047
1274444336508395520
1274444198503157760
1274444119478341632
1274444114155778048
1274443918860603392
1274443888154066952
1274443869757870083
1274443601603371009
1274443450499371008
1274443421298626560
1274443390722224128
1274443284304351234
1274443194634309644
1274443154452885506
1274443097204830208
1274443034478940161
1274443016590237696
1274442990061264897
1274442915922788354
1274442902303846403
1274442891260297217
1274442847815700480
1274442839775227910
1274442831562711040
1274442716865323009
1274442704576032769
1274442691363983362
1274442535784648708
1274442443497394178
1274442441811267586
1274442422932701184
1274442316560961538
1274442244494438400
1274442200701698049
1274442151557042176
1274442083294679044
1274441992538333185
1274441973483614208
1274441828243312640
1274441818986483713
1274441786832891905
1274441762166181891
1274441757216907269
1274441704670715904
1274441682285662208
1274441625662631942
1274441603789262851
1274441601654407169
1274441533270474753
1274441359663992833
1274441345382453249
1274441336570228739
1274441258853900288
1274441242223325184
1274441161344770052
1274441100896407552
1274440979924365312
1274440924349726720
1274440869551255552
1274440856838328320
1274440847996706816
1274440810713538566
1274440772671148033
1274440717708951553
1274440633546088459
1274440486938427393
1274440307921354753
1274440293765517320
1274440186152222720
1274440058754469888
1274440050403684354
1274439857524408322
1274439674669477890
1274439649021382661
1274439637046628352
1274439575616851968
1274439512530223104
1274439498559107073
1274439429327933442
1274439395710570496
1274439375326240769
1274439366543319041
1274439346691674113
1274439310222163971
1274439309316239364
1274439209898688517
1274439126335598595
1274439020358090757
1274438823683002368
1274438823053791238
1274438719261605889
1274438669588410373
1274438627301482496
1274438601485549575
1274438512796934144
1274438322136535040
1274438296186298368
1274438295175467009
1274438097321824256
1274438078753656837
1274438040740597761
1274437918719905795
1274437855235002369
1274437842433966080
1274437724624359426
1274437723101806593
1274437586556157957
1274437414874988544
1274437392708120578
1274437381509316610
1274437375951876096
1274437238957408261
1274437227100155904
1274437207185674243
1274437199128260609
1274437197098336256
1274437134762598400
1274437125782503430
1274437090072289280
1274437027421962241
1274437017976426500
1274436942701232130
1274436936657252353
1274436892512129024
1274436818138628096
1274436723452321798
1274436647774543873
1274436617755938827
1274436604858417156
1274436588378996741
1274436507147939842
1274436437820276736
1274436371877449728
1274436371252490241
1274436259012804610
1274436184090054656
1274436118474301441
1274436104700276736
1274436103727169536
1274436025125949440
1274435988039913482
1274435984076267523
1274435897501548545
1274435866128195587
1274435850475114496
1274435772171632643
1274435664935825408
1274435638167732226
1274435633772138497
1274435609008967683
1274435519510908928
1274435336412844034
1274435291177201665
1274435214891200513
1274435161350901761
1274435118451453952
1274435102060294145
1274435045181345797
1274434993717227520
1274434913287188480
1274434869762932738
1274434850653700096
1274434842361499648
1274434772501245960
1274434588002209798
1274434537171365889
1274434409102561280
1274434385119494146
1274434233583513601
1274434220295938059
1274434172908699648
1274434131066314753
1274434006982037506
1274433999511961601
1274433791587737600
1274433785526980610
1274433741759315969
1274433626789289985
1274433619675820032
1274433510061887488
1274433420110766080
1274433402993868800
1274433378549456896
1274433194369134597
1274432976126914560
1274432893364862976
1274432881805406209
1274432860099883010
1274432847294746631
1274432747461804033
1274432708215803904
1274432695586689025
1274432559066251272
1274432535905406977
1274432529735593984
1274432513755295748
1274432471266930689
1274432452052869120
1274432443534249984
1274432399229587458
1274432375435538432
1274432330556420100
1274432271068651531
1274432209546620928
1274432205461377024
1274432195088842756
1274432187341955074
1274432150847262722
1274432045314441217
1274431993317658629
1274431933037056000
1274431888464195585
1274431863361277954
1274431838703046656
1274431796021772293
1274431784953032704
1274431766942683138
1274431740837314572
1274431686923730946
1274431654011064321
1274431653016977409
1274431570661773312
1274431565813211136
1274431563355369477
1274431548536819718
1274431519344537602
1274431493453029376
1274431438469955586
1274431365623226368
1274431189571567620
1274431131266560002
1274431093245173763
1274431052526891012
1274431039453224961
1274431006171369473
1274430992753852417
1274430960239591427
1274430797454487552
1274430758359388164
1274430745315065860
1274430692458446849
1274430651719208966
1274430648028139521
1274430628981809153
1274430607045595138
1274430479115132929
1274430357962665986
1274430356473733123
1274430348177346560
1274430287271903232
1274430192111493123
1274430191113207810
1274430180979806212
1274430070275354624
1274430047257071616
1274429957134069761
1274429932400250880
1274429929124478976
1274429921276964870
1274429768969134084
1274429560289931264
1274429510566449156
1274429411203469316
1274429370569023488
1274429359974223873
1274429206101884928
1274429170513317889
1274429166188978184
1274429066507161602
1274429023175704577
1274428996348973056
1274428958793138176
1274428748268437505
1274428652034445314
1274428346496057344
1274428293241016320
1274428276539342848
1274428191134961666
1274428191046762496
1274428187309735937
1274428139926675456
1274428122075717632
1274428057986744320
1274428009353826306
1274427980358602756
1274427786959216640
1274427422037983233
1274427190227206144
1274427104487190530
1274426935859347456
1274426842456322048
1274426829667958785
1274426636222509057
1274426610561810432
1274426597517467649
1274426571063951362
1274426393636503552
1274426258294738948
1274426207250132996
1274426111376703488
1274426054527143936
1274425972872396800
1274425945949122560
1274425942233042945
1274425903767003137
1274425882896203777
1274425710854189056
1274425702234951687
1274425617287651328
1274425575017459714
1274425409703219202
1274425368196284418
1274425312567332869
1274425241234747398
1274425229926977539
1274425212940025856
1274425132900114433
1274425122619883522
1274425110510870529
1274425085655429122
1274425055418765313
1274425040898076672
1274425008442482690
1274424880507891712
1274424830490804230
1274424816884502528
1274424733468065795
1274424715961139203
1274424454505009155
1274424443746516992
1274424439913021441
1274424303275163651
1274424275542343680
1274424165181906944
1274424163495788545
1274424159137824768
1274424120009265152
1274424057786765314
1274423992682778625
1274423879222677504
1274423574653292556
1274423542860431361
1274423467216158721
1274423465861419009
1274423456893997056
1274423386505183233
1274423261028397059
1274423228677709828
1274423220679163906
1274423159710724096
1274423135027290115
1274423103565815809
1274423012801028099
1274423001354731522
1274422949991366659
1274422754687803392
1274422597334302722
1274422593781628929
1274422485191208960
1274422419084713984
1274422404941578242
1274422271105552384
1274421886051586048
1274421810017247232
1274421673433927684
1274421659731181569
1274421645533425664
1274421628068417540
1274421556857503748
1274421408567828481
1274421225100652544
1274421131840233472
1274421069479325697
1274420991205216256
1274420689672572928
1274420371622637568
1274420025739403264
1274419948216029187
1274419947012345857
1274419922672721920
1274419920873361410
1274419920202317824
1274419851080196096
1274419823238434816
1274419817144111106
1274419782486495234
1274419650760187905
1274419593847676928
1274419577556922368
1274419568975454209
1274419488864206849
1274419473194385408
1274419174190780416
1274419056150482944
1274419038295404547
1274418973023645696
1274418966874726401
1274418860943462401
1274418851208364035
1274418846435246081
1274418823970656258
1274418806656548866
1274418782757425153
1274418776042360832
1274418622224633858
1274418609499095042
1274418383342141440
1274418334130470917
1274418312345194496
1274418291839315971
1274418128450138116
1274417978772160512
1274417928461565953
1274417912783294470
1274417797347639299
1274417780796862465
1274417710919757824
1274417592082595840
1274417452798087169
1274417450818457602
1274417327807881218
1274417291803983878
1274417201970372608
1274417139907207168
1274417042477760512
1274416982914457600
1274416751703449600
1274416732120244224
1274416697273876481
1274416455463964675
1274416361029152775
1274416303307206661
1274416174529380354
1274416104270635014
1274416093214449664
1274416043352567809
1274416037459628037
1274415890793222149
1274415825693351937
1274415674023129090
1274415628208799744
1274415604196413441
1274415534658945031
1274415469739626504
1274415463326461952
1274415455659331587
1274415257876922371
1274415225958289408
1274415224586633217
1274415180869484549
1274415125668212736
1274415036740636672
1274414910601138176
1274414855735345153
1274414824215191552
1274414758637297664
1274414633626021895
1274414485231583233
1274414474993307648
1274414443842199552
1274414423516594176
1274414251273322496
1274414204565544960
1274414051175600128
1274414014978830336
1274413984213590016
1274413625898344459
1274413585993695234
1274413497137446914
1274413492859273225
1274413230023225345
1274413026029043712
1274412854217670657
1274412719458914307
1274412665616642049
1274412664261935105
1274412601074647042
1274412588319813635
1274412502361702400
1274412405846671361
1274412242625331201
1274412103617691650
1274412094700601346
1274412042544447488
1274412038274646018
1274412014287433737
1274411971379691521
1274411968422707200
1274411819541692419
1274411813107568644
1274411736595136514
1274411723861176320
1274411702331805696
1274411647902285824
1274411644836339712
1274411630340825091
1274411616990265346
1274411557661937671
1274411413717557249
1274411355601281026
1274411319329009666
1274411276026904581
1274411067335196678
1274411020044374017
1274410926402351104
1274410907649662982
1274410824686280705
1274410823700676609
1274410713457532929
1274410691131248642
1274410641743282176
1274410615528927232
1274410598667878401
1274410558293450755
1274410534633431045
1274410451342782464
1274410446079090688
1274410427699679232
1274410357830881281
1274410293175746561
1274410290965295104
1274410283814002695
1274410254760054784
1274410252264497153
1274410128532480000
1274410100560723969
1274410008206336001
1274410001050804226
1274409979332759557
1274409968578572289
1274409962773590018
1274409905475248135
1274409877230817280
1274409873929842688
1274409849451929602
1274409831013761024
1274409766228561920
1274409640525287424
1274409437256724480
1274409345321775105
1274409236810866688
1274409169332961280
1274409091092398082
1274409088173178881
1274409062621491200
1274409007147614209
1274408984435470336
1274408841783005189
1274408834669449216
1274408737273495552
1274408735100764163
1274408734937227264
1274408682701324291
1274408506360311808
1274408502761586693
1274408500345614337
1274408462240428038
1274408352794189825
1274408330778365958
1274408330031751176
1274408234007367681
1274408208942194689
1274408013441441794
1274408008651546634
1274408002397917184
1274407975441109000
1274407864484888578
1274407566072741888
1274407481792442368
1274407481410752512
1274407294252564480
1274407288653205506
1274407283980750851
1274407061892276224
1274406935446597632
1274406926361726976
1274406856690147328
1274406822783352835
1274406716675891205
1274406681460584448
1274406660388392962
1274406531962896386
1274406488426139648
1274406356183900160
1274406335237558273
1274406282984816640
1274406209748164612
1274406173316440065
1274406170556616705
1274406037270016000
1274406011361808389
1274405881548025856
1274405652463448064
1274405620381351936
1274405584956264448
1274405448356188160
1274405419180535810
1274405351341817861
1274405303493279746
1274405189282398211
1274405110324572161
1274405048009789441
1274405015126454274
1274405006356209665
1274404975851065344
1274404882355761152
1274404808670265345
1274404727632076802
1274404658929446919
1274404647336325123
1274404631678988288
1274404598439202821
1274404485469745154
1274404304326180869
1274404251834429441
1274404140819648513
1274404036574396416
1274404001103085569
1274404000532770819
1274403999962275840
1274403940214456320
1274403669191077888
1274403630851018757
1274403618708508672
1274403541814312966
1274403498038308864
1274403493969788928
1274403419290251265
1274403269658521601
1274403250054324226
1274402955089842176
1274402792514351105
1274402774885818368
1274402504365740032
1274402437797949443
1274402393573281793
1274402322475626496
1274402235162730496
1274402205345492993
1274402143940816898
1274402076458659840
1274402017147043840
1274401879515168768
1274401767703412737
1274401735625322497
1274401678364749826
1274401547171115014
1274401459677941762
1274401458306326529
1274401424034709504
1274401411644653570
1274401323342082049
1274401305277222913
1274401299329617927
1274401293457596418
1274401209785384963
1274401067682467852
1274400994017894403
1274400860722905088
1274400611245740032
1274400547269947392
1274400340578877442
1274400286388424704
1274400267157602305
1274400240859316226
1274400175969177601
1274400044746186752
1274400032112939009
1274400026190626818
1274400023904686080
1274400003264516097
1274399901435265026
1274399886893559809
1274399844254257153
1274399757964906500
1274399749576298497
1274399625919762434
1274399517144645632
1274399485242871808
1274399352132382722
1274399285195476993
1274399274609115138
1274399269609525249
1274399112339824640
1274399040193662978
1274398895519522818
1274398852829806593
1274398764682395653
1274398596130095105
1274398539834163205
1274398520590635008
1274398472561623040
1274398389032157186
1274398380408569856
1274398305305444352
1274398255015776257
1274398247281451008
1274398204667330563
1274398171909808128
1274398152410509315
1274398089776791553
1274398079102451712
1274398004225675266
1274397902643908608
1274397757575438339
1274397640227262464
1274397448891363329
1274397447079501824
1274397133601411074
1274397126278217728
1274397047303606274
1274397046431191040
1274396902910558210
1274396871532871681
1274396858702536706
1274396777731493896
1274396712711467008
1274396624853352448
1274396622273814533
1274396456070324224
1274396442124333057
1274396427150675968
1274396408443961345
1274396389624221696
1274396362243805186
1274396325937844225
1274396298779725827
1274396262222245893
1274396231784189952
1274396190822608899
1274396171369361410
1274396108240957440
1274396102180179970
1274395951818571776
1274395922529759232
1274395751179784195
1274395712806105089
1274395583902633985
1274395575459463169
1274395561098186752
1274395441334030345
1274395425156579339
1274395323906039814
1274395322421317633
1274395290083221505
1274395236761034760
1274395219744751616
1274394944325799939
1274394792668139520
1274394733318635523
1274394731158568960
1274394620823252994
1274394584529895424
1274394582734831616
1274394575432495104
1274394487742177285
1274394418800472064
1274394367613173766
1274394359048351744
1274394157650493444
1274394102608670721
1274394100175908864
1274394057092071425
1274393967015198720
1274393916868091904
1274393770147155968
1274393744800985091
1274393680045117440
1274393408103231488
1274393342038749185
1274393056675074048
1274392986592387073
1274392982758789126
1274392928060944386
1274392703770517504
1274392654793637893
1274392649693368321
1274392579757539328
1274392385829642243
1274392358289920006
1274392259019096064
1274392131172524032
1274392102827368448
1274392101053255685
1274392057176563712
1274391933268512769
1274391925433544708
1274391802401914883
1274391796286664706
1274391787961008128
1274391699083554816
1274391656150773766
1274391651407089664
1274391634684391425
1274391557714726913
1274391365338697728
1274391091329015811
1274390996432846848
1274390942720630786
1274390774101291011
1274390655192780801
1274390535176728576
1274390495570145285
1274390477148692483
1274390453950001152
1274390438099726337
1274390390976712704
1274390358668034048
1274390269941682176
1274390261049802758
1274390254955495424
1274390171912482816
1274390110159736832
1274390037191446531
1274389928672198656
1274389905615933441
1274389873634484224
1274389840436572162
1274389804508160000
1274389711029747713
1274389609359818752
1274389607891771393
1274389593257840649
1274389589222920192
1274389587662643200
1274389577642500097
1274389576015138816
1274389559900549121
1274389558034075650
1274389444452405249
1274389373828685826
1274389334700052482
1274389260783796228
1274389258418008064
1274389253288538114
1274389208313090049
1274389176084058112
1274389147864752129
1274389069548736512
1274389062527397889
1274388889449517060
1274388809396994049
1274388807459233792
1274388799422898178
1274388648549650432
1274388566320316416
1274388560964194306
1274388385675849729
1274388234164940802
1274388226032177153
1274388197888253953
1274388191756324864
1274388123561099264
1274388039981293570
1274388026060390401
1274387999850192898
1274387901443379205
1274387877556826113
1274387759550119936
1274387534613790727
1274387520621510657
1274387504096071681
1274387422575501318
1274387299246186503
1274387188218834944
1274387151090847749
1274387144212185089
1274387055062155267
1274386938120802305
1274386919049306114
1274386907045203968
1274386906369974274
1274386841047838723
1274386838426472459
1274386789361483781
1274386779123019777
1274386736496414722
1274386709967503362
1274386680531779589
1274386680477134848
1274386658134241280
1274386611418148870
1274386561946267652
1274386549036236802
1274386507101601795
1274386434825347072
1274386335034486784
1274386252842835970
1274386236573192193
1274386017081004032
1274386013155201025
1274385953600266241
1274385832242274307
1274385739908886528
1274385533951717378
1274385508085497856
1274385441303781381
1274385363243601921
1274385235409600512
1274385169001168897
1274385141104869377
1274384954512805888
1274384925068754947
1274384875357900803
1274384769632124928
1274384737247866885
1274384727814934529
1274384549364015104
1274384530430988292
1274384320615063559
1274384235940532225
1274384198028189696
1274384173986467840
1274384151240638465
1274384130281803778
1274384103199125509
1274384100544122881
1274383927214518273
1274383915940265996
1274383777150775297
1274383708166946816
1274383491682177027
1274383313025863681
1274383202606616578
1274383153017376769
1274383152425979905
1274383151599681537
1274383110478626817
1274383095253401602
1274383086722088960
1274382775500636160
1274382656088801287
1274382625197699074
1274382589579722754
1274382567635116032
1274382508474466307
1274382341994090499
1274382276294586372
1274382069305655303
1274381924790870020
1274381885901287425
1274381507524730881
1274381445281320961
1274381305212555264
1274381255761702917
1274381186601803776
1274381025439858688
1274380870229639169
1274380803561197568
1274380799907954690
1274380691753570317
1274380614175797248
1274380590796636160
1274380524753223680
1274380405395898368
1274380392330670080
1274380331383128064
1274380265373261824
1274380245177688064
1274380243709632514
1274380087811506183
1274379971960754176
1274379924904837120
1274379876808773633
1274379855543615491
1274379847863808001
1274379819049005058
1274379803521699840
1274379787239333889
1274379641638305792
1274379630716297217
1274379580002971648
1274379571983515649
1274379326205517824
1274379298997243905
1274378870611984385
1274378682254098433
1274378608950349824
1274378482928230403
1274378364829208582
1274378194456625155
1274378188630691845
1274378182771310593
1274378045248491522
1274378040668229638
1274377855200301059
1274377846971084801
1274377831276052482
1274377793267269633
1274377788536094720
1274377764490149890
1274377623121154048
1274377617613996034
1274377597460283392
1274377558205882368
1274377446201217025
1274377412244131843
1274377347756625920
1274377326478983171
1274377156194377730
1274377081007243265
1274377070924247041
1274376935062360064
1274376839570640897
1274376825825906695
1274376823976218625
1274376746482139136
1274376649656672256
1274376640001433601
1274376493716692992
1274376483646169089
1274376465325477895
1274376379040219138
1274376375965814784
1274376354163838977
1274376271909269504
1274376253513097217
1274376221837668353
1274376220440956928
1274376203999289355
1274375976923906052
1274375736120532993
1274375726855323649
1274375712540155905
1274375620743569408
1274375567362666498
1274375547515215872
1274375472160391168
1274375444746440704
1274375431618211841
1274375333471551489
1274375310725783555
1274374900111888384
1274374811708506113
1274374766372233218
1274374716879523841
1274374640270540800
1274374489468547073
1274374486352158721
1274374470380089345
1274374452369907714
1274374417934618625
1274374365916921858
1274374364402778114
1274374258685288452
1274374152909193218
1274374115261124613
1274374100706889731
1274374066984701959
1274373982498762759
1274373857118470146
1274373850193694721
1274373835329089536
1274373832875352064
1274373724628824066
1274373707616698369
1274373613722963969
1274373188064075776
1274373180359151617
1274373127850659840
1274372955347222529
1274372946522451971
1274372623087161345
1274372578065424390
1274372572663230470
1274372555579822081
1274372482590543878
1274372288859734016
1274372261408104448
1274372219586699264
1274372196245204993
1274372141396430849
1274372126137618432
1274372067006337027
1274372058290536448
1274371918867714051
1274371878547849218
1274371848512430080
1274371809081786369
1274371759203106816
1274371739674443776
1274371692438093828
1274371677133123584
1274371627346792448
1274371438640848897
1274371432676352000
1274371359859249152
1274371267026653186
1274371199498440708
1274371179084726274
1274371023031480320
1274370637268758529
1274370249874423808
1274370177472307200
1274370151950016512
1274370151912214528
1274370119704158210
1274370107943329793
1274370010304167936
1274369848051712001
1274369800509239299
1274369752018948096
1274369689393803266
1274369470887268352
1274369451291545601
1274369439883026439
1274369405854658561
1274369202133106690
1274368841100005376
1274368838637944833
1274368807805562887
1274368697642242049
1274368634819874816
1274368602792132608
1274368602729263106
1274368590125445121
1274368463566405632
1274368444503375880
1274368397145505794
1274368357505130497
1274368343177408512
1274368297924882433
1274368224545603584
1274368197257560065
1274368187417714688
1274368163547762688
1274367703889907713
1274367615398445058
1274367607349575686
1274367519856394242
1274367418496880640
1274367388872511490
1274367329741279235
1274367262422642688
1274367218709643264
1274367141781913601
1274366996239585292
1274366988127698944
1274366920209375233
1274366904099131392
1274366904094900227
1274366864265752577
1274366781650546688
1274366727636295680
1274366625723154433
1274366566948315139
1274366525462413319
1274366420042866688
1274366276744499201
1274365971441111041
1274365754427748352
1274365730658664448
1274365719027888130
1274365710987296768
1274365687234953218
1274365675432284161
1274365585644814336
1274365531764789252
1274365497191038980
1274365375153680385
1274365261735493633
1274365258036056064
1274365165170036736
1274365055128276993
1274364939956822016
1274364930326700034
1274364929332707329
1274364911943127042
1274364891407757313
1274364817038553090
1274364797086203905
1274364697140215809
1274364662210068487
1274364638633906177
1274364600054620160
1274364471230828550
1274364411780759553
1274364333414387713
1274364313403359232
1274364266334892033
1274364190329839616
1274364166485278724
1274364073300365313
1274364035811680261
1274363954211500033
1274363841695100928
1274363627634675712
1274363586685665283
1274363500786323457
1274363475456909318
1274363430993100801
1274363396713037831
1274363391495241729
1274363361040498688
1274363357496213505
1274363281520590848
1274363267859742727
1274363120962715649
1274363091237683201
1274362640077389828
1274362636453343232
1274362539925737472
1274362535098093569
1274362292696645632
1274362217933221888
1274361885715058689
1274361874906112001
1274361869847990272
1274361819390521350
1274361484987039745
1274361396218736645
1274361340673568768
1274361328350695424
1274361266006568961
1274361207005351936
1274361014138605575
1274360984216514561
1274360961902788608
1274360856831299586
1274360702321463297
1274360617504292865
1274360572621066241
1274360473442488320
1274360391691272192
1274360230143561728
1274360179916668928
1274359995102982146
1274359865650094081
1274359835472080897
1274359826152292356
1274359796666433537
1274359657465876482
1274359622653091840
1274359492633903104
1274359372261572608
1274359329127268352
1274359215751118851
1274359207383437313
1274359204602658817
1274359025887518721
1274358846111260673
1274358619467849738
1274358591881969666
1274358529646833665
1274358494007824386
1274358371941056512
1274358327787618304
1274358092734631936
1274358092550082567
1274358012828884995
1274357903844093953
1274357805336715264
1274357773107712002
1274357743223296001
1274357646787850242
1274357580651991042
1274357465384189955
1274357395280539650
1274357318117965824
1274357122143268870
1274357044536107009
1274356995651502081
1274356981923565569
1274356923530346496
1274356909550841856
1274356784493453312
1274356783302262785
1274356716071604224
1274356697457397760
1274356495153577984
1274356285392277506
1274356175497302018
1274356158380290048
1274356151241650182
1274356149433884672
1274356148829925377
1274356148313952256
1274356147248562176
1274356146686566400
1274356145247916032
1274356128470765573
1274356029476818944
1274355801470259200
1274355550776688640
1274355472645140481
1274355458338414597
1274355454982926337
1274355403783012353
1274355272845332480
1274355132336144386
1274355118889205764
1274355024542478336
1274355008998383617
1274354824348303361
1274354821450129408
1274354558584709121
1274354544949026818
1274354465987059714
1274354355244871682
1274354347468447745
1274354221933039616
1274354208368734208
1274354138860662784
1274354096309493767
1274353981528125440
1274353919683170306
1274353784462991362
1274353775927574529
1274353750107447298
1274353704087494656
1274353639696617474
1274353600991571970
1274353549472935938
1274353500286222337
1274353413753626626
1274353395965538311
1274353375405015040
1274353193892425730
1274353178633535490
1274353158303645696
1274353069078257670
1274352885485232129
1274352641028632582
1274352474397310982
1274352409096192000
1274352363701239814
1274352311272443910
1274352069147791361
1274351747214069761
1274351719330258945
1274351651374223360
1274351454078337025
1274351427444408322
1274351382905196545
1274351367256186885
1274351358003556353
1274351349640179720
1274351273479897088
1274351147038507012
1274351021863641091
1274350812710526976
1274350682187890691
1274350615745961984
1274350611132284928
1274350504345247744
1274350482526437377
1274350442177314817
1274350364184252417
1274350245103702016
1274350192008060929
1274350171694997506
1274350047262584841
1274350005046960136
1274349980589920258
1274349938395303937
1274349906027839490
1274349776461598721
1274349751023144960
1274349470004715523
1274349464610918401
1274349453479219200
1274349392200454145
1274349353642201089
1274349162910359553
1274349078307131393
1274348966625378306
1274348956722618370
1274348945582456832
1274348922102841344
1274348883590725635
1274348845099552771
1274348837080051715
1274348797020299269
1274348748857053184
1274348714853904384
1274348709590044672
1274348480689995782
1274348347759919111
1274348226934685696
1274348221951811586
1274348164234043392
1274348048341184513
1274348037545099265
1274347871454846978
1274347857982697472
1274347803309981699
1274347643112742912
1274347558220050435
1274347448643788800
1274347321258577926
1274346995214430208
1274346743916908544
1274346632386154497
1274346311370883072
1274346029744369664
1274345943928918016
1274345931018731521
1274345743638282240
1274345681017344008
1274345569222344704
1274345532970934272
1274345417036218368
1274345398891577344
1274345395720720385
1274344974889385986
1274344974335782915
1274344932510220289
1274344927674204160
1274344891900850176
1274344868140273666
1274344659842719749
1274344658907299840
1274344636446842880
1274344479508570112
1274344376966184964
1274344263724208129
1274344253620183042
1274344246288449538
1274344193733865475
1274344092751855622
1274343960148918272
1274343841429102593
1274343803286102018
1274343709925167104
1274343491330543616
1274343390411477001
1274343371704860672
1274343054061772800
1274343005995118592
1274343005978333185
1274342933131661317
1274342924499726340
1274342518650548224
1274342456214028294
1274342329961320448
1274342326198890498
1274342153871929344
1274342024691568640
1274341997025820672
1274341847238946818
1274341756419608577
1274341651209752576
1274341538403942402
1274341510171906048
1274341465334919168
1274341445294579713
1274341289300017152
1274341218365906946
1274341216486920192
1274341126019874816
1274341053735329792
1274341034735124481
1274340894737674241
1274340885027786753
1274340791217991683
1274340782430924800
1274340699287281664
1274340681809563648
1274340629452128256
1274340481514733568
1274340371632398336
1274340296336252930
1274339925803118594
1274339899257339904
1274339892148002822
1274339761491267585
1274339754474115072
1274339754138624001
1274339727764832260
1274339726766596096
1274339558457565186
1274339551666933760
1274339522336210949
1274339519882551296
1274339519756632064
1274339519555305473
1274339313778593792
1274339306371452936
1274339298419015684
1274339278869475328
1274339202293956608
1274339174691360768
1274339128524640259
1274339094760488961
1274338813645672450
1274338711023517698
1274338648884944896
1274338626986545153
1274338350598705153
1274338349109698560
1274338346773463046
1274338270671974400
1274338185305300992
1274338171573227521
1274338148202536961
1274338120914341890
1274338111108104192
1274337973358690310
1274337969265090562
1274337964429058049
1274337960629088257
1274337950403375107
1274337933307318272
1274337646047870978
1274337592171917318
1274337573222191105
1274337491089346561
1274337431924494340
1274337399779274754
1274337351960059904
1274337267075743744
1274337182040371209
1274336640522166274
1274336524604145664
1274336503934652416
1274336490730987522
1274336487375613953
1274336131803463681
1274336124924821507
1274335660229435393
1274335621658656770
1274335577039568896
1274335565811515393
1274335470932148224
1274335355332952070
1274335335388975104
1274335263628632064
1274335137195581443
1274335097123209217
1274335078311694337
1274335041124995073
1274334998976507904
1274334980592852994
1274334829665030144
1274334809851117569
1274334690321862658
1274334681987604482
1274334604439289856
1274334477142155265
1274334423039848448
1274334302952656896
1274334302671683584
1274334301576925186
1274334239060885505
1274334129555898371
1274334122643722244
1274334040410091520
1274333990971990016
1274333989457838080
1274333978783334400
1274333900198891522
1274333775531593729
1274333775196033033
1274333725539684355
1274333684573900800
1274333477350051841
1274333448514285570
1274333405006696452
1274333397473808385
1274333333191786496
1274333291286577155
1274333269841063944
1274333109262188544
1274332929183879169
1274332916617805824
1274332907746795522
1274332777052340230
1274332719116402694
1274332682986704903
1274332590598692865
1274332520541274112
1274332407223791619
1274332342463627265
1274332310259802112
1274332265049403395
1274332215946678272
1274332001177305090
1274331990406377472
1274331820029620225
1274331809082486786
1274331558002950144
1274331432253521922
1274331403266727937
1274331197909458954
1274331161842585601
1274331073393147909
1274330884548763650
1274330764033896448
1274330663676719104
1274330653337812994
1274330640561954817
1274330611365433347
1274330573272645632
1274330380804521985
1274330369135968260
1274330362500571136
1274330346071494656
1274330305499930625
1274330053959200772
1274329935486820352
1274329838392946690
1274329817408815107
1274329773372772354
1274329746126635009
1274329722252599299
1274329698689048577
1274329630573502469
1274329502290776065
1274329496401989635
1274329480425848832
1274329461870166025
1274329391758262280
1274329240452898824
1274329095585873923
1274329086379376641
1274329073276289025
1274329023838064643
1274328966262906882
1274328912571621376
1274328888076906498
1274328880011194369
1274328579959111680
1274328562204643329
1274328559927070730
1274328487717933057
1274328342758666241
1274328141285163009
1274328010179727362
1274327689328025600
1274327685221830657
1274327668784271360
1274327563180130305
1274327410121605123
1274327407307169793
1274327133347885067
1274327106802069504
1274326992570236928
1274326849443835910
1274326827415330816
1274326665590644736
1274326661773889537
1274326378742235136
1274326215869038595
1274326110151606274
1274326015083503616
1274325966844805122
1274325917561761794
1274325798665814018
1274325756588539907
1274325725936566272
1274325692029841413
1274325621309669377
1274325531820003329
1274325442410012673
1274325368573493251
1274325341973155840
1274325323266633729
1274325316467654656
1274325242090053632
1274325241196576768
1274325204743991296
1274325153632194561
1274325004319064065
1274324844444876800
1274324773531779072
1274324419847094272
1274324133027987456
1274323788046274560
1274323561012957189
1274323424131809280
1274323280820871168
1274323252534546432
1274323227838492672
1274323109886267395
1274322958287278086
1274322813038534657
1274322760941084672
1274322755102609410
1274322701482631168
1274322661892591622
1274322600861356032
1274322478538653696
1274322040355459072
1274321962865700865
1274321895702384641
1274321875703906304
1274321693851504644
1274321676092702721
1274321592403791873
1274321391840608256
1274321343627083783
1274321342431666176
1274320965288300545
1274320861139533833
1274320841455566848
1274320824825233408
1274320710106824705
1274320650925195264
1274320647955664896
1274320272162729986
1274320175672766464
1274320151823949824
1274320054033793024
1274319944717606925
1274319909204439047
1274319901822509057
1274319888140636160
1274319867018121216
1274319807387705346
1274319798462304259
1274319187842826240
1274319177860485120
1274319073908854785
1274318887547527168
1274318443723067394
1274318314421043203
1274318290416996352
1274318067972091910
1274318029606858758
1274317936434515970
1274317775280930817
1274317718825701376
1274317427460001794
1274317394274639872
1274317254876958720
1274317216683626496
1274317102288117760
1274316804115103748
1274316726428217345
1274316684569042944
1274316435758735366
1274316259585392650
1274316250693410816
1274316169365897216
1274316104253440001
1274316030316290048
1274316002487123970
1274315926863839235
1274315884060786690
1274315853576708096
1274315557215576065
1274315448750944261
1274315269394124803
1274315100799873025
1274314970227003392
1274314908713320455
1274314891302711296
1274314883216146433
1274314880905023504
1274314826240663552
1274314824785309696
1274314816488984579
1274314789456613383
1274314781210615810
1274314778262016007
1274314763665801217
1274314713669738496
1274314670388764672
1274314651967336449
1274314602428366850
1274314509994377217
1274314451236331520
1274314267454570498
1274314205630513153
1274314112412061697
1274314066958462976
1274313993956528131
1274313906916405248
1274313832438083584
1274313824997441537
1274313750447865856
1274313692964958208
1274313637331709953
1274313636400508928
1274313454392881153
1274312956478722048
1274312934756438016
1274312838648156160
1274312786361884674
1274312690098491394
1274312664282542081
1274312508275294208
1274312475907850240
1274312456572149760
1274312421054742532
1274312115764047872
1274312075964305408
1274312034046353418
1274311925183242241
1274311712804462592
1274311397451673603
1274311327696261125
1274311256040599554
1274311137006321664
1274310977710940161
1274310962204549120
1274310875164422145
1274310814258921474
1274310748399980546
1274310679558852610
1274310498113249280
1274310397206704128
1274310360129056768
1274310315623186432
1274310306353864706
1274310224590049280
1274310179148922880
1274310054318166018
1274310011397845000
1274310004820938752
1274310002937933824
1274309870540464130
1274309510107148288
1274309506218983424
1274309476779200512
1274309379068694529
1274309341949186055
1274309279563071490
1274309182146203648
1274309114970148864
1274308954701680651
1274308936288686087
1274308896761487367
1274308750623604737
1274308628577738753
1274308577579147265
1274308503000231940
1274308446217789440
1274308398167851008
1274308314063667202
1274308236099883011
1274308129413640192
1274308124200009728
1274308058278223873
1274307954267893761
1274307939101216769
1274307937599717387
1274307918507184129
1274307887410622464
1274307702181822467
1274307610456535040
1274307536225808385
1274307473160179717
1274307260865564679
1274307241043247107
1274307193542762499
1274307119378989057
1274307066119835649
1274307063397654528
1274307016266256384
1274306827707199488
1274306811953364992
1274306784828760064
1274306666675277824
1274306335761403906
1274306312764043266
1274306299195469827
1274306291868057600
1274306283005448195
1274306201212407808
1274306175048302594
1274306156329082880
1274306117292699648
1274305871359750145
1274305802971553794
1274305735636201473
1274305698701213696
1274305591347994624
1274305507373826048
1274305487832563712
1274305417099841536
1274305387320217602
1274305237336100865
1274305233108246528
1274305219615174657
1274305119492997121
1274305040958869504
1274304886541352961
1274304869378203648
1274304777804042240
1274304738507579392
1274304691598434304
1274304447913615362
1274304332771602432
1274304321497313280
1274304109068406785
1274304066185826306
1274303786606002177
1274303736383406081
1274303721858531328
1274303603491119104
1274303554514235392
1274303412897800193
1274303144185528321
1274303031937576960
1274303005307793409
1274302811086491648
1274302647277883394
1274302436895842305
1274302115096268801
1274302081839575041
1274302054807285763
1274301920732160000
1274301914830778368
1274301902621212672
1274301873294630914
1274301785507794945
1274301764150398976
1274301755891879938
1274301656054796288
1274301511590465537
1274301289879519232
1274301188817723394
1274301094353608705
1274301092780748809
1274301076628475904
1274300979475820544
1274300968704892928
1274300951789215744
1274300918297776128
1274300841642602496
1274300794637103109
1274300695827677189
1274300497269329922
1274300440390369280
1274300342159781888
1274300274211819523
1274300259997491200
1274299985497120769
1274299896489750530
1274299813677404162
1274299762859282432
1274299565890580481
1274299316396572672
1274299230409162753
1274299138662948865
1274299116961632257
1274299112893100032
1274298937940283393
1274298651771383809
1274298644863180800
1274298607143841792
1274298331091677184
1274298128745803777
1274298127135145984
1274298090011402240
1274298060823281669
1274297779578429440
1274297759210917894
1274297715720159232
1274297667020107776
1274297651366952960
1274297636703604737
1274297258507472897
1274297102659698688
1274297043889147905
1274296902075457541
1274296856953196544
1274296837067898880
1274296833360236544
1274296764615589888
1274296497174183936
1274296344803528705
1274296210359230464
1274296190432051200
1274296146597380096
1274296129115521024
1274296113764466689
1274296108307668992
1274296061121695754
1274295958088691712
1274295817051025410
1274295740802781184
1274295731550068736
1274295644899946496
1274295639191535617
1274295630173736960
1274295620988215296
1274295587052163073
1274295554009370624
1274295459243270144
1274295189092421634
1274295105063714816
1274295080019525632
1274294949832507393
1274294871659085824
1274294771880787969
1274294709209440263
1274294685968797696
1274294663860674560
1274294469781790720
1274294368250277888
1274294269260546048
1274294126079545346
1274294120417288195
1274293979132112899
1274293772608823296
1274293661078114304
1274293499270180864
1274293416369827841
1274293400997634051
1274293213210316801
1274292999602700288
1274292876118241287
1274292778453868545
1274292761215275008
1274292729145700352
1274292406343675906
1274292379709779968
1274292317101469697
1274292228949790722
1274292226881961984
1274292217201467392
1274292212742963200
1274292153334849536
1274291856487133185
1274291746730541057
1274291574348881920
1274291312402055169
1274291287449993216
1274291274938486784
1274291192616927232
1274291124069371904
1274290865289211904
1274290800050962432
1274290528507625472
1274290367945420801
1274290342146256896
1274290323863351298
1274290159073275906
1274290149761994752
1274290092186755072
1274289992932700160
1274289909134774273
1274289794810548225
1274289744973828097
1274289712799383554
1274289574362087424
1274289358024200194
1274289300037939205
1274289206458830848
1274289059192541190
1274288888727646210
1274288822713491457
1274288766279188481
1274288695844245505
1274288576268849154
1274288575102750726
1274288558300332034
1274288547881721856
1274288543096070145
1274288511907233793
1274288491938095104
1274288206998056962
1274288194373238784
1274288143232110592
1274288074760032256
1274288049627807745
1274287986490912768
1274287711919185921
1274287669128945664
1274287620978245636
1274287577944686592
1274287566871769088
1274287511699890176
1274287456175771649
1274287413590884352
1274287273392160773
1274287202646753280
1274287188503662592
1274287053547745280
1274287008047906816
1274286967048548354
1274286943778504706
1274286801826582528
1274286730468884481
1274286717227413505
1274286602550992902
1274286537312808960
1274286514403520512
1274286363303653376
1274286311634014209
1274286294412206081
1274286085707792390
1274286056863666176
1274285902639116289
1274285839779061762
1274285836553551874
1274285714042224640
1274285687332917249
1274285653572845569
1274285576028553216
1274285250533867520
1274285155197255680
1274285082149359616
1274284961789591552
1274284784936763393
1274284478744199168
1274284398775582721
1274284269146382336
1274284139215237120
1274283686440157184
1274283647206596608
1274283591695052801
1274283064764641280
1274282997655748609
1274282892944912385
1274282882153005056
1274282723146960898
1274282586869768192
1274282435451158528
1274282321621983233
1274282306765762560
1274282021460852747
1274281794041516034
1274281601413910530
1274281213654642688
1274281115134672896
1274281104028172288
1274281056619900928
1274281055395217408
1274281018007130112
1274280904450547714
1274280779011555331
1274280739887108097
1274280732538609664
1274280670311911424
1274280626250813440
1274280484042878977
1274280377088172032
1274280307777318912
1274280282787508224
1274279955451523072
1274279621484326912
1274279408153563137
1274279399781777408
1274279356031000577
1274279324498063360
1274279261290090496
1274279218600435713
1274279105102479361
1274279053218975744
1274279041428680704
1274279038425747456
1274278886176632833
1274278881487400966
1274278881181290496
1274278835765350401
1274278702407442432
1274278579531112450
1274278558182055937
1274278531585933312
1274278408630009856
1274278361758646278
1274278294444224512
1274278264090112001
1274278254711578624
1274278175422533633
1274278159094079488
1274278156673974274
1274278135392096256
1274278112193327104
1274278086171860993
1274278042119127041
1274278037228605441
1274277912741625857
1274277885650534403
1274277633921089537
1274277602333724673
1274277515956191233
1274277481944616960
1274277425891942400
1274277374553739264
1274277307759419392
1274277291070283776
1274277274355933185
1274277241116069889
1274277202293653507
1274277127186251777
1274277126880014336
1274277110413242369
1274276899330691072
1274276823761903617
1274276819106136064
1274276796012343299
1274276749698875392
1274276671504482305
1274276665313701889
1274276561030651909
1274276445855059970
1274276386123939841
1274276328645234688
1274276200635084806
1274276143840010240
1274276120561664001
1274276071618285568
1274275980924911616
1274275971185676289
1274275799756148737
1274275755577544704
1274275566812835840
1274275461426790400
1274275433039659013
1274275411141316610
1274275334360305665
1274275244803534848
1274275196984266752
1274275185525493760
1274275156609904640
1274275041627246592
1274275019821125633
1274275019334602752
1274274930599788544
1274274822453899264
1274274810315636738
1274274791055392769
1274274736063815680
1274274690262065152
1274274611954421760
1274274592182415361
1274274555096436736
1274274547689238528
1274274507524575232
1274274412095770625
1274274345796370434
1274273968879476738
1274273853632663552
1274273794891362304
1274273688863608832
1274273644315803648
1274273516553228289
1274273479056076800
1274273320595316738
1274273202273955840
1274273173790511104
1274273046279401472
1274272970337333248
1274272882668064771
1274272837197586437
1274272827911417858
1274272787348074496
1274272670176161793
1274272658268585984
1274272635640262656
1274272609132298242
1274272512168394753
1274272486771867649
1274272426147315714
1274272355695710208
1274272239257518080
1274272084022132736
1274271961330470912
1274271870196617216
1274271812571017216
1274271808418701313
1274271727904788482
1274271483750158336
1274271386106724352
1274271365785362432
1274271280674586624
1274271165419261953
1274271142434529282
1274271083424739330
1274271054744223744
1274270924502679553
1274270891371835392
1274270735188537344
1274270731208200193
1274270635880067072
1274270529143427074
1274270487569412096
1274270462449782784
1274270415758778369
1274270363736846337
1274270337694339072
1274270214537043970
1274270129765912583
1274269873854484480
1274269563174170624
1274269331665403904
1274269238027485184
1274269176606208000
1274269088680902656
1274269026760392704
1274268725693333504
1274268689181933569
1274268649256374273
1274268586459226112
1274268548660187136
1274268446784659456
1274268370599383041
1274268353385897984
1274268157528748033
1274268007808860160
1274267946127446016
1274267926707699712
1274267885154775041
1274267790401306626
1274267594439249920
1274267456849281025
1274267339501027328
1274267295884476428
1274267144100904960
1274267135594938368
1274266980141367298
1274266688695996417
1274266656894828545
1274266592004771840
1274266572379631616
1274266548224626688
1274266464774770688
1274266032677535745
1274265872551550976
1274265819543994368
1274265796588580864
1274265594582511616
1274265489359994881
1274265274208976897
1274265268756373504
1274265230542077952
1274265154780303360
1274265004620070913
1274264929495810048
1274264884646154240
1274264820221698054
1274264724193099777
1274264659000987648
1274264618316320768
1274264448736395264
1274264348089823233
1274264237960036352
1274263916760256512
1274263792411648000
1274263714221432835
1274263544985530369
1274263538425569280
1274263449367871488
1274263415717011456
1274263278617796608
1274263171851784198
1274262971280220160
1274262958529486850
1274262938069630978
1274262871396904966
1274262798181302273
1274262621940637699
1274262594036158464
1274262437450178560
1274262403342053377
1274262313449725952
1274262293719719936
1274261882040397824
1274261791279845376
1274261746627330048
1274261604285272064
1274261578154758144
1274261473611653121
1274261181763653634
1274261146565070849
1274261112138149888
1274261093133811715
1274260947276890113
1274260920169123841
1274260762723319808
1274260710697193476
1274260677302124545
1274260577565712384
1274260436532310016
1274260354747568128
1274260308174016512
1274260216327045120
1274260082222604289
1274259932934811648
1274259926911762434
1274259909551538176
1274259909513826304
1274259901745958914
1274259870389276672
1274259864655663104
1274259842824355841
1274259793545433088
1274259786729652225
1274259753351462912
1274259723332849664
1274259609939820550
1274259582454509568
1274259559415197704
1274259532479332353
1274259524099203072
1274259492377632768
1274259431727992832
1274259413185028097
1274259340942282753
1274259155004645377
1274259145177411584
1274258964998434817
1274258937525809152
1274258839274168321
1274258831552495616
1274258826750054401
1274258804843085824
1274258706599948289
1274258702137204736
1274258630934777856
1274258601884950528
1274258566002675713
1274258548621545472
1274258519810871296
1274258331838943232
1274257974043856896
1274257836856483840
1274257811208318979
1274257763716169735
1274257677070327808
1274257623282593792
1274257615535706113
1274257582887186432
1274257376581910528
1274257374753275907
1274257207555694592
1274257161019895808
1274257129755607040
1274257011375583232
1274256783419342848
1274256661537054721
1274256542527827968
1274256341138386950
1274256312482873346
1274256312055070720
1274256131825770500
1274256055703425025
1274256011558354944
1274255891844521986
1274255708792512517
1274255625329967104
1274255489061335040
1274255457230733315
1274255418857082880
1274255418777272320
1274255231099064320
1274255127256408064
1274254891024896001
1274254878559404033
1274254835525787649
1274254680676282368
1274254627639300096
1274254626469142529
1274254584203132929
1274254575688732672
1274254567543320576
1274254565676847105
1274254555824508928
1274254507367694336
1274254197672816641
1274254106610278400
1274254039551815680
1274253852905275392
1274253814154084353
1274253804234563586
1274253788610781185
1274253780066934786
1274253727612928000
1274253414457700352
1274253171356053505
1274253162577354752
1274253135918379008
1274253108789608450
1274253035540226048
1274252805402845184
1274252666634407937
1274252605359902721
1274252601840844800
1274252534681604096
1274252338925109249
1274252254065954817
1274252165201252352
1274252135585198080
1274251822853763078
1274251744499900419
1274251739408011265
1274251653760397313
1274251557517889536
1274251556766887938
1274251457978662913
1274251345760071680
1274251308036489219
1274251252046626816
1274251215157723136
1274251142420103168
1274251087596355584
1274250958294450176
1274250929257304066
1274250876501331969
1274250717440757760
1274250550536790016
1274250537224077312
1274250434232844288
1274250431686942720
1274250262983716864
1274250236161142784
1274250092216811520
1274250076492304384
1274250025959337985
1274249899903717377
1274249886893039617
1274249868542980101
1274249864176640000
1274249847466594305
1274249768206819334
1274249434088513537
1274249385262669825
1274249364450480128
1274249318023729153
1274249312042733568
1274249296666406912
1274249223605805056
1274249207872999424
1274249207596158980
1274249205503209472
1274249146975879169
1274249131956097025
1274249107041894400
1274248996819808257
1274248915081101312
1274248882575286272
1274248857237454848
1274248840263143427
1274248751297822721
1274248716791275520
1274248669492117505
1274248377333678080
1274248246370672640
1274248233380962310
1274248111628734466
1274247761429442560
1274247746732556288
1274247532365918209
1274247520722595840
1274247487138811905
1274247417915944960
1274247369954074625
1274247363494895618
1274247126495698945
1274247052726337537
1274247034766311425
1274246947222818816
1274246806562537474
1274246769308839937
1274246708130721793
1274246632796798978
1274246616443244546
1274246602014683137
1274246547660845056
1274246505411612673
1274246496658087936
1274246442614431744
1274246439347138562
1274246334816665602
1274246194466881536
1274245778048004096
1274245772134014976
1274245470639001600
1274245335804710912
1274245180711940096
1274245060738134016
1274245044699041797
1274245041016451073
1274245011522162690
1274244964084482049
1274244923567587328
1274244826133942274
1274244461544038401
1274244381416083461
1274244350449537024
1274244348528508930
1274244207805378560
1274244124250648577
1274243995036798977
1274243990133538818
1274243818066513920
1274243782641364992
1274243753579106304
1274243444253364226
1274243320445894660
1274243249742413825
1274243164484894721
1274243122948644866
1274242976701648897
1274242966933196800
1274242776306257920
1274242751018741766
1274242627974696960
1274242589911367680
1274242544562515969
1274241951064301569
1274241892889354251
1274241779580231681
1274241532086947840
1274241452294443008
1274241391095361536
1274241316155777024
1274241279782719489
1274241008046346240
1274240978052952064
1274240957970558976
1274240933647826945
1274240914920222721
1274240866304102401
1274240661047382016
1274240559268364288
1274240490351796226
1274240347128958976
1274240313759092738
1274240189779578881
1274240004588478464
1274239971004686339
1274239943129337859
1274239719233249281
1274239385408606208
1274239129568579584
1274238880418537472
1274238734712451073
1274238672938897408
1274238670955044864
1274238492755845122
1274238488465072129
1274238369795620864
1274238160956948481
1274237949568323589
1274237944577081344
1274237738859069441
1274237707846328321
1274237589428584448
1274237482318561280
1274237461825294336
1274237451402444800
1274237308259241984
1274237299216318465
1274237139396550658
1274237125320421376
1274237073864757251
1274236986891669504
1274236907292164097
1274236648314884096
1274236346463252481
1274236334379544576
1274236311369588736
1274236239495954433
1274236168834617345
1274236068141957120
1274236039343857665
1274236030674239489
1274235948214169601
1274235905788837889
1274235902152368131
1274235786133716993
1274235772510572544
1274235696279101440
1274235654197698560
1274235609473826816
1274235609461260289
1274235603308199938
1274235557372100608
1274235474194960385
1274235376627048455
1274235300454285324
1274235280082513921
1274235272763527168
1274235178680975360
1274234995893325824
1274234965505572865
1274234892226899975
1274234724974821378
1274234703990722560
1274234514336866305
1274234506048950273
1274234502051741697
1274233977079988224
1274233931399913472
1274233882565623808
1274233529128321025
1274233366108405761
1274233306511560704
1274233283405066240
1274233245245333504
1274233119806234624
1274232974150598658
1274232899806560256
1274232840402731008
1274232551088029697
1274232546524610560
1274232472511938566
1274232449057329152
1274232258677944322
1274231940850364416
1274231768653103110
1274231561056067585
1274231531498766336
1274231518571884547
1274231359834329088
1274231252820918272
1274231218507321344
1274230959727132672
1274230885966123008
1274230850264223744
1274230834334248960
1274230827480756225
1274230777778233349
1274230701123080193
1274230563705180160
1274230546550403072
1274230514551934978
1274230461192179714
1274230374227488768
1274230280891633665
1274230264965799936
1274230184330362880
1274230012246462467
1274229888141180928
1274229790816505856
1274229704711712769
1274229593818501120
1274229382974976001
1274229101268733954
1274228580235587584
1274228543468253184
1274228516528234496
1274228358113636354
1274228300253143043
1274228209622679557
1274228046468440065
1274227997743165440
1274227993972539392
1274227951446495233
1274227936296611840
1274227892722032641
1274227852196696065
1274227723523801088
1274227640669528064
1274227583052328960
1274227461300137984
1274227318651748352
1274227299232202752
1274227142344282112
1274227108793982978
1274226910449545216
1274226794254741504
1274226659458265088
1274226654341148672
1274226640747401216
1274226507662196737
1274226489161105408
1274226458366533632
1274226410593361922
1274226391106674688
1274226283912794112
1274226229789560832
1274226157723045889
1274226155286118400
1274226122075635715
1274225943259865089
1274225938105065473
1274225896904425472
1274225722228383747
1274225618461261824
1274225601566703616
1274225441272987651
1274225307797594112
1274225194836639746
1274225125324460032
1274224859216859136
1274224813498863616
1274224741906251776
1274224636348284928
1274224600877064192
1274224515002839042
1274224490877247488
1274224444467273728
1274224438473564160
1274224196764172288
1274224104648970245
1274224067084791808
1274223912373673984
1274223869885394944
1274223808984109056
1274223674757918721
1274223632009617413
1274223574606401536
1274223544591880192
1274223543778193410
1274223388714774530
1274223355885993984
1274223286881320960
1274223111089635328
1274223078424412160
1274223063912132608
1274222841290993664
1274222726899740677
1274222718745968640
1274222540248973313
1274222518765867009
1274222502567436288
1274221990593867776
1274221935140966400
1274221828517646336
1274221776013340675
1274221670820122624
1274221556105871360
1274221460119334913
1274221368704458753
1274221188408107008
1274221015988686848
1274220822857646080
1274220645623136256
1274220406497513477
1274220346896457728
1274220100007100416
1274220082567266307
1274219909195665409
1274219796377350146
1274219608724078592
1274219340125147136
1274219316561555456
1274219302200184832
1274219160625721349
1274219084918468608
1274218923420983304
1274218917414789121
1274218861810847745
1274218470754959360
1274217921624014848
1274217723560701952
1274217523278462976
1274217401148747778
1274217289198587904
1274217209028632577
1274217151512096773
1274216765883650050
1274216748762480642
1274216700108570624
1274216653786660864
1274216620064415744
1274216611650600963
1274216469925167110
1274216424697888768
1274216299816771585
1274216087538860034
1274216074205110273
1274216065397030914
1274216016936161280
1274215963676696581
1274215962175299585
1274215961181249536
1274215947142922240
1274215945704259584
1274215596461301762
1274215588232036352
1274215438361264133
1274214746682806273
1274214625291251714
1274214487390912512
1274214443996590081
1274214424623095808
1274214242112229376
1274214205999153152
1274214184486686722
1274214037820256256
1274213817023639559
1274213756952862721
1274213655366848514
1274213612412862465
1274213610923884545
1274213583031853056
1274213581689704449
1274213558860087296
1274213557475971078
1274213544175841280
1274213529755815936
1274213528136810496
1274213388806217730
1274213129661165568
1274213111936024577
1274212962560094210
1274212957484912641
1274212751561408512
1274212141344722944
1274211962696630272
1274211719657795584
1274211699189592064
1274211415579074562
1274211274327539713
1274211188042280962
1274211139166093313
1274211099760644096
1274211091875270658
1274210930486845442
1274210672394584064
1274210225399246850
1274209272700833794
1274209231852515328
1274209202932719618
1274209027703156737
1274209022380474368
1274208733611069441
1274208715781087234
1274208637255368705
1274208618540421120
1274208426797785089
1274207999209463808
1274207820817276928
1274207801691246592
1274207774059216901
1274207616424718337
1274207323284742144
1274206960922120192
1274206940596445187
1274206704490762248
1274206342094426113
1274206038514941952
1274205844289261569
1274205735333908480
1274205352511377408
1274204941993873411
1274204863036100608
1274204624749309952
1274204270611574784
1274203836341780481
1274203799138324480
1274203524759519233
1274203024353906700
1274202828190466050
1274202804517851136
1274202129494937600
1274202039124443136
1274201927644045312
1274201680838561792
1274201667127435264
1274201608553930752
1274201550945214465
1274201130625568769
1274200876308193280
1274200467342536704
1274200402393735169
1274199933965365248
1274199900893347841
1274199618721648642
1274199561523863552
1274199162372964352
1274199133298049029
1274199064121393152
1274198691797139457
1274198609282637829
1274198320722989057
1274198204477853698
1274198106838577152
1274197038599634944
1274196784798208000
1274196571568119809
1274195695109648385
1274195048213680128
1274194628972105728
1274193516495863809
1274192993269043200
1274192985631207424
1274192919340232705
1274192694148022272
1274191898719158272
1274191566073139201
1274191422552449024
1274191378411552769
1274190386207096835
1274190123555590144
1274189701902225408
1274189386956058624
1274189325748633602
1274189167413641216
1274189046529613824
1274188828824272897
1274188550578241536
1274188495242907649
1274188406650789888
1274188124302856192
1274187713139392512
1274186807182331905
1274186011770097665
1274185883663642626
1274184933976702977
1274184437442531328
1274183854354505729
1274182842742964224
1274182387988082688
1274181105885892609
1274179759145132033
1274179357230145537
1274179144407023618
1274177130272825350
1274177010798034944
1274176771794051072
1274176588956000256
1274176114072735744
1274175610018037765
1274174459256147968
1274174155831808000
1274173500861841409
1274171420608733184
1274168796446633984
1274168217251045382
1274166858980130816
1274166497238228992
1274164836927254528
1274164054911827968
1274163013164171264
1274162264053080064
1274161730147549184
1274161037508517888
1274160475475935234
1274159920426954752
1274158322153934849
1274157406453264384
1274157237167153152
1274155346299432960
1274154905788461056
1274154387330535425
1274153399299330054
1274151461035732992
1274151169645056001
1274151025298071552
1274148385927331840
1274147227620061184
1274144891581411328
1274144402190077953
1274143889859977217
1274143751611580419
1274143395334815745
1274143371972546569
1274142210192269312
1274141823125131264
1274141331665846277
1274140654994706433
1274140282670534659
1274140103452098561
1274139767509331970
1274139031199264768
1274138995375603712
1274138828207521793
1274138226362650625
1274137945306529793
1274137847256268801
1274137716989583360
1274137172539514880
1274136366641745922
1274136020339040262
1274135883416043520
1274135828428738567
1274135740637732864
1274135575390556160
1274135532671557632
1274135402010611712
1274135371979292673
1274135243080040449
1274135137056436226
1274134955715637250
1274134881136783360
1274134510561525760
1274134433554145280
1274134109145661441
1274133647654883328
1274133108162539521
1274132938389704705
1274132873268940806
1274131546115579904
1274131438720503813
1274131287675146241
1274131091969003520
1274130869041672198
1274130610609516544
1274130359593177089
1274130079786897409
1274130007510724608
