1275216744718704641
1275216158824828929
1275215624785059841
1275215432132243459
1275214811324977153
1275214445120237568
1275214192988041226
1275213024828305410
1275211925492764673
1275211753304002562
1275211700954955777
1275211567248916480
1275210776157007877
1275210749149839360
1275210103457755137
1275209653383761924
1275208993435201537
1275208468413243395
1275207977419583488
1275207654118494208
1275207637362237443
1275207588808982528
1275207338174152704
1275207185925132288
1275206708307079168
1275206627537358849
1275206508054282242
1275206317439844355
1275206077005561856
1275205627594313729
1275205146654527488
1275205145597444098
1275205089121181696
1275204984787931138
1275204944862347264
1275204941569757184
1275204838553464834
1275204513964724226
1275204137349767170
1275204107008122880
1275204077828399111
1275203280520515584
1275203190213017601
1275202883936550918
1275202875212410883
1275202737844686851
1275202666134634507
1275202327973113857
1275202194090921984
1275202066554728449
1275201909180313600
1275201779202916352
1275201526026338304
1275201519550451718
1275201499849777153
1275201405901570050
1275201376663080966
1275201191199354880
1275201156051075074
1275200927432138753
1275200908809428994
1275200854161854464
1275200524019777543
1275200507687075841
1275200437814263808
1275200373544890368
1275200334760214529
1275200250823815169
1275200243068436480
1275200093780692993
1275199940793335811
1275199718616940545
1275199606113161216
1275199523623710725
1275198958692900866
1275198543452680193
1275198451899338755
1275198083735982082
1275197970972106752
1275197641241083907
1275197159441301504
1275197150142640128
1275197141758152704
1275196909142126592
1275196877294764034
1275196831740411904
1275196594363793408
1275196528320294912
1275196242918866946
1275195844153745408
1275195793998299137
1275195781931241473
1275195626553253889
1275194925932597248
1275194742314340352
1275194699498819592
1275194662958047233
1275194631316287489
1275194118289883136
1275193709848641537
1275193546971197443
1275193425256726528
1275193336698212353
1275193329580474369
1275193119118630912
1275192843481559040
1275192681191428099
1275192651789279232
1275192543043555329
1275192196745043970
1275192144748314631
1275192122124230657
1275191985071181824
1275191981526917120
1275191904225894401
1275191897137524740
1275191556094529538
1275191520581345280
1275191243723755520
1275191033471610881
1275191013825445889
1275190942681661442
1275190929721307137
1275190836339396608
1275190811588730880
1275190804592680960
1275190627815378945
1275190593858220032
1275190556906455042
1275190342053179398
1275190275544096768
1275190209232154624
1275189946836549634
1275189931628023809
1275189861906100224
1275189771455864834
1275189738966786049
1275189696436621314
1275189689935450113
1275189672281608194
1275189664580763651
1275189351408906240
1275189327891501060
1275189320350040071
1275189195670269957
1275189002732265479
1275188922423873539
1275188899548147712
1275188837531168768
1275188792060719106
1275188560153456641
1275188520957722625
1275188507926040578
1275188475114016773
1275188229415809025
1275187725138886657
1275187632910340097
1275187234300481541
1275187126158712832
1275186852652290049
1275186501945622529
1275186387273334787
1275186302909132803
1275186279991435264
1275186263646179328
1275186229672370179
1275185974142697484
1275185895608668165
1275185832484364289
1275185818970329088
1275185774401593345
1275185544524423168
1275185521791242240
1275185474907385863
1275185471535099906
1275185351003377667
1275185222838038528
1275185219017027587
1275184973734174726
1275184945871364101
1275184832516100096
1275184655361327105
1275184633777455109
1275184591062654977
1275184281200009217
1275184134403567617
1275184054737010690
1275183911098814464
1275183757780230149
1275183729401528323
1275183592428224514
1275183546383114241
1275183535448621057
1275183325385277441
1275183277704388611
1275183236340219904
1275183230833119233
1275183129087672322
1275183019419152384
1275182951186259971
1275182584662720513
1275182552060493824
1275182520620003328
1275182435815297027
1275182243107962881
1275182130088292354
1275182057501724680
1275182034986635265
1275181799187058691
1275181677401210886
1275181391664340992
1275181222742896643
1275181125577646081
1275180915052986370
1275180912154722313
1275180819288666114
1275180714284195840
1275180517189697537
1275180417885315075
1275180380417638407
1275180263476285441
1275180260439531520
1275180192479301632
1275180148803936256
1275180093711749121
1275180061004611584
1275180059716919301
1275179774458159107
1275179720066424834
1275179690626560003
1275179417841602561
1275179411545952258
1275179367157706754
1275179366289477632
1275179344806260737
1275179318981918720
1275179295456067584
1275179272026632196
1275179110545920000
1275179046205300737
1275178999858298887
1275178998654545927
1275178926663520256
1275178768903163905
1275178700338860035
1275178689840504837
1275178558181314561
1275178533086789632
1275178449905373184
1275178309920358400
1275178123311669248
1275177979518357510
1275177973268824065
1275177968885776391
1275177922400313345
1275177874455232512
1275177846563131392
1275177830398205954
1275177747019685888
1275177685669548034
1275177683970854915
1275177587459883008
1275177535370932224
1275177513979990018
1275177478617776130
1275177422229471234
1275177400150691847
1275177380764581892
1275177342403596297
1275177311399280640
1275177296995942400
1275177175424131073
1275177059741044739
1275176928182513673
1275176914811072515
1275176826537742337
1275176716248498176
1275176680831803393
1275176583846932485
1275176551886262272
1275176330020229120
1275176298214809601
1275176260688326657
1275175692163059712
1275175680863604741
1275175626060767232
1275175531781197831
1275175526941044738
1275175402084974594
1275175253094924290
1275175166503464961
1275175126707908608
1275174858117255168
1275174479069696004
1275174477484130304
1275174292158808065
1275174085195161602
1275173880529813510
1275173846908370961
1275173678838362112
1275173443256926210
1275173400701554693
1275173371353980928
1275173318610558976
1275173287065260041
1275173143871717377
1275173048564559872
1275172840598310914
1275172793118797824
1275172713800368134
1275172585454649345
1275172582959054853
1275172502197735424
1275172457612226562
1275172416076025856
1275172266725314562
1275172114673348610
1275171950999068674
1275171823534198792
1275171797869215746
1275171609515569154
1275171263267377152
1275171172821368834
1275171032899497984
1275170710542041094
1275170670763180032
1275170658557800449
1275170407465848832
1275170301748359168
1275170218680221697
1275170158974308352
1275170078598840321
1275169955525398530
1275169766467080193
1275169742794473475
1275169647529205760
1275169609587490818
1275169594605518848
1275169432915107843
1275169384563183619
1275169321816293376
1275169244427309057
1275169227859689474
1275169217793462274
1275169189280571394
1275169157059940353
1275169037241245696
1275168999068831746
1275168790314131460
1275168755090444294
1275168692020695041
1275168673515417601
1275168618540601347
1275168545509343235
1275168316605247492
1275168274960060416
1275168184451108864
1275168145519542275
1275168141409124353
1275168100783136768
1275168069703413761
1275168028959870976
1275167766325100545
1275167644182773760
1275167634766671872
1275167631604137989
1275167583210176512
1275167536947048450
1275167231576616960
1275167114958180352
1275166782286893058
1275166775680937985
1275166746828292099
1275166678607900681
1275166577709715467
1275166269717741568
1275166237388148737
1275166218752753667
1275166140499722240
1275166090298109952
1275166078117822465
1275166029249949696
1275165978091978752
1275165947813380097
1275165911813705733
1275165793316151297
1275165730032496640
1275165698856226817
1275165679352786950
1275165645013946369
1275165635086028805
1275165417837858816
1275165273851600898
1275165222437883906
1275164913812623360
1275164813359013893
1275164216664772610
1275164179461214209
1275164096447512576
1275164084481273861
1275164039421857792
1275163985277595668
1275163854742355971
1275163684654940162
1275163662047686659
1275163489577959425
1275163480690176001
1275163418404827141
1275163371256545280
1275163307138301961
1275163214553272321
1275163108772904961
1275163039206170628
1275163015311212546
1275162977004552197
1275162826143907841
1275162627371655173
1275162541451288576
1275162477945327616
1275162459356176384
1275162446345523209
1275162268423110657
1275162120221601793
1275162020573261824
1275161844999733251
1275161715584499719
1275161706730262528
1275161690649300993
1275161666498572293
1275161654146334723
1275161592695607296
1275161492598468611
1275161472910405633
1275161427150622725
1275161269356711943
1275161218450366474
1275161185315360768
1275161172145250305
1275161160195739649
1275160939894059009
1275160808243290113
1275160804942282753
1275160722226413569
1275160652831653891
1275160645110050816
1275160618094538753
1275160563199496193
1275160522032381952
1275160394735198210
1275160349008891907
1275160338951032832
1275160258672046081
1275160206171942923
1275159855238651909
1275159822674145283
1275159774355742720
1275159575390552065
1275159563742973966
1275159507639787521
1275159424815050753
1275159404120244227
1275159067762229248
1275159052767629314
1275158971536605186
1275158923536973832
1275158749255274497
1275158699468902410
1275158491880177669
1275158279895887879
1275158064124043266
1275158022617280519
1275157711806779392
1275157452451909633
1275157368209321984
1275157262236033039
1275157079225806848
1275156954890088450
1275156732424138757
1275156691231932417
1275156687280910343
1275156501620035586
1275156163416543233
1275156031560192002
1275155921178710017
1275155897296314374
1275155834562129928
1275155833723158531
1275155778274549762
1275155776710074368
1275155763879608322
1275155762722070530
1275155749598113792
1275155678601101312
1275155669495283714
1275155560242053122
1275155474451697672
1275155314015420423
1275155298207047680
1275155248680767499
1275154999404752896
1275154891112157186
1275154706965442561
1275154606864171009
1275154589373915136
1275154488861622279
1275154487980822538
1275154344996986880
1275154289443422212
1275153761023991808
1275153716828606465
1275153708096126978
1275153682510884865
1275153650839666689
1275153547852689409
1275153208743284737
1275153184269443072
1275152950072168448
1275152712267706370
1275152696513888257
1275152654080057346
1275152532235485187
1275152498429497347
1275152379218976771
1275152377394483206
1275152105544835075
1275152084019679240
1275152037051863042
1275152006978641920
1275151955325747201
1275151937252536320
1275151800040071168
1275151794222632961
1275151788287709190
1275151759774756866
1275151515234316291
1275151430928740358
1275151346363183105
1275151307159015425
1275151247939698688
1275150945152835592
1275150920117112832
1275150838059749380
1275150818044448769
1275150813929889793
1275150741737558016
1275150606567706637
1275150577547259904
1275150523138793472
1275150488443420673
1275150475504111621
1275150323821264897
1275150253164027907
1275150234721701890
1275150129964687368
1275150073215803393
1275150028038955008
1275149902318899201
1275149877627011072
1275149542250422272
1275149480577437696
1275149430744920064
1275149394522898432
1275149369248034817
1275148951545577472
1275148879852457986
1275148862882287616
1275148858868326408
1275148792216670226
1275148760709058561
1275148755906502656
1275148650264625154
1275148505930178566
1275148437609119744
1275148406994931713
1275148377412558851
1275148294583435269
1275148236689375237
1275148190598258690
1275148008225755137
1275147938629591041
1275147784417677312
1275147756487745538
1275147712560799744
1275147603823546368
1275147578145935365
1275147540367921152
1275147484394917890
1275147466300624896
1275147447862530053
1275147439578677249
1275147346104500228
1275147237383983105
1275147040008306688
1275146979245543424
1275146968180887552
1275146949201625090
1275146925604569089
1275146923528409088
1275146917748621313
1275146877994823681
1275146871485468684
1275146851457667074
1275146702287142912
1275146677654032385
1275146664420966405
1275146585744293894
1275146416520867840
1275146412070703104
1275146402138591232
1275146316532908032
1275146284505214976
1275146272865947649
1275146243929448455
1275145774968573952
1275145760963801092
1275145549835112455
1275145524786663424
1275145504788287489
1275145504234618880
1275145473972731905
1275145449532542979
1275145305030303744
1275145276118925313
1275145263670276097
1275145162361094146
1275145131277066240
1275145110863450112
1275145083420053505
1275145050377400323
1275144826720305152
1275144804163354632
1275144713918730241
1275144586688630786
1275144584159469576
1275144522301874176
1275144493726085120
1275144397760462848
1275144346615062528
1275144311219392513
1275144227639476227
1275144193925677057
1275144153278619648
1275144093165854723
1275144077240152066
1275144076099231744
1275144045032017921
1275143912366247941
1275143690017812481
1275143665653108737
1275143442818125829
1275143386236882944
1275143350904119298
1275143322483527680
1275143222197616643
1275142876457041923
1275142823113895939
1275142815362756608
1275142802909925377
1275142672836149249
1275142385123708933
1275142373186600965
1275142356690485248
1275142344367538176
1275142314424504327
1275142193699868673
1275142097557995521
1275142090494750720
1275142058836099074
1275141815193255941
1275141730229276672
1275141698612613121
1275141480403931138
1275141449777111041
1275141384467558400
1275141343212421122
1275141280914341888
1275141045072912384
1275140981931872259
1275140968119926786
1275140889615179777
1275140783230930951
1275140650929922052
1275140641312432129
1275140354459697152
1275140244480970753
1275140235786149894
1275139938858815488
1275139922962366464
1275139853789904897
1275139840573661186
1275139796365651971
1275139785133379588
1275139649158209537
1275139623166017536
1275139430458818570
1275139338985181187
1275139326121259009
1275139086123237381
1275139010059329536
1275138998491627526
1275138992921591809
1275138851892269059
1275138840672579585
1275138772879978496
1275138663760965632
1275138648032280577
1275138443304210432
1275138419967000577
1275138405152763909
1275138264723316740
1275138250601095173
1275138181684477952
1275137995604201473
1275137841484509184
1275137785985458178
1275137553469968386
1275137528182554633
1275137498755235840
1275137457974116353
1275137389330079746
1275137230038798342
1275137227253743616
1275137186824949764
1275137177467465735
1275136851448418304
1275136842850013184
1275136703892566016
1275136644077817859
1275136549118672896
1275136419472855040
1275136372542713857
1275136318088019971
1275136213037518850
1275136193777274880
1275135935517261825
1275135887106543616
1275135866298667012
1275135735146917890
1275135670319820802
1275135666444263424
1275135534059474944
1275135452266344452
1275135252189581313
1275135215271321600
1275135202059264003
1275135176100777985
1275135087873536009
1275134995074551814
1275134978267975683
1275134857677602819
1275134836752232448
1275134836009766912
1275134739893157889
1275134715788435457
1275134650529300482
1275134600835203072
1275134549949919232
1275134531356557312
1275134446031773702
1275134335432232960
1275134298803363840
1275134180649848833
1275134104216969218
1275134052501159937
1275134008695939073
1275133996427620353
1275133871365947394
1275133737060175872
1275133655330050049
1275133633184116739
1275133345542832128
1275133244988698625
1275133218371616770
1275132999764512771
1275132805899485185
1275132695681683458
1275132589452472320
1275132515238514688
1275132363345928192
1275132340403163136
1275132196920188929
1275132068486426624
1275132026216230914
1275131941470306306
1275131889599250434
1275131852039376899
1275131836377837573
1275131722720595968
1275131690063728640
1275131581464788994
1275131399041961987
1275131269366583296
1275131029204893699
1275130765706215427
1275130728787906560
1275130674270396416
1275130555483463681
1275130521652277249
1275130395194003456
1275130122199277569
1275130117606555648
1275129911552937991
1275129804342398976
1275129735790690304
1275129708359946240
1275129608678051841
1275129571466252295
1275129336790687745
1275129308323905538
1275129288791068674
1275129281857884162
1275129279521701890
1275129156557320192
1275129123296481281
1275128658487848962
1275128440879026182
1275128420394061825
1275128347916369920
1275127985675407360
1275127955514155008
1275127786932506625
1275127782977286145
1275127650512707586
1275127478655373313
1275127293783019524
1275126707897487367
1275126567774142465
1275126556097159168
1275126289175846912
1275126148922515456
1275126077241901057
1275126073039126528
1275125811897606144
1275125743719194625
1275125586189574145
1275125385399844864
1275125339543478273
1275125325521920003
1275125230604890113
1275125166796935168
1275125123230633987
1275125092616491008
1275125046965669890
1275124973305245696
1275124929105727488
1275124775866830851
1275124716982931458
1275124678974201857
1275124580160622592
1275124500942774273
1275124384911499264
1275124376757768196
1275124280863358982
1275124175775170560
1275124143151812609
1275124099313008643
1275124076948918272
1275124034800410627
1275124027548368898
1275123896690319365
1275123867158294537
1275123842411827201
1275123692754927618
1275123629450317825
1275123553562697731
1275123361077702656
1275123219134058511
1275123148405514242
1275123015030890496
1275123003316154370
1275122965261225984
1275122938447122433
1275122930385592320
1275122909963603968
1275122807672901633
1275122452549558272
1275122417015435265
1275122317346181122
1275122251873103872
1275122188501372929
1275122152354840583
1275121980925149185
1275121940194344961
1275121517471432705
1275121507568685058
1275121426371153922
1275121244636164097
1275121196728803331
1275120871699603462
1275120848127643649
1275120828829630465
1275120821766414338
1275120744016613380
1275120732842926081
1275120634079653895
1275120411865501698
1275120409277579268
1275120402189168641
1275120370660540416
1275120337093623809
1275120299520995330
1275120258853068810
1275120175906533378
1275120166347603968
1275120134747762689
1275120066787500038
1275119950131314689
1275119904866406401
1275119809064316928
1275119776428417027
1275119625659994112
1275119518713602051
1275119477886238721
1275119412824076289
1275119352661118978
1275119170137579526
1275119112813936640
1275119111710953473
1275118930445680643
1275118839236362252
1275118559610445824
1275118484326932483
1275118170534281216
1275118131397169153
1275118125038665728
1275118073574555650
1275118058865152003
1275118054263992322
1275118031774064642
1275117932868243456
1275117779436199936
1275117665410068482
1275117491346452486
1275117480399290368
1275117216074170370
1275117208696508417
1275117187645288450
1275117172591865857
1275117104849707008
1275116968870391808
1275116922611343363
1275116910984691712
1275116900310188034
1275116843158700034
1275116842584023041
1275116813802758144
1275116679618494464
1275116388659671041
1275116325652828161
1275116258413940736
1275116133939654658
1275116131808948226
1275116005828841473
1275115975776534528
1275115907984035854
1275115837490368512
1275115744959909888
1275115679834832896
1275115651150077954
1275115612046589957
1275115579351990273
1275115522863005697
1275115388783689729
1275115376360206336
1275115248903733248
1275115233338634242
1275115230562041859
1275115026110713858
1275114943260561408
1275114809785278467
1275114699462529026
1275114573750812674
1275114497276022785
1275114474769440769
1275114388798742531
1275114294364057600
1275114220514955268
1275114212646359041
1275114202949128192
1275114171110219776
1275114170720104448
1275114139715801090
1275114134238121987
1275114100960395264
1275114020350169089
1275113966793043971
1275113922220240900
1275113774823940097
1275113727856201731
1275113719916191744
1275113439229284352
1275113336053682181
1275113308949970944
1275113208987242499
1275113128167161857
1275113060508798976
1275113010760212480
1275112688729894921
1275112613358252032
1275112551337123841
1275112544806612994
1275112488384806912
1275112338555916288
1275112230829383683
1275112226744041474
1275112169961664514
1275112121186074624
1275112055201243136
1275112045650853891
1275111894593011714
1275111793451569157
1275111672848494594
1275111657388326914
1275111430996594689
1275111028662120448
1275111009028640769
1275110900878508032
1275110883321151489
1275110881202966529
1275110704459243523
1275110647798341633
1275110496908304385
1275110442034253824
1275110316280594438
1275109907902222340
1275109606902116355
1275109583049109506
1275109494868058112
1275109491273535489
1275109441483034630
1275109354170126338
1275109166181482496
1275109129691041793
1275109015173947394
1275108862060871682
1275108663540232193
1275108613590261760
1275108612441092097
1275108591289208834
1275108518387953667
1275108511484203012
1275107803116589056
1275107758652743681
1275107279390543875
1275107250789638147
1275107163934003205
1275107158917513218
1275107108132880384
1275107064768008192
1275107046183100417
1275107045155405831
1275106927152939013
1275106909289316356
1275106618280235008
1275106595953938432
1275106226741882882
1275105961561264133
1275105866799333376
1275105767738269704
1275105767134289920
1275105766266015745
1275105630299271169
1275105628684537857
1275105591065804806
1275105482735222786
1275105240145186821
1275104954211020802
1275104934598492166
1275104873189687296
1275104870153027584
1275104776154419208
1275104615353245696
1275104488727228416
1275104488081305605
1275104487405912066
1275104486818820098
1275104410314702854
1275104250352336899
1275104003634987008
1275103777687732224
1275103720775311363
1275103620854317057
1275103592597393408
1275103514067435522
1275103483662917632
1275103214472441856
1275103036533354496
1275103026865463304
1275102930635501568
1275102550698704900
1275102488975290369
1275102256967438336
1275102056831950849
1275101990134177794
1275101858743410691
1275101531331837952
1275101521693343744
1275101457931476994
1275101382551486465
1275101302138290176
1275101301542699009
1275101281523286017
1275101253102698501
1275101212006920193
1275101185993781251
1275101099045916673
1275101072995094530
1275100976442224642
1275100965931270145
1275100964320616456
1275100894129016833
1275100715464241152
1275100425159671808
1275100393823965185
1275100302530818050
1275100096829382657
1275099968634785794
1275099867707256833
1275099760366686208
1275099728997494786
1275099649305706496
1275099566807887873
1275099539515596802
1275099102385246209
1275098843558875141
1275098842359377920
1275098830283948033
1275098687073595393
1275098641749938176
1275098596141142019
1275098591560859648
1275098327743422469
1275098177360875524
1275098047979159553
1275097958598533120
1275097878218801152
1275097860309221376
1275097680906203140
1275097483035783169
1275097478702993410
1275097465289617408
1275097249790427136
1275097184241942535
1275097163903766529
1275097083029176327
1275096982806319104
1275096971087433729
1275096607093067778
1275096535781593089
1275096497915400192
1275096236748611587
1275096202170818561
1275095978694119430
1275095869273096197
1275095861559771138
1275095697684074496
1275095696455225344
1275095394465255426
1275095310361079808
1275095268078366722
1275095226286301184
1275095148225953793
1275095023504285698
1275094966415523846
1275094897343823872
1275094890578354177
1275094802422521857
1275094787297890306
1275094462604197890
1275094110970527746
1275094105488588802
1275093896637419521
1275093896360538118
1275093853234778113
1275093826110205952
1275093664352604161
1275093657780133889
1275093493870931970
1275093385167155201
1275093342930579456
1275093174839631872
1275093132858855428
1275093024381587456
1275092974586789889
1275092966894448642
1275092896006516737
1275092893238263816
1275092629135507457
1275092570888998913
1275092434821709824
1275092232656302081
1275092210027909125
1275092174108012546
1275091978057900033
1275091968180264960
1275091488179998721
1275091324463710214
1275091282646446097
1275091188433985538
1275091184629829637
1275090926042591232
1275090799760412674
1275090741136625665
1275090732018274310
1275090445492801539
1275090375498182659
1275090304476090369
1275090064142471169
1275089973046321159
1275089851184971776
1275089850211975168
1275089778208321536
1275089734570819591
1275089618262777860
1275089567113187331
1275089517553295360
1275089492030914561
1275089447068057600
1275089139860484096
1275089119711055874
1275089045538758656
1275088858808496135
1275088687752232960
1275088676188418048
1275088539751976961
1275088418859552770
1275088298910900225
1275088190483894274
1275088055674834945
1275087864250974214
1275087803592978432
1275087794805846016
1275087586193821696
1275087397991125001
1275087378428899328
1275087264415191040
1275087124514078722
1275087083426795522
1275087059728949256
1275087033506070530
1275086805524717569
1275086772633047041
1275086676646379521
1275086605372592131
1275086589476175872
1275086478641639424
1275086458097995776
1275086433016053761
1275086375768010757
1275086320117915651
1275086310991110145
1275086211451965440
1275086059576143875
1275086038868865026
1275085775068168203
1275085598370512901
1275085445592907776
1275085281025298433
1275085232488812545
1275085137710141440
1275085020554842113
1275084996735270913
1275084810118148096
1275084787389210624
1275084673073451014
1275084457205211136
1275084347192881155
1275084291270152192
1275084255597641730
1275084198039244810
1275084168712593411
1275084130380910595
1275083936604082177
1275083797093060610
1275083669640753156
1275083668017442816
1275083577265401857
1275083535922024448
1275083299132542977
1275083164642185216
1275082938162397191
1275082813243416577
1275082717936271367
1275082691788988417
1275082566194696194
1275082437211512835
1275082431272374276
1275082307787821057
1275082294785499139
1275082292214419459
1275082188124389377
1275082169099132928
1275082123011997696
1275082097447727106
1275081894825099264
1275081778152144902
1275081605200048133
1275081592151605248
1275081585943928832
1275081563093360646
1275081503144206336
1275081473624731648
1275081357073342467
1275081304619356161
1275081289012408322
1275081272826585088
1275081242938011662
1275081106065362944
1275080899072110595
1275080860161593347
1275080729282572291
1275080692318101512
1275080604233527296
1275080519567343616
1275079993354096641
1275079810281172995
1275079734838259716
1275079733017841667
1275079702814711815
1275079699748679681
1275079681360793602
1275079678106103811
1275079652638253059
1275079612897259520
1275079452439924736
1275079345002840067
1275079254443560968
1275079094158323712
1275079078639333376
1275079075174838280
1275079063585996801
1275079035400282114
1275078957071646721
1275078812066213888
1275078807926353929
1275078699461668871
1275078652867170307
1275078634219245578
1275078622026457088
1275078602489393153
1275078557820088321
1275078404786712577
1275078332548149257
1275078307860504576
1275078298725318662
1275078295751585794
1275077979362623488
1275077748503900162
1275077583525130242
1275077369233944578
1275077283741458432
1275077234357702657
1275077110667730947
1275077017482878977
1275076964471078916
1275076950306914320
1275076794362691585
1275076772531286016
1275076654885265410
1275076606592073729
1275076459632058370
1275076450530410508
1275076432834686978
1275076381869608960
1275076352211742723
1275076319642976261
1275076314454618119
1275076165699465221
1275076141632483338
1275075941975248897
1275075834064195593
1275075725171687427
1275075648424251393
1275075424066744321
1275075382153080832
1275075375811325952
1275075235318906880
1275075055806865411
1275075052757643264
1275075048122941441
1275075047804166144
1275074925468848128
1275074768425807874
1275074638536511488
1275074565178155010
1275074447397928962
1275074434055811076
1275074433833504773
1275074391945015302
1275074378913337357
1275074270528331776
1275074198461767698
1275074152395751424
1275074079796551681
1275074073286938633
1275074060997681163
1275073995033853952
1275073760047951873
1275073731782520838
1275073633396748290
1275073600387604481
1275073569291038721
1275073454190940163
1275073430589562880
1275073255867465736
1275073242697314308
1275073023972741130
1275072827226329090
1275072790949851136
1275072718891700224
1275072687203741698
1275072507217735682
1275072496765562880
1275072453719453700
1275072417317056514
1275072333053489154
1275072225796739075
1275072173753819136
1275072006262644738
1275071998113099781
1275071925513936907
1275071874574118919
1275071790201450501
1275071739215503361
1275071687709478922
1275071655518154752
1275071627458252801
1275071596131020800
1275071582281424898
1275071575054626816
1275071560756293641
1275071545455468544
1275071444049772555
1275071430636343305
1275071272490110981
1275071266324545537
1275071256048459778
1275071246787416064
1275071184254562304
1275071162062565385
1275070948274606082
1275070825780011010
1275070795048316931
1275070722121949191
1275070478244122627
1275070446535233543
1275070376318365697
1275070366721830918
1275070287092961282
1275070191190196226
1275069958288838660
1275069957626228744
1275069888592150530
1275069887795232768
1275069851023765504
1275069672707112962
1275069585415266304
1275069522391621639
1275069468129910784
1275069448559325189
1275069436139941890
1275069384424185859
1275069152290459654
1275069081167646724
1275069021872771073
1275068869976023041
1275068862472441856
1275068793660694534
1275068496347410432
1275068469357064199
1275068440638656518
1275068421688881153
1275068411916111873
1275068155811905538
1275068125826830343
1275068084533907460
1275068033656975365
1275068020038107143
1275067943865344008
1275067909170016257
1275067896989839370
1275067851028590594
1275067577278976003
1275067573818675200
1275067473574768646
1275067330251247616
1275067280435539975
1275067157257183240
1275067018513768454
1275066911248642051
1275066759280656385
1275066719023718400
1275066468082675714
1275066419663667202
1275066405663043584
1275066253091061760
1275066111017381889
1275066085222436867
1275066057565147138
1275066006767980547
1275065852497297408
1275065841982169094
1275065779726082052
1275065757525700609
1275065717860122632
1275065604152557568
1275065477757153291
1275065437328310273
1275065416679735296
1275065372626939910
1275065242007924743
1275065132612108289
1275064887983476736
1275064735738675205
1275064638992863232
1275064578032820224
1275064525117509639
1275064303243034624
1275064299807838215
1275064233999216642
1275064168140337154
1275064091896209409
1275063916255576067
1275063749230030848
1275063620926234625
1275063417691226115
1275063331129155584
1275063312724582401
1275063246081290245
1275063146319769601
1275063141034950656
1275063078267150336
1275062937770573832
1275062871148257280
1275062790156255246
1275062639672975361
1275062628138708993
1275062425516044289
1275062356846899200
1275062322688479232
1275062289884786690
1275062259861999620
1275062235866390530
1275062103250890758
1275062100725870600
1275061975890812930
1275061707820249090
1275061672080621573
1275061303464218624
1275061273592582144
1275061144625938436
1275061067261997059
1275060970964938753
1275060845102284804
1275060836650737667
1275060831865036804
1275060753167347712
1275060693893439490
1275060494601052161
1275060435687895041
1275060377642864648
1275060230812917763
1275060225054130192
1275060205764501511
1275060016203001856
1275059900549173260
1275059793724534785
1275059743476727816
1275059735364919298
1275059686866206722
1275059672677040128
1275059623385378818
1275059298737860608
1275059192869478405
1275059136590422018
1275059118160609280
1275058955341819906
1275058869576716292
1275058822671773701
1275058535437438979
1275058270013538308
1275058165881733120
1275058093211049985
1275057978500984834
1275057892110917634
1275057821227249664
1275057695473590280
1275057441978417154
1275057417089236994
1275057410592305152
1275057391130882049
1275057333572435968
1275057284759109633
1275057199363039232
1275057101404921858
1275057096724226048
1275056988712402945
1275056924896223233
1275056906143498240
1275056856189329408
1275056651406422016
1275056610042195973
1275056609601785856
1275056360078614528
1275056295473754112
1275056212057264129
1275056169405624321
1275056127122833409
1275055994003845121
1275055897501249544
1275055757516513282
1275055687970828288
1275055683877117952
1275055672812601344
1275055664273002496
1275055494303027202
1275055474249994241
1275055232947564544
1275055195588870149
1275055123207782411
1275055026910777347
1275054963073396737
1275054939853684737
1275054909675708416
1275054835990179840
1275054834887135238
1275054796194615297
1275054753387548672
1275054688795328513
1275054679383302152
1275054608013045760
1275054527666958337
1275054514136113152
1275054432623919105
1275053924748271617
1275053924265996289
1275053782670376966
1275053681512194048
1275053500611862528
1275053487248809985
1275053392910602240
1275053327097700353
1275053314481283077
1275053175859527681
1275053123409571841
1275053087607177216
1275053002542534656
1275052908883652608
1275052836670357505
1275052722715275265
1275052681762086913
1275052638736875526
1275052612040220673
1275052543052337157
1275052512844804099
1275052498936528903
1275052449938714624
1275052419857162240
1275052415612596226
1275052333408411648
1275052316840865793
1275052316782141446
1275052302940778498
1275052283869499394
1275052258720391168
1275052233466556417
1275052232879325186
1275052203082907649
1275052194656632832
1275052188964925442
1275052161777483782
1275052155372781568
1275052136057970694
1275052071969067012
1275051971255373824
1275051968394924032
1275051923234787328
1275051861226278912
1275051733887127553
1275051731433467908
1275051563975872516
1275051257355481088
1275051193509785600
1275051077600268289
1275050920993267712
1275050914018181120
1275050803406012417
1275050767246921729
1275050759651024898
1275050713849233414
1275050538531532800
1275050409619599360
1275050348646981634
1275050307849015296
1275050214856982530
1275050094979661826
1275050089199919104
1275049864930476033
1275049776854306817
1275049733581570048
1275049728632393728
1275049639004254209
1275049608767553536
1275049488831447042
1275049248439107591
1275048913016369154
1275048861288009729
1275048836172582913
1275048752018083840
1275048713313038337
1275048710033080327
1275048709139714050
1275048707151613952
1275048600377139201
1275048590684106752
1275048227675484160
1275048112655077378
1275048057772572672
1275048051355324422
1275047947730931712
1275047928957210626
1275047918114930688
1275047590468427776
1275047550198984706
1275047500307726337
1275047453910278144
1275047404782354432
1275047333353447425
1275047296695242757
1275047189807538176
1275047165853937667
1275047019913101313
1275046980948037632
1275046848387076096
1275046827524526081
1275046766971322369
1275046729486917632
1275046688848318468
1275046688311443456
1275046616047722496
1275046415614398464
1275046410300334081
1275046354650365958
1275046160768675840
1275046039771283466
1275045937149345792
1275045895411810307
1275045766319439872
1275045747956867073
1275045682437672961
1275045603396005889
1275045540686901248
1275045426824196096
1275045365117530113
1275045362668056578
1275045305801748481
1275045210402234370
1275045178101858306
1275045136146235392
1275045100440223746
1275045085508366336
1275045013089660933
1275044863948607488
1275044803236040704
1275044792918032384
1275044701494743040
1275044696021139462
1275044655927898117
1275044627784052738
1275044606271541248
1275044465011539969
1275044441728921600
1275044341766070272
1275044217753042944
1275043951821688839
1275043916702679042
1275043892304523266
1275043816559595520
1275043805213995010
1275043763556167681
1275043744903987202
1275043728680529920
1275043710909198336
1275043518940090369
1275043484370644993
1275043295505375233
1275043262756261889
1275043111966855172
1275043111933222918
1275043084473155585
1275043073400229888
1275042993347743747
1275042844282159104
1275042815748308992
1275042589566214145
1275042581542567938
1275042556502577154
1275042554078277632
1275042509308256257
1275042488269656065
1275042393302151169
1275042383172972544
1275042368283201536
1275042335945109505
1275042332161773568
1275042210782814209
1275042147746578433
1275042088971833345
1275042079924772864
1275042022408302592
1275042001390637056
1275041839264010240
1275041831089307648
1275041792656912384
1275041688503955462
1275041662050406401
1275041526452756483
1275041312404881408
1275041266259165188
1275041125355716613
1275041053037469696
1275040943683637254
1275040793103863808
1275040624115408896
1275040521589862402
1275040491306975240
1275040392568848385
1275040367449014272
1275040278571876354
1275040246619615233
1275039986375630853
1275039889168441349
1275039800781832192
1275039710113681409
1275039696813469697
1275039682854862850
1275039617901907971
1275039609945313283
1275039568367099905
1275039560314036224
1275039414465499142
1275039391292035073
1275039360765878274
1275039347318968321
1275039296353972224
1275039261759361024
1275039147540074505
1275039072659144712
1275038761425002496
1275038640968777728
1275038544583692294
1275038405890580480
1275038305910951939
1275038293109997568
1275038275967696899
1275038203364376577
1275038178731347968
1275038147718664194
1275038118845075456
1275038111521812483
1275038107449032704
1275038071357087744
1275037861650276359
1275037773007904772
1275037768213835777
1275037688421367808
1275037536038117382
1275037457663307776
1275037430605848576
1275037373324296198
1275037368974794752
1275037325576339461
1275037255145529344
1275037227760959488
1275037219439476738
1275037198753173505
1275037183313879041
1275037154339704832
1275037123775729665
1275037111368982529
1275036985460170753
1275036979890184193
1275036879591743489
1275036725941882880
1275036691515035648
1275036687190691841
1275036678198120449
1275036639279157251
1275036562586247170
1275036557699842048
1275036554008965122
1275036522824302592
1275036456222932992
1275036447880470528
1275036409037012992
1275036407799611392
1275036402774835200
1275036389130874886
1275036322093305858
1275036214400253954
1275036123459399682
1275035989375881217
1275035933973385219
1275035929862967297
1275035925681254401
1275035862036815874
1275035819116564480
1275035649951911937
1275035630880337922
1275035607690027008
1275035492833284096
1275035482066468865
1275035461510213635
1275035401128947713
1275035389678571520
1275035223684788225
1275035137185587202
1275035109876551682
1275035085658619907
1275034988048760835
1275034951763865601
1275034738554744834
1275034664449736704
1275034660507131905
1275034556962353154
1275034550809354240
1275034549374730242
1275034539899977731
1275034530848616454
1275034491740999681
1275034466772299776
1275034303974371328
1275034270243979264
1275034183337943042
1275034139243294725
1275034126945587201
1275034091407192064
1275033956124184584
1275033951288123392
1275033865313288193
1275033840105463808
1275033795507470338
1275033719926132736
1275033712040738817
1275033701739638785
1275033694546337793
1275033587973345283
1275033544117694465
1275033540963577856
1275033526442889225
1275033523171328001
1275033505320370176
1275033458419609600
1275033420092112902
1275033358129561600
1275033263548116994
1275033106752339968
1275033105594814464
1275032943279460353
1275032744683352068
1275032742460342274
1275032677280894982
1275032542874341376
1275032541330890753
1275032432367079425
1275032300909203456
1275032103672066050
1275032074207080457
1275031939267862528
1275031881030000640
1275031859102171137
1275031779091591174
1275031683037880320
1275031573826605057
1275031404947128320
1275031388157337607
1275031362706247682
1275031154324897792
1275031055066595328
1275030973676228609
1275030965354590209
1275030862443286528
1275030775663144960
1275030530073997314
1275030495999516672
1275030410318295048
1275030316047089664
1275030297701212161
1275030213240459265
1275029805386346499
1275029780489003008
1275029476557172739
1275029412254187524
1275029296030023680
1275029292087476225
1275029033022115841
1275028987257946112
1275028980714872832
1275028952545886212
1275028710870208516
1275028406900572160
1275028350348726273
1275028268442320898
1275028169138069508
1275028108341587974
1275028045930299392
1275027905807081472
1275027868616134657
1275027857627140097
1275027821270904834
1275027764534546438
1275027763381051394
1275027757320351744
1275027716690055168
1275027704740544514
1275027667495108608
1275027624176345092
1275027574457016320
1275027554005667840
1275027242490433539
1275027229118955521
1275027201784786951
1275027199503011846
1275026852789305344
1275026738486087680
1275026647725588480
1275026592713125903
1275026525256134656
1275026511729434628
1275025914695483402
1275025853735489536
1275025775113261058
1275025670029148162
1275025416500150272
1275025374347440129
1275025333301936129
1275025196794228736
1275025066166833153
1275025009233276928
1275024934192984065
1275024668769075200
1275024637970219009
1275024428431269888
1275024428225748992
1275024365810319360
1275024095630016512
1275023979279986690
1275023905519013894
1275023800682385408
1275023775680147457
1275023725218467841
1275023633480658951
1275023627214258176
1275023565662846976
1275023561640628230
1275023469877567498
1275023395831394306
1275023363170340865
1275023324746338309
1275023244920266756
1275023203023433735
1275023154872713216
1275023012291624960
1275022961603489792
1275022916564979713
1275022913058586626
1275022817541738496
1275022672813076480
1275022664583831552
1275022648595136512
1275022520157114370
1275022433528025095
1275022410979446793
1275022089502760961
1275022059375075341
1275021908006916096
1275021907058884609
1275021760208003075
1275021701718433794
1275021602464432128
1275021440321032192
1275021363871461377
1275021331424215040
1275021255788433409
1275021229389381633
1275021222502334464
1275021197990866944
1275021120299831297
1275021055309033473
1275021024803778561
1275021013378641922
1275020973666971648
1275020959511085056
1275020755642855424
1275020744913756162
1275020727549341696
1275020666803273729
1275020522074656769
1275020356315762688
1275020345498570759
1275020344248721410
1275020287411707907
1275020260635283456
1275020172252848131
1275020157707051009
1275019996255715329
1275019988890464256
1275019907567058945
1275019896905256960
1275019838512128000
1275019748879872000
1275019720329236480
1275019706047631360
1275019645309911043
1275019481820000263
1275019427667251200
1275019378229161984
1275019319567671296
1275019265138135040
1275019111051997185
1275019053560725504
1275018895779340288
1275018775050555392
1275018774303903744
1275018661930164228
1275018642783178754
1275018600504528896
1275018585254121474
1275018525896253453
1275018492174127106
1275018490106318850
1275018409386946560
1275018269074886657
1275018198178566148
1275018190402260994
1275018120021921792
1275018087486631936
1275018070441037825
1275017992141713414
1275017905223106565
1275017832150032389
1275017827913736193
1275017764818878465
1275017722074710018
1275017689254240260
1275017608895647750
1275017535734374400
1275017472861704193
1275017280439623681
1275017187959418882
1275017138839969794
1275016968005877760
1275016869632712704
1275016783787933702
1275016744613154816
1275016574370557954
1275016507316228097
1275016500894728192
1275016452333076480
1275016397232517120
1275016358661685250
1275016251648225284
1275016215493324804
1275015948089602055
1275015946923577345
1275015802387861504
1275015745911640065
1275015727574024192
1275015722213703680
1275015704937467911
1275015686537064448
1275015667301974019
1275015665603182598
1275015652504408064
1275015624729731072
1275015509927358466
1275015396857466892
1275015144549027840
1275015073375883266
1275014979255775232
1275014956820373509
1275014849643319296
1275014801966739456
1275014795260055553
1275014739891019776
1275014705782849538
1275014695188148224
1275014687072096256
1275014542716780544
1275014539852034048
1275014536060428289
1275014425137876993
1275014380183334913
1275014169771806722
1275014096883200002
1275014069460877312
1275013899331518467
1275013846567174144
1275013837251641349
1275013636344426502
1275013610499117057
1275013607269584896
1275013583546581012
1275013469893427200
1275013304373645312
1275013225042542592
1275013159644999680
1275013144205766657
1275012973627609088
1275012943403536386
1275012898713219072
1275012880375656450
1275012862503727107
1275012725350043650
1275012562019590144
1275012536933498881
1275012465135423488
1275012441571831808
1275012387452735494
1275012317160374272
1275012311170899968
1275012298155995136
1275012219672068100
1275012042848497670
1275011877668618240
1275011858450264071
1275011843338178561
1275011702170533889
1275011692284567560
1275011580493774848
1275011569848639488
1275011535212032002
1275011445659504646
1275011441263890432
1275011398913982464
1275011390680510464
1275011362629005312
1275011194030559232
1275011122630926337
1275010918691282945
1275010884792979456
1275010843982299144
1275010529522843652
1275010315424497664
1275010294667005953
1275010251943706624
1275010209283522560
1275010128236904448
1275010035429650433
1275010029377261568
1275009993163575297
1275009861554704389
1275009721217490944
1275009677596770304
1275009628666028033
1275009448617160705
1275009403608064001
1275009383806537729
1275009376563101697
1275009365796323329
1275009292119298050
1275009290907066368
1275009273030983680
1275009011058978816
1275008931371327488
1275008876748906497
1275008872701403136
1275008826299867137
1275008798118248454
1275008797652799489
1275008743449772035
1275008730086756352
1275008694598631424
1275008656766046208
1275008653477715970
1275008622293069824
1275008579020431360
1275008572666138625
1275008563384115200
1275008411470528513
1275008305161789441
1275008283770793984
1275008040278917120
1275007907470413825
1275007885018349569
1275007869461712900
1275007850486599684
1275007621360234496
1275007453655113728
1275007429101662208
1275007245483474957
1275007168643727360
1275007091053297664
1275007030449844224
1275006979790876672
1275006813084278784
1275006765730607104
1275006589817237504
1275006565746180096
1275006546188140545
1275006534725046272
1275006522741964801
1275006476243918848
1275006428361756679
1275006383176507394
1275006284559978503
1275006252410601472
1275006232735203328
1275006226796105735
1275006110156632066
1275006106004336640
1275005985791315968
1275005983975182339
1275005817411026948
1275005797613912064
1275005751136747520
1275005676494954499
1275005610027671552
1275005556256841728
1275005531229507586
1275005422253064198
1275005169646829570
1275005088025776129
1275005005024632833
1275004973487738881
1275004971268878337
1275004970409082880
1275004900435353600
1275004870362349568
1275004826775171073
1275004747087581184
1275004686123388929
1275004681820012544
1275004677969543169
1275004669211877376
1275004660751962114
1275004657341992964
1275004492199735298
1275004478123581446
1275004469525262336
1275004315611119616
1275004244626681858
1275004238117158912
1275004205804240897
1275004196706754565
1275004060739960835
1275004027223359489
1275003980863672323
1275003943400214530
1275003942947246080
1275003911955533837
1275003894012223488
1275003797048262657
1275003760444682240
1275003732682571776
1275003630664499200
1275003626759561223
1275003568718782464
1275003549953515522
1275003154287996934
1275003145714835461
1275002958132973569
1275002845696311297
1275002744579948546
1275002731955093507
1275002726770933762
1275002707519115264
1275002546671755267
1275002475670646787
1275002447203905537
1275002231356612608
1275002219369320455
1275002151006277632
1275002113630896128
1275002109977604097
1275002035264462848
1275001967626948613
1275001925587668992
1275001867370668032
1275001790254194695
1275001787678941187
1275001705449558027
1275001656351035392
1275001479527567360
1275001351022534656
1275001331732881409
1275001312686608391
1275001215538118656
1275001146604687361
1275001116347031552
1275001071346290690
1275001067198189568
1275001046524407809
1275000992644415489
1275000932355452929
1275000874226585600
1275000838646267904
1275000770962894849
1275000624548122634
1275000522764881920
1275000264093773824
1275000068773421057
1275000051992088576
1274999994253180928
1274999978801475584
1274999966424076290
1274999903140360194
1274999826242056193
1274999566799118337
1274999564056047616
1274999504366899200
1274999450553942016
1274999403082891266
1274999382233022464
1274999255443410944
1274999249797816320
1274999185998254081
1274998915943759874
1274998870389424130
1274998843168481280
1274998743620825088
1274998724708708355
1274998680500801536
1274998663354494976
1274998661576097792
1274998599621971968
1274998501139795968
1274998341718487041
1274998331706572800
1274998312534450177
1274998203981627393
1274998201670606849
1274998196113223681
1274998193789550592
1274998170989314049
1274998168590131200
1274998165045940226
1274998149178933248
1274998146737864704
1274998107579854849
1274998084330807298
1274998034678583296
1274997905812680705
1274997780356968450
1274997717941526534
1274997619094323201
1274997537087410188
1274997412168269824
1274997379545075714
1274997332522815488
1274997273643098112
1274997270442905603
1274997218303455232
1274997203132702721
1274997176280776706
1274997005962575872
1274996891114242048
1274996794729148425
1274996642324918273
1274996486586204160
1274996482098282497
1274996457435783169
1274996422434226178
1274996366029324295
1274996230263799808
1274996198928273408
1274995990957875200
1274995954563919872
1274995848821252099
1274995810363756544
1274995692256321554
1274995626728656901
1274995265892687872
1274995222070677505
1274995199824072704
1274995173819326466
1274995154328399874
1274995128294428672
1274995058148806662
1274994917308325890
1274994877999300608
1274994558187851776
1274994552919769088
1274994505217970176
1274994496825065473
1274994478256984065
1274994407251546113
1274994397793472513
1274994359759450113
1274994347000369152
1274994294059827201
1274994259247144961
1274993987036811267
1274993962965708806
1274993949917265922
1274993754064195592
1274993736494301184
1274993683113353216
1274993641732407298
1274993614154862593
1274993489802137601
1274993436546994176
1274993417093865472
1274993393047949312
1274993353080348674
1274993284373532681
1274993242380087297
1274993139376422912
1274993066126999552
1274992829715091458
1274992778007715846
1274992599158448129
1274992534226436096
1274992519823142915
1274992477834010625
1274992445684580352
1274992434741678080
1274992419222716418
1274992381541171200
1274992268961894403
1274992104347963393
1274992068490821635
1274991969517920262
1274991947619409920
1274991944456904705
1274991937737707525
1274991937309872128
1274991931311996928
1274991841268715520
1274991823874920448
1274991800516841472
1274991794158276609
1274991778001833989
1274991706199425024
1274991680735907840
1274991623743602688
1274991494831751168
1274991457506668546
1274991321632124928
1274991279378698257
1274991225746194432
1274991217542119424
1274991209954586625
1274991164190531584
1274991021940670464
1274991002651148288
1274990898363891714
1274990889564286977
1274990837898903554
1274990765966602240
1274990736279306243
1274990587809316875
1274990533769822209
1274990497321422850
1274990405495422976
1274989978381099009
1274989965932408833
1274989953349451777
1274989927869100032
1274989914715799553
1274989899947683840
1274989896898351104
1274989791361355776
1274989772482756608
1274989647568023566
1274989617037656064
1274989477556105216
1274989425664176130
1274989393623814144
1274989332412223490
1274989312338255877
1274989253504774150
1274989154863063040
1274989122134978560
1274989111116468234
1274989107777765381
1274989075137802240
1274989039590965248
1274989030854348800
1274988985908158464
1274988890756169737
1274988621226037248
1274988614859067395
1274988548068909056
1274988466091233280
1274988142731427840
1274988104105984001
1274987973927407616
1274987932999389186
1274987834408140800
1274987731760885760
1274987729089069060
1274987618204336129
1274987478676574208
1274987432031727616
1274987346526711808
1274987264217690112
1274987222652116995
1274987135687327745
1274987135561498624
1274987099754835971
1274986920368640000
1274986846053949440
1274986813376135168
1274986780052389889
1274986777812623360
1274986673416409088
1274986653745111040
1274986643573915648
1274986619041452032
1274986472735637505
1274986465089511424
1274986409061949442
1274986395271036931
1274986375880814592
1274986266262753282
1274986188017995776
1274986019658629121
1274986017737641984
1274986016168972288
1274985939937431552
1274985938804969477
1274985932148654080
1274985916080238605
1274985899487526912
1274985879325544448
1274985875085066241
1274985859683692550
1274985818881511424
1274985676547723265
1274985635368009729
1274985586332327937
1274985513041244160
1274985508628762628
1274985456980148224
1274985435396268038
1274985406912757763
1274985377229606915
1274985356430098433
1274985341586464772
1274985333428551681
1274985289296023554
1274985264176398343
1274985169636732932
1274985121570000898
1274985107993092102
1274985024010563584
1274984959581794304
1274984956226424832
1274984894914060288
1274984827226333184
1274984754622889985
1274984748545425411
1274984729272553473
1274984718174478338
1274984658460184576
1274984641573859328
1274984574163079169
1274984529959292928
1274984460098953218
1274984305148731392
1274984226421702657
1274984217752096768
1274984117952806923
1274984076643090432
1274983934615568384
1274983932505841665
1274983932379963395
1274983930647785472
1274983919050534912
1274983562077446144
1274983510906789890
1274983504841826305
1274983504711790592
1274983499611725828
1274983419680874502
1274983352270020608
1274983234380668928
1274983105158234117
1274983101593260035
1274983071910109186
1274983019393277952
1274982904939020291
1274982842192158720
1274982821350776833
1274982771728015361
1274982760734654465
1274982722696437760
1274982719727042563
1274982661073895424
1274982511928659968
1274982471743012866
1274982374326108165
1274982346572402688
1274982295775166471
1274982162379538432
1274982154485841935
1274982085468524545
1274982068066320385
1274981992132722688
1274981960948031488
1274981822330519552
1274981796430651395
1274981764688228352
1274981741070082048
1274981739673288705
1274981647801298944
1274981574455549952
1274981237241851905
1274981180149051392
1274981053611081730
1274980977555705856
1274980943204401152
1274980931326148611
1274980819166085120
1274980675234541568
1274980675188383744
1274980486604099584
1274980351878877187
1274980199378169858
1274980194303033344
1274980147737890816
1274980069316997120
1274979922545725440
1274979850563063808
1274979849493454848
1274979604390989826
1274979586418368513
1274979536397090817
1274979401957027840
1274979279596670979
1274979255806578695
1274979194972192768
1274979165935226885
1274979069248057344
1274979059949342721
1274979015988842496
1274978987450814466
1274978912653717504
1274978871113322509
1274978794709942272
1274978753316339719
1274978745519046662
1274978727626227712
1274978671418380294
1274978478136479744
1274978423807578113
1274978316878073857
1274978306434174977
1274978285924036608
1274978253112053760
1274978240914960384
1274978239828709382
1274978186061729792
1274978160480788480
1274978114217611264
1274978100649119744
1274978085251829761
1274978053521838080
1274978013365460993
1274977933166346241
1274977861556977664
1274977847753531394
1274977821467779072
1274977782821523456
1274977748637962241
1274977734951866368
1274977687061303297
1274977575610318848
1274977553812541443
1274977534787059718
1274977468923949057
1274977448938143744
1274977448812261376
1274977346014056448
1274977288111742981
1274977258600574977
1274977224081305600
1274977194947817472
1274977151436165120
1274977122625433600
1274977119941124097
1274977088156643328
1274977056498089986
1274977000588021760
1274976837110771712
1274976704713371651
1274976657846255616
1274976558776754176
1274976518301679616
1274976510517161985
1274976476190867456
1274976447346675712
1274976361007001600
1274976225186975744
1274976216064364546
1274976201078181888
1274976144496963584
1274976052553621507
1274976004486893571
1274975914393325569
1274975853970153474
1274975765097000963
1274975754422571009
1274975723292409857
1274975671266263042
1274975669068468224
1274975618707456000
1274975605977681920
1274975557483102208
1274975521860968450
1274975407620722693
1274975280541634560
1274974902353829888
1274974546492350465
1274974540255203328
1274974534756716545
1274974497536454656
1274974475461840901
1274974039677833216
1274973981788049414
1274973757615017984
1274973594871894017
1274973382623350784
1274973079832272896
1274973057979949060
1274972852266156033
1274972798176366592
1274972582878593024
1274972571340021762
1274972499478970368
1274972497281236992
1274972487361662983
1274972407728680961
1274972206397874177
1274972166686154752
1274972024302186496
1274971681518489604
1274971675696693248
1274971621716111360
1274971530972336129
1274971381520891905
1274971268589248515
1274971224515514372
1274971217255170048
1274971191074336770
1274971045162860545
1274970976128765953
1274970955991957515
1274970871086452740
1274970797644357634
1274970782767202310
1274970743659532288
1274970659198771200
1274970657537896450
1274970643302420488
1274970594908438528
1274970474934657024
1274970407213432832
1274970364335009792
1274970294487310336
1274970029247913984
1274969711772684289
1274969703593762817
1274969509934366720
1274969438408904705
1274969270930325504
1274969261870628864
1274969182195589120
1274969154760646657
1274969005237952513
1274968756251484160
1274968601787879425
1274968586507784193
1274968565066727424
1274968548822089728
1274968443700248577
1274968394735988744
1274968359000473600
1274968310199844865
1274968254092660744
1274968252733698048
1274968228222164992
1274968159779504129
1274968103798128642
1274967912261050368
1274967880610742272
1274967852907409410
1274967830446977024
1274967819881525249
1274967800830976000
1274967720535232512
1274967630064103425
1274967477097762817
1274967455715201024
1274967378833690626
1274967180698763265
1274966838884130817
1274966823495241728
1274966596579201025
1274966588828114944
1274966552820035585
1274966546335633412
1274966534067191808
1274966469667848192
1274966452202766337
1274966324595380225
1274966305649680385
1274966181561225216
1274966179279503360
1274966164783992834
1274966139064520705
1274965807211167744
1274965726969966594
1274965725359345665
1274965708879859713
1274965694749294592
1274965595386191873
1274965336161423360
1274965225092132868
1274965190489014272
1274965183144878080
1274965129424232448
1274965084083826688
1274965079134527492
1274965062030065664
1274965026185588736
1274965013263003648
1274964992958267393
1274964963090731010
1274964827748929537
1274964667975286785
1274964607061327872
1274964517643042818
1274964501926903808
1274964490136813569
1274964396360564736
1274964315553124352
1274964265284272130
1274964257743011841
1274964201619050496
1274963911989694464
1274963821178900480
1274963739754799106
1274963653612179463
1274963470434394112
1274963346144493568
1274963317438775296
1274963201084526594
1274963146587938817
1274963081811030016
1274963077222535169
1274963035191480323
1274963033245155331
1274963025754193926
1274962869025677312
1274962787316445185
1274962491546767361
1274962475490988032
1274962472227811328
1274962459581964290
1274962457291882499
1274962323770392578
1274962322470158336
1274962294280249344
1274962292946407424
1274962214894493696
1274962176663531520
1274962085861044224
1274961829773537280
1274961747942793216
1274961710181425157
1274961699108519938
1274961692322078720
1274961578849456129
1274961515456663558
1274961398041382912
1274961390512615424
1274961389061320704
1274961309017178113
1274961292730695680
1274961216922845184
1274961183007801346
1274961139961659392
1274961081052651522
1274960993861451777
1274960965163978757
1274960932637196288
1274960924634484738
1274960917168619525
1274960830384295936
1274960829100720129
1274960827150479360
1274960806745182209
1274960781797285888
1274960748356284416
1274960663820075010
1274960553992126469
1274960484257628160
1274960406277173248
1274960347632414720
1274960293458849793
1274960147710980103
1274960013925257217
1274959979745873924
1274959907251519489
1274959902448943106
1274959723687804928
1274959558734237696
1274959531966181377
1274959357466349568
1274959355897667585
1274959304169226240
1274959250180145152
1274959211110129665
1274959210745380869
1274959178457645057
1274959155611283456
1274959082336800769
1274959053907734530
1274958941403971584
1274958760063139840
1274958749619359744
1274958737430777857
1274958672653844480
1274958623421206529
1274958588709134349
1274958576868560896
1274958403824242688
1274958300031975424
1274958163524149249
1274958090459402247
1274958050705592320
1274957839975448576
1274957792915468289
1274957783922880512
1274957426249338882
1274957211563950080
1274957203691245570
1274957188373585921
1274956891710459905
1274956777474441216
1274956729038655488
1274956715788775426
1274956694615986176
1274956653406957573
1274956460020183043
1274956407142481920
1274956372199845892
1274956359256113154
1274956345699995649
1274956327492759552
1274956312653312000
1274956239978536963
1274955927263813637
1274955881088720896
1274955856447234048
1274955745147138048
1274955706739892224
1274955564037136384
1274955559322767361
1274955496668176385
1274955435108380673
1274955415747538944
1274955323766452225
1274955307224047616
1274955298013433859
1274955295819804672
1274955243126771712
1274955038394331137
1274954990017183744
1274954837793411073
1274954709569241088
1274954583178166273
1274954477737558016
1274954388893765640
1274954309726281729
1274954237219389440
1274954191807578119
1274954177102450688
1274954022676504576
1274953986488127490
1274953933207883778
1274953731596070912
1274953718941782016
1274953704467247104
1274953682266787842
1274953665862918145
1274953573399441408
1274953335137763329
1274953225288863744
1274953221413404672
1274953144133435392
1274952977292427264
1274952933327716354
1274952863941308417
1274952703349862402
1274952693363204107
1274952612643831808
1274952533799305222
1274952518641094656
1274952511405920256
1274952483652206595
1274952333441601537
1274952075961675781
1274952035570528263
1274951946940690432
1274951888887308288
1274951807324864512
1274951768187830272
1274951727263989761
1274951695378890754
1274951688517025793
1274951623014526978
1274951500545089538
1274951403019161600
1274951323776102400
1274951286140649473
1274951280159535104
1274951172751790083
1274951127495213056
1274950931520634881
1274950621599277058
1274950538023653378
1274950453437116419
1274950291725656064
1274949910257901574
1274949666707300353
1274949644531965953
1274949573342093312
1274949340503707648
1274949306815057921
1274949291761700866
1274949182005088256
1274948962609508354
1274948879478329344
1274948878752768000
1274948853029093377
1274948762742505474
1274948758774702080
1274948644664467456
1274948406889283584
1274948242577514497
1274948227272445952
1274947963706585088
1274947872270802946
1274947794487386112
1274947626077650944
1274947330588979200
1274947322833776642
1274947272892129280
1274947258203725829
1274947176788111361
1274947112627843072
1274947002216919045
1274946947258945537
1274946919379460097
1274946758880169984
1274946689779064833
1274946657893965826
1274946548862980096
1274946524716371974
1274946315894624258
1274946300803534854
1274946277873156098
1274946087896432640
1274946013640511495
1274945883361198081
1274945819788132352
1274945807624605712
1274945801442283520
1274945712824909825
1274945694110015488
1274945345752117248
1274945259110350849
1274945243335581697
1274945222234038272
1274945109474398209
1274945054042402816
1274945052503130113
1274945027303669761
1274945008282591232
1274944963294498816
1274944926648799232
1274944403199660033
1274944248836689922
1274944209301143555
1274944159934230528
1274944112261816320
1274944021866205185
1274943768953868288
1274943624271278080
1274943620802641921
1274943583783714817
1274943482268876802
1274943440938242048
1274943423221583873
1274943416737153024
1274943154668613633
1274943037442011139
1274943000553164800
1274942782352887822
1274942662647431174
1274942652799225857
1274942651289272323
1274942623531360256
1274942621937553408
1274942604455657474
1274942600907292673
1274942484335005701
1274942354043125760
1274942292600782849
1274942279472615424
1274942194546245632
1274942165840531458
1274942122702053378
1274942112778334208
1274942102183522306
1274942068188516358
1274941832149991429
1274941812281683968
1274941804127948803
1274941774453264386
1274941644853428224
1274941635005165571
1274941543674232832
1274941289226788867
1274941270524416000
1274941178228637703
1274940741182197762
1274940581656047616
1274940552702767104
1274940343499309056
1274940335488143361
1274940122883141639
1274939979064578048
1274939874894909440
1274939871296139265
1274939702806708225
1274939681902297088
1274939607176667136
1274939538985680897
1274939516382523392
1274939185862975488
1274939181010206720
1274939178506170368
1274939104799731712
1274939088236412935
1274938905830273026
1274938833881255937
1274938679249813504
1274938233021964288
1274938206623084545
1274938056320192513
1274937956730580996
1274937799649538048
1274937692153921536
1274937553687371776
1274937530153041922
1274937515716366336
1274937515179458560
1274937500881076224
1274937472179412992
1274937443654012929
1274937328776118279
1274937271729389572
1274937190167044096
1274937185058336769
1274937147582275586
1274937114459885568
1274937052958777344
1274937019727257600
1274936990123900928
1274936869319593984
1274936494600355840
1274936325536440321
1274936308075560969
1274936280170676224
1274936277230669824
1274936245962051584
1274936220989210625
1274936202660061184
1274936168258420737
1274936110129569792
1274935888838098945
1274935829761331201
1274935719530823680
1274935647426543616
1274935622751457281
1274935537804197888
1274935475954909185
1274935369532952576
1274935312205197313
1274935250662064129
1274935151718432773
1274935085914087425
1274935027252461570
1274935026229088257
1274935004263526400
1274934967072632832
1274934791268380674
1274934773140664322
1274934747953868805
1274934248479301634
1274934226723508230
1274934190300106752
1274933965200199681
1274933960330620934
1274933919729758209
1274933907532677122
1274933678280450050
1274933668633628673
1274933451419013121
1274933422667051013
1274933380208091137
1274933290785529856
1274933241426980864
1274933236154720256
1274933165212213248
1274933106433232898
1274932949088194562
1274932909166788609
1274932903084994560
1274932762793988097
1274932691637542915
1274932561421242369
1274932401676996609
1274932200757133313
1274931995412443136
1274931785621782529
1274931768982994945
1274931671012462592
1274931572299489280
1274931529605668864
1274931464543576075
1274931390887473152
1274931331844235265
1274931298537222145
1274931192278798336
1274931009415516160
1274930927634993153
1274930910174027776
1274930879027126273
1274930685518794757
1274930552261545986
1274930147708358658
1274930118973153291
1274929878517919744
1274929572765720585
1274929551051718657
1274929505942097925
1274929450065551361
1274929413021487105
1274929396550381569
1274928979766652928
1274928913098121216
1274928845259509765
1274928803744296960
1274928743988039682
1274928654544445440
1274928601905926144
1274928554044686336
1274928375673565185
1274928372796346368
1274928266743369728
1274928072681295872
1274927948378910720
1274927779440660480
1274927686884962308
1274927609156120581
1274927560351195141
1274927341039386625
1274927323624673280
1274927314296541184
1274927049661128704
1274926976298516480
1274926886011969536
1274926825437790208
1274926558545883142
1274926196057411585
1274926126218043398
1274925865919483907
1274925799481753600
1274925718737244160
1274925550281383936
1274925219786960897
1274925206423900160
1274925198370881538
1274924992669638660
1274924767439708161
1274924624011296768
1274924468561985536
1274924407195082760
1274924356980916224
1274924313125294080
1274924272272769025
1274923944118751232
1274923600236228620
1274923489519157248
1274923423446315008
1274923011464986624
1274922607696019456
1274922206825455616
1274921524554842112
1274921354832351232
1274920753998241792
1274920544404635650
1274919569681833985
1274918994538123264
1274918940746096649
1274918501434736640
1274917299259158529
1274917243109990401
1274917222771830784
1274916701457571840
1274916671644409857
1274916229547995139
1274916163999367171
1274915787355181056
1274915777708163072
1274915772662497285
1274915369363226624
1274914905762729984
1274914762506321920
1274914432192315397
1274914313657094144
1274913362216976386
1274912839736623105
1274911782629511173
1274911284635602946
1274911211398877184
1274910830098821123
1274910806711427072
1274910742756679680
1274910671294148608
1274910567547965441
1274910211569004544
1274910204803657729
1274909782651125760
1274909208543145989
1274909000941875200
1274908670590099456
1274908468294582273
1274908244994142208
1274908100428955650
1274907250050699269
1274906734570680321
1274906432601755649
1274905695754870784
1274904676962652163
1274903906007625728
1274903218607263753
1274902093711712256
1274901309016195072
1274900644839731201
1274900209747836930
1274900111819255808
1274895450936500229
1274893171718336515
1274892388461355011
1274892163558539264
1274891890920284160
1274891794300493826
1274890495815307264
1274890133431562241
1274889972164812802
1274889834683936768
1274889092531183627
1274888203393261569
1274886139317452801
1274882850840592389
1274882068460253184
1274881901245988864
1274881820774014988
1274881808354738176
1274881754038448129
1274880981665755136
1274880064124071936
1274879629954875393
1274879129712832512
1274878716863225857
1274877507339268096
1274876172619460609
1274875866238066689
1274875476616581120
1274874399515185152
1274873494698962951
1274873476776710144
1274872391978663936
1274872113325903878
1274870471721390080
1274870211225812992
1274869478237573123
1274868421616906240
1274867525441015808
1274867386143985664
1274867247295664128
1274867059185287168
1274866015286026241
1274865858712608768
1274865185946288130
1274865054341529601
1274863360853643264
1274862821302571010
1274862617518112770
1274862206769913856
1274861705860915201
1274861673740939267
1274861228054188033
1274860949908971520
1274860048976687104
1274860044153126913
1274859905401397251
1274859865924567040
1274859725654577155
1274859592569294849
1274858917592535040
1274858700294029314
1274858595285438464
1274858126282559489
1274857943385681922
1274857683292770304
1274857335794647040
1274857032349364230
1274856794305835014
1274856578701758464
1274856241848877056
1274856080863047680
1274856047279251459
1274855980438818816
1274855905235030019
1274855632114454528
1274855514137075712
1274854854398271488
