1273767408872931329
1273767282544709633
1273767202521563137
1273767063224541185
1273766992223375363
1273766699972669440
1273766386700038144
1273766235709280258
1273765632769773569
1273765513135521795
1273765472102727680
1273765342049964033
1273765340166664193
1273765189335343112
1273765126265544706
1273765099182923778
1273765065385271296
1273765031927263233
1273764497514266626
1273764408502689792
1273764118713991171
1273763160902774786
1273762935924502529
1273762583665917952
1273762480238612485
1273761790447542272
1273761719136014336
1273761673405480960
1273761148937089024
1273760799627128832
1273760539777404928
1273760462027526144
1273760300274257920
1273760208146313218
1273760174617092097
1273759993188270080
1273759854889447425
1273759777886265345
1273759512789467136
1273759448528551936
1273759193649106946
1273759152888832001
1273759107040907264
1273759057883652097
1273759035133767681
1273758682652782593
1273758554843947010
1273758538834284547
1273758420605243392
1273758353949372416
1273758308323799040
1273757820228382725
1273757800057929735
1273757530133577730
1273757420049874950
1273757336004374528
1273757219218165760
1273757140419780608
1273757119339167745
1273757057674629122
1273757024992595973
1273756954540871682
1273756936572469249
1273756831286951937
1273756733958209536
1273756699124535296
1273756606673625089
1273756604677140481
1273756557365391361
1273756507369287686
1273756421717442561
1273756132079697921
1273756065084080128
1273755874310402048
1273755869897986048
1273755614624219136
1273755313750134785
1273755258548822016
1273754950208835584
1273754907137449990
1273754651909816325
1273754585023332353
1273754536797143043
1273754225051303938
1273754123662512128
1273753892187234304
1273753733088804864
1273753724553515008
1273753682748805120
1273753235334090752
1273753059664019457
1273752870383468545
1273752843175034882
1273752759880298496
1273752720139341824
1273752464391626759
1273752347773198342
1273752181175353344
1273752068923297794
1273751962589298689
1273751924236587010
1273751844326641664
1273751782464897027
1273751774193745926
1273751719168610306
1273751271837663235
1273751134814048256
1273751132121292801
1273750762548539392
1273750669854416901
1273750551730237442
1273750402446614530
1273750104223219721
1273750006693060610
1273749958097866753
1273749946567659521
1273749840867012616
1273749597408636931
1273749305191473153
1273749299290165251
1273749258181791750
1273749229823983617
1273748652536758274
1273748487650381824
1273748312462708738
1273748224776581122
1273747694188662784
1273747692913598465
1273747678351036418
1273747487359217667
1273747394845388807
1273747299085271041
1273747281783730176
1273747178058547200
1273747123318775808
1273746978636288003
1273746721001164801
1273746677799759872
1273746522899963907
1273746438342750210
1273746427290755076
1273746260156198914
1273746254565171205
1273746112835465216
1273746038722093058
1273745696668241925
1273745649868079104
1273745588102803464
1273745569731796995
1273745541789253632
1273745541223141377
1273745492950818816
1273745426928349184
1273744997955895299
1273744850484109319
1273744801536622592
1273744586926698497
1273744509860528134
1273744361042427905
1273744058549260288
1273743804714156033
1273743787878158337
1273743780374601729
1273743474874073088
1273743401062666240
1273743360147230720
1273743226667773952
1273743159403712513
1273742851164250112
1273742535362519040
1273742404609363968
1273742344978866176
1273742257020194819
1273742171322101760
1273742080469274627
1273742003973521415
1273741760838107139
1273741635059417093
1273741594047512577
1273741410060173312
1273741340652777472
1273741226949447680
1273741131315056642
1273741013421633536
1273740941866741761
1273740908647845890
1273740792847269898
1273740636701761536
1273740556687020040
1273740421575913472
1273740235805990915
1273740085066977280
1273739826802700288
1273739807576010752
1273739787942404097
1273739755654692864
1273739738852274177
1273739724407144452
1273739616898736128
1273739596497633280
1273739468764327938
1273739452192567300
1273739136302813184
1273738930580570112
1273738822841491456
1273738583090900993
1273738578770698242
1273738463167332354
1273738326831443970
1273738324075823107
1273738248544804865
1273738182136340482
1273737933351198725
1273737932139085835
1273737882562428929
1273737783887224839
1273737746281107459
1273737660801171456
1273737578232111113
1273737568073416715
1273737550545510400
1273737463094263808
1273737432652021761
1273737371570315264
1273737282235830274
1273737276728672256
1273737142653587456
1273737095266304008
1273737013326483456
1273736943440986112
1273736765711540226
1273736680672047106
1273736469174267912
1273736202433236993
1273736112662614017
1273735898211942400
1273735867677507585
1273735522251309056
1273735509370646532
1273735465250762754
1273735239035215880
1273735217237364741
1273735148090073089
1273735045765890050
1273734733973897218
1273734583532519430
1273734575034961921
1273734364862570499
1273734340002942978
1273734193424601088
1273734104090058754
1273733971797520385
1273733804084137984
1273733764724785152
1273733704817541124
1273733512294805505
1273733454430117888
1273733418757632000
1273733366257508352
1273733267779444736
1273733037734400001
1273732828744888321
1273732643813818373
1273732535638470660
1273732524909494272
1273732462431088641
1273732342574653440
1273732190501830658
1273732140451205122
1273732113620180992
1273732099913244672
1273732059270451200
1273732057735352320
1273732016937275400
1273731779929743362
1273731634341253120
1273731618553856003
1273731600942014464
1273731551583502344
1273731523670421506
1273731424261230594
1273731380023869446
1273731309765120006
1273731262046486528
1273731139669241858
1273731122325852161
1273731107666698240
1273731048686473216
1273731041837096962
1273731016897769472
1273730955556118528
1273730931988271110
1273730919908532225
1273730918814023685
1273730901202079744
1273730846919397384
1273730810768773137
1273730808919011328
1273730794759106561
1273730662437134337
1273730656342859778
1273730577997402113
1273730535576219649
1273730298237399040
1273730287587987456
1273730245049409540
1273730204712779777
1273730147821240331
1273730141009719297
1273730100761067520
1273730013402140674
1273729985740771330
1273729911086370819
1273729770753310721
1273729758120103937
1273729717955440640
1273729708304338945
1273729592352813057
1273729492515729408
1273729238970109952
1273729166005993479
1273729128013930500
1273729000020627456
1273728937055707139
1273728749851357185
1273728728502280194
1273728609308508162
1273728600026550275
1273728410716700677
1273728294354063360
1273728244165087232
1273728232064520192
1273728052296593409
1273727709311635458
1273727572937859072
1273727064420626438
1273726988289744897
1273726709955792896
1273726549158748160
1273726538932989953
1273726184975732736
1273726137777172482
1273726122115715074
1273725879416500224
1273725867819237379
1273725758121394176
1273725718564929536
1273725551778332676
1273725454520856577
1273725429598355457
1273725426570010624
1273725410816204802
1273725407259492358
1273725361814208519
1273725249129975813
1273725042602409984
1273724953511297026
1273724880845000705
1273724768320094210
1273724653178060801
1273724477428334592
1273724423636488194
1273724423326089218
1273724382519664641
1273724355873251330
1273724327020675074
1273724262717800451
1273724190038859780
1273724179515355139
1273724132627230722
1273724096044564482
1273724074896785409
1273724056584454146
1273723947880775687
1273723879874322439
1273723872618127361
1273723757002207233
1273723754322026497
1273723725393932292
1273723687322169345
1273723618204278786
1273723595341127680
1273723437618540544
1273723385487507456
1273723184056066048
1273723118339702786
1273723071497633795
1273722810591051776
1273722801728499712
1273722778034765825
1273722604503867398
1273722551215239170
1273722512040493056
1273722420466274305
1273722295375343616
1273722228585246720
1273722212114145280
1273722190391848962
1273722167906230273
1273722161375653889
1273722143084339200
1273722134955786245
1273722063170265088
1273722058095149058
1273722052424368128
1273721886560616451
1273721837441163264
1273721776091140103
1273721679160672257
1273721583849406465
1273721580556869632
1273721543982448646
1273721483483906048
1273721479704739840
1273721473883045888
1273721465687420928
1273721449640071170
1273721404106649600
1273721392639459335
1273721390038990852
1273721383617466374
1273721380643778560
1273721332061147136
1273721142952579073
1273721121859416072
1273721108630568961
1273721087336087557
1273721074593738752
1273721074123976711
1273721050593968131
1273721021720334336
1273720949871972354
1273720924064428032
1273720900848926720
1273720899582246912
1273720857530109956
1273720738080530434
1273720706182897667
1273720598015991810
1273720570417491969
1273720489849114625
1273720408689315843
1273720388330180608
1273720081537785857
1273719936041586690
1273719696836173828
1273719665345339393
1273719596340711425
1273719491533381632
1273719479558692870
1273719478468194315
1273719424894320641
1273719389624381445
1273719261903503361
1273719260821553153
1273719227707424776
1273719180123086848
1273719118815002626
1273719032571715587
1273718949444816897
1273718899972939776
1273718844025077760
1273718807924748290
1273718660956389384
1273718618027679744
1273718569356886021
1273718556434317312
1273718555247288320
1273718542580551681
1273718522313674766
1273718436229795840
1273718435260874752
1273718252477218816
1273718208390991875
1273718168389914624
1273718094536548354
1273718071409233921
1273718068846395392
1273717938160390145
1273717921945174021
1273717799840632832
1273717784271347712
1273717775245160449
1273717724686974978
1273717700766961664
1273717693800202248
1273717689333227521
1273717627093909506
1273717514560778241
1273717441928081409
1273717401427873792
1273717365658845190
1273717341117911041
1273717296742174734
1273717279956615176
1273717269391183873
1273717193893609472
1273716847704186880
1273716805329133575
1273716750811639809
1273716747225436165
1273716730691489792
1273716711930429445
1273716642166513671
1273716597048434688
1273716563045203968
1273716558003650560
1273716556493721602
1273716552895016961
1273716417058287618
1273716387798753282
1273716323370045440
1273716190796492800
1273716149528731649
1273716100551901187
1273716005655674889
1273715886705311753
1273715854132346880
1273715847849263105
1273715847576551424
1273715775308804097
1273715736247259138
1273715734502309890
1273715624682967043
1273715603736612871
1273715574493925378
1273715478901534721
1273715400140881921
1273715355026890753
1273715184083795969
1273715078806855681
1273714983625515008
1273714942928191489
1273714918169157635
1273714836795461638
1273714830877372416
1273714690473017356
1273714578275422208
1273714342601666568
1273714111118028835
1273714080600272907
1273714049226878978
1273714015966056448
1273713896508076035
1273713871409348609
1273713804036255761
1273713638533214214
1273713490574872578
1273713436019523591
1273713407594725385
1273713374547914755
1273713342012624901
1273713323847155715
1273713210382663680
1273713016132055048
1273712951476858889
1273712942639394822
1273712937878925326
1273712895810056193
1273712755900649473
1273712656764088330
1273712653245067283
1273712511079133200
1273712483505766403
1273712427566346251
1273712413775474705
1273712262331748359
1273712155729309714
1273711989630611456
1273711957875601415
1273711781647613953
1273711707689533441
1273711680514428929
1273711654824480768
1273711651276173319
1273711552093454338
1273711485752094720
1273711483386572802
1273711429720387585
1273711356106223616
1273711260840996877
1273711246462922754
1273710918850039816
1273710840441712642
1273710651173744640
1273710600149962752
1273710441865322498
1273710317256814596
1273710309237276672
1273710054466818056
1273709958979375106
1273709902087757824
1273709801701363715
1273709781556113425
1273709718192742400
1273709597170315264
1273709521735757831
1273709450080268288
1273709389317365760
1273709332845277189
1273709252952154112
1273709165928763400
1273709150472744966
1273709031694249990
1273708953621364736
1273708889704476680
1273708882779607040
1273708773178322954
1273708644526366727
1273708610732920834
1273708595658588170
1273708593288708096
1273708415584473090
1273708408005410819
1273708381354831887
1273708356323213312
1273708303852482584
1273708250752524290
1273708229198057472
1273708168649084928
1273708153935482880
1273708145454571521
1273708126584418311
1273707771268075522
1273707702712229889
1273707684420890627
1273707618763182085
1273707499024195586
1273707455860609025
1273707446771605505
1273707413531697153
1273707401917730816
1273707401611563008
1273707398193123336
1273707386113531917
1273707333722521603
1273707292064722944
1273707140813918209
1273707108106735619
1273707096983379969
1273707039223689217
1273707020168953860
1273706924681367552
1273706849892798466
1273706792799866880
1273706743017672707
1273706676349218816
1273706628743933953
1273706558640226304
1273706547894517770
1273706511177564160
1273706446232989697
1273706408450625541
1273706364913823747
1273706260450459648
1273706236110831625
1273706176392372231
1273706159699120129
1273706071484399617
1273705878722674692
1273705789203582978
1273705743187939329
1273705736284053504
1273705653828300807
1273705644491706369
1273705567740182535
1273705566737752066
1273705525180600321
1273705499888885760
1273705409770110988
1273705391529046022
1273705259140026368
1273705192496812033
1273705113622888452
1273705111928406026
1273705043146018817
1273705042407837696
1273704947314569218
1273704925080498178
1273704917891518464
1273704894462078985
1273704834751967233
1273704827953045504
1273704803919691783
1273704781379448832
1273704780939112449
1273704712412499968
1273704670503079937
1273704594024038404
1273704566731812866
1273704531298304000
1273704516324597760
1273704484095524868
1273704445457641472
1273704441569521664
1273704392684900354
1273704383306399744
1273704366722240513
1273704365052825605
1273704299940458496
1273704274275508226
1273704241144778752
1273704216687763462
1273704062228316164
1273704023275851786
1273704019924574213
1273704009480769537
1273703921702309888
1273703891469811713
1273703864085155840
1273703839426895878
1273703797051752455
1273703615916658689
1273703544374337538
1273703509154770947
1273703219932336128
1273703113694863360
1273703100428300290
1273702907804819456
1273702889555406849
1273702875097595905
1273702801705746434
1273702734663946240
1273702654993203207
1273702437443063809
1273702415867482112
1273702346149842952
1273702216449298434
1273702205518905348
1273702141765582853
1273702114288697348
1273702079647952899
1273701964971458560
1273701932272582657
1273701916900503553
1273701884952535042
1273701873112027137
1273701607440551936
1273701584652951553
1273701557834526721
1273701476855054336
1273701346819092480
1273701293903798274
1273700992165519361
1273700877380005889
1273700861307478016
1273700854529495041
1273700674166050817
1273700584168861696
1273700542104178689
1273700466870956032
1273700319013351426
1273700270707359745
1273700186620125185
1273700155850620928
1273700093456257024
1273699710046519298
1273699560486047745
1273699447915102210
1273699400582418435
1273699209439518723
1273699042875314178
1273699020456841221
1273698999992795138
1273698893423947776
1273698819109261314
1273698689224146946
1273698482595999750
1273698406079303680
1273698274764099586
1273698244917432320
1273698197446279169
1273698136939270145
1273698094383849472
1273697599867047936
1273697596658405378
1273697561770176513
1273697543537516545
1273697538055581700
1273697517717327874
1273697516601651206
1273697496800333825
1273697405955964928
1273697346514280450
1273697062027214849
1273696958083973121
1273696949577940992
1273696831436922883
1273696762629369858
1273696746842009600
1273696701006700545
1273696696803958784
1273696591166214146
1273696585063563271
1273696536585797634
1273696426061713409
1273696327445155841
1273696262299299842
1273696253394792451
1273696158427361281
1273696141717188608
1273696132351262720
1273696099702673410
1273696044883292162
1273695818403524610
1273695771834097667
1273695727642796034
1273695705257967616
1273695634437165058
1273695616997167107
1273695511481106435
1273695486634070017
1273695457915609088
1273695396368449536
1273695374310588420
1273695347093704704
1273695129019301893
1273695103190695938
1273695083087433735
1273695016620343297
1273694998127575040
1273694967471407104
1273694945749188609
1273694823543906304
1273694790538928129
1273694741738242048
1273694645852295176
1273694642970791936
1273694514599858182
1273694506844594181
1273694457016311808
1273694338850205699
1273694279580483585
1273694275793039363
1273694224370802688
1273694163754680333
1273694058129567749
1273693857813876743
1273693822464208896
1273693626246352899
1273693509002895360
1273693493366489091
1273693467999375360
1273693269193641987
1273693093376786435
1273692926258958336
1273692876392861697
1273692788731842564
1273692772588027904
1273692765017300993
1273692500109266950
1273692450964623361
1273692447944605697
1273692346052251650
1273692280126427142
1273692170768318466
1273692092062195713
1273692001205202947
1273692000378912768
1273691929168023552
1273691828580233228
1273691688171712513
1273691612695142405
1273691537562624001
1273691485985275905
1273691427084677121
1273691212474650625
1273691190676934657
1273690913781489666
1273690834517536768
1273690295050395652
1273690269335126024
1273690033007067136
1273689977390608390
1273689931102261248
1273689813196197888
1273689675400650755
1273689604349100033
1273689449336115209
1273689401995005952
1273689063854309376
1273689013111738368
1273688986574340098
1273688932790661120
1273688867950952449
1273688837504540672
1273688711381897222
1273688665907224579
1273688655358496769
1273688416094490625
1273688344883605505
1273688295931863040
1273688115186671617
1273688059851259905
1273688011436417025
1273687980117569537
1273687922504609793
1273687889478631424
1273687805479333894
1273687528181321734
1273687501652328450
1273687359188590592
1273687337696923649
1273687331908792321
1273687280402812933
1273687243174088705
1273687191034769411
1273687030371844096
1273686965020438530
1273686945974095873
1273686939888168962
1273686898989502466
1273686890940518400
1273686738809032706
1273686671868022784
1273686584253177856
1273686580973182976
1273686538438742018
1273686491613577218
1273686446122192898
1273686443672600577
1273686437909663746
1273686155763032066
1273686114302394369
1273685965190684678
1273685845929795591
1273685798194470915
1273685516429426688
1273685488449323009
1273685447554863104
1273685311604830215
1273685187780640769
1273685134043209729
1273685089000488962
1273685048483594243
1273684967562907648
1273684946113253380
1273684632349835267
1273684626880565248
1273684558475661314
1273684481094844421
1273684449645953024
1273684328967557120
1273684242384457731
1273684192887537665
1273684108150005763
1273683973261139968
1273683939773857794
1273683938423308289
1273683721657475072
1273683694306369542
1273683672772890626
1273683550450135044
1273683545291186178
1273683528031576066
1273683494078681088
1273683407642517506
1273683336817446913
1273683198912933894
1273683086501437441
1273683015043072002
1273682998450425857
1273682880452079618
1273682831621926915
1273682785807499271
1273682763204395009
1273682665636597761
1273682445922172929
1273682435734208515
1273682331782561792
1273682161191829504
1273682108645548032
1273682016819609607
1273681991737753602
1273681962067263490
1273681893523959808
1273681865354948617
1273681859021594624
1273681769162846209
1273681724367659008
1273681601579429890
1273681439721218048
1273681367520477187
1273681344757981196
1273681297286688769
1273681277389021184
1273681266076987392
1273681233990606848
1273681045251149827
1273681043745357825
1273680979090079744
1273680914359427074
1273680795337740288
1273680742980243460
1273680616886861825
1273680607298625536
1273680440285691904
1273680338213093378
1273680303349997568
1273680273683689482
1273680198832197634
1273680057786142722
1273680019949314048
1273679982909366274
1273679873060601862
1273679799622533128
1273679781503131648
1273679769750642689
1273679713651888130
1273679615538716673
1273679518516084739
1273679458784940038
1273679431316488197
1273679208976396288
1273679091229700098
1273678782369533960
1273678646176288776
1273678633056468992
1273678628883238913
1273678604375916545
1273678590836723712
1273678431578923011
1273678418975043585
1273678416076845056
1273678352226963463
1273678269859184640
1273678184836407301
1273678169711804416
1273678095204130820
1273678091919986697
1273677972839563269
1273677954954993669
1273677948923580416
1273677740718411785
1273677551953682432
1273677473146900487
1273677304254869504
1273677271853944834
1273677267265302528
1273677255663894530
1273677205013516290
1273677192787111936
1273677085236760577
1273677069566738439
1273676969478103041
1273676944622706688
1273676890029645824
1273676868340908032
1273676677151948801
1273676516170350593
1273676393541492736
1273676357147426821
1273676272535769088
1273676256266067973
1273676221361111042
1273676210233638912
1273676115610152963
1273676035373117440
1273676018432311296
1273675927042625538
1273675887137951744
1273675835707400192
1273675813414715402
1273675777243037704
1273675727318237184
1273675585773068289
1273675554827501571
1273675510502035459
1273675490440642561
1273675455254716416
1273675452071231488
1273675444307492872
1273675413160636421
1273675385444675584
1273675290909315072
1273675274065006593
1273675173951127556
1273675159493378055
1273675102694125571
1273674859713871879
1273674845356687361
1273674626879705088
1273674481387610113
1273674480938860553
1273674394083233800
1273674378404904963
1273674214957109248
1273674198620274689
1273674154143875072
1273674131561644033
1273674119284961280
1273674106538536960
1273674056999600130
1273674006483406849
1273673972954140672
1273673944726454277
1273673882462048257
1273673802501808134
1273673745744498688
1273673725913845760
1273673594317479937
1273673517414985731
1273673419989671937
1273673399299162112
1273673376075218945
1273673337181483010
1273673301303283712
1273673192326995968
1273673126908477440
1273673123162980353
1273673082700541953
1273673073863151618
1273673059019481088
1273672981840003074
1273672849472081920
1273672726570569728
1273672706513416192
1273672573604298752
1273672558056017920
1273672476732596225
1273672455891140609
1273672400660561920
1273672342544285702
1273672327411175427
1273672239922270209
1273672224449363975
1273672208129445888
1273672185706680322
1273672104941105152
1273672078680567809
1273671981481832448
1273671899315347458
1273671854599868418
1273671852641128449
1273671694159396870
1273671686907465729
1273671607278501890
1273671576710455297
1273671550932312064
1273671539318296579
1273671526680801283
1273671479448698880
1273671419596079106
1273671376587685888
1273671348561289218
1273671316684582912
1273671292080869376
1273671282131906562
1273671195490213894
1273671162409738241
1273671159129747456
1273671120525438977
1273671116075290624
1273671092557819906
1273671030511452162
1273670905445613569
1273670867667636225
1273670815989600258
1273670790194647040
1273670773199290369
1273670663463743489
1273670607578726405
1273670503639797765
1273670475600838658
1273670467035987970
1273670431032164355
1273670417484521472
1273670402766667776
1273670392201306112
1273670334177304578
1273670318490517506
1273670254330347521
1273670178241462283
1273670095773073408
1273670041788088323
1273669914746925057
1273669888335384576
1273669793154043905
1273669755157860352
1273669728725340171
1273669686513844227
1273669611658121216
1273669610789888000
1273669482758787074
1273669472352641025
1273669444405952513
1273669412663558144
1273669398750994433
1273669353347653632
1273669345814740992
1273669305935093762
1273669293901844480
1273669264986308609
1273669225274576899
1273669187794280449
1273669120895135745
1273669089823727621
1273669067644243978
1273669032273760258
1273669013403586560
1273669009200885761
1273668842284335106
1273668788228100097
1273668687426453506
1273668569843273730
1273668490151460864
1273668436409962497
1273668314208878592
1273668307007217664
1273668225922891778
1273668124177510402
1273668072105181185
1273668070142365701
1273668009715019781
1273667885542637568
1273667852869029888
1273667748162342919
1273667737643028482
1273667549524262914
1273667515290435587
1273667455727087616
1273667444293410822
1273667399892578309
1273667365868363782
1273667276437413891
1273667208825180160
1273667158996811777
1273667141699620865
1273667130576306182
1273667068466954244
1273667000473092096
1273666959117352960
1273666948543414283
1273666828322115587
1273666817354010624
1273666686948950016
1273666621882740738
1273666469084237828
1273666461689688064
1273666317846032388
1273666312116547584
1273666272748875776
1273666233460719617
1273666203475677185
1273666106348232704
1273666082839105537
1273666073259319296
1273666011712102400
1273665803922128896
1273665697365794817
1273665682278944769
1273665655921917958
1273665637328527361
1273665631838179329
1273665566553899009
1273665527123185669
1273665085848895490
1273664944404299779
1273664929804029952
1273664897382076426
1273664884253822976
1273664850137419784
1273664834651992068
1273664813328195584
1273664791941459969
1273664750325583872
1273664736756973568
1273664704985137157
1273664556225695744
1273664544271937537
1273664505818558465
1273664432028221440
1273664377061888001
1273664017198919684
1273663976195469315
1273663788471013376
1273663512947183616
1273663512406102016
1273663274849046530
1273663261842563079
1273663224420995076
1273663151830155265
1273663092824604672
1273663064135610370
1273663039099883521
1273663009710374913
1273662984175472643
1273662951346626560
1273662874825752576
1273662867099791362
1273662625923108865
1273662621129064451
1273662533593903109
1273662520272830466
1273662474148089857
1273662386923323393
1273662367730216967
1273662361744953344
1273662315423039490
1273662298427719683
1273662273337405442
1273662254647578624
1273661877340573696
1273661694431166465
1273661662629900289
1273661631961104389
1273661607479054340
1273661490852253698
1273661479607246848
1273661451476008960
1273661401362505735
1273661286279188485
1273661213692563635
1273661125473828867
1273661093576146947
1273661080028528647
1273661065881096192
1273661046818029569
1273661037238157313
1273661006984732675
1273660987833532416
1273660878324412423
1273660867507376129
1273660806517981189
1273660769654226944
1273660766898589697
1273660730051645444
1273660679887753216
1273660569455919106
1273660564514865153
1273660455404425217
1273660400505180168
1273660320364605440
1273660181679833088
1273660170288144384
1273660139036385280
1273659913445793793
1273659911939948545
1273659897192656896
1273659829329047552
1273659827374489601
1273659798119211008
1273659724546932741
1273659669266010113
1273659269750104065
1273659260166078464
1273659200124727297
1273658927520063492
1273658840408625152
1273658785186353153
1273658651279077377
1273658543321866240
1273658508714663943
1273658506978131968
1273658434261594118
1273658409578106881
1273658342578274308
1273658298596810752
1273658283874816000
1273658171379396609
1273658102404075520
1273658088189579265
1273658061799018504
1273657897776566275
1273657874087120897
1273657834035650561
1273657620289765384
1273657540409163778
1273657536881844227
1273657476764831746
1273657462034444288
1273657420863148032
1273657358225416195
1273657276654661632
1273657181771051009
1273657169473404935
1273657162984755203
1273657075210600448
1273657062866763777
1273657046387380227
1273656840149258241
1273656828673634306
1273656542320099335
1273656526469828610
1273656392503693312
1273656171006746625
1273656122549952512
1273656092942307328
1273655989699579905
1273655958300999682
1273655950893887488
1273655802335723520
1273655688493924352
1273655627072577536
1273655500337549313
1273655443139813376
1273655231558094848
1273655206362955778
1273655177090908163
1273655046777995264
1273654930386178052
1273654850237104128
1273654831648051200
1273654714987675650
1273654677771558912
1273654650575740932
1273654615502983172
1273654542626930690
1273654441200308230
1273654273704943616
1273654163612852224
1273654114069680135
1273654052983881729
1273654034805768192
1273653991256272899
1273653854480064513
1273653569426731008
1273653549994557442
1273653505157476353
1273653456679718913
1273653423901155328
1273653092777627649
1273652875420450816
1273652813386715138
1273652762715328512
1273652751453622274
1273652567508164609
1273652551498502159
1273652529449127936
1273652445990785026
1273652405478084609
1273652294375084032
1273652291514650624
1273652177911844864
1273652155325571073
1273652123625033729
1273652122836512769
1273652101009346560
1273652065609420800
1273652053378846721
1273651992477433858
1273651726520852484
1273651658434756609
1273651625593315332
1273651574028611588
1273651568387198977
1273651541031956481
1273651525932462087
1273651479245619205
1273651418113728515
1273651393497358336
1273651337968877571
1273651324438134784
1273651182372884481
1273651033055559681
1273650966009700358
1273650888251506688
1273650887177703424
1273650886770929664
1273650804587728896
1273650799021678592
1273650779489013760
1273650767132532737
1273650755371782144
1273650737566961670
1273650438680776704
1273650437716094977
1273650437632163841
1273650415280828421
1273650406829314049
1273650380811964416
1273650351867076611
1273650303586492418
1273650256492867585
1273650250406866945
1273650220757385220
1273650210795814914
1273650194735927296
1273650042230972417
1273649964795727873
1273649896705396741
1273649890506276864
1273649834948526085
1273649734369116169
1273649695856959497
1273649478487224328
1273649356789420033
1273649305623105539
1273649205819650052
1273649196307042304
1273649149053935620
1273649140531159041
1273649057710387201
1273648955390394370
1273648930174259203
1273648866206928898
1273648830156877824
1273648628867969029
1273648571661848579
1273648470356787201
1273648408218275840
1273648378220548097
1273648327410712576
1273648201103523843
1273647996631203840
1273647652719247360
1273647601200570369
1273647577662140418
1273647507290152961
1273647478068387849
1273647428269494274
1273647350360260610
1273647222178156556
1273647057803325446
1273646839510847488
1273646822297395203
1273646802022084611
1273646738608476161
1273646724138106882
1273646692097720320
1273646676436291587
1273646670010597378
1273646668559368192
1273646286646976513
1273646248176898049
1273646190064742401
1273646149149306880
1273646117939535872
1273646054941044742
1273645758177333250
1273645697741524993
1273645693001924609
1273645681174077440
1273645616661479424
1273645491394396161
1273645317821550593
1273645230391275521
1273645192759967745
1273645161105547264
1273645132559126534
1273644972055691265
1273644937402372098
1273644870566117376
1273644842376192005
1273644830925742083
1273644791348310024
1273644634963574784
1273644564860096517
1273644543548764162
1273644535780978689
1273644526230368257
1273644498652889094
1273644489857478656
1273644399017070592
1273644396756467712
1273644348379467776
1273644304062386178
1273644282143027200
1273644277889974275
1273644091214086145
1273644055415664643
1273644035962474497
1273644012889653249
1273643978907402243
1273643977154101250
1273643934653259778
1273643898641022979
1273643895461761024
1273643868077121536
1273643759830536192
1273643733049901057
1273643626732584962
1273643464002068485
1273643364609658882
1273643249022967810
1273643125316161536
1273643121700679680
1273642950841397249
1273642901969477634
1273642899394252801
1273642892758835200
1273642868289257472
1273642799930507265
1273642788257697792
1273642743567462408
1273642738706255873
1273642705814519808
1273642624952434689
1273642522594738179
1273642347746787332
1273642206952374272
1273642200140742656
1273642015071272964
1273641999699189762
1273641973560246272
1273641824754810881
1273641693540233216
1273641683650072577
1273641366636187649
1273641291230973953
1273641283597328384
1273641255826792450
1273641207101632513
1273641182049034241
1273641154664333313
1273641130115182594
1273641095625408518
1273641076985864197
1273641035986542594
1273640910933368832
1273640891077492741
1273640869317562369
1273640580069732357
1273640224883646464
1273640110844772358
1273639967403769856
1273639896918433792
1273639894586441731
1273639854568587265
1273639820884086785
1273639807718219776
1273639736331116548
1273639505547997189
1273639445695279104
1273639394788900864
1273639257534586880
1273639256242651137
1273639229847994369
1273639089150066690
1273639054450536448
1273638984883765253
1273638981582938114
1273638865698525184
1273638819414315013
1273638777488052224
1273638755203723264
1273638728301502464
1273638696768716800
1273638573632294920
1273638524114305025
1273638424608735235
1273638345822830594
1273638303410110464
1273638302265102341
1273638230370463744
1273638216046989313
1273638173344763904
1273638104520417281
1273638037122138113
1273637905794301953
1273637848588128258
1273637755805773826
1273637709328900097
1273637137926193167
1273637104405413889
1273637017314869250
1273637008959844352
1273636899190603777
1273636896174997504
1273636775362265090
1273636743548469249
1273636572890566657
1273636564783058946
1273636375900958727
1273636318799704065
1273636087894859776
1273635889323880451
1273635761447931905
1273635614781571072
1273635606162288640
1273635519629582336
1273635459311325185
1273635032410796037
1273635010390654977
1273634975334764544
1273634911711375363
1273634893021487104
1273634761970499586
1273634708245696519
1273634602922500098
1273634434831527937
1273634159819403266
1273634111702339587
1273633615323320320
1273633590279110657
1273633491448745984
1273633454756945925
1273633442312474624
1273633404672770048
1273633308589654016
1273633296711376898
1273633294983344130
1273633222438592523
1273633160857870336
1273633159591182342
1273633158362267653
1273633157103915014
1273632479493214209
1273632299385585664
1273632178623049730
1273632176161148929
1273632002940469249
1273631994002526212
1273631883444850688
1273631813831974918
1273631809272778752
1273631711096700930
1273631693405138947
1273631579986956292
1273631556385595392
1273631515189170176
1273631447740547073
1273631338600505344
1273631307441025027
1273631259051331591
1273631168303435777
1273631167389057024
1273630896017596421
1273630879420686336
1273630869211799554
1273630836416548864
1273630786596601858
1273630783119536129
1273630246152134656
1273630081907412994
1273630011208105984
1273629966312316928
1273629865657413632
1273629766751567876
1273629759759683585
1273629753745059840
1273629681678499840
1273629655355002880
1273629654277140480
1273629546391244801
1273629530847096833
1273629519820324864
1273629491764527105
1273629477944393738
1273629342267039749
1273629178030698499
1273629144816005120
1273629014394122240
1273628934182260746
1273628904297828360
1273628838749143040
1273628665423724554
1273628639775600641
1273628534226014209
1273628487946035200
1273628307272208390
1273628267782836225
1273628097754136584
1273628014635606018
1273628004980346886
1273627995975057409
1273627637764755457
1273627606219276288
1273627599969890305
1273627457506217984
1273627451189596161
1273627298990903298
1273627136796946432
1273627124977590277
1273627046695010310
1273627005410574337
1273626893284229121
1273626890260094978
1273626817690308609
1273626739823054852
1273626669249712129
1273626558176133120
1273626462243954689
1273626414202466305
1273626259562672128
1273626248305152002
1273626178532847617
1273626044180897794
1273626007988252673
1273625742333657088
1273625699253968901
1273625503182852097
1273625348828094466
1273625238769750017
1273624991590998018
1273624875580764162
1273624600434429952
1273624535024181257
1273624402324869120
1273624141237817345
1273623997201231875
1273623937780461570
1273623310639792130
1273623301445779458
1273623172882010114
1273622792282521601
1273622491429298176
1273622408931487744
1273622359321333760
1273622298512232465
1273622187170283520
1273622172985102337
1273622041888010249
1273621900397285376
1273621857158213639
1273621836622897159
1273621707119624197
1273621678426402817
1273621350599532547
1273621236225060865
1273621215773630468
1273621090145841153
1273621028560830466
1273620700956372994
1273620550120812544
1273620490679132160
1273620306897317888
1273620300970762240
1273620195052007426
1273620160914604033
1273620086411218951
1273620079461249025
1273620076034473984
1273620040936538113
1273619989963120640
1273619918605430785
1273619651239518211
1273619591588130816
1273619491407233032
1273619487443615745
1273619405692375040
1273619331318980612
1273619330283048963
1273619211663945730
1273619108962033666
1273619030906208265
1273618927462088707
1273618884470493188
1273618845509574656
1273618733706162177
1273618702223790085
1273618679297646596
1273618678328803330
1273618542194315269
1273618443422572546
1273618335213780992
1273618121560031233
1273618107324682243
1273618104841572355
1273617736162213889
1273617567635197952
1273617507547525131
1273616948656472065
1273616911809593348
1273616762181955584
1273616669890482184
1273616629306441729
1273616505666785283
1273616460808695810
1273616203764969472
1273616082855698437
1273616054170857473
1273615988706156544
1273615805427716096
1273615779607523331
1273615606634463232
1273615518130475008
1273615378921525248
1273615335946674177
1273615285703118850
1273615258092015617
1273615249468461059
1273615231655305216
1273615199615016960
1273615169894088704
1273615125447090178
1273615107491270659
1273614731996209152
1273614683925291010
1273614683853987840
1273614639310548994
1273614635149725711
1273614581672394754
1273614319842885634
1273614235503910912
1273614126930108421
1273614092633325568
1273614006176174081
1273613938748424193
1273613934017368064
1273613885359247362
1273613587576127495
1273613494668197894
1273613494198456322
1273613370751700992
1273613344084307970
1273613310253060096
1273613183505350656
1273613129705041928
1273613103192735748
1273613039552659458
1273612976805773317
1273612717430059008
1273612645376065538
1273612593429692421
1273612534340345856
1273612487578058752
1273612391121661952
1273612326944595975
1273612250172006400
1273612152767754240
1273612088859115521
1273612088242569222
1273612086472593409
1273611932734500864
1273611859212546053
1273611782515458048
1273611730460033035
1273611683945238530
1273611660385755138
1273611623631073289
1273611594166132738
1273611591897042947
1273611522829438977
1273611279211560960
1273611210513096704
1273611041197428736
1273610935706533897
1273610852491579393
1273610628658323457
1273610553869680641
1273610425255550979
1273610316992184321
1273610312005177344
1273610127636078592
1273609974602752001
1273609904859877378
1273609858802163713
1273609841601400833
1273609818226470915
1273609803496030208
1273609800925024256
1273609715558289408
1273609566727680005
1273609553029074944
1273609366575382532
1273609270513328136
1273609234937270274
1273609181996756993
1273609150803726341
1273609075973148673
1273608835144564736
1273608824788676610
1273608791981010945
1273608642902851586
1273608531892146179
1273608273854332929
1273608166501158913
1273608095814443009
1273607922698711040
1273607741479813120
1273607368648151041
1273607341137485824
1273607168915320832
1273607156592529408
1273607100187521026
1273607089529565184
1273607077018157061
1273607023742128128
1273606969685925888
1273606928514666496
1273606747731578880
1273606673190567936
1273606609197912064
1273606542928031744
1273606370932088832
1273606186001186816
1273606131865264131
1273606041671020555
1273606010947731456
1273606000701050880
1273605916286427136
1273605834036187138
1273605648115064832
1273605616544526337
1273605519597543426
1273605489151160321
1273605479479021569
1273605478426296324
1273605393378312193
1273605285626732544
1273605185185570817
1273605126767460354
1273605071801024514
1273605071369048066
1273605059822190593
1273605006495830019
1273604979933224960
1273604845480665090
1273604809065627648
1273604805718609923
1273604782675169286
1273604721685692417
1273604641587113985
1273604628744208384
1273604523664211968
1273604492018229249
1273604406257364992
1273604382718918656
1273604247872057344
1273604137607929859
1273603797600866305
1273603666046521347
1273603653992099852
1273603637009362944
1273603593657094144
1273603572236681217
1273603448185982978
1273603412064600065
1273603380108234753
1273603378682171395
1273603257051602946
1273603235899756547
1273603153867558917
1273603055867645953
1273602991438925824
1273602988871991298
1273602983918473221
1273602934509654024
1273602879316791296
1273602864846450690
1273602845292597249
1273602724702158848
1273602633169805312
1273602594083090434
1273602545252999173
1273602379485794305
1273602310661431297
1273602113147453440
1273602111209684993
1273602010433101824
1273601907416858624
1273601794879492097
1273601661366341633
1273601656731598850
1273601551249088512
1273601403953569800
1273601355660263425
1273601079901597696
1273601065678770176
1273601002009214976
1273600873000841235
1273600626593804289
1273600605630717952
1273600460642045952
1273600415117062145
1273600251841122304
1273600082609418240
1273599964556472323
1273599915273474050
1273599775162671104
1273599669571125253
1273599591770963971
1273599285901303808
1273598903405948931
1273598612044472320
1273598588896063491
1273598345664237568
1273598266819653632
1273598210074959873
1273598190659534848
1273598147563061255
1273598139283488769
1273598125089964032
1273598122246262785
1273598031577964546
1273597929522188290
1273597891941146624
1273597800694104064
1273597624122314752
1273597620741693440
1273597599145172998
1273597597928873985
1273597568442867712
1273597536058605568
1273597431821762563
1273597428600639488
1273597331288489984
1273597258018234370
1273597121938296833
1273596983425589248
1273596844954746880
1273596822875930626
1273596813443043328
1273596792702144513
1273596738423717892
1273596530579009536
1273596432595980292
1273596404930416640
1273596179847282692
1273596061274247172
1273595989295759366
1273595953753337857
1273595732759642113
1273595698148237313
1273595669807316992
1273595668322553859
1273595449858023427
1273595409907232770
1273595380610072578
1273595278860472329
1273595166188855296
1273595093052796930
1273594953357279233
1273594951599902726
1273594896373485570
1273594773673213952
1273594729859624960
1273594589325283328
1273594405358796801
1273594368772001795
1273594312123695106
1273594269706735618
1273594155831345152
1273594125137436675
1273594013195612160
1273593830265311234
1273593720282189825
1273593654024777730
1273593602694942722
1273593400491728898
1273593380984029187
1273593366446583809
1273593349837139968
1273593277200175108
1273593251652567040
1273593084614451201
1273593079522635782
1273592906243342338
1273592819656032259
1273592819005956096
1273592808633442304
1273592748273270785
1273592652760571906
1273592512087830529
1273592467317800963
1273592396727627777
1273592390218063872
1273592204209070081
1273592132951998465
1273591989179744259
1273591953771331585
1273591934137839618
1273591707997700097
1273591707230187520
1273591585951932418
1273591544227024899
1273591492926492673
1273591391814328321
1273591365147004929
1273591283869769730
1273591138734280705
1273591107767713792
1273590965610016768
1273590944034689025
1273590806239219713
1273590791223619584
1273590619722649600
1273590346740613120
1273590346463817729
1273590320689819648
1273590304776601604
1273590067915821061
1273590067064459269
1273590066057826307
1273589996520460288
1273589901766819847
1273589731394301954
1273589725270548482
1273589710942863361
1273589613622366208
1273589591719714816
1273589539949461504
1273589300752519174
1273589242845855744
1273589165918224389
1273589162382372868
1273589157642805251
1273589156636172289
1273589109890654208
1273589079427383296
1273589049241075712
1273589011089686529
1273589005834235911
1273588907746234376
1273588855317442562
1273588809708511238
1273588770210750470
1273588747733536768
1273588727122735107
1273588682885390337
1273588678359736320
1273588677655101441
1273588652904525824
1273588588945555457
1273588553163948032
1273588452903342080
1273588422511296513
1273588340491780101
1273588227224584197
1273588115719028738
1273587929756192769
1273587929642930176
1273587878455541760
1273587640797970433
1273587602701107201
1273587481477361665
1273587449592254470
1273587213733953542
1273587086944329730
1273586792298668033
1273586763307646977
1273586639835725824
1273586609259151363
1273586514983821318
1273586434448949248
1273586414144413696
1273586412814831617
1273586408524075009
1273586191464628224
1273586169125707777
1273586147185373193
1273586136322134018
1273586058505175040
1273585895464206336
1273585786999509000
1273585705839706114
1273585660989968384
1273585570724405253
1273585410153816065
1273585378423967747
1273585362703659008
1273585252783607809
1273585183850143744
1273585123892527106
1273585083702808576
1273584902127210497
1273584811865772033
1273584791724724224
1273584767905267712
1273584722208264192
1273584557032378368
1273584490103873545
1273584465713995779
1273584449867964417
1273584318288445448
1273584317768380417
1273584309337755648
1273584292669644801
1273584210650050560
1273584208250916864
1273584107461771264
1273584101640077316
1273584101581361152
1273584094912417793
1273584060477120523
1273583954029948929
1273583944320114689
1273583764283822086
1273583746562875395
1273583669500940288
1273583652186796033
1273583523140636675
1273583513774817280
1273583296451051522
1273583233628848129
1273583163386802182
1273582965923221504
1273582935631945729
1273582884159455233
1273582735370727426
1273582658233282561
1273582620266442754
1273582615614849024
1273582579942338566
1273582276660678656
1273582075845791744
1273582016475398144
1273581906047709184
1273581620969250816
1273581583514165249
1273581500819288065
1273581492116107264
1273581465469693952
1273581316320251904
1273581169888673793
1273581117866749953
1273580990460542978
1273580862349729792
1273580769596899328
1273580531645636608
1273580464498933761
1273580399474720768
1273580324954537984
1273580241269776386
1273580132750540800
1273580066098876419
1273580029927186432
1273579887090073600
1273579732882329601
1273579686078091266
1273579637566816256
1273579578351595521
1273579563214397440
1273579433362952192
1273579345253142529
1273579212289515520
1273579142710263811
1273579051324715014
1273578912145117186
1273578795711201280
1273578770964910082
1273578766502105089
1273578697031909377
1273578680246317059
1273578618506162176
1273578565402066944
1273578526239797250
1273578472875663366
1273578457302171648
1273578349567324160
1273578244651077632
1273578090871033858
1273577870015827969
1273577824029421569
1273577735152173056
1273577704831553536
1273577703074082816
1273577700909875204
1273577699370577922
1273577697814462465
1273577354519076865
1273577322084474885
1273577316476694531
1273577293575847938
1273577238433345536
1273577157290311682
1273577027178823680
1273577005229973505
1273576990902190087
1273576984799559681
1273576983776112640
1273576980131217415
1273576812505903106
1273576713889472512
1273576525204533248
1273576481206276096
1273575943748059136
1273575910860562433
1273575870754676736
1273575846155075584
1273575829595979778
1273575782305140739
1273575725333917696
1273575710993547264
1273575585114136576
1273575546769866752
1273575520832233472
1273575386744487936
1273575304099958785
1273575256544985088
1273575203336065024
1273575006275080193
1273574986087890945
1273574974524137480
1273574951853965312
1273574938876788737
1273574862464995329
1273574827497005057
1273574665823322113
1273574609657438211
1273574582226694145
1273574348541046785
1273574341142368256
1273574334314024961
1273574278802427904
1273574262872424449
1273574261488340993
1273574257503752192
1273574252848037888
1273574195901890562
1273574073868615683
1273574007116312582
1273573948568096768
1273573907216416768
1273573804091080706
1273573734742462464
1273573499236474881
1273573295200272386
1273573104430854144
1273573056531894276
1273572857759576066
1273572847638720512
1273572784128606213
1273572760040726530
1273572758279073793
1273572723277606912
1273572594223058944
1273572466133172226
1273572463335608321
1273572383455051776
1273571803626078213
1273571530153299969
1273571408552038405
1273571300632641536
1273571177013940224
1273571158063845376
1273570969286774784
1273570926668414979
1273570397980672002
1273570333958733824
1273570289813725184
1273570276240961537
1273570223367557120
1273570041133502464
1273569996875145217
1273569834324942850
1273569647565189123
1273569361555587073
1273569282165792769
1273569067618705409
1273568946860498944
1273568819081068545
1273568690848649218
1273568667725430784
1273568522409586688
1273568446714912768
1273568378653900800
1273568373385895937
1273568326812303360
1273568194905681920
1273568058657955841
1273568011849543680
1273567968971173888
1273567904299171840
1273567584403820544
1273567575352455171
1273567463406473216
1273567364680953859
1273567274696355845
1273567237031460864
1273567188490891270
1273567156609875968
1273567146396848129
1273567096945991680
1273567069708210180
1273567037734948865
1273567001433251842
1273566989114580992
1273566976846245892
1273566951252602882
1273566734918836224
1273566721245396992
1273566574499201026
1273566445688029185
1273566325999353857
1273566255144931328
1273566142460813312
1273566133933740033
1273566047929589760
1273566016153493504
1273566009367166978
1273565770711171073
1273565763132100613
1273565646035587072
1273565615933067264
1273565486047952896
1273565454443982849
1273565386693378050
1273565363565989890
1273565277477879810
1273565205847572480
1273565172859310080
1273565128315662336
1273564879094525953
1273564850652839936
1273564778112471048
1273564694020853764
1273564634654617609
1273564612265377792
1273564532431085568
1273564509945434113
1273564426881372160
1273564327300268039
1273564313903599617
1273564258396254213
1273564181007138819
1273564147037413377
1273564011565645824
1273563991600533505
1273563792258093056
1273563576775643138
1273563413503979521
1273563319123750913
1273563250240688132
1273563242221260800
1273563230095519744
1273563179692380160
1273563170490257408
1273563137338494976
1273563014231457792
1273562989271154688
1273562862183735296
1273562860006842369
1273562696043069440
1273562455206232064
1273562265908924416
1273562147432345600
1273562072735977473
1273561917509062656
1273561868653793281
1273561788148219904
1273561764949622786
1273561761590005763
1273561736428359685
1273561662251991040
1273561617805062147
1273561587157172225
1273561519364739080
1273561488079441920
1273561400493969413
1273561300556296192
1273561281421869061
1273561186303442946
1273561115360931841
1273561099988844544
1273561040786243585
1273561025372131329
1273560967167856641
1273560935207239681
1273560739844952065
1273560702486183936
1273560492569702407
1273560454800048128
1273560436135333888
1273560267381768194
1273560230522216448
1273559964251013120
1273559852988628992
1273559848387518466
1273559753541799936
1273559699141640197
1273559567327285248
1273559524335591424
1273559457264517120
1273559446271262720
1273559255308742656
1273559220017860615
1273558988500668416
1273558830954229760
1273558712985292806
1273558595720937475
1273558532818862085
1273558382755143687
1273558363972960256
1273558332519755778
1273558288081321984
1273558125434540035
1273558038801252352
1273557943040999425
1273557941141024772
1273557860870430725
1273557832562954242
1273557831996837890
1273557802515079169
1273557792356478982
1273557610650877954
1273557244282572802
1273556962387660800
1273556860407332865
1273556859794993153
1273556744619397125
1273556693285208066
1273556688864493568
1273556609642442753
1273556544509153281
1273556389210750977
1273556273557114881
1273555851601739779
1273555615537934338
1273555442610946050
1273555274847174656
1273555134065360898
1273554874047881219
1273554787204825088
1273554293640085505
1273553823907434496
1273553816756129792
1273553631464341504
1273553365927112704
1273553126658883585
1273552755819495424
1273552674076733442
1273552514277937153
1273552386359988225
1273552323491647488
1273552166725259265
1273552070281330688
1273552005538160646
1273551999989174273
1273551954443153409
1273551870263517185
1273551789699334145
1273551368511459328
1273551250391433219
1273551241902198784
1273551207462834176
1273550678670139392
1273550594050002945
1273550412080189447
1273550410717040640
1273550343759114241
1273550341989163008
1273550162149900288
1273549904280014849
1273549787623800833
1273549748939763712
1273549581238833152
1273549261398061057
1273549130053423104
1273549127733952513
1273549101771128839
1273549058842468352
1273548966576173056
1273548961580810240
1273548960980926464
1273548775907262464
1273548555983224833
1273547943438618624
1273547721828438017
1273547672998330369
1273547669051490305
1273547527560798213
1273547524180250624
1273547519922974720
1273547511073067013
1273547471973756931
1273547212698591233
1273547060785135618
1273546915062439936
1273546895084978177
1273546834368245760
1273546733289705472
1273546252458889217
1273546151774638080
1273546137190969346
1273545677193306113
1273545593386917888
1273545536839331842
1273545519801958403
1273545023259389952
1273544621679919106
1273544593439698946
1273544584736448512
1273544359728775168
1273543803237007365
1273543537603248128
1273543416035659778
1273543322582364160
1273543173646802946
1273543077324603396
1273542938304417792
1273542838651936770
1273542436330110976
1273542221707587584
1273542142862991360
1273541874024960005
1273541820182605824
1273541476673155072
1273541408188751877
1273541315624607744
1273541292845338625
1273541225140883456
1273541088024891392
1273540962321674240
1273540576315682818
1273540509391294464
1273540478454116353
1273540408979709953
1273540294517108736
1273540294395547648
1273540234874159105
1273540191022653441
1273540078254637056
1273540068163162112
1273540024999514112
1273539977222242305
1273539951838232576
1273539860922589187
1273539829914112000
1273539777413943296
1273539380066516994
1273539249262997504
1273539156233379840
1273539140152430592
1273539048896892929
1273539026440634369
1273538999718686722
1273538903908257793
1273538395369857024
1273538388931612673
1273538155426299906
1273538125206360067
1273538110152998913
1273538099604262913
1273537986412662784
1273537949146198016
1273537761157566464
1273537636351737865
1273537195400364032
1273537014500069377
1273536993708986368
1273536552581373952
1273536458419318794
1273536291263610883
1273536155238227970
1273536094424969216
1273535931300093953
1273535926082338816
1273535873456525313
1273535807534530561
1273535797363441664
1273535297863680000
1273535234970202112
1273535170650537984
1273535096340037632
1273535031609303040
1273535004237332480
1273534790218719232
1273534701102411776
1273534656638586881
1273534602980835331
1273534572412764160
1273534441965715456
1273534364396195840
1273534261191217152
1273534123953528832
1273534080336965642
1273534021977456640
1273533923851677698
1273533794155245570
1273533554769698816
1273533355812888576
1273533285071806470
1273532919475310598
1273532916136624130
1273532861048553473
1273532750939725824
1273532680370638849
1273532615266574336
1273532505140928517
1273532217164210176
1273532059814944769
1273531803593314304
1273531642758471680
1273531597912932353
1273531597384540162
1273531577239318528
1273531533278580736
1273531523778711554
1273531489972563969
1273531422502981632
1273531263257849857
1273531129761533958
1273530863515570176
1273530689112231937
1273530549634846721
1273530230737711105
1273530109807529986
1273530099657248771
1273530034486218757
1273530015632801793
1273530003993571328
1273529994665431040
1273529747272806400
1273529523175403520
1273528888161902592
1273528702366875649
1273528302444195842
1273528070062985216
1273528008490582016
1273527888290217984
1273527790126727168
1273527657683181569
1273527059646742528
1273527049051877376
1273526803764740099
1273526798408613894
1273526774215913473
1273526732688166913
1273526724064575488
1273526439204270080
1273526222799147008
1273526193585823747
1273526169628020736
1273526097980936193
1273525878069374976
1273525705482153984
1273525576280801280
1273525557293199360
1273525231408291841
1273525179772256257
1273525177679261697
1273525101095456768
1273524870668849154
1273524824191709184
1273524555101999104
1273524395735212034
1273524098996502529
1273524034446163968
1273523677917782018
1273523668346458112
1273523506215628801
1273523484832997378
1273523466176737280
1273522903267586048
1273522764373245954
1273522681124659201
1273522580557791233
1273522424223608835
1273522236813709312
1273522233814769664
1273522122443366400
1273522099634745349
1273521858147737602
1273521721593614336
1273521694548938752
1273521616262238209
1273521584599371776
1273521481792749568
1273521275772833795
1273521177743540224
1273521067533926400
1273520954933686274
1273520951616028673
1273520951595085824
1273520844103434240
1273520758032121856
1273520676473798657
1273520630273540096
1273520437457125376
1273520296687996928
1273520039749091328
1273519883276386304
1273519826867191811
1273519716649308161
1273519678342811650
1273519636269740032
1273519335500283904
1273519228533030912
1273519222690328576
1273519211118288896
1273519179941937152
1273519153408880640
1273519082126671873
1273519000111271937
1273518833706455041
1273518601039986689
1273518442042310656
1273518095152361475
1273517948544696329
1273517859659022337
1273517780839653376
1273517756344909826
1273517751362084865
1273517587545100289
1273517502648246272
1273517479730569217
1273517309831909376
1273517224385564672
1273516675384696838
1273516385805701121
1273516328972943361
1273516236849188870
1273516195451490311
1273516167722909697
1273516102384070658
1273515617950277632
1273515571750076417
1273515539575508993
1273515514086776837
1273515377079791616
1273515130442133506
1273515077300297728
1273514731102486528
1273514652832608257
1273514525317386240
1273514449912000513
1273514368026791937
1273514138484998149
1273513958088019968
1273513866878750722
1273513693507182592
1273513637886545920
1273513502439870465
1273513105738403841
1273512887450062848
1273512816872493056
1273512714774642688
1273512708466528260
1273512685360025602
1273512498487070720
1273512397219803137
1273512265300443136
1273511972127019009
1273511825754206211
1273511803268587521
1273511801175642113
1273511760817946625
1273511759085809664
1273511709395869696
1273511707952984065
1273511707869089792
1273511527186935808
1273511395011825664
1273511303060078597
1273510983621840897
1273510851908112384
1273510540665597952
1273510350957228032
1273510015693983745
1273510014670512128
1273509983209033729
1273509957082767360
1273509616987619333
1273509529238622209
1273509390742667264
1273509213503991808
1273509091474919424
1273509051268300801
1273508972637622272
1273508812977319937
1273508730655686657
1273508644634734593
1273508578754793473
1273508492381491200
1273508271748497409
1273508055431479296
1273508034317299713
1273508009759645701
1273507608163422208
1273507589041664001
1273507436838752256
1273507436356395020
1273506862172946432
1273506844070289409
1273506718559936512
1273506591212482562
1273506238270226433
1273506197312847873
1273506196989906944
1273505886070280198
1273505806575718405
1273505198162542595
1273505159214247936
1273505057837854720
1273504979089842177
1273504976707497984
1273504946143576064
1273504909766397952
1273504839897616384
1273504791445090305
1273504711505842176
1273504665863368705
1273504664844107776
1273504662172336128
1273504658569428992
1273504490923208706
1273504404818329600
1273504264120303616
1273504065159417857
1273503961358700544
1273503592029270016
1273503022874865665
1273502880155172864
1273502550046670848
1273502269821136896
1273502132562468867
1273502032100560896
1273501992866979843
1273501907676532737
1273501839095283715
1273501831830949889
1273501669360312321
1273501485729488897
1273501391974215681
1273501163892150275
1273501063568666624
1273500831413919744
1273500821284696065
1273500684957163521
1273500652883382273
1273500339946369025
1273500260787249152
1273500111860043777
1273500043350335488
1273499454994350082
1273499395078729728
1273499303957483520
1273499262379319297
1273499254003322883
1273499174332497920
1273499033705877504
1273498967851110401
1273498881389625346
1273498683213066240
1273498591525572610
1273498563775995905
1273498390559633408
1273498179636469760
1273498158832799744
1273498015211425792
1273497808650240001
1273497525723582470
1273497433700474880
1273497391912620033
1273497349114023940
1273497262971187201
1273497224438337537
1273497190774734850
1273497170541510656
1273497087443943424
1273497076337389568
1273496773164744705
1273496668562960384
1273496322331549696
1273496182095052802
1273495926745772034
1273495912619393026
1273495864875651074
1273495815370289153
1273495629805891585
1273495585333665792
1273495547480023040
1273495486167646208
1273494911195787264
1273494840265838592
1273494810192752641
1273494803318267904
1273494787123863553
1273494779779825664
1273494724599562240
1273494347816845314
1273494324496551936
1273493736899608576
1273493651872776192
1273493517445337088
1273493292064346112
1273493264868552704
1273493217942609921
1273493175311699970
1273493048698290178
1273492806657552384
1273492782024400897
1273492593045897220
1273492582560075783
1273492320483192833
1273492229076783104
1273492217726894080
1273492098097065984
1273492091616866304
1273491803807911937
1273491606881124352
1273491139002277888
1273490873314131968
1273490868075405314
1273490822529507328
1273490656619618307
1273490641012625413
1273490330537594882
1273490130750275584
1273489930652614657
1273489874088321024
1273489826218758144
1273489793188593665
1273489746669568001
1273489534894964737
1273489393005793280
1273489353621352448
1273489085286486017
1273489019150774272
1273489007377354752
1273488564618244097
1273488414445383680
1273488361626443777
1273488351165911040
1273487955882106880
1273487846058405888
1273487772272267264
1273487644694056960
1273487160356806656
1273487121114857472
1273486718629556225
1273486109562081280
1273486053853331457
1273486047045959687
1273485779139002368
1273485461319749633
1273485337394851842
1273485126102630401
1273485110294253570
1273485015092002817
1273485004748853248
1273484760380248066
1273484102641971200
1273484093536129026
1273484022296064000
1273483714144632833
1273483607307411457
1273483478936563712
1273483459709861889
1273483452168523776
1273483406878420992
1273482862910726144
1273482841054154752
1273482687047704576
1273482673491775488
1273482270528147457
1273482122880139265
1273481687155068935
1273481558373122049
1273481393327177730
1273481259906465792
1273481227622912006
1273480548770557953
1273480493011517441
1273480348681285632
1273480187221606400
1273480015435509760
1273479933709484032
1273479786468454401
1273479784966901766
1273479616351649795
1273479262075568135
1273479066981720065
1273478967840866305
1273478893974978560
1273478688470949888
1273478548087541762
1273478235913887744
1273477926122475520
1273477880882900992
1273477603219955714
1273477295588683776
1273477203838357504
1273476873763393536
1273476840221532163
1273476728585957377
1273476717722599424
1273476471030456322
1273476397714063360
1273476345327165440
1273476334468169734
1273476279958937600
1273476209100369920
1273476094533021698
1273475945316442112
1273475608287330304
1273475502515392512
1273475363767803905
1273475137396969472
1273474881779306498
1273474664376008711
1273474304680878082
1273473629808975872
1273473383586574336
1273473253986783232
1273473032464609280
1273472839593721856
1273472598471475200
1273470872624533506
1273470871299141634
1273470868409155588
1273470639161192448
1273470278023217154
1273469742431469568
1273469649297031169
1273469180700958720
1273468538532106246
1273468357954678793
1273468115389755392
1273468057575456771
1273467961198682112
1273467959676198913
1273467897931857920
1273467896098959361
1273467779971198983
1273467063328280576
1273466987956572160
1273466052899246080
1273466025682636802
1273465846606843905
1273463919252844545
1273463798637178887
1273463690700996608
1273463561046679553
1273463371308949505
1273463339511840769
1273463294234411009
1273463211073863681
1273462950783856640
1273462905711865856
1273462634994638849
1273462213332910080
1273460844580548610
1273460775206649857
1273460766180605955
1273460765014581248
1273460764460945408
1273458144253968384
1273457274573504513
1273456645079805952
1273456258989862913
1273456102190055426
1273456094866739201
1273455626438561795
1273455481672081408
1273455251333550086
1273453200289353728
1273453123437199364
1273452646540681216
1273451722229284865
1273451097647198208
1273450524902227968
1273450226280534018
1273449823451086851
1273449161673883648
1273446608320020481
1273444470965616641
1273443048391880704
1273441752985239555
1273440803067756546
1273437647747375104
1273436979556990976
1273436705622761472
1273434991238750209
1273434538761424897
1273433553783738368
1273431734093254656
1273431587410128902
1273431224019750914
1273430938085724160
1273430827238592514
1273428704413302790
1273428639053471746
1273428079520743424
1273427632353349632
1273424041727197184
1273423693193121794
1273423556894814209
1273421512519962633
1273419239794360320
1273418942938308608
1273418253457653760
1273418248676093952
1273416280356327424
1273415225891487744
1273414425685393409
1273413778667945986
1273413310680104967
1273412945855348736
1273412380005982209
1273411826764693505
1273411509918498817
1273410322532126726
1273410280777756672
1273408962906505218
1273408620500320256
1273408585159057408
1273408465940209667
1273408066608926721
1273407480429674496
1273407393033007110
1273406958465318912
1273406706169634816
1273406203733966848
1273405591692742657
1273405408502337537
1273405216910569473
1273405077139709954
