1321240183984001032
1321240122092912643
1321240076660211714
1321239959232196608
1321239896464515072
1321239894501609472
1321239873068650497
1321239836687323136
1321239779128844289
1321239754567012353
1321239692147306497
1321239365952118786
1321239283244609536
1321239251313397764
1321239103673958411
1321239086850580481
1321239045620617217
1321239010044502016
1321238979539292160
1321238638722768896
1321238594103685121
1321238537564491777
1321238476461846529
1321238440692850690
1321238332643356681
1321238087687655425
1321238086571929601
1321238014748741634
1321238007341568007
1321237785286725642
1321237761836388353
1321237755800752128
1321237719146704897
1321237668366266368
1321237527441920002
1321237353483145219
1321237344607940608
1321237260046635012
1321237246650077186
1321237113023680514
1321237099023114246
1321237055561674752
1321237014730166274
1321237011995545601
1321236979053416448
1321236940163874818
1321236931129344000
1321236822165463042
1321236812459843588
1321236750187044864
1321236714455764992
1321236676115599362
1321236600336994304
1321236514320384000
1321236486730207232
1321236464471101441
1321236453872029698
1321236443424083969
1321236422817390592
1321236413959016450
1321236363648344067
1321236323068481536
1321236312993779713
1321236250523770882
1321236095321989127
1321236092901683201
1321235949385383937
1321235856896741379
1321235806674128896
1321235784767315971
1321235710054191105
1321235666139832323
1321235399839240193
1321235294197370880
1321235189608140803
1321234970594205697
1321234881561636864
1321234852444856320
1321234812045299713
1321234639164506112
1321234562190659585
1321234140864327684
1321234088364253185
1321234015886757892
1321233477778497541
1321233465543659520
1321233402310414336
1321233277160742916
1321233256927399938
1321233046415298560
1321232995144110083
1321232871659573254
1321232869075963905
1321232823928426498
1321232799475662850
1321232759227076614
1321232281806274561
1321231889227780096
1321231761179815938
1321231565523951619
1321231562319548416
1321231496271798273
1321231463560499206
1321231206416044036
1321230939238916096
1321230471443959808
1321230239494774785
1321230203264376834
1321229973634617347
1321229783238365185
1321229732348919808
1321229600391921669
1321229435161448448
1321229275475881986
1321229133393911808
1321229005765386242
1321228966116659201
1321228916770656259
1321228792061460480
1321228717042130945
1321228613149171714
1321228384089841668
1321228212815515656
1321228195190984704
1321228183845457920
1321228163838550016
1321228122382098432
1321228037124427780
1321228024050864128
1321228002722783233
1321227980648206337
1321227907730182144
1321227640867590147
1321227450064527360
1321227382481735681
1321227314026455048
1321227097092882434
1321227043753893891
1321227000741318658
1321226984115097601
1321226909422936070
1321226767252815878
1321226710382235649
1321226518014689280
1321226458497470466
1321226348279586821
1321225947916476419
1321225920368250880
1321225635281469456
1321225578264121346
1321225274902695947
1321225056127602688
1321225038176133120
1321225032375455744
1321224986682630145
1321224939043696644
1321224931380789249
1321224772869623808
1321224667408044032
1321224429364518914
1321224243674259464
1321224028456161285
1321224015478951937
1321223759584497667
1321223674381422593
1321223390225702912
1321223367421267968
1321223354972540933
1321223275855466501
1321223051917352964
1321223020720082944
1321223017461067782
1321222204835667970
1321222201534763012
1321222067958747136
1321221998920519682
1321221939046866946
1321221867580043266
1321221790774034434
1321221749816598528
1321221710742507527
1321221672712708102
1321221669877354503
1321221578743566349
1321221573563584513
1321221507373215744
1321221398803656705
1321221388997459973
1321221311172169729
1321221225113391105
1321221071400587274
1321221010453123072
1321220978328932354
1321220936121651200
1321220846451609600
1321220800389808132
1321220786640793600
1321220761072422914
1321220692046684161
1321220553777254402
1321220326836129792
1321220325623898112
1321220162390032384
1321220157096812546
1321220108308697089
1321220108233134085
1321219719639240705
1321219491271946242
1321219432144920576
1321219369171619841
1321219211339964416
1321218955940417539
1321218885144764416
1321218870506643457
1321218788524773378
1321218776189337602
1321218623919316997
1321218501768523778
1321218443681685504
1321218360307310595
1321218266703024130
1321217978235584513
1321217926523998209
1321217789886124032
1321217766305767424
1321217723557388288
1321217707610640385
1321217697187831809
1321217643345575936
1321217609593954308
1321217542120157185
1321217433907142662
1321217292571652097
1321217201215516675
1321217089949044736
1321216970872803336
1321216965466271744
1321216931270168584
1321216862882025472
1321216849841950722
1321216775221055496
1321216724654579717
1321216693780287491
1321216671500111879
1321216618047963138
1321216520924647431
1321216428704436226
1321216375277441027
1321216297288540161
1321216279282331651
1321216270122012673
1321216245312770048
1321216080363294725
1321215714057859072
1321215603135389697
1321215503201980417
1321215287845441536
1321215216873594888
1321215157180211200
1321215144639254540
1321215070794403841
1321215029249794049
1321214967648059397
1321214869081915393
1321214842745856000
1321214725800296450
1321214725036847104
1321214699778772992
1321214699363618816
1321214598050185216
1321214569830928388
1321214446333734915
1321214263114039298
1321214222810947584
1321214205505216518
1321214182528831490
1321214181916446723
1321214181685809164
1321214159158157328
1321214098319777794
1321213947723370496
1321213933450133514
1321213823412510720
1321213730873577476
1321213684690157568
1321213655204188161
1321213557577555975
1321213412966305792
1321213284457041920
1321213160163053571
1321213112675115009
1321213098326396933
1321212987059982337
1321212817144504321
1321212787490770948
1321212737750487041
1321212713574584320
1321212650240573441
1321212647380000769
1321212581554593797
1321212546381172739
1321212545441636356
1321212515817279489
1321212492991860741
1321212465947021321
1321212451401146369
1321212363526311936
1321212345079730177
1321212312775204869
1321212296429973504
1321212175399243776
1321212035431059456
1321211998508560385
1321211937032708096
1321211920859316224
1321211861598048256
1321211859375136773
1321211851829661702
1321211754366599171
1321211751896068098
1321211677711454210
1321211645633400836
1321211574766456833
1321211568202407937
1321211553396514819
1321211506168614916
1321211463789432838
1321211423540785152
1321211221803192321
1321211162755813377
1321210819212910592
1321210681631363072
1321210673934835724
1321210577432256512
1321210537196269577
1321210443889823744
1321210256589004803
1321210223189786627
1321210167715876864
1321210154638057473
1321210126519468033
1321210063558791182
1321209916741292033
1321209911234252802
1321209857916239879
1321209857161236483
1321209855500296193
1321209800231968770
1321209680279097350
1321209634976387073
1321209622309621762
1321209559327952899
1321209544220020737
1321209497864601601
1321209487957676032
1321209407435345920
1321209280264097798
1321209247108157440
1321209233552166913
1321209223854886918
1321209220239417346
1321209114874302464
1321209087850328067
1321209078035763202
1321209071794573317
1321209059500912640
1321209059492663299
1321209010566107142
1321208839404998656
1321208838348046339
1321208662631829506
1321208553982615555
1321208541429010432
1321208486282350593
1321208465411506179
1321208465092714496
1321208319407759361
1321208312893984774
1321208310700384259
1321208310658420736
1321208282191712257
1321208280123932672
1321208044580200451
1321208004960833542
1321207952812986368
1321207876766097409
1321207800505225216
1321207760139259912
1321207757098356738
1321207748965605376
1321207741558493185
1321207691881160706
1321207604874481671
1321207594141257729
1321207586478346241
1321207581331869696
1321207511869988865
1321207500549619712
1321207412016193537
1321207385285971968
1321207353207934976
1321207352603926528
1321207317954703360
1321207312762228739
1321207279526547458
1321207263470718978
1321207244189478913
1321207161435885573
1321207012450095104
1321207011359494145
1321206865351593984
1321206628776116225
1321206590842818563
1321206565567975425
1321206532655165447
1321206529383682049
1321206445094899715
1321206290731933698
1321206280422391810
1321206279021494274
1321206271194837000
1321206215129600004
1321206191276654594
1321206180723785729
1321206069327241217
1321205941736513536
1321205790695411712
1321205715416059905
1321205500428623874
1321205431629434880
1321205383394926592
1321205371344703491
1321205326906097666
1321205267984429056
1321205212854525953
1321205146349531136
1321205137302585348
1321205118612766721
1321205113130799109
1321205039474438144
1321205035787759618
1321205030532296704
1321204868443496448
1321204644027183107
1321204621122162689
1321204598909112322
1321204564368986112
1321204512976183298
1321204501647446019
1321204489542684674
1321204477513400320
1321204468193648645
1321204466478157824
1321204465282764806
1321204439659720705
1321204433800335362
1321204428049973248
1321204321267163137
1321204295602216960
1321204084943237122
1321203981293682688
1321203876478025730
1321203821113184256
1321203816323289088
1321203730843344900
1321203679395983360
1321203675424055301
1321203651906514946
1321203610529792000
1321203543169224709
1321203532691886088
1321203514568310788
1321203446863876098
1321203292769185792
1321203117283856385
1321203115811610624
1321203112238059521
1321203019619438592
1321202872378413056
1321202760956653572
1321202752375193605
1321202740517834755
1321202594761576453
1321202464335515648
1321202339508854784
1321202324690391046
1321202286018834443
1321202250694463489
1321202224832405504
1321202145274793984
1321201989552951296
1321201979239157766
1321201958586339330
1321201957474865155
1321201934926290945
1321201917620617216
1321201858547953664
1321201850784325635
1321201745893183503
1321201659150802953
1321201396876746753
1321201360742817797
1321201347929296897
1321201263816679434
1321201117456453636
1321201107696308232
1321201055057793027
1321201011424415745
1321200966214012933
1321200907942580225
1321200875822551043
1321200872454606850
1321200859670339585
1321200788845301760
1321200769777995777
1321200674659590145
1321200662282121224
1321200598230966272
1321200552022364160
1321200522817359873
1321200521038974981
1321200458392834053
1321200420270866434
1321200370362863616
1321200312976363522
1321200263341002752
1321200185796661248
1321200139919364096
1321200128238247938
1321200112673148931
1321200093253521411
1321200088597827588
1321200077357109251
1321199928794894341
1321199904681840640
1321199895580151809
1321199848331292680
1321199769406980097
1321199759231799301
1321199756018929672
1321199714839285760
1321199670509604865
1321199632517652481
1321199579380011010
1321199553379471366
1321199546358181888
1321199425423843332
1321199141255565320
1321199017326510084
1321198997550387202
1321198926708527104
1321198908798894080
1321198847323000833
1321198816377348098
1321198786882973696
1321198766607781889
1321198747838255112
1321198602258141186
1321198599435395073
1321198524088934404
1321198343498960899
1321198303002984455
1321198282543144961
1321198263337390084
1321198240600121344
1321198204923355140
1321198159759106051
1321198135687974915
1321198067194974214
1321198066922389507
1321198035557326854
1321197932633272321
1321197888706351104
1321197833970745344
1321197770422759424
1321197666131451904
1321197586343174146
1321197526201020416
1321197456974094346
1321197417123975168
1321197324991975424
1321197315487576071
1321197257467875329
1321197076668207112
1321197026315587584
1321197017322979330
1321196713344905216
1321196693006786560
1321196541265235970
1321196509036236800
1321196344200044544
1321196299069378560
1321196294459764739
1321196267477864449
1321196212838637572
1321196142122729476
1321196061587873792
1321195913516322819
1321195717336203267
1321195628236574720
1321195468068708352
1321195408840937472
1321195376632832002
1321195226929762305
1321195174580670464
1321195165156052992
1321195164866617348
1321195115336081409
1321195094788198400
1321195092091281409
1321195082259857411
1321195005852196865
1321194985753116675
1321194932586057731
1321194927410147330
1321194913233514499
1321194754827309058
1321194682420989955
1321194642990399494
1321194608982958084
1321194606604726272
1321194450006249473
1321194402874875907
1321194400853020672
1321194399120896000
1321194394167463938
1321194385409773569
1321194350236323840
1321194302463238144
1321194062163157000
1321194061412392961
1321194044748369923
1321193996581015553
1321193981636681729
1321193964414947330
1321193874690289664
1321193869514579970
1321193846961831937
1321193795879391234
1321193789994795011
1321193712546959363
1321193673858682880
1321193665964969994
1321193633207459842
1321193602907803652
1321193600647135232
1321193446514851843
1321193419985821696
1321193404219465733
1321193386536247306
1321193340717715457
1321193220500574212
1321193175181123586
1321193166473711617
1321193099503304704
1321193062467514370
1321193009116053505
1321192993894862852
1321192905801945088
1321192840265895936
1321192757948567554
1321192648770605057
1321192313863999489
1321192313364860930
1321192165574365187
1321192160599957516
1321192111925022720
1321192100277460992
1321192064034447362
1321192046112243713
1321191956886757382
1321191922795454466
1321191897604509704
1321191826636853254
1321191779660685315
1321191748006281216
1321191705111072772
1321191656675311616
1321191632100872194
1321191624735641603
1321191591265013760
1321191585590239235
1321191583719587840
1321191569907716096
1321191562987118592
1321191538634969090
1321191538358161409
1321191486688559104
1321191468741070849
1321191330148659200
1321191252193353730
1321191236569477120
1321191217821003777
1321191208639750144
1321191157133619202
1321191152725434369
1321191073943793679
1321190880640978944
1321190877428146178
1321190877365231623
1321190853549973508
1321190818745667584
1321190803960680448
1321190785358958594
1321190729457258497
1321190651267076096
1321190585441681418
1321190584179138560
1321190581545160708
1321190441623179264
1321190412778917888
1321190315500457985
1321190261771350020
1321190247036837893
1321190173087047680
1321190128518369280
1321189812926369798
1321189662568992774
1321189450119106566
1321189443961786377
1321189407899164680
1321189404589936641
1321189342228946946
1321189244694650885
1321189195633827852
1321189091833188352
1321189073202089985
1321189008966361099
1321188889806180353
1321188880935243781
1321188762077061130
1321188726161182726
1321188686021754883
1321188641037799424
1321188534842281984
1321188518484496387
1321188415107485702
1321188350196416513
1321188311449391107
1321188293204234249
1321188278377320448
1321188198085787648
1321188147326234624
1321188106243084288
1321188054028165125
1321188042242203649
1321188029323710465
1321187954157625344
1321187895252787201
1321187786976800768
1321187701907988480
1321187635528929280
1321187587927715840
1321187519904493569
1321187465638649856
1321187375368855553
1321187369320697862
1321187353109680129
1321187137216237570
1321187123064655877
1321187120346763264
1321187115955326978
1321187028931874822
1321187001610211330
1321186977505529858
1321186865588916224
1321186657576603649
1321186604371877889
1321186595077296138
1321186541486534656
1321186538282168328
1321186497710665732
1321186397382991873
1321186374884728834
1321186318022565889
1321186305787809793
1321186263412649986
1321186170483707904
1321186027109785602
1321186023502680070
1321185991324012554
1321185952241471494
1321185942535839747
1321185922839359493
1321185826869489665
1321185711647850496
1321185678735134721
1321185657776185352
1321185634082525192
1321185549173096452
1321185525793988608
1321185518718210052
1321185501563490318
1321185469925871616
1321185401059639303
1321185286462857222
1321185248416354305
1321185153595678726
1321184991125086208
1321184984720416769
1321184933042360327
1321184897801871363
1321184879174975490
1321184871902052359
1321184798124232704
1321184674799063040
1321184665840111625
1321184641685037057
1321184451746025475
1321184335479918592
1321184285773225984
1321184282447106051
1321184218018435083
1321184146056794119
1321184110031835140
1321184077798670343
1321183988678119426
1321183948244963330
1321183697773744132
1321183646250840070
1321183636113207299
1321183626470608901
1321183599643807746
1321183593025163266
1321183553590333441
1321183516193923073
1321183509554319361
1321183430315560963
1321183387076485126
1321183361310904320
1321183349331865601
1321183342038011904
1321183161439735810
1321183038097756162
1321182981868949508
1321182920103600130
1321182909160632333
1321182799911596034
1321182704789082115
1321182537750843400
1321182493614264325
1321182493526106115
1321182407559680006
1321182340186546181
1321182280136773637
1321182261564329986
1321182112549163017
1321182063702298629
1321182018001141760
1321182010765922310
1321182006835892226
1321181857103388672
1321181845954924546
1321181802694909954
1321181702266511363
1321181585895469059
1321181559312048128
1321181558884229123
1321181558695481348
1321181545181417472
1321181499039846403
1321181358358749184
1321181303836971009
1321181250217009152
1321181214745743361
1321181157887795200
1321181123569950720
1321181028644474880
1321181008826388481
1321180978908438533
1321180925510754311
1321180912084803584
1321180895680864257
1321180842954293251
1321180821324259331
1321180762507497476
1321180597193220104
1321180548266602499
1321180462115627017
1321180445095190528
1321180365562806275
1321180351398555650
1321180260562391040
1321180236264935424
1321180155222593538
1321180124696510464
1321180122104401920
1321180036305739776
1321179960669855745
1321179868210614277
1321179666317803522
1321179635300880386
1321179634705289217
1321179629164597249
1321179520528011274
1321179326054883332
1321179197298118657
1321179131862831104
1321179071800377344
1321178946084491265
1321178909405286404
1321178850202701825
1321178810239356929
1321178751321935875
1321178594329219073
1321178179327983617
1321178153772064768
1321178143034642433
1321178116228812800
1321178045672267778
1321177936339324928
1321177927891996675
1321177859310964738
1321177767220830208
1321177745079046147
1321177721255452675
1321177716683669510
1321177716285202440
1321177674979676161
1321177628364181505
1321177547883876353
1321177452346040323
1321177418313404421
1321177408461066241
1321177396523970562
1321177377779654657
1321177156525924352
1321177011352752132
1321176992079904768
1321176984861450240
1321176905761148929
1321176781710348288
1321176705390792704
1321176684205395969
1321176567666626560
1321176448359649283
1321176404193644546
1321176144243249152
1321176073728675843
1321176029961080832
1321175905771945985
1321175897366536193
1321175854228135944
1321175837144764418
1321175802877071360
1321175792072744961
1321175723885895680
1321175645028782082
1321175540284489731
1321175526992740359
1321175508533600257
1321175495120244736
1321175370708733954
1321175194547965952
1321175051731931136
1321174999781302276
1321174977689825283
1321174877622194177
1321174730532098048
1321174723984793604
1321174699024486402
1321174631664017409
1321174604367450115
1321174509869817857
1321174262082904070
1321174163244175362
1321174125038231554
1321174011708059651
1321174001243295744
1321173952740339712
1321173892526936066
1321173879247785987
1321173756895809537
1321173632115216384
1321173628180942849
1321173513345077248
1321173510526480390
1321173405626998784
1321173218900824065
1321173212370272260
1321173143512297476
1321173083902926853
1321172958333775873
1321172488403996678
1321172404610191370
1321172332023611402
1321172320938008577
1321172297928028161
1321172247973896198
1321172236590555137
1321172218743803907
1321172204671979523
1321172165505568772
1321172097557811200
1321172090473439232
1321171869404418049
1321171864883003393
1321171806103998465
1321171684376907777
1321171655306170375
1321171631457402881
1321171612025163779
1321171610217418755
1321171606358626310
1321171551258136576
1321171545138540544
1321171543641202689
1321171307975888897
1321171100810858499
1321171061786988547
1321170933793607681
1321170908803928064
1321170825618345990
1321170786057654278
1321170690469482497
1321170664351477761
1321170634093830146
1321170541185818624
1321170486718615552
1321170444981063683
1321170345039220737
1321170291716984836
1321170284293087234
1321170180702195720
1321170070710689803
1321170062624100352
1321170058144583680
1321170049919582213
1321170030105710592
1321170001051701248
1321169995515207683
1321169973767712779
1321169916813316096
1321169906549796871
1321169865672151041
1321169846315503620
1321169807576911873
1321169764790788100
1321169648608514051
1321169643416018944
1321169627880300544
1321169523953815558
1321169499920470019
1321169399299100685
1321169398619639810
1321169397587783682
1321169376268193793
1321169335621242880
1321169281971879939
1321169144876851201
1321169046658813952
1321168962693025793
1321168816177643520
1321168802428686338
1321168748179558400
1321168742856990721
1321168705116659714
1321168683947929607
1321168670207389696
1321168618944663553
1321168585448951809
1321168438782513152
1321168425742442496
1321168409560834049
1321168359736725507
1321168344414867458
1321168327700553735
1321168305944776704
1321168184708354048
1321168147437752320
1321168147408424962
1321167940792819718
1321167911420088322
1321167689210056704
1321167646566551555
1321167602144731137
1321167541457149953
1321167527767166977
1321167432862601218
1321167340139094019
1321167246501269509
1321167195251052544
1321167124400951302
1321166951746576385
1321166908918538248
1321166805205950467
1321166779448774661
1321166758984777728
1321166708774756358
1321166634111873025
1321166611508875264
1321166371934359552
1321166362052612100
1321166353500459008
1321166338749063168
1321166327512506370
1321166320575139840
1321166262467264512
1321166198730563584
1321166103893184513
1321166012608319488
1321166005545172992
1321165927791157251
1321165836003004416
1321165815203483648
1321165587054297098
1321165533652332551
1321165354572402688
1321165257138708481
1321165233545760769
1321165005258182661
1321164912475983878
1321164907820261378
1321164855072722944
1321164845547474945
1321164825104404482
1321164766015037440
1321164674491207682
1321164626441211904
1321164598091939841
1321164456739655684
1321164437869498373
1321164318486990849
1321164204951457794
1321164123988742145
1321164113280667649
1321164068795928576
1321163997702336512
1321163993155817474
1321163737517166592
1321163735185186816
1321163671322693632
1321163620835827713
1321163496990609408
1321163463222349825
1321163460739272706
1321163407450583044
1321163366996598784
1321163302161043459
1321163292556091398
1321163277246910467
1321163028654628868
1321162944865095681
1321162796864835584
1321162757526401027
1321162747372097537
1321162662089248774
1321162653524463617
1321162638450184194
1321162613087227913
1321162574759690244
1321162539774939144
1321162474016702471
1321162449157033988
1321162444186726400
1321162411580280832
1321162384745136131
1321162320467341312
1321162302033461248
1321162256005083137
1321162240544956419
1321162233553031168
1321162212640198662
1321161981299171329
1321161913594597376
1321161837115854857
1321161772338958341
1321161620266078213
1321161595511332864
1321161588381016067
1321161583582695426
1321161576355823616
1321161524757647361
1321161378577682432
1321161328980037632
1321161271325188100
1321161210214125574
1321161151057711108
1321161063988142083
1321161042685296645
1321160999647531013
1321160951614373888
1321160939467501569
1321160910791233537
1321160830877077504
1321160827639128071
1321160689851994117
1321160674622513155
1321160668687540228
1321160615600279552
1321160486612815872
1321160437350731777
1321160388352901120
1321160351107436547
1321160322531663872
1321160289052692480
1321160261529731072
1321160154990235648
1321160051432718342
1321159979567587333
1321159953059557379
1321159931001737219
1321159839511384075
1321159739414335488
1321159565807935493
1321159477857574913
1321159371938766850
1321159332420063235
1321159274098249729
1321159246663372802
1321159227658948617
1321159152454885377
1321159038797811717
1321159025518649347
1321159020611338242
1321158992618573831
1321158953972178944
1321158928936423424
1321158748489064454
1321158620361404417
1321158583086731266
1321158567764905984
1321158490371575810
1321158447304499202
1321158359521910785
1321158286176100354
1321158278047555584
1321158253015781376
1321158228454027266
1321158213702660103
1321158166831353856
1321158111290400768
1321158009440055298
1321158002964107265
1321157997658312705
1321157981124194304
1321157915303153668
1321157847049293826
1321157757643403266
1321157752190808066
1321157636801351685
1321157570019676162
1321157564126679043
1321157535311777793
1321157393712058369
1321157245019869186
1321157225516335107
1321157221682696192
1321157177223139329
1321157058822111232
1321157027566133250
1321157002534494209
1321156999707611136
1321156960650223617
1321156913107767297
1321156877229662209
1321156802935951364
1321156776859967494
1321156596370755585
1321156490552610820
1321156459049177093
1321156427445080066
1321156425557676037
1321156404598722565
1321156272692092937
1321156200629702656
1321156079343063042
1321156040587694086
1321156035038613507
1321155968999301120
1321155815286448130
1321155807027879936
1321155690749190147
1321155654208376832
1321155552593018881
1321155465166938113
1321155450977603588
1321155240477995008
1321155166683435009
1321155166511517698
1321155031660376065
1321154951503093760
1321154899271364608
1321154820057812994
1321154790630588425
1321154720547962880
1321154700260114433
1321154697915473922
1321154646224867330
1321154614025179143
1321154597789061121
1321154557003681793
1321154499793354760
1321154429836500993
1321154402145705985
1321154353470820353
1321154351524577280
1321154348970397697
1321154311993368576
1321154177175834625
1321154138663718919
1321154110100541441
1321154003976232966
1321153920383766530
1321153859536998414
1321153842038378498
1321153816507621381
1321153802641285129
1321153749830803460
1321153698018582531
1321153663738458114
1321153643933028355
1321153555047337987
1321153490283073544
1321153488529838085
1321153472297865219
1321153432309387264
1321153374339948544
1321153327846117380
1321153326134820865
1321153311383408640
1321153271638167554
1321153190587498496
1321153173453709313
1321153146182373377
1321153038367772676
1321153036312584193
1321152845891178498
1321152749342437379
1321152660758765576
1321152620250234885
1321152582174281731
1321152514377555969
1321152465958555649
1321152404109381632
1321152268645945345
1321152217420832774
1321152026101899267
1321152021152649217
1321152003674984449
1321151989179437056
1321151938046627842
1321151866911313924
1321151846585651201
1321151821981777922
1321151680789008391
1321151566934614018
1321151463041781760
1321151431634812930
1321151411686674436
1321151289867337731
1321151023818416128
1321150893266472962
1321150877927878656
1321150862283186178
1321150625003016192
1321150270978596868
1321150199981613057
1321150038077296643
1321149985510010881
1321149882133024776
1321149734791319558
1321149586531061762
1321149417580318722
1321149395010834440
1321149369895292929
1321149231575539724
1321149106841149444
1321149085659893765
1321149005590634496
1321148934337794048
1321148890528260096
1321148859129696264
1321148806566731776
1321148754376970241
1321148717668421637
1321148611191853059
1321148604506132484
1321148457319583752
1321148416349655042
1321148374989606912
1321148362004045825
1321148289866174464
1321148238041387014
1321148105262309377
1321148084362092549
1321148082948624389
1321148050140733441
1321148033636204551
1321147978690764800
1321147969438101513
1321147966263054337
1321147943001432067
1321147931450396674
1321147924508803072
1321147916548034561
1321147708493750279
1321147641116401665
1321147536304861184
1321147465626718209
1321147404884824064
1321147375054954496
1321147256557445123
1321147218074718209
1321147211921674240
1321147179738845184
1321147145647542272
1321146999656321026
1321146985232191490
1321146940596330496
1321146905871732736
1321146833855500290
1321146828189016066
1321146797042130944
1321146698056519686
1321146637918609412
1321146636735860737
1321146627051180042
1321146607761526786
1321146574060343303
1321146364223541250
1321146288692408320
1321146230471335937
1321146178717786118
1321146155439448067
1321145957698965506
1321145837632847873
1321145771832561664
1321145746192781318
1321145684624613378
1321145639972052992
1321145590567325697
1321145465392500737
1321145444190375938
1321145253492121605
1321145221892235264
1321145141802008576
1321145054329819138
1321145001091411970
1321144972800937986
1321144930614550530
1321144788821921794
1321144633347448832
1321144576384684035
1321144482167967745
1321144473569628161
1321144326219595777
1321144236226457601
1321144204748312578
1321144135844245505
1321144134736949250
1321144122049253376
1321144051027091457
1321143893426098181
1321143875021492231
1321143857187344389
1321143833984409601
1321143824559886336
1321143688001736708
1321143594686754820
1321143569739120641
1321143513459892227
1321143467859447811
1321143464327860229
1321143394756890625
1321143353203970050
1321143352453140481
1321143346585358338
1321143218361290754
1321143158403665921
1321143126271119361
1321143108533395458
1321143090904793094
1321142970096193542
1321142830195245059
1321142785383215105
1321142692626206721
1321142689514065921
1321142654369959941
1321142523310604293
1321142316774707200
1321142109139804164
1321142088755458049
1321142023542460418
1321141942772813824
1321141888498442247
1321141881749856259
1321141833196515337
1321141771456438274
1321141754184241152
1321141717920288769
1321141697179430913
1321141689583570947
1321141629265367042
1321141536839655429
1321141491478253580
1321141467549716485
1321141400877080580
1321141373173665792
1321141140343672834
1321141138363949057
1321141050854023175
1321141013386268673
1321140948223643652
1321140643389997058
1321140569897422848
1321140465656303616
1321140425319686150
1321140387545784323
1321140372173709314
1321140295598280709
1321140149263257601
1321140065536540676
1321139976000720898
1321139899781795841
1321139806529822723
1321139789912023040
1321139700468428808
1321139690075021313
1321139659230138371
1321139597418635267
1321139558814240770
1321139323597692931
1321139244564434944
1321139172749516802
1321139158346305539
1321139118567542785
1321139083440214019
1321138980562362369
1321138964229599232
1321138765801394182
1321138658804699137
1321138633890562049
1321138541913645056
1321138485072400384
1321138429934055430
1321138352918274052
1321138332961775616
1321138247368609795
1321138241152684032
1321138233053483015
1321138213101228036
1321138190246436867
1321138188434460675
1321138056636878852
1321138003763437569
1321137928949637120
1321137849354186752
1321137845730463744
1321137712670322688
1321137686367916034
1321137625844097026
1321137466640900097
1321137416091144193
1321137391797702657
1321137380825485317
1321137289096056833
1321137270775259136
1321137254790766592
1321136971197091840
1321136952851267584
1321136952536608773
1321136814904758274
1321136730821591041
1321136604883333120
1321136593130921984
1321136562885791747
1321136489477165057
1321136449291509760
1321136436494610433
1321136317993013250
1321136293028548611
1321136284258193408
1321136239328792576
1321136076937961474
1321135868292321284
1321135605837975552
1321135584451174403
1321135524049027072
1321135435490492416
1321135378993160196
1321135284554268679
1321135277486809090
1321135222793113602
1321135194703826955
1321135138776977408
1321134950624755714
1321134881921994752
1321134862200352773
1321134819879866369
1321134796043624448
1321134735779876865
1321134718876790792
1321134679999811584
1321134480078360576
1321134365125103617
1321134261454413827
1321134113693356033
1321134014187610113
1321133994201784321
1321133961402327040
1321133859510145024
1321133849502429184
1321133830280007684
1321133606018961409
1321133557587333124
1321133348937519104
1321133178627739649
1321133085174484992
1321133047568343045
1321133034402435074
1321132961538936839
1321132952106029060
1321132904030916608
1321132865564905479
1321132821554077699
1321132750624141313
1321132647570120704
1321132573830107147
1321132486018142209
1321132413821530117
1321132403545563136
1321132372444807170
1321132327544696836
1321132267721379840
1321132099961847812
1321132070018686976
1321132057146331141
1321131871183523841
1321131732473708546
1321131656938508288
1321131344051818498
1321131283871899657
1321131169455419393
1321131112849121281
1321130939515342849
1321130672191348736
1321130665996390401
1321130641543569408
1321130585411244032
1321130506621227010
1321130312760516609
1321130125719674881
1321130060296978432
1321130023986679808
1321129959071584257
1321129776040579075
1321129748181983238
1321129677902274561
1321129621438550016
1321129618544431104
1321129469508308997
1321129456833101828
1321129158995546112
1321129111918678018
1321129000127860736
1321128567200165888
1321128499445436418
1321128494751993856
1321128415030816768
1321128346252697601
1321128313566449664
1321128246730215437
1321128027657400326
1321127929586294786
1321127777089822724
1321127716977025024
1321127703525937154
1321127638765887488
1321127636643598339
1321127613692338177
1321127536290648066
1321127533144932365
1321127390051999745
1321127332162293760
1321127219666817028
1321127050900549633
1321127006352871426
1321126979941388288
1321126922362015749
1321126752110915585
1321126648364879879
1321126453719764999
1321126438364422145
1321126432152653824
1321126241202786304
1321126240544325633
1321126228108128257
1321126036621434883
1321126015574315009
1321126010734206976
1321125955457425409
1321125937036087297
1321125889803907072
1321125657573761031
1321125435917410304
1321125281206280193
1321125102126354434
1321125005011439618
1321124908043304963
1321124822374645761
1321124653847465984
1321124646520082435
1321124396484988929
1321124392538116097
1321124348867072000
1321124342563065859
1321124307674779649
1321124216809377792
1321124136463306752
1321124100144799744
1321123951683293187
1321123911896080385
1321123888978399232
1321123852731244549
1321123835899486217
1321123767444250630
1321123702638059523
1321123563622064130
1321123417685372928
1321123379982835714
1321123345967054850
1321123261141389312
1321123227452715009
1321123155784728576
1321123079792349186
1321123055041683458
1321123022279946240
1321123021680201729
1321122930353410052
1321122918919798784
1321122843850121220
1321122806244016128
1321122803823857664
1321122743451004932
1321122699633168384
1321122690523107329
1321122657316855809
1321122604074340353
1321122577805434883
1321122502261788673
1321122478694014978
1321122287131729923
1321122227136376838
1321122208715071489
1321122191111585793
1321122105832951808
1321122087063486464
1321122040972251136
1321122015869325319
1321122013705052160
1321121931769323520
1321121850882203650
1321121698352140290
1321121619214028804
1321121492420206593
1321121424476655624
1321121413265264640
1321121368398770185
1321121202597990403
1321121113439637504
1321121097736167426
1321120963736543233
1321120957159874561
1321120948842627077
1321120921869049856
1321120663688630274
1321120588413444096
1321120552157728769
1321120545941979143
1321120539629543426
1321120512639176704
1321120510344859648
1321120365796577283
1321120259571617792
1321120232426135552
1321120123059654656
1321120055195848705
1321120050972184578
1321120049776787456
1321119965508968449
1321119868331167744
1321119779365789698
1321119736827183104
1321119701188173825
1321119672192897026
1321119615267852289
1321119573987512321
1321119573987500033
1321119519973277701
1321119470648201216
1321119465468268551
1321119421545545728
1321119308643241990
1321119240112513024
1321119207698898945
1321119186127593478
1321119123733123074
1321119100148588546
1321119064211804167
1321118990756884480
1321118910687649792
1321118760305119238
1321118729812496390
1321118704202113024
1321118533758181380
1321118529123454977
1321118443584868354
1321118220754034690
1321118206132629504
1321118188751491072
1321118181927407619
1321118134045184001
1321118075702386688
1321118049953554438
1321118011701501957
1321117947700617219
1321117819111677953
1321117579377889280
1321117524898074624
1321117466043555846
1321117433965514752
1321117346908561408
1321117201873645568
1321117184295358465
1321117149872750594
1321117139982446592
1321117127013793793
1321117104783896576
1321116882146152448
1321116594232328195
1321116567338442755
1321116541895757824
1321116278120194048
1321116155457769472
1321116142715334656
1321116031717412864
1321115989573013511
1321115980383326210
1321115939459485702
1321115886464520192
1321115819976347649
1321115708244267008
1321115688237490179
1321115671162400769
1321115600643629058
1321115508813582336
1321115120815247360
1321115042721529858
1321115005195034625
1321114990921818112
1321114989076336642
1321114764584640514
1321114763791917056
1321114668019208195
1321114514218229760
1321114443804299266
1321114302959570944
1321114231777988608
1321114200387801088
1321114145270517761
1321114056187613184
1321114052689612800
1321113970070138882
1321113863627091969
1321113810644729857
1321113787651530757
1321113663139438592
1321113653370855434
1321113548035104769
1321113546298691584
1321113500861800451
1321113483396685824
1321113451096346626
1321113317243555841
1321113290756497409
1321113236293431297
1321113218404724736
1321113218077655040
1321113180018479104
1321113102801317889
1321112966398464002
1321112960648007680
1321112937738764289
1321112910203179008
1321112896567468034
1321112773330456577
1321112680527204357
1321112349772795906
1321112202582106113
1321112189722415105
1321112162602016769
1321112123280396296
1321112067403927552
1321111952953925633
1321111883487862787
1321111819776307202
1321111645079429120
1321111637735182336
1321111601202798595
1321111580034162688
1321111394360696832
1321111356523880451
1321111178060455936
1321111054466895872
1321110964566183939
1321110896949809153
1321110854734127108
1321110788254453768
1321110762455269377
1321110759435284481
1321110672474865664
1321110668574138371
1321110602027327494
1321110341514907650
1321110303518711810
1321110299064283138
1321110297717940225
1321110280877838336
1321110207284600838
1321109927595810818
1321109901654040583
1321109875599024131
1321109806506192903
1321109739254796288
1321109702378508289
1321109685928402944
1321109600851140609
1321109479954546692
1321109437352955904
1321109397515476992
1321109318905856000
1321109205676425216
1321109140106809346
1321109137430847488
1321109127460982785
1321109110834778112
1321109021709930504
1321108947139440642
1321108914667139073
1321108886435307521
1321108682269216771
1321108659271835649
1321108616095637504
1321108603877642240
1321108574081265666
1321108512597004289
1321108503667363841
1321108453088251904
1321108408427290625
1321108160200015876
1321108140495147009
1321108087886020615
1321107964443373568
1321107815033917440
1321107758758985729
1321107733484097536
1321107688600805381
1321107613694763015
1321107561806991361
1321107523055849472
1321107483524476935
1321107474838147072
1321107450137874437
1321107295821025283
1321107170730123266
1321107011556282369
1321107006875459584
1321106856308297728
1321106824750419969
1321106798443667462
1321106764079812616
1321106703300120578
1321106662044930049
1321106640364556292
1321106607741218817
1321106558504341504
1321106332330713089
1321106319089274881
1321106150880907265
1321106062632751105
1321106057041686528
1321105936052822016
1321105908122980352
1321105826401210371
1321105737867763714
1321105692393177088
1321105663003676677
1321105657601396737
1321105631701536768
1321105624873226242
1321105434665734150
1321105395092463616
1321105292952821761
1321105250833543169
1321105207707787265
1321104919634522113
1321104896461099008
1321104780220092417
1321104742953717763
1321104719704674304
1321104660606914563
1321104660581724161
1321104552066764802
1321104475243876353
1321104435918102528
1321104382075822081
1321104366829359104
1321104263595106304
1321104184612192262
1321104164806643713
1321104160960532480
1321104078932496385
1321104068052426752
1321104057189191680
1321104008648527872
1321103953413787648
1321103718146842625
1321103681941577732
1321103599771025409
1321103546515939329
1321103499418050561
1321103431797452801
1321103425665441795
1321103408498122752
1321103318530334723
1321103314348609536
1321103255175389185
1321103249043312641
1321103093564690434
1321102984982519810
1321102980356210688
1321102978166759426
1321102863402176512
1321102671328235525
1321102586171314178
1321102215046746112
1321102113758449672
1321101776939089920
1321101730621411329
1321101724401180672
1321101657229434881
1321101652187926544
1321101639491538944
1321101582113607681
1321101550547292166
1321101540271263744
1321101494536577037
1321101390681440258
1321101385958645761
1321101367243640834
1321101307453808640
1321101300101271553
1321101252214870016
1321101195776299010
1321101048157753344
1321101006386679809
1321100956243841026
1321100458069495808
1321100275906695169
1321099970385240064
1321099859714330624
1321099781863866368
1321099766881755138
1321099756442128384
1321099715870625795
1321099621133881344
1321099545858789381
1321099525919023107
1321099489135001601
1321099320356179972
1321099138268803076
1321098917560332288
1321098896387563520
1321098882818936834
1321098761179926529
1321098724102279170
1321098721392758784
1321098529121669120
1321098521504849920
1321098512130592769
1321098505096712193
1321098424389914624
1321098407033901057
1321098358111522816
1321098269133594624
1321098226800406529
1321098189303386117
1321098188217061379
1321098097167159298
1321098087293689861
1321098072332640258
1321098058378215426
1321098035716329473
1321098018955866114
1321097859417210881
1321097817239310336
1321097623420440576
1321097511336058880
1321097466423451651
1321097436937494528
1321097419308847105
1321097370436849664
1321097326165897217
1321097308486983683
1321097281395937280
1321097229671796736
1321097181479243781
1321097168443375616
1321097135866208262
1321097125653078018
1321097125032349696
1321096908044193795
1321096848988381185
1321096832383127553
1321096773952307200
1321096617995489281
1321096579814690816
1321096418929594370
1321096223210852355
1321096068566757381
1321096060421369856
1321095969220530177
1321095920491134977
1321095894528368643
1321095851087962112
1321095815310573569
1321095770087559170
1321095757794054158
1321095733295108102
1321095676411916289
1321095587329179649
1321095547017711617
1321095467636269064
1321095466495430657
1321095455971921920
1321095297280462848
1321095278041145352
1321095106330611715
1321095014328487937
1321095000004939777
1321094902965538817
1321094845474230273
1321094833067429890
1321094824955727873
1321094810355249154
1321094726934794245
1321094548966301701
1321094525188771841
1321094348696702983
1321094341100736519
1321094307198238729
1321094291079516161
1321094215531663365
1321094191615746048
1321094190231654405
1321094116466397198
1321094028771864577
1321093919472574464
1321093704212500486
1321093662676312073
1321093402897899533
1321093380638728192
1321093318969905156
1321093256667648001
1321093217752932355
1321093215483764739
1321093184458498051
1321092992678219790
1321092981743620096
1321092961380290571
1321092817876361216
1321092777661419520
1321092681955762178
1321092587227435010
1321092508244451331
1321092266606342144
1321092096720338946
1321092047357562882
1321091923814322178
1321091781786783746
1321091733699121163
1321091591478587397
1321091581659750404
1321091521781911552
1321091492052639753
1321091468208099328
1321091461585186817
1321091449220378625
1321091143501860870
1321091135616487432
1321091048555372552
1321091007329554434
1321091005521821696
1321090989331763203
1321090895849148418
1321090865746628610
1321090857362219013
1321090816752914433
1321090807617753091
1321090792551796739
1321090786763722755
1321090709626212374
1321090701879349248
1321090595197255680
1321090528088305672
1321090500569538563
1321090387193303043
1321090346223308801
1321090335301390338
1321090333569175552
1321090319593721859
1321090292456562689
1321090256767193088
1321090179290013706
1321090074524721152
1321090017666674690
1321089956840878081
1321089949337325573
1321089932589436930
1321089932149039109
1321089865879064579
1321089856160804869
1321089817069965316
1321089772857733122
1321089766973198337
1321089758077046785
1321089696026546188
1321089680859893761
1321089668717465604
1321089593253519367
1321089574899048448
1321089567378857986
1321089566036688905
1321089564866498562
1321089473615155202
1321089438219460614
1321089426873819144
1321089409446535168
1321089380002549768
1321089352546553857
1321089296175190016
1321089274146627589
1321089249098256390
1321089169897246720
1321089167183519744
1321089060111339526
1321089055518531585
1321088982709620736
1321088956595904516
1321088821585477632
1321088773904650243
1321088745425276930
1321088726555119619
1321088707630387200
1321088701926178821
1321088696431579138
1321088643042299905
1321088627179487235
1321088608581931012
1321088510724591616
1321088461475057664
1321088372362891269
1321088269451407363
1321088157480353792
1321088082985295872
1321088069265707009
1321088017369600009
1321087985497112577
1321087910096101376
1321087856174112769
1321087852629970950
1321087821587849217
1321087788947771396
1321087683083575297
1321087582789316610
1321087568864288775
1321087525256077320
1321087478347030533
1321087459036483585
1321087441852399620
1321087412806782977
1321087404615344133
1321087392854511622
1321087357471305736
1321087301531914240
1321087286000422918
1321087228307755008
1321087100037509120
1321086918935937024
1321086876158201856
1321086867660562433
1321086860245012481
1321086743312031757
1321086671392247808
1321086662240337930
1321086553737887745
1321086504815497217
1321086447852675075
1321086396556283910
1321086253840945161
1321086238091333636
1321086226057887746
1321086223088259083
1321086174237233156
1321086107006701568
1321086020369158145
1321086013402394626
1321085762641776640
1321085722091266049
1321085640352694275
1321085606936588290
1321085557078953984
1321085548535205892
1321085362446438400
1321085136503480326
1321085135748562948
1321084894517362693
1321084737260322816
1321084736522145800
1321084700228800512
1321084673464913923
1321084623179386881
1321084564119445505
1321084522725855232
1321084518296702978
1321084451967979522
1321084422238687240
1321084380778029059
1321084217414033412
1321084207762952193
1321084093786935303
1321084067459325953
1321083916112060417
1321083852077543431
1321083831538065410
1321083829717737472
1321083828253925376
1321083640349106177
1321083503170228226
1321083351793606659
1321083306730020866
1321083268259811333
1321083098440880130
1321083014236045320
1321082949710811136
1321082946170855425
1321082847675994119
1321082694160318466
1321082685444509697
1321082618776080387
1321082522072195073
1321082465025511425
1321082463175774208
1321082457907728385
1321082432658034689
1321082417189392384
1321082374076190723
1321082339263455232
1321082334855208962
1321082331764056068
1321082313304887296
1321082280249593858
1321082242110771206
1321082062842007553
1321082048795258881
1321082013823193091
1321081994206416899
1321081993317285889
1321081986342150144
1321081862324916225
1321081815734640641
1321081744238534656
1321081670339055616
1321081655512178688
1321081622817628163
1321081606522757122
1321081535362224128
1321081519436402690
1321081499756728320
1321081410153816067
1321081385512275969
1321081347574824960
1321081324313186304
1321081265110556672
1321081252049506304
1321081247280615425
1321081237147103233
1321081235591077889
1321081229089902592
1321081002937208834
1321080894329966593
1321080872594976768
1321080819868422144
1321080756098269191
1321080748095508480
1321080742139645953
1321080734145224704
1321080668835774465
1321080606323806210
1321080600917323782
1321080546504646658
1321080494373531648
1321080493664776192
1321080448026611712
1321080435389222914
1321080433241710593
1321080399049707522
1321080389662871555
1321080331672440833
1321080279717523459
1321080203909746688
1321080190936748033
1321080133369909248
1321079992198041602
1321079971465617408
1321079960245882880
1321079935881125889
1321079930269126657
1321079915710742530
1321079866784206854
1321079769291722752
1321079742783696897
1321079727302549504
1321079721170522112
1321079720654655489
1321079694008209409
1321079653122060289
1321079616862359556
1321079568409788418
1321079539754217474
1321079517700567041
1321079428932317185
1321079413212139527
1321079307373039617
1321079254738706432
1321079237990899712
1321079237944684545
1321079230332047360
1321079192507846657
1321079189001424896
1321079173843177472
1321079122739798017
1321079087398604806
1321079067064586240
1321079039482880000
1321079032772022273
1321078816677179398
1321078794376122368
1321078758175055873
1321078757818597376
1321078752701546499
1321078643527950337
1321078482441555970
1321078473172111361
1321078461910364161
1321078453794463747
1321078450908704768
1321078427563282432
1321078292468948994
1321078262274117633
1321078236332363776
1321078233518034945
1321078104249503744
1321078024079638528
1321078015774904321
1321077985278070784
1321077978198085634
1321077909440913408
1321077870580715520
1321077858845024259
1321077760526344192
1321077755686100997
1321077717652119558
1321077671812648963
1321077611653746691
1321077593437806593
1321077568020324353
1321077561141637121
1321077495563599877
1321077493508546561
1321077481433124864
1321077462151954432
1321077434666635269
1321077427368583170
1321077387598155777
1321077320501895172
1321077296351088641
1321077264130465792
1321077254001201153
1321077142881476609
1321077107125063685
1321077068348706816
1321077046458593281
1321077020365934592
1321076991622320128
1321076948479680513
1321076825687232512
1321076755692703745
1321076676063879169
1321076665313861632
1321076651325853697
1321076603930161154
1321076460958994437
1321076392826720259
1321076384165470209
1321076362543845377
1321076315127193607
1321076224958017540
1321076201134444544
1321076194821943296
1321076173816975362
1321076163461210113
1321076147564797952
1321076102165651461
1321076032900943872
1321075978043641863
1321075961551560711
1321075946447872000
1321075943386030083
1321075909823180800
1321075892496584706
1321075830324383751
1321075806274260992
1321075776926765061
1321075710086258688
1321075630214156290
1321075619699036167
1321075480754298881
1321075467236028416
1321075366090465280
1321075351901118477
1321075335648157696
1321075291893223429
1321075202432925699
1321075164373725184
1321075149974736897
1321075112309870593
1321075019817066499
1321074992977764353
1321074986174554113
1321074940620214273
1321074919925518338
1321074903467106304
1321074807484698625
1321074741474721792
1321074702991953920
1321074699409879044
1321074672457441280
1321074663901057032
1321074618220879874
1321074573664800769
1321074560721129472
1321074533072314369
1321074439614849024
1321074343871418370
1321074303862034433
1321074253832347648
1321074218918957057
1321074147875868672
1321074096059408384
1321074000227872771
1321073954598117376
1321073919244275713
1321073917302366208
1321073907089244160
1321073879394226176
1321073867838947328
1321073770292011008
1321073746699059201
1321073745516208134
1321073744677343232
1321073713580806144
1321073578033532928
1321073574405414915
1321073532256866305
1321073509091680256
1321073488829009921
1321073438765756416
1321073421191663617
1321073393031065600
1321073390149685249
1321073363364814848
1321073313419055111
1321073198411243520
1321073158741495811
1321073138717872134
1321073118153244672
1321073114135093248
1321073023198310400
1321072998988845058
1321072935755460608
1321072916201701379
1321072867367391234
1321072854859993090
1321072818033991685
1321072783254847488
1321072770550276098
1321072763562565632
1321072738669334530
1321072668196655105
1321072554686271490
1321072488978227201
1321072436910186496
1321072419403038724
1321072374041714692
1321072354714411008
1321072221067108352
1321072192998789121
1321072095107960832
1321072085783990272
1321072080532742144
1321071998332817409
1321071997732843521
1321071996550156289
1321071996042678278
1321071995543498753
1321071994566303745
1321071994067210240
1321071935825072131
1321071929223241728
1321071925137952770
1321071844619898881
1321071736595615748
1321071691150331911
1321071677036498944
1321071522413465601
1321071493023961088
1321071444126846976
1321071429543170048
1321071333032271873
1321071185245966336
1321071170523963392
1321071155965546496
1321071018602045442
1321070932174217216
1321070910233845760
1321070845222146049
1321070737680142340
1321070714846384129
1321070704448753664
1321070678477557760
1321070668587376642
1321070611028914181
1321070521149280263
1321070424004923398
1321070234749620226
1321070208681943042
1321070193989308416
1321070189916639232
1321070166751498241
1321070161277976576
1321070141812183040
1321070128109420544
1321070119024529409
1321070087953154048
1321070073856069632
1321070037533425665
1321070021884477441
1321069984773218305
1321069967803060224
1321069882897825792
1321069878498000896
1321069727809232897
1321069517884317696
1321069434451202050
1321069400951267329
1321069357087207425
1321069357024350208
1321069351156539393
1321069205358346242
1321069103973601280
1321069101712887809
1321068963422416897
1321068851820376065
1321068832610570240
1321068798275964929
1321068704805900288
1321068585431818242
1321068569434726400
1321068514023620613
1321068513990066182
1321068493798866946
1321068491068395528
1321068478326067201
1321068458113699840
1321068333790334976
1321068300709830656
1321068211790663681
1321068162520141824
1321068104840085507
1321068063878504449
1321068018210922498
1321068009528520704
1321068004369666049
1321067977710706689
1321067884508971009
1321067883946889217
1321067879677284353
1321067848014434305
1321067719668781056
1321067625594671105
1321067412716924929
1321067407050444800
1321067392919810048
1321067361491914761
1321067271641538564
1321067208899002370
1321067166612021249
1321066962529767424
1321066855793152000
1321066855763746817
1321066816865710082
1321066816324673536
1321066654399430656
1321066642202382337
1321066561436790787
1321066506717941760
1321066487399022592
1321066458986745857
1321066373469085696
1321066369329340421
1321066325830238208
1321066309325639682
1321066290287726592
1321066264366845952
1321066189188222976
1321066181189607425
1321066160796950530
1321066124780441600
1321066089137246208
1321066064550178816
1321066051635978241
1321066038558183424
1321065983629533184
1321065891400982529
1321065877140348928
1321065859478159360
1321065822178168832
1321065811323342848
1321065783150235648
1321065774002413573
1321065743413334018
1321065708382490626
1321065679810867202
1321065636974465029
1321065619069034496
1321065609011073029
1321065573325950976
1321065400294166529
1321065282639663109
1321065274142052354
1321065270597865479
1321065262850936836
1321065179094884352
1321065159847256064
1321065147612438528
1321065109444304896
1321065057451724803
1321065050573017088
1321064987738202112
1321064978808479744
1321064917521387522
1321064765771436032
1321064679771394048
1321064492025978881
1321064458819670017
1321064431007256577
1321064423482662913
1321064342872272899
1321064342167715841
1321064328846548994
1321064313646469131
1321064307283677184
1321064303395512325
1321064295099174918
1321064214274940930
1321064174441631744
1321064171505672192
1321064125821341696
1321064091964891136
1321064058238476291
1321064049140969472
1321063986461347840
1321063982929711106
1321063789215842304
1321063765169885184
1321063753010565122
1321063647272226823
1321063572475170816
1321063428866383872
1321063402635202560
1321063316521918467
1321063305587367942
1321063297425223681
1321063142915514370
1321063142827397121
1321063142265393153
1321063131918016513
1321063127052636167
1321063078272839682
1321063043619557378
1321063021297475587
1321063013248630784
1321062977882230785
1321062973750808576
1321062931791028225
1321062919992475648
1321062872244494341
1321062712101769217
1321062702186483712
1321062691507765253
1321062625925566465
1321062604425613316
1321062565842223104
1321062551917072384
1321062498678747137
1321062444207394820
1321062362082922497
1321062286182764544
1321062271695626241
1321062103764127744
1321062072889839617
1321062060118151168
1321061987372142594
1321061931684405249
1321061868748836865
1321061757209710592
1321061741086842887
1321061720169816065
1321061714046189569
1321061647834927105
1321061602146340864
1321061583225761792
1321061486215782402
1321061464317300742
1321061197903503360
1321061148482015234
1321061141397864455
1321061126516473860
1321061038096322563
1321061028763967491
1321061019125469190
1321060947113480194
1321060921981227011
1321060921528274945
1321060877966168065
1321060759879749632
1321060651285008390
1321060626773479424
1321060603822284800
1321060601100177410
1321060597040062465
1321060594078896128
1321060347332231169
1321060332551491585
1321060319804989440
1321060232257298432
1321060077177053185
1321060049180151809
1321059933933260800
1321059914698182657
1321059714592067584
1321059697059893248
1321059637190402049
1321059566260543488
1321059527358373894
1321059421317926912
1321059247283707905
1321059195072868352
1321059166035861506
1321059157773111296
1321059146842705922
1321059129889378304
1321059124935839745
1321059095458287617
1321059095265398786
1321059091477835777
1321059074235158528
1321059037283262472
1321059036482195456
1321059012889161728
1321058991703732225
1321058947776815104
1321058904802021376
1321058890394554368
1321058777949503488
1321058672592781312
1321058651952549890
1321058526047969282
1321058402571821056
1321058363564793857
1321058342119395330
1321058313426116608
1321058297546420229
1321058291649302528
1321058222845943808
1321058214394384387
1321058115576647680
1321057968264273921
1321057954636980226
1321057792669765632
1321057775204638720
1321057758733606912
1321057706564792325
1321057647043510272
1321057594845310979
1321057513945616384
1321057476880584705
1321057452733964288
1321057407804592129
1321057403962593282
1321057385318854657
1321057330734239749
1321057326095323138
1321057313642434560
1321057298027028480
1321057293958602752
1321057273440096257
1321057070146326528
1321057027259551744
1321056987233292288
1321056930656325633
1321056893792624640
1321056874695897088
1321056737395462145
1321056659058413568
1321056637256376327
1321056635880677378
1321056536483880963
1321056486706061313
1321056436860997632
1321056436508626944
1321056395270246400
1321056327033147393
1321056228810903552
1321056224905973760
1321056197873672196
1321056185777311744
1321056081397899266
1321055967837040642
1321055966742433793
1321055945758298112
1321055944969781250
1321055938145619969
1321055873947652096
1321055872945168384
1321055814291984385
1321055811066449920
1321055808571006978
1321055792875921410
1321055791114235905
1321055726366822401
1321055724303196163
1321055690358738945
1321055589095657476
1321055529704325123
1321055523270217730
1321055505851260930
1321055478571507714
1321055468706516993
1321055447995076608
1321055332005761026
1321055320999895041
1321055292025675777
1321055237491331072
1321055224019193857
1321055200094900224
1321055127298560000
1321055120851873794
1321055117139992576
1321055049150287875
1321055010927611905
1321054957538344960
1321054953478234112
1321054929696555009
1321054929507659777
1321054776981946368
1321054776088473601
1321054657209393152
1321054598333931521
1321054552003645441
1321054490829737984
1321054425285382144
1321054394348150784
1321054385821147137
1321054381152837640
1321054313393856514
1321054300232159232
1321054189808766976
1321054175896195072
1321054172171689984
1321054171215388672
1321054097525645312
1321054089074122752
1321054073664217088
1321053941744939008
1321053909759217666
1321053856097308673
1321053776917209088
1321053769795280899
1321053725276995584
1321053624395583488
1321053600882270210
1321053498537029633
1321053495278084096
1321053466253549569
1321053429259735041
1321053401233395713
1321053298208759813
1321053211411755009
1321053189899227137
1321053189169360898
1321053186317258752
1321053108160573440
1321053076258803712
1321052998840340480
1321052946369576960
1321052896428019718
1321052749509861376
1321052709907292162
1321052699983532032
1321052688835055616
1321052645545660422
1321052554055344128
1321052497063120896
1321052242011672576
1321052215067451392
1321052165562052610
1321052155223166977
1321052147396628482
1321052135975518209
1321052077045534720
1321051996317720577
1321051986364682240
1321051966324281344
1321051955729412097
1321051908686123008
1321051822157684736
1321051794462695426
1321051790956204033
1321051743984193536
1321051656654594048
1321051617345589249
1321051588073574405
1321051427553353728
1321051408565784576
1321051394078613504
1321051335463231488
1321051332896268291
1321051307394912259
1321051276571004931
1321051123491524610
1321051079866548226
1321050917664337920
1321050799510818816
1321050765738283008
1321050694460329984
1321050632023924736
1321050456089645056
1321050391719645184
1321050307611271168
1321050253597036546
1321050213075816448
1321050208533438464
1321050190401425410
1321050137666400256
1321049972301856768
1321049957491740673
1321049907533414400
1321049890848268290
1321049861404430336
1321049751262027776
1321049694584381443
1321049693846183938
1321049624157790213
1321049457971105793
1321049383857758209
1321049377461424128
1321049275350958080
1321049265263779841
1321049145818435584
1321048885129891840
1321048817337274368
1321048672386404352
1321048622939734016
1321048422443528192
1321048245380894720
1321048123486228480
1321048121745563649
1321048106742538241
1321048012890820609
1321047989125828609
1321047921027174401
1321047873455329284
1321047810171654145
1321047809626460160
1321047799018987520
1321047778676584448
1321047760045563904
1321047678176944130
1321047668131532800
1321047648963624965
1321047618626166786
1321047601945468929
1321047583645728768
1321047567837384708
1321047561545932800
1321047529585315840
1321047496047681537
1321047483745816576
1321047454356250626
1321047421678440450
1321047414774616064
1321047359112007680
1321047327671549954
1321047300479791104
1321047247983882240
1321047247442841602
1321047214702104581
1321047190727499777
1321047157839974404
1321047156090933249
1321047148855808007
1321047127720562688
1321047014554128384
1321046896685780992
1321046880663621632
1321046847738228737
1321046812556513282
1321046792067289088
1321046742373191680
1321046578216521729
1321046447836536832
1321046382451544064
1321046348217593856
1321046270090371072
1321046239023157250
1321046235743244289
1321046213878255621
1321046160149221377
1321046150837919750
1321046090536333313
1321046044185120769
1321046038694821888
1321045874319962112
1321045847577157632
1321045817160073217
1321045718765895680
1321045686847111171
1321045684200468480
1321045683864924163
1321045681453187072
1321045674461437953
1321045661228347392
1321045534329708544
1321045520937345025
1321045474154000384
1321045269258055680
1321045242951380992
1321045229919735808
1321045123329892353
1321045105604763651
1321045081042882560
1321045078580830209
1321045035002089472
1321044968887242755
1321044968119652352
1321044885215023111
1321044846417760256
1321044842793885701
1321044805393305600
1321044770437931009
1321044722299871235
1321044705703059457
1321044649197203460
1321044615164796929
1321044576380030977
1321044511884255233
1321044429784948736
1321044366669025282
1321044314986811397
1321044262054711297
1321044203082797057
1321044139895672834
1321044003324862466
1321043974459662336
1321043973499244549
1321043969288097792
1321043869367152647
1321043821849939968
1321043779374166023
1321043756276162567
1321043701662130176
1321043699825074176
1321043699204313088
1321043698717700096
1321043698227027969
1321043697442709504
1321043654421712899
1321043534183600131
1321043448695345152
1321043438503186432
1321043437840404480
1321043348606668800
1321043222752235523
1321043017390804992
1321042935513780224
1321042931701157894
1321042863707332608
1321042813144936452
1321042803535847429
1321042803129016320
1321042769683632128
1321042768358236160
1321042745352478720
1321042638250954752
1321042516658032641
1321042505819967488
1321042443454861312
1321042432767758336
1321042318615564288
1321042169466159106
1321042163875090432
1321042109684658176
1321042043171414017
1321042029942636546
1321042026188673027
1321042017376440322
1321041828087517184
1321041734340628481
1321041518916939776
1321041484162977792
1321041464583966721
1321041353032245248
1321041253480497157
1321041180566704128
1321041150300557314
1321041148186628097
1321041106268786689
1321041073041526784
1321041041500364801
1321040937066389507
1321040929231425537
1321040888529883136
1321040759026581505
1321040732052987904
1321040715128950785
1321040644702375936
1321040613182185472
1321040589698322435
1321040588913942529
1321040575261495296
1321040525345042437
1321040408579842048
1321040348836253697
1321040248227454976
1321040235615145985
1321040146435874816
1321040075115954176
1321040055889178628
1321040046418497537
1321040007948238853
1321039955578122243
1321039937983139840
1321039924628434945
1321039912255311872
1321039864737996800
1321039787080454144
1321039765895041025
1321039761184821249
1321039667299495936
1321039642536402945
1321039566707503105
1321039478790721537
1321039415662301184
1321039371617865728
1321039307264741377
1321039252491292672
1321039080130547714
1321039045078777857
1321038945715707904
1321038899624484865
1321038885401579520
1321038858520268803
1321038852765687808
1321038806099832832
1321038686809706496
1321038571105562625
1321038556605931521
1321038475647426560
1321038472304594944
1321038440415195136
1321038314435203072
1321038292918349825
1321038260739756033
1321038188287303681
1321038163960356864
1321038162085531654
1321038134856110080
1321038133887119362
1321038027884548097
1321037993419935745
1321037970472898560
1321037948134019072
1321037666322915328
1321037655677767680
1321037524840665094
1321037483610689536
1321037418389229568
1321037362596614145
1321037345718751232
1321037297362653184
1321037269948600320
1321037261643894785
1321037224490708993
1321037222313938944
1321037211534565376
1321037205775753217
1321037184137334785
1321037147512688640
1321037117871529985
1321037075047714816
1321037044018282496
1321036982366121984
1321036956156002305
1321036940196663297
1321036831559962627
1321036807199281154
1321036687502311425
1321036684176228353
1321036634473828354
1321036632078901249
1321036613737172992
1321036584272232448
1321036578983202817
1321036566412861441
1321036400326811648
1321036374380843009
1321036308366663681
1321036298992422912
1321036133179019265
1321036093228277760
1321036063150903296
1321036049817059328
1321036020406767620
1321036015516209152
1321035924847742976
1321035922964541441
1321035910071439362
1321035902748139522
1321035861442596865
1321035819117875201
1321035818639785984
1321035818153160704
1321035817675038726
1321035816198676480
1321035815267479552
1321035814772609024
1321035810171400193
1321035809248571392
1321035770648551425
1321035732698497024
1321035714759372802
1321035675634855937
1321035603329204224
1321035586413711360
1321035516532457473
1321035481359011840
1321035469401055235
1321035393635143680
1321035170166820864
1321035156728283137
1321035043180105729
1321035037433802752
1321034976901681152
1321034964339724288
1321034955472936963
1321034931049549826
1321034854583148545
1321034822056333313
1321034809762865152
1321034797553254400
1321034786098610182
1321034748848988166
1321034739835351041
1321034735989215233
1321034734114394113
1321034646679916544
1321034609673588736
1321034586827169792
1321034569555038209
1321034561338429441
1321034503540903936
1321034500349067270
1321034413598253057
1321034400646266882
1321034374813462531
1321034198686306304
1321034193762193408
1321034109272100864
1321034103400050688
1321034013293903875
1321033998328627201
1321033911900790784
1321033889301843971
1321033873434775552
1321033855797743616
1321033836927569926
1321033815364653064
1321033804136521728
1321033769189593088
1321033733269573632
1321033726747357185
1321033706165981184
1321033535008849920
1321033531468976128
1321033525618003968
1321033523755687937
1321033483939176448
1321033407871287296
1321033373838647296
1321033332013105153
1321033330280849408
1321033302766166016
1321033259434868737
1321033242997329920
1321033176999960577
1321033149682458624
1321033113586184193
1321033017222139904
1321032997563412486
1321032935672336384
1321032847470272512
1321032799147724800
1321032772237037570
1321032692666929162
1321032672802705409
1321032660261679104
1321032640774942720
1321032427968598016
1321032377997709312
1321032363678322691
1321032347781910530
1321032316295237632
1321032315561267200
1321032309970259970
1321032298398162944
1321032245751283713
1321032214763753479
1321032149164683272
1321032098413727754
1321032015416877058
1321031986878816256
1321031984110575617
1321031953034989569
1321031831412723712
1321031796683886593
1321031751234453506
1321031674398941185
1321031670447964160
1321031548112642048
1321031437483737094
1321031393040912386
1321031382668353537
1321031339408326657
1321031288913088514
1321031257761918978
1321031231161700352
1321031227743326208
1321031173213200386
1321031126291566593
1321031116585918464
1321031100009951232
1321031088488255488
1321031080841916418
1321030993579515904
1321030956451581952
1321030936188899334
1321030931818385413
1321030879934926849
1321030875992231937
1321030843784171521
1321030802180886530
1321030779229581312
1321030687508598785
1321030674376200193
1321030640347844610
1321030634115129345
1321030517958070272
1321030515298893825
1321030486630846464
1321030460911292416
1321030421455523841
1321030219990446080
1321030132014993408
1321030131985645569
1321030050855194624
1321030012103917568
1321029882806226945
1321029872127541248
1321029822966079488
1321029809699491840
1321029776203722752
1321029772709924864
1321029750102646790
1321029689205555201
1321029580073873409
1321029576269664259
1321029515536117763
1321029392756314112
1321029348841918468
1321029347118034945
1321029338943397893
1321029330751889408
1321029271935193088
1321029261885640706
1321029251081097218
1321029248384159745
1321029242663165954
1321029170600775680
1321029169216692224
1321029166029000710
1321029041093226498
1321029023040983041
1321028957823766531
1321028957328805890
1321028926345535488
1321028882787688448
1321028870712209410
1321028844439175170
1321028841779974145
1321028834997772288
1321028814240174080
1321028784825446402
1321028777607090176
1321028716181544960
1321028659130572802
1321028624271745024
1321028601882488832
1321028582043492352
1321028545565569025
1321028506558648320
1321028502251016192
1321028211531255809
1321028159710650368
1321028151867224066
1321028151351382016
1321028137573122048
1321028126361718784
1321028102953357312
1321028058049110018
1321028052059672576
1321028036880465920
1321028029666177025
1321027967556923392
1321027967036903425
1321027936724701190
1321027888855064577
1321027846844911617
1321027819128934403
1321027731744825346
1321027603881431042
1321027576085839872
1321027535774339072
1321027519798280192
1321027427758460928
1321027373161205760
1321027256978911234
1321027248137404416
1321027213047795712
1321027008055443456
1321026920738394112
1321026790387798016
1321026770380951552
1321026690806620161
1321026687044378626
1321026670460100608
1321026666228031488
1321026662398570507
1321026604995403777
1321026400267153408
1321026351235796992
1321026330172002304
1321026311184388096
1321026258545815552
1321026243538636805
1321026143735218176
1321026063670136838
1321026012109557760
1321025998830379008
1321025983386890241
1321025933344677889
1321025890445369344
1321025876176285696
1321025794181910528
1321025747025338368
1321025717254131719
1321025684316323840
1321025562203271171
1321025515101315072
1321025434855837696
1321025336121982977
1321025286746611713
1321025243507544066
1321025235865526273
1321025200729792517
1321025152302407683
1321025017287770117
1321025013596753925
1321024977806585857
1321024950308900864
1321024898001764352
1321024876040302592
1321024843039604736
1321024798189826048
1321024775016353795
1321024750894927873
1321024735204069378
1321024705013403648
1321024588625620998
1321024585781960704
1321024405561135104
1321024364654039042
1321024360635719680
1321024301898911746
1321024128057528321
1321024039582945280
1321023922436001797
1321023856522514432
1321023534446116864
1321023509175410689
1321023469908332544
1321023466498392064
1321023413679521792
1321023405546721280
1321023359845543937
1321023353986174976
1321023342913138688
1321023294519365632
1321023214408093697
1321023207978291200
1321023172649562114
1321022709011259398
1321022658834767873
1321022657421316097
1321022597933522945
1321022571291226112
1321022555872964608
1321022535476137984
1321022477993201669
1321022475937918977
1321022322996875265
1321022258710761474
1321022212585877509
1321022209670868992
1321022201953505281
1321022179836940290
1321022178826035200
1321022091773227015
1321022065152086018
1321022035930324998
1321021979172966400
1321021978468339712
1321021913368465408
1321021869630377984
1321021731205746690
1321021573323698178
1321021516360962050
1321021505787088897
1321021466796765185
1321021465618272256
1321021459045732353
1321021453613948928
1321021445221343232
1321021393740464130
1321021393664909312
1321021356922884097
1321021328288325632
1321021227734044682
1321021220645707776
1321021214090035205
1321021146876256258
1321021145475416064
1321021122985545728
1321021098125918211
1321021005469413380
1321021003632414720
1321020859327385600
1321020791706820609
1321020759796494337
1321020600375255040
1321020508658348032
1321020497572864000
1321020496474001410
1321020452354097153
1321020406971715584
1321020389179478016
1321020333294522369
1321020314915057664
1321020223865147392
1321020188167426048
1321020181884379137
1321020065412714502
1321020012237328385
1321019973465186304
1321019906847027200
1321019824710049792
1321019822113697792
1321019819622309889
1321019662231064578
1321019551090429952
1321019490168164352
1321019465967017986
1321019457108586496
1321019371804872704
1321019325998899200
1321019275386249216
1321019226811961345
1321019147896193024
1321018919721881600
1321018810464456705
1321018789786517506
1321018733863833600
1321018677198770177
1321018612266770432
1321018569530970115
1321018538497376257
1321018517408407552
1321018422428393473
1321018350621917185
1321018337699205127
1321018331869159424
1321018321190428673
1321018249128124416
1321018221298884608
1321017985595826176
1321017972169822209
1321017948828397568
1321017946462953473
1321017918319185920
1321017876678103041
1321017762425249792
1321017727956471808
1321017631743365122
1321017543365111809
1321017518144839683
1321017425559756801
1321017389752995840
1321017340918681601
1321017274363424768
1321017224304435200
1321017143794802688
1321017122814910464
1321017061552902149
1321016973959090176
1321016900697104384
1321016827389071360
1321016826114068481
1321016765279838209
1321016753590358016
1321016602851188737
1321016540024680448
1321016530344288256
1321016418800967680
1321016407199485952
1321016354108035072
1321016197048094721
1321016086888927232
1321015972950585344
1321015915811667969
1321015845049507841
1321015807527235584
1321015750736416768
1321015749641719808
1321015554430373888
1321015488168812544
1321015487476674561
1321015467033665537
1321015333910683649
1321015270106955777
1321015240834822149
1321015166830579713
1321015163810709506
1321015143971565569
1321015108668166145
1321015016590553088
1321015016280215552
1321014975805165568
1321014965340438529
1321014897086521344
1321014836189384704
1321014803406741505
1321014721630425088
1321014699954229251
1321014669843288064
1321014636842569729
1321014620971245569
1321014399927287809
1321014371275968515
1321014262857420803
1321014251847299074
1321014231735640067
1321014221891665921
1321014068153622528
1321014049031835648
1321013889266601984
1321013706571001856
1321013702636830727
1321013665571758080
1321013636031197184
1321013597363986433
1321013592595062784
1321013526002061314
1321013476802908161
1321013424365674498
1321013419886129152
1321013416862109697
1321013415423496192
1321013413921935361
1321013390605692928
1321013369802002432
1321013362180923392
1321013314185547783
1321013243998015488
1321013204982636544
1321013129040506885
1321013113815207936
1321013082815082498
1321013021444055042
1321013018319294465
1321012902992793601
1321012845706960896
1321012843727196160
1321012838891225088
1321012825683316738
1321012740039843840
1321012631554134016
1321012625891876864
1321012584267612160
1321012516265336832
1321012487970574336
1321012478013300736
1321012334861684737
1321012312682225666
1321012311453257728
1321012223150592000
1321012209024176129
1321012192020471810
1321012134235484162
1321012049766469634
1321012021920497665
1321011906497445888
1321011903213277184
1321011885479759872
1321011883835559943
1321011867309977600
1321011845176696834
1321011824427499521
1321011818937126912
1321011818278592512
1321011750637080576
1321011726972833792
1321011657779388418
1321011596953591808
1321011580931317760
1321011532818489344
1321011522823507973
1321011390686089218
1321011356548636672
1321011329327636480
1321011328425828354
1321011200382128128
1321011199753015298
1321011171911237633
1321011133508145153
1321011113656487937
1321011042353381378
1321010986208419840
1321010979799486464
1321010922186563584
1321010918122246144
1321010841026760705
1321010817211531264
1321010787650031616
1321010756360589320
1321010728502022147
1321010700563763200
1321010650848649216
1321010643739226113
1321010492954025986
1321010470833238016
1321010364922974208
1321010322992484352
1321010286694928384
1321010239362240512
1321010237122482176
1321010137084080128
1321010037125500929
1321010032226480128
1321010017575800837
1321010001805279233
1321009895286710272
1321009775400931331
1321009695872716805
1321009657280946176
1321009613819551744
1321009612779409409
1321009610850029569
1321009610363461633
1321009548904325121
1321009407438761984
1321009376203841536
1321009348810866688
1321009306721017856
1321009306314178562
1321009152441917441
1321009130933542917
1321009120238051328
1321009052755939329
1321009050667147264
1321009027330035712
1321009009978187776
1321008948011479040
1321008889521909760
1321008867443179520
1321008856898699264
1321008842658975747
1321008819200233472
1321008740791996416
1321008693853519872
1321008643593089024
1321008636487999489
1321008632318873600
1321008623154180096
1321008582335385604
1321008528157483010
1321008506598838273
1321008438676246529
1321008366240583680
1321008344732258306
1321008290705321984
1321008270807572480
1321008256047874054
1321008193967968256
1321008182836297728
1321008152528244736
1321008145100144641
1321008100896366592
1321008091844980737
1321008049453174785
1321007996890189824
1321007962048049155
1321007959367946240
1321007955072983042
1321007919022919681
1321007917701730304
1321007901041926144
1321007892133269504
1321007876572413952
1321007823174729728
1321007818758041601
1321007816006639616
1321007748620963841
1321007739682828289
1321007723463479299
1321007699975430145
1321007687564484609
1321007663552094209
1321007626629644289
1321007548212924418
1321007534052958208
1321007486707662850
1321007397041807360
1321007372119232513
1321007368063385601
1321007330146816002
1321007166585769984
1321007128149151745
1321007123774513152
1321007068527140864
1321007061191266304
1321007058628562944
1321006959215206401
1321006913656676353
1321006885382795264
1321006817745510400
1321006773088800771
1321006760988168199
1321006639814742018
1321006545484849152
1321006527222849539
1321006478875045889
1321006365733773319
1321006310763253760
1321006254534381569
1321006219159588865
1321006205393842177
1321006106869719041
1321006077757005824
1321006037047119873
1321005948866043904
1321005947263864833
1321005933779181570
1321005894281449472
1321005872940748800
1321005803747377152
1321005761032540160
1321005758897704960
1321005681185640451
1321005629197193216
1321005580803342336
1321005550684016640
1321005545369853952
1321005544866500609
1321005521047068673
1321005298761551872
1321005267341975553
1321005242251644928
1321005185397915650
1321005135577960448
1321005120214151169
1321004927687282689
1321004911941820416
1321004858707759104
1321004805968506880
1321004759000797184
1321004613018025984
1321004594332422144
1321004560262090752
1321004477810241536
1321004435087204353
1321004372311101440
1321004328056987648
1321004239435563017
1321004148750430209
1321003934824206337
1321003934652243968
1321003934102728704
1321003877324521472
1321003822739841025
1321003791240597505
1321003619311910913
1321003600974434304
1321003567428313088
1321003484330733569
1321003430064857089
1321003362649866240
1321003240146829312
1321003156550070273
1321003021619335169
1321002987448422400
1321002933077594112
1321002922604482561
1321002919152488454
1321002892275388416
1321002852874149888
1321002842103128064
1321002789800169472
1321002781042483200
1321002744426172418
1321002604990791680
1321002591770345472
1321002564712878080
1321002561525211136
1321002526343196672
1321002504176488450
1321002419883565056
1321002390779289606
1321002364384542720
1321002330788155394
1321002287637037062
1321002284441079809
1321002143248252928
1321002101858852864
1321001922321616896
1321001908874653704
1321001903849951232
1321001875152474112
1321001768193609728
1321001664388673537
1321001624358313984
1321001549888442369
1321001548286185473
1321001468514717697
1321001349086121986
1321001343516106752
1321001335463038982
1321001291238264838
1321001183461474304
1321001130571255809
1321001129241698305
1321001116595879936
1321001069082804224
1321001061231058944
1321001032034508800
1321000982944296961
1321000918565982214
1321000910831689728
1321000893765005312
1321000844041592836
1321000838660317187
1321000793789603840
1321000773875126272
1321000709639331840
1321000709287038976
1321000634020204544
1321000603728957442
1321000592832081920
1321000554357809152
1321000498179301376
1321000424942510080
1321000417053057024
1321000393011318784
1321000379430088705
1321000372698308609
1321000233871024128
1321000209695035393
1321000024818548736
1321000006657183744
1320999843855323136
1320999835684790272
1320999805792014341
1320999666641764353
1320999647452844034
1320999641186525184
1320999579521863680
1320999558034448384
1320999517513228292
1320999442858840064
1320999370515505152
1320999348294090753
1320999328362713089
1320999211614244871
1320999175656452096
1320999046245502978
1320999001219629057
1320998973239418881
1320998878183858176
1320998877147877376
1320998797015719937
1320998794373304322
1320998745664880640
1320998744985423874
1320998726115250177
1320998715528761344
1320998645353881607
1320998596469235713
1320998572058431488
1320998561308418048
1320998439338070019
1320998438817976320
1320998431071096833
1320998395058753537
1320998371360911361
1320998352096497664
1320998302767341571
1320998289949544449
1320998225730588674
1320997987649245184
1320997973384437760
1320997923774173184
1320997896431538177
1320997894044950528
1320997872607862784
1320997796816867334
1320997707587211264
1320997691938250758
1320997669255454721
1320997609226514434
1320997514884034560
1320997461385728000
1320997444302344194
1320997346738622465
1320997293206757379
1320997240773791744
1320997227238744064
1320997203427659776
1320996973823037441
1320996966034251776
1320996957356232704
1320996947445075969
1320996928507813890
1320996875491749888
1320996809519570946
1320996783238090753
1320996616455815169
1320996587166945281
1320996568816885762
1320996567948664832
1320996526206889984
1320996473237082112
1320996468824702976
1320996442207641602
1320996439657488384
1320996323781431297
1320996183922323458
1320996135520055296
1320996035527798785
1320996022219321345
1320995998819299328
1320995900546756609
1320995806535684096
1320995800210677761
1320995727745712128
1320995638780272647
1320995624989429760
1320995621348757505
1320995609931821056
1320995523621474304
1320995514859606017
1320995504633819137
1320995436409344000
1320995397867868160
1320995396039135232
1320995387524730880
1320995282620870657
1320995259816488961
1320995216845885440
1320995154023645184
1320995088152014854
1320995081718026240
1320994924200972295
1320994871008759808
1320994670613303298
1320994657766170624
1320994559845978115
1320994534894063616
1320994515482796033
1320994403272388611
1320994345936424963
1320994328924332033
1320994316714713088
1320994286117244929
1320994219050389504
1320994173055623168
1320994170429911042
1320994163194793985
1320994114901561345
1320994063567433729
1320994031518814208
1320994021418934272
1320994019472756738
1320993997750444033
1320993997461086208
1320993957162135552
1320993949931229184
1320993875050303488
1320993842359947265
1320993800387497985
1320993731667992576
1320993535949230082
1320993532296024064
1320993511001493505
1320993500285050880
1320993484937949184
1320993457742192640
1320993453656952833
1320993447294226432
1320993393305149441
1320993273117396993
1320993171711688705
1320993121048666112
1320993070188580864
1320993028862083072
1320992905310490624
1320992768974594050
1320992618021593088
1320992599914799104
1320992535377022976
1320992452212391936
1320992390723895296
1320992336093028354
1320992326655856641
1320992252299255808
1320992250852220928
1320992232141426707
1320992197098037248
1320992185907634177
1320992120392613889
1320992086234202114
1320992046958759939
1320992011034517504
1320992002058629120
1320991979451371525
1320991945653706753
1320991904167768065
1320991706754535424
1320991705122938880
1320991679093055489
1320991647375785984
1320991576953442306
1320991559601606660
1320991464860602373
1320991455389851649
1320991234811400192
1320991140057853952
1320991081287352320
1320991052455661569
1320991022978138113
1320990986269577216
1320990967323938817
1320990930539864064
1320990830631538689
1320990828219846656
1320990781205848065
1320990699685371904
1320990627316850688
1320990602822111232
1320990464506531843
1320990463923552258
1320990427646988289
1320990358675869696
1320990336693489664
1320990333300314112
1320990285317480450
1320990255483392000
1320990240467787777
1320990203528515584
1320990138160291843
1320990114701578241
1320990098910044160
1320989978474745856
1320989786891571202
1320989699918471168
1320989658839470081
1320989638211850251
1320989612639244288
1320989594977001472
1320989584038203392
1320989422364536834
1320989269981364226
1320989255863324672
1320989243783729152
1320989240264658944
1320989168420507653
1320989090242727936
1320989080608493569
1320989035012235265
1320988994570719234
1320988982973505536
1320988974958129152
1320988973406265344
1320988950429880320
1320988934176972800
1320988878304587776
1320988832620257280
1320988800835850240
1320988772264280067
1320988678756438016
1320988627753717761
1320988613086240768
1320988567926091778
1320988533218299905
1320988527010762752
1320988510581645312
1320988487370375170
1320988482001641472
1320988399315095552
1320988381397028864
1320988365085396992
1320988319849828354
1320988237624713217
1320988202015088640
1320988124726648832
1320988013145526272
1320987987451269121
1320987916299100165
1320987900767592448
1320987880542642176
1320987831989391360
1320987772337983488
1320987719070306306
1320987692587536384
1320987660597497857
1320987659192422401
1320987656948502528
1320987618386038785
1320987616968384512
1320987585737564160
1320987584370266113
1320987584110252032
1320987480057913346
1320987461108047872
1320987394397638656
1320987366903992320
1320987321580269568
1320987268421722112
1320987088943239168
1320987069917896704
1320987026724933632
1320987024632012801
1320986906558144512
1320986904209358848
1320986826711203840
1320986788056498177
1320986681219162113
1320986656523038720
1320986616811446273
1320986587405176832
1320986550235181057
1320986518694072320
1320986491254984704
1320986485013831681
1320986475110920193
1320986466424684544
1320986406647418880
1320986405259063298
1320986247175831553
1320986192133971968
1320986158151667712
1320986123137634304
1320986078527033344
1320986054653083648
1320985971605807104
1320985948746862592
1320985762091978752
1320985724108328962
1320985619364020224
1320985609087946754
1320985559460913153
1320985503945162752
1320985497305600002
1320985407845183488
1320985367064006657
1320985322503720960
1320985284952150016
1320985281730936832
1320985238097580032
1320985190144106499
1320985109093322758
1320985028466221056
1320985024812978176
1320984935088443392
1320984887755722752
1320984870219354112
1320984859767119874
1320984843354836992
1320984833808568321
1320984822140051456
1320984797695586305
1320984787738349569
1320984743882723328
1320984548944072704
1320984499291828227
1320984421755965447
1320984237978329088
1320984229656756225
1320984228335673344
1320983995719536640
1320983849468387328
1320983795382865920
1320983702369902592
1320983687509540864
1320983674540773378
1320983640621404160
1320983582404497408
1320983469116317697
1320983399805423617
1320983380972965893
1320983376703180800
1320983317068550146
1320983244528095233
1320983204673867776
1320983190715146241
1320983138219208704
1320983071072620544
1320983006136442880
1320982782806544384
1320982781342687233
1320982753496748032
1320982577386278912
1320982535204196352
1320982497358979072
1320982452047908864
1320982298054008833
1320982273148260353
1320982262750523393
1320982157641265152
1320982094022062080
1320982054100754433
1320981835736883200
1320981824894545920
1320981754438656000
1320981751649488896
1320981722994003971
1320981665267810304
1320981624536899584
1320981598905503745
1320981533906317312
1320981508325318658
1320981506391724032
1320981491535482882
1320981487743881217
1320981466461995009
1320981300719816705
1320981259343069190
1320981153239748610
1320981050693242886
1320981014924111872
1320980971802501120
1320980858422104064
1320980645573758976
1320980642444812289
1320980599633575937
1320980545027903488
1320980532390408192
1320980516041117697
1320980497208692737
1320980151564423169
1320980080802308097
1320980018743431168
1320980013034983425
1320979907325923328
1320979843937390592
1320979815596515328
1320979719928598528
1320979696482426880
1320979651360104451
1320979642367512576
1320979593965297670
1320979513296277506
1320979249054924800
1320979168247644161
1320979155224285185
1320979070570647552
1320979038253551617
1320978991554220033
1320978982062362624
1320978970603622400
1320978897312354306
1320978846032809984
1320978808175054848
1320978788549824517
1320978775191015424
1320978648325869568
1320978559461150720
1320978447502659585
1320978426547888130
1320978385078788097
1320978237963587585
1320978207148040192
1320978109731143683
1320978056220184576
1320977969045753856
1320977928348332034
1320977928331681792
1320977904398946304
1320977880181067777
1320977873403023360
1320977868038369280
1320977867539390464
1320977863877734401
1320977855312965632
1320977829224349696
1320977796668235776
1320977719014920195
1320977666376404992
1320977654133260288
1320977595467468800
1320977589461241862
1320977556913459201
1320977524697059328
1320977517604384768
1320977486239420418
1320977480874893313
1320977446657789953
1320977438059409408
1320977413275291649
1320977267095461890
1320977264624979969
1320977248787271680
1320977149222899718
1320977097289048064
1320977085939261440
1320977079723315202
1320977064489615360
1320976922378207232
1320976901339553792
1320976814861418498
1320976808825753600
1320976444953165824
1320976422706515968
1320976384345411584
1320976307136712704
1320976210730479616
1320976182880423942
1320975983940374528
1320975950981550080
1320975912138137604
1320975828818210816
1320975790335549440
1320975534655000577
1320975350860517376
1320975338806120448
1320975338533519361
1320975206329032704
1320975103753146368
1320975100292812801
1320975075479355392
1320974963147497472
1320974946890383361
1320974894578999304
1320974892259561474
1320974859694968833
1320974833434431488
1320974729210142721
1320974671874084864
1320974557801553920
1320974484803854337
1320974450150486016
1320974441518632960
1320974352792330240
1320974285683462145
1320974214413901824
1320974205752614913
1320974204481712128
1320974130062237696
1320974082255577088
1320973985383931904
1320973875736432640
1320973769498906625
1320973766751604736
1320973753526951941
1320973738175856640
1320973707498737664
1320973703174303744
1320973628238974977
1320973605765849088
1320973600858451968
1320973488786649088
1320973335094874112
1320973325875748865
1320973275938410496
1320973111869755392
1320973048581861377
1320972614555344896
1320972599845937152
1320972278688108544
1320972260002402304
1320972195741507586
1320972177043279873
1320972127760252929
1320971819625652224
1320971796552843264
1320971627383922691
1320971590515986433
1320971518168518656
1320971449881022464
1320971401671659520
1320971257815486464
1320971144745357314
1320971099631456256
1320971069461831684
1320970964339957760
1320970706843258880
1320970198065778690
1320970108068614146
1320969816782635011
1320969760222400514
1320969667264040960
1320969639174770693
1320969158453067777
1320969113892720640
1320969016874323969
1320968945864790016
1320968940173037573
1320968794928566273
1320968755921494017
1320968640158728198
1320968613155819520
1320968501260111872
1320968471828668416
1320968396062810112
1320968366891307009
1320968355457585152
1320968347765395456
1320967991534723072
1320967670662049793
1320967602429198337
1320967406999752706
1320967200103084032
1320967073087082496
1320966997098811392
1320966388014583808
1320966156027645954
1320965829471719424
1320965756381732864
1320965648323809280
1320965595815436289
1320965574562754560
1320965431109308416
1320965321579204609
1320965265572700160
1320965059628224512
1320965037029208065
1320964995245637633
1320964877989695488
1320964535226945536
1320964493879496704
1320964394113765376
1320964372026564609
1320964236298825729
1320964169865351168
1320964095642927105
1320963664267124736
1320963654188236801
1320963639587852288
1320963459371204609
1320963331327434752
1320963086623363074
1320962995485396993
1320962843613777920
1320961634513362944
1320961348948340736
1320961344695345153
1320961256635965442
1320961078587699201
1320960823351775232
1320960807362985984
1320960802556420096
1320960679654887424
1320960595261349888
1320960421084434437
1320960303572594689
1320960163675852800
1320959419929210881
1320959239171571712
1320959084124905474
1320958976436117504
1320958646411472896
1320958378437419008
1320957439169253380
1320957392511787008
1320957187485798403
1320956798782812161
1320955540164534273
1320954743699722240
1320953870747664384
1320953622365151232
1320953332056395777
1320953040514568197
1320952472475701248
1320952073819725826
1320952061169729536
1320950991269888000
1320950847656919040
1320948792003305472
1320948774643138560
1320948097673904128
1320946226125307904
1320945652218646528
1320944654662160391
1320944371735371776
1320943357145812992
1320942553118740480
1320942058593349632
1320940891754942464
1320939699385573376
1320939045879427072
1320937476962328576
1320936279933145088
1320936001653645312
1320935722245914626
1320931999918575617
1320931940078411777
1320931857039527936
1320930991712669696
1320930693191532545
1320930549435928576
1320929795484667906
1320929580832751616
1320929503854604293
1320929305359208448
1320928101040357376
1320927874992525314
1320927839571464192
1320927511388311558
1320926975477850112
1320926907949604865
1320925622571589633
1320925254798184448
1320925105904619522
1320922804905299969
1320922469297987586
1320922362783608832
1320920818176696320
1320920211143446528
1320919793487220736
1320919380239228930
1320918650254249985
1320916822573699073
1320916739828424704
1320915922949996545
1320915746747240448
1320915710940454912
1320914859110895618
1320914438048882695
1320909840399695876
1320909697151606784
1320909486526210049
1320908885230817281
1320908506757844994
1320908053013766144
1320907719898005504
1320905655134375936
1320905315244802049
1320904450995855361
1320904119436124162
1320901485266427904
1320900597508427776
1320899955062677512
1320899714997538816
1320899229070643201
1320898393825288192
1320897764423802884
1320897117632794625
1320896948191301633
1320896344186359810
1320896010139422720
1320895841733910528
1320895091892998144
1320894188175712257
1320893600973152256
1320891730678456320
1320891121296461825
1320891103697084416
1320890474144559104
1320890375976984578
1320889704217280512
1320888599685042178
1320887587586904064
1320887299048091648
1320885937048555521
1320885871143489537
1320885243759480834
1320885140999077889
1320884726220161025
1320884528668463104
1320884358832623619
1320884052451348481
1320882431189200897
1320881571998666757
1320881481800208384
1320881219295498243
1320881086218600448
1320881047484145667
1320880784744566786
1320880192559190016
1320879873544622081
1320879817726844935
1320879757274341376
1320879748843819013
1320879595550351362
1320879437173432320
1320879355342606336
1320878088230756357
1320878074968346626
1320877895187894275
