1318340538408472577
1318340263178362881
1318338843607769089
1318338704809799681
1318338290458689536
1318337940796354561
1318337244420362240
1318336929541259265
1318336240236855297
1318334465324814336
1318334174911188992
1318333989858516993
1318333837613559808
1318333640359673858
1318333361337806848
1318332694670049286
1318332596108038150
1318332518219812865
1318330905442779136
1318330849922777089
1318329901628465156
1318329821882101760
1318329756274872320
1318329481401143297
1318329243273658368
1318328699020857347
1318328224917618688
1318327532819763201
1318327224785928194
1318327138504802311
1318327078228529153
1318327033735401472
1318326954270089216
1318326794072788994
1318326450093756416
1318326426735697920
1318325882319155200
1318325756670464004
1318325718821031937
1318325627058094091
1318325536012275717
1318325275537584129
1318324347745013760
1318324329378156544
1318324158435033088
1318324158183428097
1318323603281149956
1318323453192249344
1318323286082789379
1318323013239119874
1318322982461333504
1318322980687052800
1318322712817901569
1318322700096577537
1318322491614466048
1318322328225353735
1318322181630210048
1318321871511867393
1318321775252590592
1318321717375389696
1318321550228148224
1318321321563082752
1318321224154570753
1318321149307195394
1318320380306665480
1318320050059829250
1318319929129664514
1318319590657675264
1318319504796098561
1318318846009352192
1318318607789662211
1318318524142669832
1318318113352536064
1318317411150475264
1318317388337733633
1318317334445121536
1318317124839002113
1318317031150727168
1318316851684888576
1318316370954772482
1318316151496212481
1318316135935283200
1318315951536865281
1318315947896209414
1318315816388120583
1318315719826808832
1318315708934164480
1318315693918572550
1318315639514214401
1318315391572205568
1318315313935618048
1318315118921383937
1318315057017769986
1318314911697719303
1318314832999886849
1318314779610632192
1318314715601379328
1318314563801124864
1318314535602720768
1318314273932705793
1318314154223165440
1318314140163821568
1318313918616506369
1318313864883298307
1318313483419766784
1318313473923842049
1318313351999606784
1318313308123025408
1318313237025378305
1318313230704443393
1318313181379502082
1318313154263322627
1318313078774239232
1318312998654660609
1318312932988588033
1318312767359717381
1318312602108366849
1318312596353802250
1318312557455822848
1318312416107810816
1318312409078136832
1318312397204082690
1318312341705019393
1318312331378610176
1318312151799504897
1318311990738231296
1318311953383772173
1318311917589614597
1318311803131170822
1318311710181216257
1318311340897861633
1318311215760871427
1318311182202265603
1318311089029992448
1318310972981915651
1318310958071152642
1318310941457526786
1318310823543132161
1318310731729743883
1318310632991711232
1318310546538680320
1318310445980258306
1318310239821770758
1318310122389753857
1318309973856784388
1318309772484104192
1318309746336780294
1318309399409135618
1318309388227063809
1318309353804468224
1318309275937214473
1318309201215709184
1318309045271465984
1318308937494573056
1318308821278859271
1318308544328929281
1318308459985670145
1318308324379660288
1318308265617391616
1318308001091039232
1318307984020295680
1318307820148752385
1318307794576093188
1318307586626752521
1318307566796025856
1318307540359434243
1318307483987959815
1318307291381354497
1318307265477300224
1318307219931320320
1318307213333712900
1318307196439007234
1318306976544292864
1318306941521829890
1318306789100724225
1318306560251232256
1318306225306689537
1318306132310528013
1318306049217232903
1318305971773517826
1318305853489938432
1318305659679576066
1318305580835049475
1318305475037941760
1318305424635023360
1318305199375699970
1318305187233255425
1318305182753689607
1318305171483611138
1318305084124659714
1318304996975349764
1318304774186520577
1318304730578358273
1318304521962049536
1318304475942178816
1318304388776165376
1318304374750412801
1318304321604288512
1318304225621909504
1318303975930793990
1318303941021585418
1318303889473654784
1318303686519644161
1318303527555530758
1318303508039434243
1318303505191477248
1318303444667650048
1318303309631979526
1318303267235954690
1318303217906843648
1318303207400083460
1318303179528863745
1318303159270387715
1318303080081915904
1318303071278141440
1318303060981092354
1318302990818824192
1318302955896975363
1318302539402649608
1318302387120099341
1318302187890614273
1318301901432229888
1318301782402105344
1318301775762497536
1318301715175788545
1318301595399036928
1318301554470944768
1318301505309626371
1318301239772413955
1318301219597803521
1318301217295110149
1318301045920026627
1318300852046696449
1318300816852307970
1318300728570580992
1318300696131870720
1318300574748676096
1318300507593711619
1318300462819516416
1318300386319618049
1318300205180178434
1318300141472878593
1318300034396528645
1318299961918955520
1318299760093253633
1318299693651210242
1318299655772491778
1318299575829057539
1318299349722550278
1318299309524353033
1318299201697157122
1318299141919956994
1318299055223656449
1318298998252371969
1318298788117860353
1318298746573213697
1318298575206572034
1318298397200257024
1318298373313728512
1318298287741468672
1318298215419056129
1318298195567443972
1318297405654245377
1318297315829043200
1318297068658696195
1318296938635235328
1318296868363927554
1318296816350363649
1318296792853827584
1318296630349697024
1318296518777016321
1318296449097093120
1318296423209848832
1318296376002969608
1318296283866669056
1318296276224643076
1318296201989640196
1318296115301724165
1318295941259141121
1318295915875106816
1318295864046198787
1318295799437103107
1318295781300965376
1318295709750317057
1318295685154865154
1318295596889985024
1318295547745271809
1318295213970984961
1318295198158434305
1318295195130208257
1318295164444696576
1318295032441540609
1318294985586954240
1318294964921638914
1318294936480059392
1318294879609389056
1318294709224280070
1318294660331327495
1318294529666109441
1318294373499625476
1318294281573060617
1318294135003111424
1318294024776605697
1318293926730674178
1318293819503366145
1318293756626538497
1318293716805832710
1318293703442706433
1318293623088218114
1318293553265737728
1318293514778759170
1318293413767368707
1318293330648760326
1318293286218571776
1318293241402413056
1318293113400676354
1318293090692628480
1318292889559072768
1318292888523055104
1318292828716437510
1318292779559211008
1318292541209456642
1318292536889401344
1318292521848655874
1318292418953924609
1318292330655502337
1318292252205121537
1318292233842528256
1318292135448354816
1318292125306572804
1318292059179130883
1318291988324753408
1318291687777730568
1318291297770311680
1318291252459278342
1318291219932450820
1318291105599967233
1318291022783401986
1318290810723500040
1318290809477861376
1318290807842103296
1318290806529282048
1318290738925477888
1318290664644399106
1318290656574492677
1318290613910048768
1318290604191866881
1318290526995611648
1318290374016815104
1318290236569456646
1318290202285277184
1318290154797268992
1318290153761394689
1318290091433930755
1318289871644119041
1318289861670019078
1318289836726489090
1318289809912320002
1318289756380422151
1318289728354029568
1318289582492995589
1318289578797764609
1318289558761517063
1318289530445795330
1318289448229064709
1318289398665011202
1318289293241176067
1318289244566278148
1318289241261178880
1318289227474456577
1318289161607122956
1318289080006938631
1318289072641761293
1318289068715814913
1318289042665033728
1318289018753351681
1318289005255995398
1318289000382255104
1318288889434439680
1318288824368308230
1318288764779794432
1318288753241296898
1318288677240475649
1318288621468815361
1318288616716730368
1318288576589824000
1318288545468063744
1318288535674302471
1318288484227076098
1318288435032035338
1318288399602769921
1318288347039760386
1318288346230231045
1318288328064684033
1318288241766916099
1318288072770019330
1318288000804179984
1318287985452830720
1318287951537836034
1318287916511252480
1318287822831439886
1318287797153898499
1318287791013416967
1318287595923738626
1318287576919322624
1318287526310891522
1318287507398733825
1318287505003773953
1318287494471966727
1318287271414714370
1318287195669733376
1318287161104412675
1318286965469569024
1318286959501082626
1318286948063154176
1318286780781780992
1318286621423423498
1318286615383580672
1318286555367309316
1318286544009105411
1318286488921120774
1318286416166686725
1318286363540754432
1318286351259885568
1318286220825382918
1318286188592156673
1318286152206516225
1318286071453667329
1318286047613276162
1318286030676676609
1318286010833317894
1318285994916012039
1318285956076765185
1318285919594729473
1318285884920397834
1318285804746276870
1318285796730916869
1318285759174995968
1318285753856774146
1318285729554784256
1318285688408768514
1318285660843921408
1318285576764854273
1318285570142068737
1318285563045306368
1318285552593080320
1318285531156008961
1318285514001338369
1318285453951442944
1318285450621128711
1318285419994402821
1318285391145930752
1318285375173988353
1318285140267814915
1318285076749307904
1318284885308616705
1318284849715740672
1318284836101099520
1318284809739948034
1318284779293388808
1318284674364571648
1318284619486298113
1318284540738260994
1318284514309832705
1318284490066841601
1318284489299283969
1318284470718517250
1318284270490865664
1318284241415843841
1318284012075601922
1318283984166596608
1318283907855470595
1318283888742072325
1318283878692433920
1318283791828459522
1318283589172318210
1318283584462086144
1318283435182620678
1318283326952771586
1318283318379614208
1318283268505194496
1318283219461177352
1318283095330738177
1318283022068781058
1318282880385155077
1318282846201675777
1318282516923633676
1318282426515410950
1318282382852739074
1318282362036375555
1318282293484675073
1318282107320475648
1318282082498408449
1318281954844938241
1318281949467807744
1318281942115168257
1318281923639345154
1318281921110134785
1318281431030894592
1318281394347495427
1318281340341657601
1318281258108129282
1318281194082099202
1318281161471348736
1318281054126559238
1318281012443516929
1318280908202455042
1318280864476897281
1318280859133378563
1318280823141994498
1318280392676442112
1318280292147277824
1318280249638068233
1318280111054086144
1318279919110135813
1318279918271299584
1318279914865524737
1318279885715013634
1318279816077103107
1318279644056092674
1318279640532791296
1318279600028397568
1318279528624529408
1318279485926612993
1318279452716040196
1318279416787722240
1318279380163067904
1318279342053576708
1318279191838720008
1318279171844571136
1318279137572888576
1318279030991474688
1318278932781780993
1318278932458819584
1318278827227947008
1318278819988578306
1318278810635218944
1318278808089300992
1318278796307550208
1318278711561641985
1318278674714710016
1318278628795351040
1318278607991693312
1318278556942815232
1318278545131642880
1318278498688053249
1318278362268401672
1318278355389743105
1318278255032623104
1318278228721754112
1318277936504573954
1318277744170586113
1318277738944516097
1318277701988503558
1318277657751146497
1318277558828474368
1318277500766724103
1318277496937349120
1318277251818004485
1318277244922593283
1318277241541955585
1318277158230511617
1318277141541289986
1318276945101135872
1318276826192629761
1318276815862091783
1318276814616363008
1318276656310702081
1318276651868950531
1318276635603468288
1318276625545428992
1318276509027639296
1318276507547041792
1318276507463118848
1318276506058063872
1318276460172480512
1318276418577534980
1318276162427277312
1318276156420952065
1318276109197283328
1318276085642035201
1318275880863543297
1318275870814068736
1318275755751706624
1318275731168940035
1318275696515534848
1318275652987031557
1318275608540024832
1318275535018037253
1318275519633346560
1318275518484090880
1318275516881928194
1318275503132999680
1318275497252499456
1318275405061738496
1318275377568108545
1318275320131297281
1318275310752849929
1318275298039824390
1318275257992683520
1318275140686315525
1318275131928707080
1318274968782856193
1318274922163146757
1318274893134352384
1318274833080373256
1318274610287288321
1318274545443328002
1318274492406398976
1318274449116925954
1318274273518243840
1318274216911929348
1318274158862749696
1318274090994700288
1318274058711085063
1318273949902450695
1318273929950146561
1318273929446903811
1318273922606006275
1318273886023286789
1318273873578762242
1318273835796516870
1318273771552362497
1318273741286264835
1318273704682524673
1318273682620514304
1318273679688671232
1318273647166050305
1318273645970661381
1318273589842411521
1318273551502364675
1318273485106520064
1318273452202205185
1318273351090114562
1318273343141892099
1318273321943916550
1318273230210301953
1318273168818249730
1318273149193125894
1318273135666483201
1318273069874634758
1318273046269091843
1318272975813173248
1318272946599825410
1318272805725597697
1318272625412591618
1318272543262969858
1318272440263462914
1318272390808338433
1318272309300518915
1318272304976220163
1318272296751190016
1318272289373364225
1318272255693119490
1318272221601796098
1318272144804093957
1318272068660637704
1318272024901570561
1318271999316316161
1318271899521175552
1318271898405527553
1318271707707301889
1318271701117997057
1318271682008748032
1318271680578523136
1318271633224814592
1318271561619656705
1318271506527420419
1318271454622908416
1318271432791642112
1318271431801593856
1318271421764804609
1318271391523868674
1318271383940509696
1318271369617039366
1318271342756679682
1318271327816585220
1318271325354528778
1318271036182417410
1318271005941506049
1318270712663183360
1318270649962553344
1318270475517263872
1318270401840119816
1318270356331921408
1318270337335832578
1318270323524096000
1318270146176258059
1318270112982618112
1318270111434887170
1318269990919901185
1318269929737621505
1318269898771017729
1318269867749933056
1318269843590795265
1318269727106605056
1318269727056252930
1318269455013711873
1318269411367813123
1318269257298358274
1318269245319512064
1318269197294702592
1318269134824767489
1318269122422124544
1318269001219321858
1318268875771957248
1318268864522801155
1318268836534231040
1318268817328529410
1318268761556832257
1318268753747103744
1318268720331034627
1318268695173615616
1318268430869561349
1318268366864470018
1318268298291798016
1318268253882490886
1318268155131797505
1318268142376914946
1318268116825214976
1318268105479671808
1318267905524498432
1318267830257811459
1318267787639488512
1318267716990533633
1318267700716634112
1318267687563386880
1318267681863290880
1318267539676385287
1318267406758875147
1318267326077325319
1318267250751737864
1318267171592720387
1318267158510637058
1318267120606679040
1318267092681084930
1318266979321597960
1318266954633838596
1318266950414438400
1318266944248860679
1318266834739658756
1318266826833485824
1318266731467603973
1318266699091673089
1318266624554696707
1318266621971095555
1318266611321737218
1318266596549328896
1318266574713782272
1318266439661424647
1318266420761853952
1318266419541385217
1318266375316668416
1318266308895608832
1318266281410310144
1318266258576429056
1318266245121298435
1318266216436420609
1318266207309565952
1318266189131505670
1318266153823776771
1318266121657765890
1318266022433034247
1318266012912013312
1318265973443645440
1318265960747380736
1318265959677857794
1318265922189185029
1318265912223535104
1318265849229266946
1318265841855696898
1318265833542529030
1318265824080257025
1318265799673524226
1318265752189796353
1318265578688253954
1318265471901356038
1318265387688038400
1318265350778138624
1318265350673367042
1318265298731077634
1318265254749655042
1318265216589828096
1318265195500896257
1318264999702372355
1318264970862333953
1318264944018755593
1318264935764418560
1318264919050027010
1318264879124545536
1318264870459068416
1318264868424847365
1318264836644610049
1318264824716025857
1318264733267595266
1318264698517815298
1318264647364071430
1318264606498893825
1318264595430166532
1318264557635252224
1318264546407206917
1318264397123473408
1318264348121366528
1318264326269054976
1318264296997068802
1318264241690988551
1318264226113355778
1318264219113033730
1318264198338613254
1318264093653061634
1318264075323953153
1318264070471114752
1318263929093672961
1318263897103749122
1318263896092925953
1318263872273502219
1318263865545805825
1318263810529124352
1318263763204788224
1318263746981146625
1318263746813399040
1318263720074711040
1318263644103245825
1318263638260699136
1318263612960608256
1318263529305214983
1318263474930278401
1318263454453714947
1318263421662580739
1318263339907166214
1318263288845619200
1318263239319474186
1318263192859148294
1318263157979287552
1318263131848716296
1318263069164929025
1318263064735682561
1318263061376081920
1318262942920368129
1318262927422521345
1318262892714754050
1318262875723530245
1318262859047014400
1318262845017083905
1318262832522235904
1318262818416844801
1318262774418542593
1318262767057620995
1318262726322475010
1318262692986179585
1318262582847963141
1318262439352410113
1318262407899181056
1318262377473769472
1318262308724985856
1318262184602947585
1318262140772491265
1318262126583099393
1318262115145306112
1318262082530324483
1318262047289806848
1318262040478339074
1318262001169276928
1318261920110202884
1318261855387897857
1318261793421144078
1318261779366117377
1318261745086058497
1318261740417830919
1318261720327094272
1318261691033989120
1318261673728364544
1318261612441182208
1318261594028199938
1318261559987232768
1318261543763693570
1318261535039520768
1318261445084282882
1318261374783467520
1318261357704368134
1318261348195774465
1318261344618020869
1318261316432351234
1318261303203475457
1318261300816941063
1318261299206365190
1318261227328516096
1318261176174891008
1318261143920611331
1318260901594697728
1318260901183709184
1318260883202736132
1318260830836764672
1318260717565497349
1318260681028882432
1318260679552454657
1318260604705136647
1318260297967325185
1318260279432577025
1318260243504287744
1318260202802716675
1318260135710502912
1318260117746442240
1318260108002996225
1318260092786061312
1318260033482903558
1318259975655952386
1318259962968158208
1318259934547435525
1318259917648703488
1318259853400354816
1318259843430518785
1318259741139849216
1318259564408639490
1318259457739100165
1318259449082089477
1318259385144102913
1318259363430137859
1318259222417723396
1318259196131971078
1318259162124529666
1318259153995993090
1318259121834086400
1318259053152268293
1318258960139517952
1318258826102132736
1318258723903635461
1318258657180717059
1318258643654135810
1318258617997533184
1318258519003582465
1318258505430847489
1318258457238245376
1318258451177496577
1318258407812587527
1318258382982303750
1318258309665796096
1318258284290318339
1318258184688177153
1318258099946475526
1318258081982222347
1318258038680190977
1318258036117540865
1318258008191913985
1318258001925517313
1318257999190917120
1318257921206136832
1318257883558088704
1318257881108652033
1318257868882280450
1318257854168653825
1318257845553516544
1318257811684544512
1318257804633845760
1318257804487045121
1318257771385655301
1318257745552879617
1318257740809121792
1318257731749466113
1318257668306444291
1318257585259220994
1318257580385382402
1318257528946544643
1318257493949153282
1318257466812104704
1318257453885231107
1318257443974074370
1318257407043293185
1318257404782542848
1318257394179334144
1318257366543093760
1318257250100744193
1318257164717314049
1318257156546875393
1318257155754119178
1318257077920346114
1318257050808471553
1318256982424420357
1318256962405105665
1318256919254093825
1318256875469754369
1318256860407959553
1318256839126122496
1318256820503314433
1318256820197199875
1318256810583785473
1318256797925445641
1318256714785918979
1318256704191168518
1318256692950347777
1318256663716134914
1318256654085988352
1318256631612903425
1318256566521516033
1318256543540838400
1318256491040788481
1318256381795946497
1318256372094537730
1318256222903173120
1318256175834632192
1318256160810696705
1318256141873405959
1318256112261603328
1318256025062023173
1318256012206505986
1318255961501503494
1318255924537077761
1318255923958325248
1318255913069936640
1318255911249563652
1318255857268854791
1318255846896390145
1318255570042966023
1318255456666660864
1318255444494815232
1318255396985933830
1318255257797955584
1318255217343942657
1318255195466366977
1318255094442459136
1318255084631855104
1318255078596280321
1318254825512095746
1318254728942391306
1318254699448061954
1318254581055369216
1318254559144325120
1318254495500034051
1318254433105514496
1318254413195116559
1318254403502149638
1318254377673592833
1318254157472681992
1318254153987215365
1318254117513547778
1318254111775739904
1318254105853394946
1318254087385894913
1318254070981939207
1318254044431978503
1318254033082241025
1318254025649913856
1318253988865806337
1318253914907725827
1318253896951865345
1318253876752076805
1318253666009272331
1318253644454690816
1318253638175887362
1318253599051419653
1318253580843876353
1318253556194025479
1318253549118234624
1318253530373853186
1318253518407467013
1318253471292968962
1318253324014145536
1318253279852351489
1318253279634141186
1318253278812164096
1318253250307629057
1318253159744196608
1318253129746534402
1318253104006090755
1318253011672698880
1318253000092168204
1318252907372908547
1318252895037497345
1318252890029461505
1318252817975513091
1318252793300475904
1318252726002896898
1318252700308484098
1318252620402683904
1318252558629130243
1318252532175720457
1318252522738417665
1318252521807372290
1318252439775137792
1318252355087982594
1318252314378031106
1318252285567422464
1318252252289765377
1318252240487010305
1318252177694035973
1318252103337414669
1318251969320988672
1318251852195110912
1318251830091141120
1318251826161061888
1318251822902018048
1318251805973860364
1318251738030366720
1318251663463993344
1318251557524295680
1318251526448623618
1318251523537883136
1318251504336252928
1318251478797197312
1318251440800976896
1318251396777508864
1318251357141454849
1318251333560958976
1318251322626408448
1318251291760615425
1318251279769128960
1318251131588530179
1318251085295996928
1318251010473775107
1318250926520619011
1318250904290795521
1318250837513261056
1318250812477505543
1318250799257047040
1318250744777216000
1318250730957033474
1318250632298508288
1318250489235079168
1318250460625719298
1318250387447681025
1318250367025618944
1318250354316877824
1318250299883196416
1318250221101514753
1318250202361438208
1318250157209800706
1318250111324094466
1318250095553482767
1318250092835590144
1318250014477590535
1318250002830008322
1318250002280517635
1318249965127434241
1318249962501799937
1318249930041982976
1318249890271662080
1318249861922381825
1318249756813119494
1318249729558519811
1318249723438956546
1318249722822512641
1318249704149450754
1318249697425981441
1318249671480008714
1318249634956005376
1318249613917364226
1318249604144660480
1318249583122763776
1318249425043660800
1318249413979025409
1318249403916947456
1318249392982417409
1318249389954076672
1318249363681038337
1318249301559083008
1318249270340997121
1318249260350136320
1318249226166587392
1318249205450813441
1318249097153957891
1318249080028540931
1318249076954103808
1318249049951186945
1318249022893719557
1318249003155398661
1318248899354742787
1318248898817937412
1318248871236194306
1318248725576355842
1318248724267753472
1318248649693011968
1318248627018620928
1318248621603684357
1318248615022919682
1318248552427118598
1318248458445328384
1318248412156989440
1318248305768296453
1318248204455084035
1318248131121827840
1318248107604410368
1318248083684265985
1318248057377607681
1318248032039817216
1318247941807681536
1318247825738764289
1318247820814671876
1318247816049926144
1318247800816070657
1318247753491894272
1318247693265850368
1318247641277497344
1318247607874015232
1318247554362925056
1318247536763817984
1318247390319706112
1318247254248050693
1318247147075231747
1318247118822408200
1318247084362006529
1318247037847175169
1318246970675417092
1318246835237117952
1318246772075089929
1318246656165449728
1318246555099500545
1318246529703022592
1318246499596357633
1318246452578160642
1318246422190358529
1318246376833241088
1318246340011372544
1318246328133177349
1318246302933725185
1318246228489129985
1318246212705931265
1318246011026968577
1318245990223302657
1318245978139430918
1318245977480925187
1318245970346496006
1318245951899791360
1318245902373605376
1318245886837882881
1318245821779972099
1318245765035233286
1318245724103053313
1318245714925899778
1318245706335924224
1318245677831421952
1318245654746025989
1318245587549028352
1318245529495736320
1318245459387994112
1318245445894889472
1318245396725010436
1318245394598559752
1318245385664667653
1318245326973734912
1318245309768663040
1318245293402562562
1318245267418865666
1318245232841031681
1318245208174268419
1318245185797656576
1318245094756147201
1318245082970181632
1318245077572067335
1318244993962737665
1318244966410366979
1318244950551703552
1318244913998385154
1318244817021865991
1318244780065886211
1318244748583456769
1318244716752871426
1318244705755430912
1318244663791394816
1318244513400455178
1318244475966193672
1318244439219965953
1318244414716841987
1318244356034338816
1318244349512122368
1318244340137865216
1318244305698496512
1318244302783471617
1318244275654713346
1318244250652430339
1318244197955239939
1318244167080988679
1318244137339097088
1318244131374833665
1318244111812612097
1318243972419026944
1318243963795607552
1318243955188899842
1318243943138643970
1318243924658561032
1318243854324293634
1318243790730235905
1318243783910158336
1318243775974690817
1318243759289716737
1318243688393342976
1318243622215688193
1318243618864451585
1318243618008797184
1318243612371656705
1318243596198420481
1318243555308163072
1318243539113959432
1318243501130371072
1318243484583759872
1318243449670336513
1318243424391352320
1318243404577460226
1318243391214358529
1318243385040424965
1318243379130621959
1318243376534376448
1318243375519207424
1318243321886724096
1318243318539628545
1318243286843351040
1318243284276346882
1318243259748126722
1318243173165137920
1318243159990829062
1318243151937736708
1318243129577922560
1318243084933730307
1318243064238977024
1318243013865447425
1318242995196526594
1318242952595099648
1318242938456055811
1318242926116438017
1318242847372546049
1318242827059548160
1318242797103796225
1318242768444100609
1318242763243180032
1318242750505078784
1318242749280301056
1318242715826532354
1318242691726086150
1318242684713172992
1318242643932024835
1318242619244380161
1318242529331023874
1318242520451731458
1318242517142437890
1318242516387364865
1318242506518179841
1318242467414761473
1318242461081370629
1318242460460552198
1318242329237532672
1318242324221231107
1318242313567670275
1318242227445927937
1318242195951026177
1318242193799319552
1318242180494970882
1318242179303772163
1318242138195460099
1318242075859652608
1318242074446204933
1318242040673718276
1318242008016748551
1318241959014785024
1318241908670562304
1318241905289973760
1318241826147602432
1318241823534493696
1318241782883299330
1318241672422187011
1318241479630983171
1318241462174220289
1318241361527754753
1318241319924498435
1318241309287682048
1318241140274008065
1318241123685588993
1318241020778348544
1318240981972619265
1318240865572298755
1318240769313067014
1318240698982871042
1318240603545735168
1318240577071304704
1318240377166385154
1318240376977715202
1318240348158652416
1318240272376078337
1318240224225406980
1318239966221258759
1318239944599588865
1318239874659463168
1318239752101953538
1318239748150812672
1318239747416846337
1318239722729361414
1318239677577658368
1318239676805898240
1318239662314500097
1318239652927733761
1318239625094127616
1318239489056231426
1318239449856249859
1318239336270319622
1318239296353148929
1318239218431385602
1318239163171426304
1318239162391298054
1318239121664507905
1318239086717566976
1318239070796062720
1318239028110594048
1318238868123099137
1318238849626263553
1318238734224183296
1318238694881566720
1318238582793031682
1318238393181065217
1318238360952049665
1318238199618166784
1318238108006207488
1318238049390702593
1318238038707871744
1318237961729789952
1318237935209189379
1318237662562734081
1318237602865176579
1318237525325000707
1318237498749968384
1318237421302173704
1318237412204683264
1318237361034174466
1318237357074567168
1318237308055920640
1318237274493026304
1318237190489575425
1318237171049005057
1318237118393667587
1318237111447859200
1318237109879296000
1318236947232555018
1318236914961571842
1318236914596589572
1318236829745860609
1318236742940491779
1318236711835533312
1318236691925172224
1318236670022586369
1318236611205861395
1318236574916747264
1318236480624599041
1318236447422513154
1318236307571806209
1318236198029217799
1318236108371746816
1318235998497759238
1318235940901523457
1318235907007328258
1318235849046241282
1318235837482602498
1318235663481917440
1318235646809571330
1318235549094809612
1318235521622200321
1318235463967191040
1318235386162913282
1318235322925318145
1318235222220091393
1318235154859569153
1318234926408437761
1318234921220145152
1318234867956670465
1318234855231098882
1318234842052481024
1318234656953651200
1318234648242245637
1318234442364837889
1318234297019531266
1318234122159071232
1318233965610758144
1318233914595475459
1318233896664899587
1318233883972874240
1318233844684853258
1318233828410916865
1318233817115754497
1318233732873150464
1318233721384980480
1318233513401946115
1318233395248365568
1318233394594152451
1318233393788837888
1318233313832783877
1318233088292421634
1318232923229880324
1318232639082500097
1318232581515694080
1318232536074670080
1318232515447001094
1318232471436218370
1318232184482861068
1318232126840590336
1318232077586685952
1318232037698928640
1318231997693775874
1318231996750024704
1318231887274479617
1318231623901630464
1318231602623819776
1318231578737258501
1318231567714684928
1318231466589999105
1318231426446262280
1318231374114004994
1318231324650602496
1318231292882915330
1318231248158994432
1318231164000391168
1318231117883912193
1318230968377987074
1318230940833976321
1318230746964856834
1318230735283695616
1318230622679322624
1318230263684628481
1318230161574289408
1318230003662938117
1318229918745067520
1318229872209256448
1318229810867363840
1318229788356694017
1318229778340696064
1318229720895553537
1318229689643769857
1318229680013664256
1318229676171689988
1318229657838387203
1318229629006655489
1318229504184254465
1318229443178004482
1318229295999967232
1318229262445481986
1318229228580671490
1318229176768495616
1318229116143927297
1318229070296076289
1318229029288398848
1318228920374861825
1318228781954441218
1318228611174989828
1318228458795880449
1318228407721873410
1318228285684436992
1318228167379869697
1318228166821949441
1318228166046003206
1318228156285919232
1318228092498989058
1318228087532867586
1318228044763566080
1318227986726985730
1318227976698368004
1318227880871153665
1318227850344992769
1318227838278029313
1318227835383853056
1318227646753443840
1318227531980509184
1318227507020288002
1318227433116545024
1318227386312306689
1318227264191057920
1318227109970694144
1318227084414693381
1318227052332548100
1318227041934782464
1318227037824438274
1318226891342577664
1318226883042025474
1318226794651262979
1318226674471882752
1318226656868302850
1318226626778456064
1318226455646642181
1318226454598004736
1318226301011038208
1318226260716408832
1318226191862685698
1318226182429618177
1318226139782021125
1318226058634735619
1318226037176676354
1318226032797863936
1318225996437442560
1318225905861447682
1318225868725116928
1318225851104768002
1318225841344684033
1318225810323611650
1318225761766199297
1318225677225742339
1318225626495668224
1318225476662513666
1318225445976944648
1318225426595143680
1318225379363086336
1318225297985179648
1318225241626300417
1318225220285747200
1318225177398956032
1318225137863397376
1318225064165318656
1318225043055325185
1318224951309119488
1318224929628819456
1318224929071026176
1318224614619860992
1318224559187939328
1318224548215590914
1318224533476835335
1318224486265724929
1318224479428972547
1318224450450501633
1318224353591545856
1318224320208973827
1318224315985416193
1318224299510161411
1318224290186223618
1318224263418171397
1318224161802735617
1318224149861597184
1318224002893156352
1318223832684048385
1318223807593807873
1318223623086346241
1318223478600904705
1318223390109556736
1318223306777104384
1318223299600592897
1318223254872592389
1318223181963026434
1318223093970632704
1318223044159176710
1318222832220897280
1318222711932522497
1318222697399279616
1318222643779280896
1318222614867959808
1318222534567919618
1318222466280468480
1318222426183028736
1318222412895444993
1318222342460301317
1318222325540638721
1318222284910452737
1318222230032175105
1318222102932148224
1318221810018766853
1318221776355209217
1318221775239512064
1318221774748790785
1318221773926793222
1318221724836614146
1318221647850209280
1318221621379911682
1318221479738224643
1318221467981668354
1318221399891365889
1318221367238590464
1318221349211541504
1318221292835930112
1318221087591845888
1318220920339705858
1318220751711965185
1318220736289439744
1318220633940131840
1318220615325642752
1318220556135784454
1318220380184727557
1318220286257434625
1318220279269756940
1318220226861895682
1318220212597067783
1318220121350000651
1318220112059654145
1318220111862468609
1318219989007192064
1318219962658467841
1318219929259282432
1318219846555938819
1318219839488598021
1318219825043427334
1318219775168991233
1318219603693240320
1318219407617888258
1318219158782398467
1318219093070254081
1318219002255126528
1318218980449046529
1318218924693975040
1318218843593052161
1318218620778983424
1318218434111545349
1318218402889072641
1318218360476307458
1318218302511026177
1318218208944541696
1318218179026538496
1318218118938984449
1318218011141169155
1318217734388404227
1318217722283610112
1318217599239540736
1318217210670817280
1318216957221605376
1318216929463644162
1318216914326401031
1318216896479662081
1318216862149345282
1318216808474828806
1318216804028850177
1318216689377550340
1318216597174145024
1318216591834816512
1318216564492165122
1318216563623854085
1318216386443943938
1318216333037768707
1318216328189267974
1318216311147778048
1318216296853626883
1318216224300466176
1318216136996098048
1318216093987733506
1318215980594712577
1318215930409869312
1318215819826954243
1318215795550441476
1318215746619645952
1318215709948862464
1318215564234530818
1318215493493256193
1318215468403011588
1318215140995629058
1318215132837793799
1318215071412195328
1318214957633277952
1318214839509176320
1318214682449268737
1318214677231509505
1318214641701576710
1318214484528386051
1318214468510339074
1318214408095584265
1318214367821897734
1318214341565550592
1318214295965044736
1318214233474170881
1318214214901747712
1318214193259155456
1318214192042749953
1318214146438144007
1318213945442918401
1318213923393462272
1318213830162456577
1318213802459078658
1318213768774549504
1318213731709521922
1318213661203308546
1318213625962782720
1318213594354536450
1318213569008250881
1318213494093844481
1318213452435922945
1318213351751753728
1318213322978844673
1318213311213662210
1318213303680831489
1318213292855263237
1318213232532901888
1318213093470670850
1318212859076149250
1318212831498612738
1318212377708560384
1318212357286465543
1318212321211273217
1318212231599894528
1318212230211686400
1318212219050622978
1318212202260738049
1318211982999375882
1318211647144660992
1318211627037134848
1318211410367795201
1318211018036752388
1318211003830706176
1318210932317724672
1318210888579584002
1318210808132886529
1318210780333002753
1318210654302515203
1318210541626818565
1318210499411136514
1318210455316418569
1318210417152434176
1318210387058241539
1318210288714481666
1318210220561211393
1318210181830832128
1318210172020531206
1318210128747835395
1318209785255415809
1318209612512923648
1318209483143864322
1318209390382665729
1318209341737099265
1318209205120237568
1318209145854693376
1318209007203553282
1318208896197136384
1318208718023032833
1318208679330578433
1318208660389187584
1318208512837681155
1318208317609725954
1318208283887439872
1318208248940548098
1318208233916551171
1318208169487847424
1318208142526775296
1318207949186207744
1318207746085392384
1318207553248071682
1318207372138086400
1318207313459744774
1318207252533334022
1318207140859908102
1318207084773638149
1318207076804472833
1318206960378982401
1318206935183884290
1318206736390565890
1318206682779078657
1318206478298341378
1318206475685269509
1318206403086045185
1318206254737690625
1318206162651762688
1318206156213489668
1318206110478880769
1318206076337164288
1318205922418872322
1318205732282458113
1318205648560181249
1318205434440929280
1318205275224993794
1318205130697736192
1318205122510528518
1318205104357560320
1318205090323439619
1318205058824228864
1318204940574167047
1318204914514919424
1318204868490911744
1318204747472687110
1318204723640545287
1318204685178777601
1318204623807709184
1318204297780334592
1318204201072287744
1318204120751276033
1318203765904838658
1318203691162341376
1318203507485384709
1318203471124926467
1318203389201797123
1318203107894022146
1318203089493557248
1318203075820126209
1318203064390766592
1318203021994622979
1318202976654282752
1318202885189128193
1318202862321717253
1318202861176631300
1318202853253677058
1318202803584720901
1318202768956575745
1318202616011173888
1318202510750978048
1318202494351298565
1318202474776453120
1318202466534629380
1318202419742986243
1318202412642017280
1318202405805240323
1318202313207631873
1318202234828689408
1318202115513372672
1318202066960076803
1318202051487289346
1318201917726654466
1318201880330309633
1318201850047451137
1318201829847687170
1318201796502917120
1318201770112372737
1318201599223861251
1318201541472473088
1318201531087360001
1318201514847014914
1318201465165520898
1318201326388629507
1318201240891936768
1318201101880070145
1318201061757358080
1318200819318198282
1318200755363500033
1318200656985878529
1318200624777891840
1318200618004193281
1318200533761609740
1318200496121876480
1318200492774883328
1318200492284137472
1318200435983982597
1318200388630286337
1318200309609426950
1318200265284194309
1318200244820115462
1318200208359067648
1318200076934746114
1318200048338018304
1318200037218856961
1318199965051719681
1318199871598374913
1318199864178737153
1318199858382123010
1318199811619868672
1318199795497000961
1318199504923987973
1318199452818198528
1318199444551176192
1318199437257211906
1318199356151967745
1318199355497734144
1318199336837304321
1318199271854931970
1318199113507348483
1318199061669871621
1318198922817556482
1318198828131037184
1318198682223841283
1318198592440389633
1318198310390419457
1318198286541557762
1318198200306667526
1318198134774894592
1318197917954510848
1318197900372021254
1318197713788313600
1318197641218502658
1318197372669906945
1318197360057589760
1318197189122920448
1318197134345252865
1318196980733120518
1318196910235308032
1318196589295509504
1318196202542895105
1318196161342328832
1318196087673352192
1318195982492991488
1318195925467205632
1318195922749263872
1318195895423410182
1318195577172131844
1318195447740116992
1318195303196000257
1318195271751372805
1318195216432701441
1318195183230529538
1318195146773725190
1318195120714534913
1318195096156852224
1318195061365133312
1318195041307889664
1318194842019745792
1318194458014502913
1318194438703845378
1318194413412155395
1318194401382891526
1318194395661897729
1318194379371196417
1318194244767649793
1318194115738275840
1318194100441653253
1318194039443816448
1318194031676063748
1318193456792195078
1318193107041660928
1318193088301617152
1318193060145188866
1318193056923963393
1318193032026595328
1318192923721216001
1318192849129787392
1318192816929996808
1318192815218724864
1318192795107164160
1318192774722748417
1318192613917364225
1318192581243699201
1318192475664732160
1318191829540605953
1318191810330710017
1318191712863477761
1318191480947822592
1318191347812175872
1318191322809929729
1318191304598155264
1318191087614296064
1318191057058910210
1318190978302443521
1318190957402247174
1318190884123516930
1318190860069195776
1318190710261223426
1318190528182296576
1318190410066440194
1318190379804610572
1318190347365896192
1318190309159915520
1318190205518622722
1318190202934988800
1318190170513035264
1318190119443202049
1318190047988977665
1318189905512628224
1318189849753636864
1318189782200188929
1318189768837136385
1318189768056950785
1318189712754999299
1318189606018420738
1318189308935868416
1318189205261062147
1318189179486994435
1318189024624914432
1318188951455358982
1318188917556867073
1318188893137756160
1318188891879448576
1318188872057167875
1318188836296548352
1318188630897270784
1318188524903038982
1318188429461671937
1318188160023670789
1318188051961683977
1318187767302639618
1318187744158416897
1318187657793601538
1318187525123420160
1318187446568366081
1318187264774705152
1318187262182629378
1318186999958876161
1318186944938102784
1318186878370238464
1318186856824164352
1318186844278972416
1318186776440262656
1318186756471128064
1318186746992054275
1318186536266010625
1318186484487409665
1318186418796113920
1318186350177357830
1318186323245674498
1318186254408830976
1318186247995621376
1318186246896709634
1318186245978165250
1318186241976717312
1318186218660777985
1318185950586036228
1318185934689624065
1318185886102790144
1318185718343237637
1318185700848709633
1318185617541505024
1318185473886531590
1318185433470279680
1318185407591436288
1318185232818982912
1318185097305227266
1318185067265470464
1318185000311885824
1318184988869885953
1318184894267330561
1318184677077929986
1318184599969796096
1318184344171806720
1318184118379831299
1318183996401082371
1318183863257075717
1318183836384112643
1318183743304179715
1318183597413703688
1318183588622454785
1318183539888820224
1318183532267700224
1318183365460283392
1318183356551598083
1318183339812098051
1318183328219095041
1318183317297135616
1318183265279365120
1318183144403668992
1318183106310975488
1318183040816975878
1318183001386176512
1318182992498642947
1318182962211545093
1318182955962015745
1318182898487468033
1318182887913553920
1318182846582956032
1318182837686775810
1318182760293535744
1318182707214602240
1318182636934803459
1318182625211678721
1318182507418931204
1318182395506556930
1318182379559751682
1318182275486523393
1318182180451995649
1318182145714753538
1318182075258839040
1318181963711320064
1318181869175808000
1318181659724992513
1318181641253244929
1318181592741937153
1318181427536592897
1318181415503187968
1318181205179830273
1318181180299186177
1318181175660249093
1318181116675751939
1318181105808363520
1318180806519607296
1318180753188990976
1318180525178343424
1318180431720742913
1318180428503830528
1318180394336858113
1318180338091307009
1318180173674651648
1318180161070780421
1318179899044134914
1318179884984840194
1318179881839173635
1318179814721945600
1318179663836045315
1318179633242787845
1318179611960893447
1318179440875216901
1318179381269962754
1318179262621491201
1318179190143930368
1318179180937347072
1318179130203058176
1318179114638037002
1318179087161167875
1318179073865273347
1318179068022525957
1318178949235658752
1318178897184366592
1318178882630070282
1318178858739191808
1318178837457440768
1318178800765718528
1318178727159803905
1318178706737762305
1318178683392319490
1318178554765627394
1318178261415956487
1318177896738017281
1318177683776409600
1318177520441843718
1318177515471572998
1318177496114888704
1318177356297752576
1318177340803993600
1318177319454937090
1318177211292286976
1318177192224980992
1318177033579597824
1318177002378153985
1318176921675534337
1318176865492885504
1318176839341203457
1318176831359619079
1318176734827761664
1318176733200343041
1318176705002045443
1318176689977950211
1318176686245117954
1318176596654739456
1318176585376276481
1318176264444907522
1318176258392526859
1318176242336780289
1318176191967363072
1318176138859024384
1318176050187276288
1318175970185170945
1318175937779912707
1318175848692932608
1318175847887548417
1318175823535407107
1318175749627662336
1318175739062222854
1318175687895863299
1318175635697782784
1318175619440586759
1318175571612938240
1318175556085612546
1318175512427114496
1318175505397460992
1318175504613187587
1318175502763524096
1318175441941942272
1318175267026833408
1318175195933396992
1318175021358026753
1318174937962733568
1318174880282644482
1318174812066504710
1318174485363773442
1318174397270732800
1318174356460195841
1318174273530449920
1318174188801314819
1318174133373587458
1318173948178300929
1318173944655073280
1318173879970549766
1318173855169630210
1318173820818259969
1318173714605801473
1318173672713093120
1318173643931791361
1318173621878247429
1318173602949271552
1318173546292649986
1318173495533228033
1318173402897801216
1318173368093466626
1318173299118116864
1318173261881016323
1318173182948409348
1318173109766291456
1318173086949179393
1318173053424193537
1318172941931237376
1318172884460855298
1318172871609430016
1318172854974808064
1318172731876253696
1318172708883058690
1318172698292473856
1318172663823695872
1318172648355123203
1318172618235760640
1318172607309664258
1318172597335543809
1318172584228364290
1318172561923100672
1318172555874848768
1318172547905630209
1318172533494108160
1318172502762409984
1318172398475149313
1318172380569755648
1318172321891450884
1318172218837315594
1318172142513639424
1318172104685199361
1318171928109121537
1318171860220153858
1318171828066701312
1318171760517328896
1318171751491174401
1318171740099457024
1318171724161142791
1318171660193845253
1318171552509296642
1318171551255220224
1318171467104899072
1318171435215499266
1318171432627691520
1318171312653799425
1318171282144452608
1318171217858351104
1318171112245760000
1318171102171058177
1318171101944532992
1318171096433201154
1318170984915009536
1318170983946223617
1318170971619135488
1318170928820387840
1318170919718817794
1318170904099278849
1318170825468555266
1318170804375400450
1318170728861257728
1318170699064901640
1318170693125705728
1318170554445275136
1318170547285524483
1318170515396321281
1318170508605743104
1318170389491703810
1318170373947613184
1318170268737675264
1318170257496936448
1318170157991317505
1318170129650405378
1318170099010965505
1318170065024569344
1318170026336264194
1318169838859309059
1318169835612811264
1318169670130798592
1318169655039635456
1318169534008872961
1318169455533445121
1318169443290198018
1318169400705490944
1318169384066699264
1318169210225307649
1318169200721092615
1318169050485301248
1318169049944236032
1318169034316115968
1318169018281435136
1318168962358706177
1318168918243115009
1318168906041798658
1318168859057192960
1318168830582149120
1318168703872237569
1318168615120703488
1318168511781416961
1318168502558248960
1318168463597309958
1318168459973447680
1318168369141526528
1318168337382334466
1318168268943785986
1318168225172119553
1318168162253373441
1318168152249958400
1318167927963738117
1318167857126100992
1318167694353567744
1318167589198049281
1318167489218514945
1318167426291404801
1318167421463777281
1318167203259256835
1318167142357999616
1318167133596098560
1318166941996060677
1318166926691045378
1318166923918671872
1318166872722968577
1318166864250503178
1318166701876432896
1318166586281308166
1318166466840113154
1318166394274516993
1318166305057480710
1318166257632485376
1318166132508020736
1318166075738030082
1318165859806969857
1318165815460507648
1318165787367100417
1318165739916984320
1318165495166734337
1318165423469318149
1318165126135033856
1318165067159031808
1318165037886984192
1318165028361687040
1318165027589967880
1318164995549597701
1318164994727563264
1318164993016201216
1318164985302962177
1318164984548020226
1318164939769630720
1318164850615484420
1318164845347377153
1318164754200993793
1318164575401947138
1318164547979538432
1318164395776790528
1318164395579658244
1318164314512105473
1318164271965110272
1318164250272124929
1318164180004909056
1318164126439452673
1318163855718178816
1318163772679258112
1318163730241409024
1318163649136070656
1318163634716102658
1318163453840920585
1318163419086946304
1318163146390069248
1318163066002046976
1318163043201810432
1318162968908091393
1318162829380407296
1318162609120698368
1318162467118338048
1318162445798658049
1318162242446061569
1318162224377171969
1318162211072888833
1318162143804559360
1318162049428561920
1318162005547749376
1318161978049875968
1318161723728211968
1318161723162066945
1318161717394890752
1318161626445524993
1318161576852099072
1318161376741871616
1318161305874870273
1318161222437539847
1318161165239914496
1318161052127944704
1318160733356675074
1318160709478481921
1318160675206844418
1318160415533260801
1318160329621340160
1318160261493248000
1318160211438350337
1318160153825431558
1318160045285269509
1318160041350995968
1318160025697869825
1318159984736325635
1318159977387675650
1318159908609658882
1318159827399573504
1318159700698038273
1318159677067300864
1318159609878687745
1318159589876109312
1318159576156569600
1318159569647001600
1318159420904378368
1318159344039591941
1318159317296586752
1318159267849973760
1318159255631990784
1318159230235541506
1318159222039859203
1318159187692580866
1318159093241171969
1318159064174628864
1318159013419405312
1318158871723212800
1318158807378309121
1318158797932822548
1318158594639003649
1318158339277230080
1318158269022720000
1318158238509158402
1318158230900645888
1318158192417886208
1318158177150685186
1318158153419264000
1318157956257599488
1318157915753164801
1318157701885628416
1318157162045165568
1318156950262050817
1318156864186712070
1318156814396116992
1318156780464123904
1318156775699472384
1318156667289305091
1318156667155079168
1318156616475213825
1318156599836303360
1318156504218898432
1318156349096759298
1318156265281945600
1318155992404733952
1318155932916908032
1318155932333969410
1318155842496188417
1318155840445140992
1318155838398279680
1318155836280262658
1318155836259241984
1318155833843306497
1318155706617466881
1318155702507085824
1318155665383239681
1318155661499392002
1318155660064862210
1318155658387226626
1318155656705282048
1318155654704648193
1318155575939747841
1318155409077768199
1318155408528281600
1318155407303507968
1318155406884130818
1318155315616112640
1318155277510807553
1318155263468359681
1318155160833708035
1318155118978699264
1318154905060823040
1318154860936761349
1318154763377180673
1318154729457844225
1318154573584998401
1318154432119513088
1318154385277464576
1318154281275502598
1318154276590452739
1318154211973005312
1318154207757783040
1318154057282891776
1318153914756354058
1318153756442230787
1318153574963171328
1318153571347595264
1318153529920491520
1318153498631032832
1318153483221143555
1318153444402909184
1318153357589155840
1318153329399181313
1318153303524507649
1318153184246857728
1318153081641730049
1318152958450728962
1318152797620142080
1318152673154240513
1318152637871804417
1318152519873343488
1318152312381202434
1318152296094629888
1318152166012485635
1318152126942633985
1318152073909850112
1318151789330432002
1318151766870003713
1318151746338889740
1318151732556369920
1318151677275504644
1318151288778035200
1318151227436371968
1318151091855523840
1318151005750571010
1318150845909880832
1318150786552156160
1318150781946703872
1318150736681848832
1318150490132221955
1318150487368208384
1318150456569454592
1318150420993347584
1318150295269015553
1318150284716236800
1318150245381963776
1318150239098908672
1318149988141191169
1318149868746047488
1318149794770997250
1318149792372064257
1318149743718039554
1318149690366578689
1318149644929650693
1318149438414770177
1318149269967278080
1318149236777734145
1318148987325730816
1318148940764794880
1318148918153256960
1318148666264354817
1318148582797660160
1318148566062424064
1318148546147831809
1318148474181980161
1318148412668284929
1318148302874038272
1318148276059865089
1318148237254135811
1318148223928860677
1318148184825384960
1318148141397528576
1318148115971657729
1318148081305735168
1318147997675511808
1318147987441332225
1318147955304652800
1318147883842011137
1318147883716194306
1318147809506447362
1318147740577243139
1318147649699221504
1318147649221070848
1318147648747130884
1318147647400742913
1318147639419031552
1318147638940864513
1318147638404009985
1318147637917396992
1318147637137281024
1318147550503993349
1318147456429940736
1318147377790963713
1318147176116162560
1318147172408430592
1318147099339481091
1318147055936802816
1318147004841758726
1318146913254936576
1318146894472818690
1318146740541886464
1318146565794562055
1318146432596148224
1318146361540415490
1318146266677891072
1318146060578099206
1318145933587189760
1318145931523612674
1318145682096726016
1318145616728424449
1318145614656557062
1318145493898268673
1318145365430906880
1318145309822849024
1318145252830728193
1318145205141458945
1318145062388289536
1318144973745868801
1318144940942237696
1318144904049156097
1318144900181970944
1318144843722489858
1318144789527859201
1318144749937872896
1318144710909853696
1318144687526629377
1318144681713258496
1318144656400650241
1318144524108107779
1318144433527861249
1318144341060296704
1318144156091490304
1318144147820367872
1318144009399918592
1318144000021483522
1318143906958266368
1318143866424406016
1318143844521836544
1318143789089853441
1318143744844177409
1318143743216803840
1318143724237524992
1318143615479185409
1318143591085232129
1318143550463365120
1318143463679025155
1318143343218597888
1318143267553292288
1318143229418758150
1318142978284789760
1318142950036164609
1318142802514018304
1318142767596527616
1318142752715132930
1318142726622294016
1318142705961209863
1318142685929197570
1318142634985226240
1318142511265812480
1318142442848325636
1318142413240717313
1318142359645937664
1318142347356622848
1318142297461096448
1318142238355062785
1318142145820348416
1318142141210808322
1318142102921007106
1318142061716144133
1318141918329655300
1318141909248937984
1318141737198563328
1318141724867297283
1318141685633847296
1318141665077547008
1318141545934213121
1318141533883957249
1318141524987838466
1318141522982981633
1318141511264067584
1318141429810667522
1318141357534416902
1318141338047684609
1318141321090129922
1318141279566430208
1318141211241316357
1318141207298584577
1318141155423518722
1318141129418854402
1318141072065822720
1318141016055156737
1318141006395678721
1318140962837848065
1318140954973528064
1318140879861878784
1318140831572819969
1318140815915552768
1318140709598355457
1318140697053155330
1318140689092399104
1318140584524156929
1318140442731577345
1318140431612379137
1318140359206162432
1318140348095451136
1318140324183683073
1318140015793287168
1318139953067458562
1318139820821106688
1318139796422799365
1318139719256068097
1318139440955490304
1318139427059867648
1318139413218590720
1318139409213149186
1318139387289473025
1318139379567808513
1318139250391527427
1318139080971091974
1318139075434598400
1318138862007472128
1318138856210898944
1318138818059509761
1318138807162703873
1318138700572860416
1318138600865865729
1318138597900488704
1318138562823524354
1318138562202783744
1318138550764843008
1318138550655868928
1318138524516966400
1318138484998197248
1318138393474334726
1318138288964837376
1318138271025823746
1318138245369167872
1318138129354756097
1318138096735703040
1318137894318505990
1318137720112381954
1318137648800800768
1318137560510640129
1318137522363486211
1318137066010693633
1318137056837730304
1318137049598353410
1318137033446051843
1318136899236659206
1318136885324251136
1318136782458884096
1318136611994062856
1318136507019001858
1318136478854270976
1318136355835314176
1318136234535981057
1318136083629178882
1318135881002344448
1318135872534024198
1318135837721317376
1318135744431591425
1318135734558199808
1318135695907692549
1318135537283272704
1318135445826437121
1318135365635575813
1318135177986658304
1318134991046533122
1318134966329495552
1318134843788693504
1318134797642977280
1318134778923802624
1318134764738674689
1318134694312091655
1318134575474855938
1318134491383238656
1318134385531641856
1318134383019233283
1318134311334387713
1318134221643407363
1318134183391264769
1318134183252905985
1318134060439556098
1318133944508874752
1318133823108952064
1318133743052312577
1318133728456155138
1318133700031283201
1318133613968429057
1318133513523204099
1318133434502569984
1318133356832370689
1318133338146803713
1318133333075910656
1318133330638929920
1318133231917633541
1318132873954811904
1318132724239114241
1318132624834125824
1318132582895288320
1318132469535825921
1318132458559332357
1318132273783463936
1318132203491102721
1318132185526898689
1318132169416605696
1318132050726092800
1318131922216865793
1318131907012550657
1318131872585699330
1318131863240716294
1318131790163415040
1318131720344997888
1318131629685080064
1318131592842383362
1318131578078400512
1318131546918879233
1318131403394064384
1318131381080363009
1318131330459312129
1318131293113192448
1318131202210004992
1318131055132553216
1318130935439785985
1318130841957126144
1318130758834442246
1318130708402049024
1318130666287079425
1318130607419949056
1318130585882267648
1318130561513410563
1318130099531751429
1318130097442967559
1318129972633108481
1318129937501605893
1318129927926009857
1318129825731706880
1318129823886225410
1318129720244961280
1318129593442861057
1318129565622030336
1318129515676246016
1318129345202954240
1318129153116393472
1318128949139046403
1318128819623034880
1318128804506775558
1318128787712823296
1318128599237472256
1318128521273856002
1318128457059127298
1318128411290853378
1318128245980778496
1318128177458282496
1318128116661932032
1318128015633747968
1318127963750211585
1318127944401911809
1318127790672273410
1318127440963710977
1318127435800563713
1318127429383262209
1318127396185378817
1318127195798253568
1318127150118195202
1318127116488183808
1318126971310788610
1318126910099066881
1318126861940084737
1318126826175287296
1318126467323187200
1318126324049940487
1318126309017518082
1318125989831020546
1318125987612270592
1318125723870257152
1318125702718390273
1318125690689064961
1318125679192559618
1318125632941903873
1318125490054582274
1318125232461352960
1318125110025457664
1318125071647543299
1318124673918554112
1318124443080794113
1318124290760495106
1318124266110504960
1318123957355270144
1318123901931630593
1318123859468406784
1318123823825289221
1318123791831212032
1318123740719296512
1318123456282714112
1318123426062675969
1318123305820393473
1318122865636610048
1318122814319316992
1318122710829092865
1318122651244691457
1318122470902272000
1318122450497032193
1318122433145131010
1318122401931030533
1318122374173261824
1318122352870305792
1318122337187827713
1318122282842206209
1318122233986830336
1318122181574930432
1318122177766559744
1318122098431266818
1318122096241893376
1318121904226652165
1318121724572016640
1318121721786925057
1318121570485727234
1318121429657919489
1318121425534898177
1318121423865602048
1318121408657055744
1318121397332398080
1318121379439513601
1318121368504946688
1318121324729040896
1318121290352439296
1318121186757365760
1318121119212163072
1318121076858245121
1318121026597851137
1318120890723422208
1318120817784426497
1318120751413809152
1318120719096586242
1318120567367782405
1318120549873319936
1318120523260436481
1318120487579394049
1318120482458226688
1318120358868930560
1318120355198914560
1318120321690599424
1318120305890627584
1318120275817488384
1318120139792023552
1318120137346719745
1318120070321680386
1318120053246746625
1318120023001616385
1318119996141293568
1318119978491674625
1318119974951669766
1318119972590202885
1318119810669084677
1318119771121078275
1318119736400580608
1318119727718371328
1318119699671035904
1318119676556288002
1318119550395842567
1318119431764135937
1318119423081930752
1318119336838631424
1318119190939766786
1318119164272349184
1318119116675362816
1318119074426163200
1318118950425776128
1318118860994826241
1318118667482140672
1318118594153226241
1318118467409760256
1318118357690994689
1318118327705915393
1318118304880513027
1318118298823888896
1318118294826733569
1318118285716709377
1318118231966732288
1318118030111657984
1318118023744704514
1318118011753156609
1318118001275789312
1318117858103185408
1318117853409824774
1318117848712155136
1318117728260149249
1318117693271252995
1318117661700739072
1318117625273221120
1318117559091236864
1318117506863800320
1318117353226371072
1318117282132955137
1318117195516465153
1318117192425230336
1318117151434285057
1318117041962946561
1318116724584087552
1318116713209233408
1318116646532382721
1318116416093097984
1318116100815654913
1318116077088419841
1318116066611105799
1318115884339286017
1318115846556889088
1318115462820077568
1318115287695228928
1318115182460063744
1318115135010099202
1318115080446291969
1318115072158453760
1318114735385202688
1318114703541927936
1318114702216626176
1318114531118374912
1318114495739342850
1318114442849046533
1318114395235381248
1318114268907294720
1318114181233676291
1318113734490001408
1318113700063182849
1318113525542379520
1318113517770256384
1318113450044870656
1318113425722122242
1318113369900142592
1318113213234450433
1318112928772612096
1318112756801875969
1318112645480853504
1318112593576382464
1318112482821574659
1318112414399856641
1318112409979179009
1318112256278790146
1318112237802954755
1318112211177537536
1318112204856659971
1318112096127750144
1318112089962127361
1318112065001848832
1318112057997361152
1318111871883481088
1318111822235488257
1318111819064614913
1318111709039558657
1318111649665089536
1318111405648809985
1318111194499219456
1318111156335239169
1318111098982248448
1318110915833831424
1318110891448111104
1318110885932650497
1318110876268957696
1318110872888332294
1318110847814828032
1318110372906340354
1318110347820208128
1318110345572003842
1318110304585306113
1318110268875038721
1318110252445978626
1318110227519111168
1318110124402122756
1318109893426110464
1318109888854327298
1318109722353033222
1318109681869574144
1318109591683670016
1318109514890084352
1318109504274337792
1318109439719886848
1318109438423801858
1318109315199283200
1318109263500333056
1318109172177784832
1318108776382287872
1318108705725030402
1318108647952703488
1318108622031912960
1318108544349163521
1318108541689933824
1318108496567652353
1318108459951378432
1318108358772129792
1318108178932957184
1318108018828075013
1318107887953117184
1318107827483926528
1318107817769926656
1318107800422260736
1318107556544380929
1318107457848303617
1318107454564126720
1318107421756317696
1318107411094405122
1318107409257320448
1318107281045786624
1318107251224301568
1318107219464945664
1318107198841651201
1318106769877512193
1318106693557997576
1318106642731421698
1318106580903231488
1318106381925388288
1318106270344355840
1318106192892383232
1318106115184463873
1318106055738523653
1318106015049633794
1318105910972239873
1318105859600359424
1318105712925544449
1318105618893426688
1318105561800577025
1318105509371719680
1318105427612139520
1318105290471034882
1318105170266521600
1318105122178781184
1318105115165904897
1318104873871790081
1318104756993298433
1318104732062330880
1318104673019170817
1318104518299668480
1318104498959716352
1318104480211226624
1318104417015660544
1318104312325734401
1318104287667458048
1318104176866529280
1318104091860619265
1318104029809971201
1318103844509855744
1318103839636135938
1318103766483296258
1318103674124750849
1318103387607584768
1318103375154712577
1318103372877225984
1318103357240868864
1318103283957981184
1318103210578554881
1318103111832141826
1318102977366925312
1318102952083623937
1318102879815782400
1318102766804402176
1318102554006474752
1318102467624796161
1318102461090009088
1318102223000379393
1318102100262506496
1318102061796495360
1318102013788459008
1318101927708839936
1318101902131929094
1318101785505128448
1318101763866710016
1318101534002077701
1318101522232856576
1318101420449632257
1318101323217358850
1318101077317869571
1318100905577877504
1318100857011998721
1318100833393782784
1318100785369128960
1318100717861744647
1318100717442371588
1318100710819418113
1318100706700787712
1318100687872471040
1318100538106458112
1318100394371895296
1318100234979991553
1318100216411754497
1318100180567207938
1318100105476669440
1318100093606690816
1318100062048747521
1318099962081775617
1318099873099546624
1318099607570796544
1318099577996718080
1318099569679499264
1318099567720554496
1318099431951130625
1318099404985896960
1318099381795565568
1318099380117929986
1318099317756989441
1318099316238680064
1318099215063670784
1318099205970382848
1318099129009098752
1318099093839925256
1318098866927960064
1318098626099499008
1318098616679018497
1318098595250425856
1318098567869837312
1318098564401287169
1318098399091195904
1318098365024972800
1318098109914906624
1318098043774828544
1318098028578918402
1318097966054387712
1318097890905030656
1318097857195507712
1318097698436927488
1318097638391189505
1318097512738205697
1318097391774502913
1318097181690257408
1318097177584062464
1318097129970278406
1318096900122435584
1318096823840550912
1318096771411824640
1318096651454681088
1318096646144724992
1318096571628724225
1318096554960498688
1318096546114768898
1318096531518619655
1318096509003595776
1318096480197054468
1318096477277782017
1318096407874703365
1318096398575898626
1318096330498043905
1318096329613234177
1318096188613316608
1318096182862925824
1318096074675027968
1318096043221934081
1318096000687460354
1318095726438735872
1318095487157833728
1318095441494462464
1318095434615750656
1318095433617543168
1318095415816970240
1318095395130646528
1318095366760271872
1318095350746378242
1318095294555455488
1318095145615740928
1318095051159969792
1318094966300827649
1318094649597304832
1318094587341275137
1318094577618817024
1318094545880555520
1318094492654833664
1318094450653016065
1318094421213257729
1318094399771955200
1318094381484773376
1318094359951278080
1318094320679911424
1318094320583495680
1318094132171087872
1318094113812680710
1318094091897475072
1318094084976873472
1318094076043034625
1318094028668325889
1318094009148035072
1318093947835764736
1318093905900994563
1318093870987681793
1318093796698165249
1318093672118878208
1318093566997110784
1318093543894810625
1318093496092401664
1318093480556744704
1318093408716677120
1318093392639918080
1318093389804482560
1318093387908734976
1318093383341101061
1318093331910610944
1318093229405982720
1318093204072370177
1318093156924219392
1318092964170694656
1318092868444147720
1318092754380050432
1318092702421012481
1318092681629884417
1318092655390318592
1318092583114018816
1318092579188211712
1318092524611903488
1318092497395003392
1318092420505047040
1318092407150419969
1318092249729814537
1318092174114914305
1318092130896797696
1318092117948964864
1318092094997749761
1318092016207757313
1318091950050992128
1318091892572278785
1318091858535436289
1318091812712648705
1318091790033956864
1318091755791802369
1318091753946316800
1318091722304442368
1318091614410182656
1318091595250651136
1318091573989658624
1318091552804212736
1318091462286913536
1318091366157721602
1318091347409145856
1318091295852724224
1318091231856103426
1318091158346661888
1318091087576260608
1318091081570000896
1318091051635249152
1318090999202304001
1318090930302365698
1318090921800568833
1318090805173719040
1318090413832654848
1318090188065787909
1318090142687649793
1318090073422798848
1318090009514266624
1318089953432293376
1318089853008072704
1318089693838311425
1318089586690633729
1318089573692559362
1318089557427060736
1318089513294585856
1318089421061804037
1318089420831076353
1318089321614839819
1318088871448580097
1318088772286906368
1318088474772279296
1318088364298588160
1318088302566789120
1318088271776387074
1318088194794180608
1318088097779879936
1318088046798098437
1318087976048615424
1318087867864854528
1318087799069937664
1318087760398397441
1318087668442533894
1318087649396199424
1318087618060574721
1318087443116118018
1318087425701367808
1318087367362809856
1318087297515085826
1318087213712764928
1318087123216510979
1318086980148682752
1318086946762215425
1318086940185497605
1318086437116481537
1318086366236794885
1318086218308091904
1318085901260652546
1318085795044052992
1318085324967497729
1318085225512042497
1318085205207416833
1318085201172549633
1318085133275140097
1318085101557788673
1318084800251572224
1318084782715174913
1318084522827710466
1318084148343545857
1318083846345232384
1318083718284718080
1318083675079299073
1318083647329783808
1318083368869822471
1318083294416744453
1318083272447086593
1318083166872195072
1318083113382252544
1318083051151347713
1318082965692420098
1318082881386852353
1318082668798611457
1318082583029305345
1318082402376437761
1318082205571309568
1318082084330704896
1318082026843607040
1318081963287334914
1318081962351988738
1318081726426599424
1318081627575255040
1318080941483544576
1318080814635274240
1318080774051069953
1318080673228509185
1318080669306802177
1318080616169115648
1318080373876838401
1318080369682452480
1318080226698661889
1318080151629058048
1318080117818773504
1318079548844658688
1318079539868848130
1318079463486349312
1318079375682711553
1318079303641423872
1318079199563943936
1318078759023595521
1318078561568305153
1318078497064103941
1318078297763438597
1318077866521788418
1318077851581747200
1318077769440518145
1318077678419927041
1318077674682765313
1318077578326966272
1318077440829329408
1318077296796946432
1318077236642222080
1318077067481710593
1318076683275075586
1318076676249686020
1318076536558395392
1318076517512056833
1318076437325402113
1318076234010660864
1318076070948687872
1318076003198140416
1318075806460092417
1318075786704920576
1318075663195189249
1318075545255628800
1318075493795663872
1318075400128528385
1318075290292137985
1318075285464637447
1318074809016897536
1318074738821005312
1318074659909238784
1318074620264763392
1318074600861859840
1318074564400787462
1318074291456561153
1318074190247972866
1318073671123111936
1318073615095599104
1318073576914849792
1318073508895797248
1318073492642893824
1318073418726674432
1318073371704393728
1318073334136033280
1318073155878068224
1318073148944809984
1318072977678913536
1318072908640669696
1318072831708717057
1318072827338235906
1318072727803232256
1318072691405017088
1318072590154584070
1318072468700078080
1318072322272694272
1318072269223170048
1318072268858118144
1318072268837154816
1318072268140933121
1318072038813241344
1318072038804934661
1318071765948633088
1318071764677619712
1318071662630391809
1318071642044600320
1318071527024328705
1318071498406506496
1318071396413501440
1318071392865275904
1318071352277041153
1318071223553822720
1318071148094066688
1318070999116599297
1318070764302528512
1318070728432979969
1318070590335602688
1318070562837663745
1318070458588286976
1318070382830768129
1318069976796901376
1318069957717012481
1318069829140664324
1318069664371671041
1318069354198609923
1318069341775106054
1318069234577145856
1318069171268308992
1318069150045057024
1318069091211542528
1318069068839055362
1318068776089358337
1318068774520672256
1318068660695670784
1318068531016118277
1318068225784119296
1318068157597339648
1318068087363637248
1318067883239407616
1318067870505570305
1318067119561576449
1318066522095570944
1318066503137320966
1318066422795374592
1318066156947804160
1318066072973725696
1318065964764856321
1318065851891933185
1318065729237880833
1318065560261779458
1318065233362112513
1318065175778516993
1318064764594102278
1318064700622540800
1318064674215284736
1318064533383139329
1318064413245624320
1318064407788793861
1318064373362008065
1318064255590162433
1318064015919239170
1318063978791186432
1318063585961140224
1318063515853295617
1318062756831109120
1318062013533343744
1318061850773327872
1318061734410788864
1318061698704691200
1318061688881635328
1318061511429017600
1318061505896656897
1318061426276208646
1318061362652827648
1318061136839925760
1318061135283867648
1318061134289711104
1318061132989554688
1318061087644880901
1318061086436974593
1318061001795866630
1318060832375377921
1318060670609510400
1318060409430179840
1318060239179177986
1318060194421669888
1318059902431055874
1318059754187575296
1318059728040284160
1318059550919041024
1318059508015431681
1318059481583013889
1318059309826215936
1318059169916780544
1318059167052140546
1318059128439345152
1318058917860134913
1318058657221910528
1318058468998369280
1318058311514787840
1318057872782217216
1318057506501963778
1318056492730384385
1318056457930264576
1318056440964186112
1318056308726288384
1318056273628286976
1318056022389436416
1318055563184525313
1318054900224360448
1318054809317068801
1318054553061937152
1318054408974991360
1318054395247026176
1318054270353219585
1318053987615166464
1318053701525929992
1318053233047339009
1318053155251380226
1318052592820363265
1318052363199012864
1318052362104246272
1318051435171487749
1318051250517299201
1318050652413714432
1318049027984904193
1318048210380857345
1318047374296612864
1318046694819454977
1318045968420450304
1318045349093740544
1318045260912742405
1318045161197326337
1318044833798303744
1318044726055010304
1318044378682851329
1318044109320454145
1318043960418455552
1318043924263542785
1318043810442653696
1318043770785570816
1318042274442448896
1318042145626984450
1318041500522106880
1318040673069748226
1318040424875962368
1318040063440228352
1318039504989622273
1318038141782183936
1318035710272851969
1318035189755449345
1318034147370291201
1318033870441320449
1318030658397261824
1318028483776401408
1318028470337871872
1318026739533033475
1318023335196983296
1318022517894905856
1318017373203554304
1318017150892769281
1318015874683478016
1318012842461847552
1318012841295814659
1318012840553361409
1318011624540786690
1318008223635484672
1318004784515919872
1317999530869166081
1317998473988444161
1317998400978231296
1317998120219906049
1317997994424356864
1317997699866759168
1317997665783861249
1317995347898257409
1317994951955853319
1317994723378909187
1317989655996960769
1317987128203186177
1317986950574460928
1317986747930857475
1317985261016518657
1317984745326862337
1317983248543141888
1317982765137031169
1317982760783409153
1317982757897711617
1317982756484182017
1317982753661415424
1317982750662537216
1317982740533321728
1317982255193739269
1317982115263352832
1317981660068139008
1317981324595126272
1317981193959333889
1317980273125036032
1317978953655767040
