1314715964852908033
1314715871571476480
1314715122158440450
1314714362993668097
1314714025742209024
1314713011500838914
1314712052498337792
1314711996051333120
1314711685727481857
1314711550855458822
1314711391610105858
1314711295233593349
1314710763592974336
1314710252999380992
1314710212570427392
1314709573299843075
1314709487547080704
1314708910108884992
1314708807834951680
1314708394863984640
1314708343106220032
1314708153209180165
1314707644125523969
1314707499208052738
1314707324439801857
1314707244974514178
1314707030960148480
1314706872428093440
1314706583729864708
1314706140551352321
1314706013434544129
1314705867628044292
1314705597003112453
1314704751586668544
1314704330910564354
1314702893270872065
1314702388838760448
1314702380609548288
1314701937141579776
1314701686611546118
1314701544521072641
1314701391395463168
1314701323561041922
1314701112746881024
1314701088470298624
1314700932920356865
1314700148954587136
1314700027206545410
1314699166484922368
1314698963212210178
1314698910716309505
1314698688426643456
1314698393437048832
1314698368262832135
1314698127035768833
1314697991815561217
1314697829290512384
1314697580618620928
1314697447214546946
1314696923673231369
1314696831427895298
1314696741506211842
1314696157726203905
1314695908928430080
1314695798479826944
1314695044360736776
1314694992519213058
1314694567468376067
1314694516109185027
1314694202735890432
1314694119193817088
1314693594985492485
1314693392446750720
1314693143716073472
1314693139144339456
1314693124388728840
1314692746897219586
1314692676424544264
1314692408760823813
1314692132402327558
1314692127792795649
1314691857985744897
1314691856274522113
1314691631052922881
1314691543224197121
1314691324826673152
1314691155989352451
1314690795472130049
1314690649816526849
1314690606346776577
1314690487635378178
1314690310748999681
1314690295246848000
1314690220995026944
1314689914051735553
1314689764076015617
1314689306452283394
1314689287955378176
1314689286596329473
1314689139263049735
1314688787650412545
1314688666506334208
1314688544670130176
1314688390084919297
1314688266357137409
1314687993916030983
1314687750508032000
1314687623345188865
1314687577652375558
1314687558505451520
1314687508375105536
1314687251260092416
1314686963765727233
1314686958367576070
1314686384284864514
1314686248280297472
1314686170627018754
1314686167980429314
1314685899641421825
1314685888157437952
1314685886336991232
1314685881190674433
1314685747715334151
1314685676974223360
1314685321175592965
1314685108373389313
1314684988281905152
1314684887572635654
1314684868375314436
1314684850323034114
1314684763916193793
1314684614720532480
1314684355814584321
1314684270372368385
1314684263569260544
1314684256883478529
1314684090550026241
1314684081431511040
1314684078046806017
1314683868579082241
1314683823079280642
1314683793849102339
1314683319687274497
1314683132772315137
1314682806405128194
1314682797815201800
1314682704139485186
1314682594764763136
1314682427105849347
1314682122368671744
1314681971881193472
1314681488496119808
1314681350197309442
1314681211093164032
1314681157825499137
1314681109674962945
1314680954791788544
1314680863947448321
1314680834029387781
1314680571621191681
1314680196671385602
1314680094032629763
1314679932182818818
1314679802662707201
1314679786019729409
1314679645971906561
1314679622085292039
1314679545677729792
1314679507056578560
1314679435107368960
1314679377368625153
1314679170329448456
1314678977425010688
1314678792368128000
1314678179198533633
1314677921483763713
1314677884653625357
1314677863484985351
1314677753929756672
1314677210016555011
1314677147412369409
1314677112041865218
1314676945561489408
1314676889563410434
1314676815693320200
1314676747368103941
1314676693420908544
1314676574713712640
1314676547635347456
1314676350775627779
1314676294714564608
1314676158764666880
1314676139156152320
1314676125508014080
1314676096315592705
1314676023867437061
1314675938681139201
1314675936802099206
1314675883546943490
1314675667343114240
1314675643385249793
1314675365219008512
1314675210944237568
1314675166341812224
1314675157554913285
1314674938247286786
1314674844001284099
1314674778213683206
1314674777269952512
1314674699608231937
1314674582192902148
1314674532628811777
1314674359261331461
1314674312918568960
1314674291187777536
1314674079811727360
1314673936324583424
1314673936022540288
1314673793844023296
1314673662461652994
1314673629137760256
1314673393661292545
1314673382265413632
1314673352477421568
1314673333699571719
1314673323763265537
1314673286404505606
1314673274681462784
1314673209803972608
1314672905926643712
1314672874989539329
1314672780948975623
1314672641949741064
1314672611553673216
1314672365775847425
1314671923872305156
1314671921452244992
1314671913411768322
1314671847829655554
1314671825583038466
1314671691017203721
1314671661854097408
1314671647442513920
1314671538327687168
1314671395490627584
1314671362447941632
1314671239869403140
1314671238376239105
1314671188447297537
1314671119908114432
1314671039004246017
1314671017541992448
1314670905516331010
1314670871437627393
1314670721264685058
1314670659822379009
1314670369605812225
1314670301209395201
1314670283903561728
1314670177729089544
1314670125421858816
1314670029351378944
1314670028709601291
1314670006756614144
1314669693312131073
1314669643139870721
1314669630871535624
1314669509165408257
1314669423740026881
1314669348435488772
1314669163454050307
1314669074459299842
1314669062878789632
1314669029903208449
1314668900815187968
1314668892896342018
1314668767390175235
1314668740139778053
1314668726340517896
1314668686674976770
1314668614210015232
1314668545498927104
1314668525106212865
1314667910065991680
1314667874892611584
1314667792197652482
1314667695296647168
1314667694218768390
1314667684475408385
1314667529927831555
1314667493970018306
1314667442724114432
1314667384649789440
1314667306593771522
1314667282971402240
1314667190193459208
1314667181959983105
1314667151765245952
1314667114855243776
1314666988153851905
1314666826002051084
1314666689477439494
1314666660431831041
1314666604244987904
1314666531016638467
1314666512951767046
1314666489669189634
1314666453371682817
1314666343388663808
1314666291723218944
1314666091403259904
1314666081508831233
1314666043000979457
1314665850444677120
1314665845315047424
1314665806542909440
1314665758899802112
1314665704721985537
1314665697859993600
1314665669334634500
1314665652033146880
1314665646999957506
1314665641752899589
1314665611746828295
1314665571380801537
1314665453286043654
1314665437309947905
1314665431903371267
1314665417667903488
1314665395136196609
1314665262256451585
1314665223714996225
1314664874631475200
1314664785670295553
1314664728908750848
1314664589972340737
1314664493687992322
1314664489095180288
1314664440516825090
1314664421587931137
1314664406941302784
1314664395432226816
1314664351899492354
1314664332727398402
1314664311160279040
1314664213000916993
1314664203354017800
1314664090510536704
1314664039302270976
1314664032910168070
1314663900894425091
1314663891461443594
1314663822930702338
1314663805289455619
1314663764877336577
1314663745726148610
1314663708749172738
1314663678411788289
1314663668135727106
1314663650943283201
1314663645184503808
1314663613660098561
1314663597189017600
1314663538758164482
1314663502376849408
1314663500543930369
1314663463776641026
1314663454679199744
1314663440137453568
1314663376975523840
1314663366103904256
1314663293232001024
1314663277411143693
1314663215314472963
1314663201280339971
1314663137300418561
1314663133751971840
1314662983692431360
1314662974020292614
1314662953308893184
1314662846412791815
1314662789449953282
1314662612861440000
1314662610348969985
1314662588303761410
1314662417171972096
1314662374587195394
1314662056310853632
1314662001751347202
1314661806212878336
1314661286698012673
1314661157337268224
1314660948209274880
1314660945340309504
1314660810338299910
1314660783171743745
1314660695863103493
1314660670256771072
1314660650963132420
1314660639546257408
1314660589306871813
1314660406204477443
1314660389154705408
1314660382125023232
1314660239170572290
1314660162867785731
1314660113764974592
1314660064884654080
1314660011071737857
1314659939906998272
1314659744800550912
1314659636109340672
1314659630560227328
1314659622729453570
1314659554563629058
1314659527925604354
1314659454399524864
1314659432735936512
1314659430353571840
1314659406630584321
1314659323000369152
1314659322425675784
1314659291266265088
1314659181711044609
1314659089025294338
1314659066115960835
1314659045501009920
1314658969449885698
1314658961656864768
1314658912617082880
1314658762981093378
1314658695779946513
1314658683448680449
1314658661634113539
1314658569359429632
1314658549516120064
1314658480247189505
1314658436467101697
1314658399938850817
1314658345140314113
1314658285757386752
1314658264580321284
1314658208728977412
1314658190261448704
1314658188223041539
1314658121936252928
1314658103523237890
1314658058065399813
1314657907280142338
1314657835532398594
1314657808709758977
1314657582297030656
1314657388868308993
1314657385600950273
1314657173344006144
1314657163005001729
1314657104599318534
1314657098769338368
1314657095892041734
1314657040195891201
1314656976106934272
1314656973611294721
1314656923762012160
1314656748578451456
1314656700159471617
1314656486841348102
1314656418214170625
1314656406805590016
1314656338262319104
1314656245366824960
1314656205340631040
1314656159312285697
1314656141641748481
1314656071957516291
1314655707434831873
1314655486994640896
1314655438890205184
1314655413602791424
1314655322326347777
1314655267070640129
1314655035767296001
1314654964489347073
1314654937054314498
1314654896940085250
1314654751632564228
1314654604936839168
1314654573689266181
1314654521847697408
1314654517334548480
1314654464385654785
1314654379899789315
1314654289206407168
1314654272559120387
1314654085669367816
1314654022457004039
1314653791854104576
1314653704956588034
1314653615391412224
1314653596995252227
1314653449276059648
1314653434730217472
1314653420612186116
1314653344754020354
1314653277661925377
1314653243998429184
1314653227208630272
1314653137567969282
1314653028906151937
1314652988099751936
1314652866213183489
1314652798336872448
1314652776832610307
1314652743932534793
1314652655030022144
1314652514734821378
1314652359214223360
1314652340977389573
1314652237893861376
1314652227823382539
1314651983865933826
1314651981764583424
1314651881000652801
1314651685571244033
1314651647893790720
1314651606563119104
1314651531774513154
1314651523876519936
1314651358969180168
1314651331580358656
1314651266744610817
1314651265851416578
1314651180333703168
1314651162147160064
1314651142283034625
1314651125782589440
1314651027443003392
1314651023735169024
1314650984258433030
1314650780876537857
1314650491951951873
1314650472276545539
1314650361081335808
1314650311538212866
1314650255632338955
1314650086333313024
1314649756606648321
1314649717452795905
1314649653783269377
1314649606215655426
1314649485683851265
1314649410006065153
1314649405102919681
1314649395539988488
1314649369782743040
1314649326401064961
1314649323225874435
1314649152886910977
1314649136835293186
1314649084494573568
1314648995206230023
1314648961467052032
1314648893615939584
1314648840213950464
1314648825689182215
1314648758278385664
1314648691618336769
1314648592502661120
1314648577466138624
1314648492812447750
1314648443479101440
1314648436046790657
1314648405600342018
1314648279519563776
1314648268861853696
1314648197181198336
1314648175093874689
1314648093741252614
1314648075361812480
1314648066792841218
1314648042574884865
1314647936651931649
1314647899586822144
1314647343531257857
1314647062328246276
1314647007596773379
1314646988017860612
1314646862570414080
1314646833105440770
1314646829909377028
1314646816563040256
1314646698296139778
1314646677110820865
1314646333198929921
1314646303511543808
1314646201153748992
1314646162142625793
1314646031632609280
1314645991862284293
1314645926796025861
1314645894571192322
1314645855857770501
1314645662936502279
1314645554748624896
1314645384279527429
1314645373097578498
1314645252259622920
1314645196056006668
1314645063092318208
1314644962760429571
1314644774020935680
1314644678923505664
1314644579954626560
1314644495816962048
1314644446420631553
1314644379081027585
1314644244045459456
1314644241839280129
1314644214861443079
1314644134934835202
1314644077149933573
1314643757711740929
1314643690984480768
1314643648504528897
1314643584747032580
1314643578111524866
1314643495219589121
1314643372326424579
1314643170307829762
1314643153618702343
1314643146085629952
1314643030947893248
1314643002330148864
1314642899263422466
1314642876891115520
1314642833953951746
1314642761149296643
1314642689963548672
1314642689611182080
1314642644539191298
1314642622833623040
1314642517829267456
1314642515178467330
1314642485000450048
1314642470060396544
1314642443476840455
1314642364351369216
1314642359817306114
1314642223112376320
1314642216309096449
1314642134973247490
1314642117545930752
1314642089142034432
1314642051884081152
1314642008795947008
1314641858518278151
1314641810803884032
1314641711965011969
1314641679601852417
1314641593530486785
1314641577181147149
1314641550014545920
1314641547657441288
1314641547384758277
1314641387317493760
1314641345282297856
1314641034970894337
1314641004054667265
1314640923163230209
1314640884969943046
1314640819681452033
1314640804825174016
1314640804632309766
1314640786332545024
1314640733723385859
1314640635761221632
1314640623555817477
1314640612759687172
1314640582317412356
1314640573622628354
1314640478600597511
1314640094800891904
1314640040698482691
1314640014056337409
1314639873559662593
1314639790697058306
1314639775207510018
1314639756354105345
1314639684346286080
1314639561113432065
1314639496705708033
1314639488518324231
1314639445631533056
1314639326328885248
1314639252156755968
1314639213867008003
1314639032341626881
1314639023449792512
1314639021423972354
1314638867031625728
1314638673116307457
1314638592329818112
1314638488780898305
1314638215740100610
1314638021409603585
1314637985179107333
1314637972835311616
1314637938622377985
1314637893684604930
1314637833831886849
1314637826961690624
1314637783600955392
1314637763036147713
1314637639119777792
1314637638368923648
1314637599340986369
1314637582916096003
1314637549466537984
1314637488858726401
1314637475512451073
1314637463193821185
1314637440519467011
1314637406038044674
1314637391467024385
1314637336928493569
1314637193512660992
1314637040932270082
1314636978923728896
1314636922774532097
1314636840180297731
1314636838888525824
1314636809859674114
1314636752427069443
1314636748413075466
1314636634554540033
1314636491163918337
1314636460415426560
1314636349958479873
1314635946063732737
1314635887368638465
1314635767092740105
1314635493980753921
1314635486032429056
1314635406609125376
1314635357628108800
1314635254855094272
1314635162962071553
1314635109019123714
1314635072079908866
1314634994644652032
1314634942673039366
1314634919042256897
1314634893184438272
1314634847223263232
1314634675084767233
1314634622958030848
1314634596517056513
1314634522277933057
1314634488887021568
1314634362235826177
1314634261278978054
1314634115023593473
1314634104902688770
1314634019561238531
1314634009473945600
1314634000548401154
1314633937650622464
1314633783006593024
1314633757681426435
1314633745425674242
1314633726186401792
1314633711904870401
1314633708742344705
1314633694531981312
1314633553347575808
1314633550617083905
1314633546712186880
1314633542333276164
1314633520120238080
1314633477304840196
1314633456417230849
1314633312317640705
1314633231199854593
1314633149910056963
1314633138937778177
1314633104095666178
1314633074144161800
1314632738553565184
1314632735768543233
1314632724561485825
1314632620970565632
1314632588653453313
1314632506449244161
1314632366544089088
1314632357744435200
1314632347778768896
1314632181608783873
1314632181382295553
1314632158410149890
1314631972807942145
1314631865261793296
1314631855241658368
1314631692724953094
1314631585375948801
1314631546851209228
1314631523426070531
1314631435387637760
1314631368995991555
1314631246400585734
1314631223390752768
1314631221121617922
1314631200800153600
1314631063742840832
1314630767599783937
1314630667393785859
1314630664667496450
1314630662092185602
1314630658610864128
1314630651866382339
1314630641967943682
1314630545872171008
1314630480386457600
1314630466218192896
1314630437109673992
1314630382629912576
1314630381094797313
1314630317945356290
1314630217277878277
1314630181399736320
1314630097660502016
1314630068619141127
1314630004664414208
1314629943645614086
1314629942370545671
1314629941305257984
1314629939774324736
1314629766763421696
1314629762858594304
1314629500320329731
1314629389557141506
1314629365788028928
1314629358343131136
1314629317234774018
1314629234413928448
1314629160409673728
1314629110916935687
1314629087592316929
1314629083049984000
1314628899549188096
1314628747153285120
1314628742342479875
1314628725909192705
1314628703310229505
1314628681684398081
1314628657495900160
1314628643122024449
1314628596158390277
1314628574595420160
1314628472510312448
1314628406449975307
1314628400619941888
1314628330465812485
1314628317694357505
1314628033387659269
1314628013577904128
1314627934901227520
1314627894510080001
1314627882744983558
1314627752650256392
1314627745234681856
1314627667896008706
1314627628624760832
1314627598496956416
1314627563881459714
1314627538048765953
1314627458772217858
1314627433778368518
1314627424534114310
1314627271488155648
1314627262726234114
1314627256946434048
1314627065317142530
1314626957246631939
1314626881522733058
1314626817479847941
1314626746759684104
1314626731874058241
1314626711800164353
1314626688563773448
1314626654581526529
1314626551556829185
1314626547144445954
1314626462289457152
1314626424553328640
1314626372275404800
1314626323596230656
1314626277727502337
1314626240926699520
1314626188338515971
1314626081765371905
1314626040904507396
1314625985942257665
1314625902710530048
1314625886612791298
1314625775681892352
1314625735785676801
1314625639832588293
1314625638867886080
1314625587521236992
1314625556902801411
1314625517707055105
1314625451697070080
1314625422139764741
1314625397657612289
1314625392251228160
1314625316468465664
1314625214421098496
1314625180736552960
1314625139464642560
1314625105411088387
1314625064529260544
1314625064113823744
1314625064046919681
1314625012024967168
1314624982811578373
1314624948313391109
1314624915480481798
1314624856210763777
1314624837961371655
1314624748253589506
1314624679395688449
1314624550898790400
1314624299362406400
1314624223768346624
1314624205145636865
1314624204759855104
1314624003538067456
1314623882117165057
1314623812982501377
1314623742929252352
1314623658090995713
1314623620581404677
1314623551106887680
1314623315311579137
1314623238354468864
1314623140400697345
1314623050235682817
1314622992828203010
1314622992182370304
1314622977623969798
1314622909705580549
1314622742638006272
1314622733838417921
1314622543639142400
1314622525574438919
1314622515055136769
1314622489713139715
1314622485682442241
1314622444733308928
1314622424265175053
1314622404543631360
1314622183692533762
1314622162381275139
1314622115052691458
1314622114729807880
1314622099747680256
1314622084287520769
1314622083847118850
1314622079606685699
1314622030378160128
1314622024963194880
1314622024648667137
1314621913306664962
1314621843718975490
1314621791797739522
1314621727369056256
1314621691637702660
1314621677003825153
1314621622586945536
1314621543994056705
1314621518152953858
1314621390167965696
1314621256252219394
1314621196089143299
1314621161456640006
1314621067919536128
1314621011321663488
1314620970003509252
1314620935861874695
1314620849253744641
1314620822582165511
1314620781360541696
1314620741674033154
1314620696782307330
1314620587189440513
1314620582013603847
1314620528141901825
1314620400463085568
1314620323455791105
1314620313410379781
1314620025920053248
1314619983549300736
1314619909033390080
1314619815412236289
1314619751621165057
1314619707492913154
1314619610545754112
1314619581949005824
1314619517444804611
1314619352755384328
1314619327396675584
1314619325278494721
1314619311936475138
1314619153924476928
1314619058667610112
1314619046977994753
1314618971019190273
1314618880342585345
1314618862684565507
1314618665598320640
1314618423759048705
1314618395241914368
1314618391240400897
1314618236655333382
1314618217336311808
1314618103519744000
1314617853224669184
1314617823633825792
1314617771645378560
1314617745053560832
1314617732923559936
1314617710123331585
1314617623863332864
1314617571337961473
1314617518846291968
1314617470104342528
1314617449548046341
1314617430833008649
1314617425833472001
1314617386713198592
1314617273768960001
1314617248359895042
1314617243377061894
1314617228617289736
1314617216999010306
1314617207188488193
1314617028066631680
1314616972177481729
1314616917320179712
1314616913343979520
1314616740383526913
1314616622414327808
1314616542122958850
1314616511626182657
1314616454797549569
1314616437672157184
1314616433314234369
1314616293732032521
1314616223955648513
1314616162504892417
1314616141155885058
1314615962147135488
1314615886838403072
1314615837005934599
1314615784107368452
1314615772694667264
1314615771943899142
1314615719729025032
1314615719473094656
1314615706042986497
1314615702326849541
1314615679589519360
1314615639382937606
1314615623364808705
1314615570369830915
1314615563377930241
1314615532780482561
1314615442124701696
1314615426966487041
1314615382167216128
1314615195260588032
1314615188792971273
1314615119121350675
1314615108014870530
1314615105821212674
1314615039551246336
1314614956906745856
1314614904758980616
1314614730808610818
1314614611606470657
1314614506815979524
1314614489594068992
1314614488914681856
1314614488247816198
1314614487476064257
1314614447789477893
1314614382190616576
1314614324552400899
1314614258093752321
1314614205258108928
1314614198962397186
1314614155131879431
1314614137310380033
1314614071862480896
1314614060542033923
1314614045350207494
1314613785433432065
1314613760376606721
1314613716974002177
1314613611474513920
1314613556168531968
1314613533657706498
1314613480994074629
1314613478557134849
1314613476237733890
1314613415344852993
1314613388262211585
1314613161291591684
1314613150558412802
1314613069474136066
1314612937177337862
1314612934505631746
1314612557710319621
1314612523157590017
1314612403833909255
1314612238561484800
1314612175697326081
1314612173856026624
1314612165110894594
1314612154277003264
1314612149663260672
1314611964228894726
1314611940015046656
1314611928912756737
1314611882750345216
1314611877243228160
1314611726902538240
1314611724293754887
1314611680043728898
1314611617460637702
1314611572652814336
1314611542428655619
1314611468390797313
1314611398413094913
1314611359489892353
1314611332612841478
1314611269014614016
1314611248026324994
1314611217072369668
1314611130694799360
1314611022301474816
1314610991972388864
1314610924943216641
1314610911722823681
1314610845553487872
1314610833746468865
1314610796580802561
1314610779157598208
1314610762414010369
1314610653051662337
1314610652779032577
1314610551830523905
1314610538043846656
1314610520171913221
1314610465281118211
1314610369789341702
1314610332183261185
1314610136057610240
1314609943283150849
1314609902959161344
1314609880297336837
1314609828598226945
1314609706552315906
1314609501224546311
1314609487538421764
1314609358077153288
1314609330306650118
1314609286023184384
1314609278116864001
1314609188614610945
1314609157685882880
1314609131454595073
1314609123284201472
1314609114203467783
1314609113930887168
1314609112919937024
1314609079860580352
1314609064660406272
1314609005550014465
1314608993038405634
1314608904895107072
1314608864113893377
1314608796673638403
1314608746140758017
1314608693506445313
1314608657234001922
1314608633922179077
1314608627941093382
1314608624254230530
1314608561742319618
1314608541576167433
1314608474689613825
1314608441550352385
1314608385115947008
1314608360159932416
1314608343831502853
1314608326202753024
1314608242438348800
1314608239145869313
1314608237157715969
1314608231889731591
1314608106840698881
1314608006882103296
1314607977274527744
1314607946018455553
1314607935205507073
1314607905598038018
1314607820080373760
1314607737125380096
1314607696490962947
1314607691491422208
1314607678602309632
1314607595274080256
1314607593030135808
1314607563716136960
1314607543470227459
1314607508410040320
1314607453749870592
1314607416227618817
1314607332526039041
1314607303291793408
1314607267124314112
1314607236484943872
1314607183133388802
1314607124031434754
1314606966870880257
1314606952580820994
1314606929805803521
1314606877616082944
1314606811811471360
1314606807055294469
1314606805054619648
1314606719159414788
1314606679045083137
1314606677132484609
1314606670891319298
1314606649357803521
1314606630709932033
1314606583461146625
1314606566398517248
1314606558861357056
1314606497465282561
1314606418486591495
1314606374660300806
1314606190144507907
1314606121722798082
1314606107923447809
1314606057579311104
1314605975748345857
1314605904936009729
1314605871171682306
1314605849411813377
1314605783162683393
1314605756193349633
1314605750145159168
1314605649351839746
1314605544091660296
1314605530833448961
1314605499564912641
1314605494594613248
1314605390269689858
1314605342588841986
1314605253908738049
1314605233973145603
1314605217451773952
1314605213769228288
1314605211818876929
1314605195695984641
1314605133737742338
1314605101886124035
1314604983288037376
1314604970386296844
1314604964791058437
1314604906230280192
1314604845127602177
1314604831609425920
1314604816178569217
1314604728555368449
1314604726365945856
1314604706698797058
1314604705138593795
1314604682522877953
1314604663224885250
1314604610749952000
1314604549273944064
1314604537328607232
1314604509772079111
1314604488834117633
1314604448568750081
1314604405140971521
1314604323477819392
1314604322458566657
1314604315626156033
1314604312438493185
1314604308877512713
1314604283397107713
1314604248458551299
1314604199062253568
1314604182658314240
1314603867317903362
1314603806664130566
1314603793623941120
1314603702532046849
1314603625419878401
1314603611268276229
1314603497766219776
1314603496348491779
1314603467617558529
1314603459702919168
1314603258946740227
1314603250079981569
1314603192370552833
1314603188578910210
1314603173710098432
1314603129917378560
1314603116180967424
1314603004419616777
1314602812203036672
1314602809715818498
1314602794020634626
1314602786110218240
1314602775230152704
1314602693932048384
1314602528923938818
1314602480299388929
1314602478743293953
1314602445612478468
1314602284995825664
1314602179865513985
1314602118620340224
1314602107207639040
1314602096767963139
1314602054304829443
1314601892291506176
1314601730856947713
1314601603891167233
1314601589802500101
1314601574283571200
1314601500652568576
1314601496403640320
1314601482172456960
1314601461452607488
1314601446403379203
1314601432012795904
1314601425369006083
1314601381483941889
1314601328140746752
1314601300248666116
1314601293151907841
1314601214097657857
1314601128554790914
1314601031272198144
1314600942285795339
1314600878746349570
1314600713302007809
1314600677340057600
1314600661569372161
1314600568858578945
1314600516417187840
1314600507944636417
1314600498721370116
1314600469394792451
1314600320815828998
1314600304768413698
1314600259432177664
1314600147674947584
1314600091802578944
1314600080637386754
1314600041437425665
1314599943982718976
1314599929013243905
1314599746057764866
1314599500980334592
1314599383552471040
1314599045806075908
1314598966433132552
1314598723851366411
1314598563373031424
1314598423463702529
1314598417038020615
1314598264365371392
1314598068508073984
1314597950203535360
1314597705793105921
1314597614105493505
1314597568505098241
1314597497315131405
1314597466453544960
1314597308185468928
1314597293778182144
1314597137741680645
1314597113582489600
1314597059115261953
1314597050898669568
1314597032426975233
1314596974977482753
1314596865854275584
1314596708345577472
1314596702876315648
1314596526283517952
1314596489629442049
1314596467169001472
1314596465264730114
1314596460835598336
1314596443966058496
1314596314332778496
1314596092890275842
1314596034237079560
1314595629818155009
1314595497483677696
1314595411634552833
1314595118985379840
1314595014119481345
1314594790927986689
1314594671843213312
1314594661370130432
1314594606575648771
1314594538942541826
1314594525399130113
1314594281450078215
1314594257378910208
1314593955942666240
1314593930332307459
1314593829299851264
1314593731597742083
1314593418505605120
1314593397563428869
1314593206286323718
1314593180420014084
1314593092251668483
1314593055526268928
1314593051898150917
1314592775845875712
1314592658552049670
1314592505086775296
1314592448937627648
1314592376955064321
1314592350405120000
1314592347641049088
1314592186525257730
1314592125556850689
1314592107395514368
1314591665386995713
1314591651734720518
1314591621007237122
1314591292781977600
1314591287614545925
1314591233323479040
1314591103111356429
1314591074099363840
1314590943203516418
1314590776131805186
1314590554525753344
1314590513450942466
1314590409780277248
1314590284337106954
1314590275751350273
1314590189029920774
1314590180179955713
1314590134025760775
1314590127990153216
1314589918493052929
1314589679648493568
1314589642407239684
1314589589445775366
1314589517966442497
1314589489608765440
1314589485833883650
1314589478128934916
1314589467613822978
1314589451935457281
1314589403227054080
1314589290287034368
1314589228261675008
1314589195697098753
1314589160750157825
1314589128831442944
1314588690379935745
1314588689788534787
1314588672201760769
1314588666933768192
1314588550978056192
1314588389883207680
1314588371017138176
1314588319657926656
1314588274854440960
1314588181501751297
1314588064287784960
1314588037192572929
1314587887137107969
1314587820653268992
1314587777036582914
1314587770023804928
1314587632761032704
1314587598443155459
1314587516150972419
1314587469405450241
1314587459158769667
1314587447074983936
1314587361427288064
1314587301557792768
1314587179256082435
1314587171148488706
1314587166849327104
1314587102311522306
1314586921637679105
1314586870911770626
1314586529088626690
1314586484192751618
1314586404169617411
1314586399358824450
1314586363216498688
1314586300591284227
1314586104306298880
1314585991542435840
1314585900244971520
1314585819227676677
1314585796196827140
1314585658082684933
1314585600742260736
1314585583558234113
1314585443644641280
1314585410450882561
1314585350291980289
1314585349335678977
1314585267093811200
1314585250006290434
1314585140308443137
1314585079734251521
1314584823361671168
1314584717065322496
1314584683527786498
1314584662816165889
1314584524664303621
1314584515537514498
1314584493550862337
1314584428363091970
1314584384079646721
1314584340052013056
1314584337430515717
1314584333538283521
1314584288659156993
1314584243335561216
1314584239191535622
1314584234426880008
1314584184774701056
1314583986379915264
1314583812920291333
1314583656413962241
1314583644468637697
1314583487035342853
1314583363580235778
1314583271330766855
1314583258580111363
1314583183132946432
1314583035711565825
1314583022549831683
1314582960616677378
1314582947320733696
1314582899862233088
1314582886075584514
1314582814159966209
1314582785424789506
1314582747797688321
1314582718278184966
1314582702851584016
1314582686791602176
1314582587898294275
1314582534915870726
1314582421807955968
1314582348227375105
1314582315138416646
1314582156669317120
1314582083289993216
1314582055154573315
1314581992500088832
1314581864833781761
1314581499199488000
1314581196878368769
1314580813653172225
1314580475378364417
1314580422270095366
1314580403102142464
1314580378049540101
1314580351482765312
1314580298152148994
1314580197392494592
1314580194078982144
1314580167986216960
1314580166325293059
1314580134037458946
1314580123157397504
1314580042513612800
1314580040248680450
1314580026034130944
1314579896031760384
1314579769665687552
1314579730889351168
1314579716809150465
1314579675788738560
1314579557903671296
1314579155258933248
1314579147402997762
1314579001017397248
1314578782167224321
1314578618903867393
1314578440172036096
1314578370462707715
1314578282336092160
1314578255547191296
1314578169194778625
1314577994464272384
1314577845314871298
1314577698803593216
1314577599289491457
1314577594197716992
1314577451964657670
1314577259160907776
1314577258565099522
1314577257697075201
1314577254610096130
1314577239539933184
1314577162259836928
1314577044425052163
1314577034891460608
1314576990561681408
1314576971641348103
1314576960861937666
1314576793068867586
1314576722793312257
1314576700466966528
1314576670024757248
1314576563770449921
1314576541787975680
1314576516815163392
1314576445163876353
1314576354285846528
1314576350917718018
1314576350368264193
1314576243191435264
1314576158399303681
1314576075012427778
1314576073422708743
1314576022747181060
1314575919319863297
1314575903591206912
1314575752126439425
1314575719016656896
1314575681066536962
1314575625416511489
1314575605606813701
1314575603723575300
1314575599361503232
1314575580013174784
1314575529664745473
1314575515433553920
1314575451533213696
1314575072615641090
1314575067393687552
1314575033457664002
1314574905493643264
1314574888305414144
1314574713558118401
1314574587099844610
1314574586017652736
1314574432535543809
1314574409756274690
1314574363061092353
1314574286955450375
1314574209214021632
1314574177953865729
1314574112770191360
1314574061108948993
1314574056449019904
1314573973288558592
1314573937649553409
1314573775371997184
1314573518873427971
1314573385591029763
1314573352829423617
1314573298924228608
1314573289302487040
1314573260370173954
1314573241848139778
1314573208633438208
1314573192611102721
1314573112529354754
1314573033961644032
1314572890319335427
1314572836200214529
1314572813345476616
1314572769733087233
1314572753815638016
1314572735385919488
1314572685872107520
1314572603466678273
1314572521333837827
1314572503151386626
1314572397442408449
1314572246875332612
1314572142722396165
1314572062401462272
1314572062040625152
1314572025692934145
1314571984567705601
1314571889298354176
1314571873859108865
1314571810676125696
1314571750856892417
1314571582602387456
1314571497348968456
1314571413068623872
1314571411583840256
1314571361004793864
1314571344810475522
1314571315484012544
1314571261809496067
1314571093810786311
1314571076479971333
1314570916089802752
1314570834799886337
1314570793527971840
1314570741812211715
1314570678776074241
1314570656156209154
1314570599067418624
1314570598304055297
1314570532562571266
1314570359954386947
1314570059101007872
1314569690446995456
1314569664387842050
1314569662030589953
1314569599627689984
1314569577154719747
1314569572926844936
1314569570087309312
1314569551720460290
1314569548729810944
1314569540819394561
1314569486062809094
1314569360179113984
1314569334140932096
1314569124241199113
1314569118255898628
1314569102581792775
1314569094725763074
1314568950886391809
1314568793281245184
1314568734036627456
1314568695964864513
1314568637773209602
1314568634665242624
1314568612284370945
1314568487461965825
1314568309589905408
1314568302094557184
1314568109039259649
1314568100621189120
1314568037060743169
1314568030790221824
1314568027841716225
1314568015443365889
1314568006811475968
1314567995755290627
1314567919649652736
1314567885822603264
1314567883326980097
1314567821351956480
1314567749956501504
1314567744914849792
1314567592439406597
1314567506036764674
1314567387354730497
1314567254839832576
1314567100338495489
1314567058395365377
1314566959158231045
1314566957337915394
1314566814836363272
1314566797446717441
1314566797060788225
1314566740085440514
1314566734876160006
1314566701808267269
1314566686549389315
1314566683462336515
1314566668237107202
1314566640093335552
1314566592815136770
1314566562649714689
1314566560510509060
1314566527518113792
1314566370974199808
1314566279513223168
1314566231245099008
1314566186626146304
1314566091121795072
1314566076617895936
1314566017822208000
1314566011505594373
1314565999404945408
1314565944577007616
1314565923542634499
1314565829946757120
1314565800678879233
1314565736719953921
1314565735927160832
1314565544968884226
1314565541965766656
1314565526451089410
1314565496105295873
1314565417134960641
1314565269881315330
1314565160649084929
1314565121717481478
1314564742116249601
1314564730367901706
1314564727960473608
1314564716644175873
1314564606732492804
1314564597492387841
1314564540013654018
1314564412783628289
1314564348447203333
1314564251651108866
1314564237658914816
1314564228548788226
1314564169761423360
1314564020796624900
1314563979994333187
1314563853951422467
1314563822276009992
1314563770715443201
1314563714503372800
1314563585360752641
1314563581418102785
1314563416095428614
1314563371589668871
1314563276215250945
1314563247887052800
1314563192950067200
1314563110070628352
1314563105352036352
1314563104567631879
1314563025681166336
1314562949344825344
1314562627541053440
1314562393926758407
1314562069295923202
1314562054708224000
1314562034520989696
1314561969643565060
1314561809643442176
1314561753397690375
1314561729255403527
1314561530751524865
1314561504407162880
1314561474849800192
1314561288178200577
1314561182410461185
1314561125485338626
1314561100164276230
1314561023970549760
1314560901434028033
1314560899714355203
1314560889903775748
1314560846643765248
1314560806084845576
1314560798077878274
1314560638136578050
1314560636366532608
1314560635900964864
1314560635414421504
1314560634680414209
1314560600974991363
1314560467143098369
1314560434716975110
1314560425774718978
1314560412650737671
1314560382372118529
1314560360293298176
1314560336197021696
1314560334091489287
1314560176490504194
1314559998517747713
1314559965496070147
1314559812491972612
1314559680375664641
1314559663199924224
1314559609928122369
1314559582480617473
1314559533662994433
1314559524188155905
1314559477559984138
1314559362510225408
1314559318503690243
1314559295850254337
1314559192573902848
1314559171702947844
1314559124009611264
1314559062751817728
1314558878164701184
1314558804844072960
1314558779036442624
1314558676183769089
1314558662157963264
1314558656877408257
1314558624509956096
1314558612237430784
1314558425402167302
1314558373283545089
1314558339435634689
1314558325586038785
1314558320221605894
1314558281772302337
1314558243339935745
1314558011726278658
1314558008383414273
1314557986002677761
1314557891278524417
1314557800123715585
1314557772336422917
1314557744691777539
1314557729760071683
1314557693387059201
1314557584586797057
1314557514302861312
1314557410762162176
1314557229190778881
1314557211021017092
1314557166485934082
1314557069727592448
1314556994339196929
1314556848817799170
1314556805947830273
1314556675706286080
1314556604411514881
1314556514875715585
1314556498618585089
1314556467895250949
1314556443417366528
1314556365050974210
1314556244498231296
1314556218166308865
1314556068845023233
1314556016160366592
1314556008015032320
1314555977740427264
1314555975530098690
1314555961709924357
1314555914041655298
1314555829614452739
1314555818197635072
1314555803337138177
1314555796638830594
1314555634512211968
1314555617323954176
1314555578279170051
1314555526915805185
1314555524566970369
1314555463376293888
1314555372259155969
1314555353833631745
1314555263052111872
1314555178683686912
1314555175655411717
1314555174564900869
1314555148325343232
1314555025650257920
1314555005668601856
1314554938723389440
1314554922231377922
1314554825024196608
1314554746536161282
1314554745605033985
1314554722972585984
1314554632824393728
1314554437550174210
1314554203960942592
1314554079637577728
1314554070364028931
1314554068740734979
1314554030874599433
1314554003234136065
1314553946892128257
1314553782764793856
1314553761101209600
1314553561792086016
1314553557878804480
1314553501498970118
1314553131691368448
1314553119821443072
1314553096735993856
1314552964279930882
1314552891655553026
1314552889965244419
1314552659920195585
1314552644858449921
1314552637782712324
1314552613350920193
1314552574482231296
1314552270206500864
1314552207497465856
1314552172823093253
1314552067298603008
1314551732526080002
1314551654449020932
1314551598954303488
1314551508730613761
1314551492884541445
1314551395048132608
1314551355349102597
1314551118991679488
1314551116319907840
1314550768632987651
1314550705903087616
1314550705143808000
1314550680636579842
1314550658410909698
1314550494002589702
1314550457344327680
1314550126720036864
1314550084160364545
1314549894657515526
1314549873140793345
1314549618521317376
1314549507338711042
1314549430931128322
1314549360915607553
1314549246440472576
1314549219403984896
1314549186570973194
1314549125573115905
1314549059483557889
1314548953006866432
1314548834647891971
1314548829237243904
1314548596461785099
1314548555953180673
1314548427397660672
1314548287144423425
1314548258606325764
1314548139853058049
1314548115626696705
1314547975344082944
1314547855873503232
1314547810243694593
1314547806783275012
1314547701825056769
1314547648024776706
1314547630597439491
1314547505464520704
1314547201218093057
1314546890118135810
1314546628804726784
1314546620948721665
1314546563528695809
1314546562975047683
1314546561813295104
1314546561242849282
1314546448604815363
1314546419831836676
1314546399091068929
1314546377561702400
1314546299740524544
1314546251694837761
1314546220090744833
1314545946538246144
1314545722986037248
1314545709945946112
1314545656724361216
1314545630593855488
1314545628727386119
1314545566295166978
1314545447164407808
1314545431976738818
1314545319791808512
1314545297742323713
1314545192293335040
1314545040610517001
1314544951812927488
1314544791288524800
1314544751773917185
1314544731276357632
1314544720333418497
1314544711596675074
1314544641572769792
1314544565198692359
1314544519975755779
1314544487931281408
1314544452162277377
1314544450216095744
1314544395354603522
1314544393383223296
1314544353763880962
1314544343840104448
1314544249317339136
1314544230950461442
1314544217352482822
1314544213489582082
1314544141540438016
1314544136092094465
1314544108451573761
1314544093964513283
1314544056677138432
1314543947209998336
1314543937768615940
1314543932580261893
1314543767207194628
1314543732105019392
1314543714073808897
1314543709602676737
1314543678464163840
1314543651905769472
1314543648097341442
1314543610176704518
1314543547685761025
1314543539838214146
1314543477372444672
1314543468497326080
1314543410481692675
1314543378785337344
1314543340835176448
1314543308367106051
1314543229702987779
1314543210044313600
1314543133179478016
1314542991550418944
1314542934231076865
1314542864655884291
1314542804924796928
1314542761849298949
1314542638293561346
1314542590809829378
1314542575941029891
1314542567481016320
1314542531435278336
1314542523684212736
1314542369346383872
1314542313901903874
1314542293857243136
1314542286643048448
1314542177591144448
1314542013547794432
1314541862078775298
1314541827324891136
1314541798203813889
1314541736044179457
1314541725407416320
1314541486336348161
1314541447706816512
1314541446826004481
1314541440974848000
1314541418275368961
1314541405533069313
1314541404308283394
1314541388680265728
1314541379960352769
1314541339451764737
1314541277220872196
1314541160413696005
1314541150536183809
1314541077488115715
1314540937184505856
1314540823611088898
1314540794188103680
1314540764085587968
1314540627527446531
1314540549970501638
1314540460816334848
1314540360362852356
1314540354704678913
1314540302229798912
1314540091147247617
1314539962398904326
1314539933319811075
1314539922045493249
1314539853229547527
1314539803178921984
1314539776360488960
1314539729786990594
1314539668696969217
1314539626305118208
1314539556306329600
1314539460823076866
1314539387993104385
1314539363783651329
1314539256384303105
1314539161731379201
1314538990041735171
1314538873138094081
1314538783447097344
1314538782071422976
1314538616115335168
1314538487509639169
1314538410808414208
1314538292407394304
1314538189361680384
1314538176841764867
1314538112127774722
1314537947346202624
1314537863292350464
1314537854412959750
1314537766903074817
1314537764931743747
1314537745650536453
1314537705066442757
1314537703610908672
1314537697646649345
1314537694048014337
1314537657234530305
1314537564934733824
1314537410856914945
1314537363599749121
1314537359141212160
1314537286479032321
1314537089279709185
1314537053711982594
1314537053338644481
1314537052889903104
1314537014029582336
1314536991132979200
1314536988893220864
1314536889257517057
1314536838330224641
1314536770449682432
1314536682176368645
1314536606427213824
1314536580783243264
1314536554115760134
1314536406333652999
1314536364562673666
1314536297009160192
1314536287341293568
1314536114347180032
1314536101277773824
1314536093296078850
1314535991764451330
1314535979370373121
1314535951574671360
1314535742908006403
1314535705109057537
1314535594626818048
1314535578998902785
1314535353659817985
1314535340619698176
1314535328389177346
1314535210525089792
1314535050139103233
1314535002026237957
1314534844781789187
1314534803467890688
1314534650749034496
1314534530217390080
1314534528736735240
1314534486089117701
1314534345202434048
1314534330870362112
1314534293914386433
1314534208308740099
1314534200700174342
1314534135852138497
1314534099885920256
1314534092650672130
1314534036627390464
1314533970323943426
1314533962937663494
1314533911037386753
1314533879810854913
1314533568262090757
1314533557973508099
1314533497529413639
1314533484770275328
1314533455280173056
1314533421079826437
1314533338359779329
1314533170893778944
1314533166967861251
1314533118741803011
1314533056020131842
1314532837643694086
1314532768739713024
1314532756181876736
1314532678151147522
1314532565303296001
1314532482281336833
1314532481790545920
1314532467337027586
1314532454561189889
1314532450866024448
1314532403185176576
1314532277641187329
1314532079464525824
1314531828796141570
1314531751117676550
1314531732893429762
1314531708419682307
1314531614026760198
1314531534204997632
1314531512356929536
1314531491431538694
1314531472657846273
1314531374712356864
1314531305057591298
1314531299923759106
1314531298145456129
1314531248635809792
1314531145103683585
1314531036802551809
1314531009656958988
1314531002136637440
1314530911619354627
1314530904572915712
1314530870624169985
1314530717087469569
1314530560006553603
1314530531372085248
1314530528415055877
1314530433510633473
1314530383350968329
1314530383065681922
1314530353109925889
1314530343400153089
1314530093176365056
1314530076231380994
1314530071563177984
1314530063732412417
1314530041850736641
1314529996980006912
1314529929422348288
1314529876465127425
1314529857544617984
1314529851802554368
1314529851395760128
1314529693308194817
1314529540220297217
1314529500705820673
1314529413963362304
1314529380148875271
1314529373752643584
1314529338184945664
1314529260107902978
1314529250456866816
1314529230609358850
1314529206785769472
1314529154679934977
1314528986278567936
1314528971061694466
1314528931207434242
1314528875670646789
1314528667561791488
1314528629058088961
1314528485399056385
1314528434723397632
1314528371032969218
1314528337369407488
1314528328104239104
1314528274031280130
1314528209581608960
1314528021664198658
1314528014085115909
1314527954437898241
1314527949639553029
1314527894455177222
1314527860724576258
1314527828529082368
1314527784988012546
1314527759767670784
1314527713512886274
1314527639600795648
1314527637742772226
1314527596932198402
1314527346150592515
1314527338701430784
1314527252508483585
1314527203305172993
1314527131242770437
1314526935901495297
1314526749066174464
1314526661086531584
1314526573391994880
1314526363693584386
1314526349533511680
1314526327924576256
1314526226736914432
1314526181497208833
1314526132247633922
1314526037934583810
1314526012839952384
1314525867717124096
1314525865968103424
1314525861924741125
1314525769637539840
1314525742928220161
1314525719498838016
1314525710636195841
1314525694232326150
1314525552708120577
1314525532566978562
1314525521968091136
1314525443475865600
1314525428397289472
1314525319764873218
1314525202546655232
1314525087991828481
1314524986514833413
1314524896022667264
1314524618909274113
1314524408657182723
1314524250406035456
1314524232139837440
1314524087633563649
1314524069027553281
1314523731520299008
1314523683935973376
1314523673055952897
1314523591308980228
1314523533490434048
1314523472392065026
1314523452028719104
1314522841786744833
1314522816742592512
1314522508645851136
1314522355079708672
1314522250096320513
1314522155133145088
1314522136372031488
1314522134555824129
1314522044634202114
1314521987964973056
1314521893966426112
1314521883132522497
1314521815595839488
1314521687266938880
1314521616337063941
1314521585576030209
1314521556651917312
1314521553263095808
1314521515925417984
1314521489576783872
1314521489325121537
1314521478407303168
1314521267513499648
1314521211326681088
1314521150341476352
1314521134784708613
1314521118359851009
1314521020699680774
1314521012134969344
1314520973740302336
1314520971022348290
1314520908812476417
1314520890613346305
1314520851073638400
1314520743858839552
1314520649273139201
1314520614598828032
1314520596483637250
1314520431936888833
1314520376911765504
1314520369206706176
1314520283835924481
1314520139975532544
1314520121826738178
1314519966427865091
1314519721086193665
1314519650873544707
1314519610432126977
1314519557999075329
1314519486544990208
1314519464587587584
1314519457948106754
1314519446002823168
1314519265735847936
1314519233762676736
1314519208726855682
1314519167924686848
1314519084260884480
1314519015809781760
1314518983941464070
1314518930451501056
1314518854480072704
1314518824977403904
1314518758749241344
1314518500845793287
1314518491551215618
1314518478385229825
1314518476116168705
1314518159131582465
1314518128546770945
1314517995373428737
1314517949567447041
1314517921872457730
1314517911348948993
1314517885029625856
1314517878037786624
1314517840754544640
1314517800992604160
1314517683753431042
1314517650115121152
1314517628254326784
1314517605684781057
1314517568116477953
1314517548797493248
1314517543512666115
1314517437673607168
1314517406199447552
1314517381293768711
1314517288301858816
1314517118289948672
1314517091731546112
1314517072714567681
1314517069837283328
1314517027416141830
1314516926895403008
1314516923909013505
1314516907199000576
1314516880615407616
1314516618265931779
1314516589501444097
1314516565463896064
1314516451072638976
1314516448145027072
1314516345938153474
1314516233606369281
1314516184298123267
1314515974943633408
1314515698991890433
1314515621128949761
1314515531567894528
1314515404618960897
1314515198947078144
1314515156391604225
1314515126687535105
1314515076976652290
1314515052905533450
1314515037667631104
1314514960463081473
1314514862635126785
1314514724126629889
1314514576130609155
1314514405267308546
1314514256365314048
1314514009266290690
1314513969063829504
1314513853980565505
1314513803392892929
1314513785735065600
1314513728830869506
1314513727719432192
1314513685059112964
1314513562849738753
1314513550455562240
1314513329386381312
1314513311434780673
1314513290970779648
1314513262852091904
1314513157306691584
1314513148846706690
1314513082350292992
1314513032517685249
1314512997826596864
1314512970454642688
1314512916226478080
1314512908441858050
1314512802355326977
1314512800958623750
1314512798127476736
1314512703529115649
1314512701247324160
1314512681295114240
1314512626517446657
1314512622906204160
1314512607286644736
1314512418953924609
1314512402755596288
1314512393087725568
1314512238208864256
1314512233041481729
1314512166280667141
1314512090623868929
1314511903272636418
1314511898373742592
1314511841696116737
1314511808535896064
1314511664469942272
1314511618009518082
1314511557804675073
1314511327428308997
1314511325087911937
1314511289574731778
1314511124004470784
1314510873650704386
1314510862250651650
1314510836946407425
1314510809758928896
1314510762690457602
1314510723041681409
1314510721753939973
1314510681077678080
1314510612630843392
1314510577251889153
1314510502123450369
1314510402408062980
1314510370971758592
1314510365217128448
1314510202641801218
1314510201723203584
1314510189605908480
1314510167371845633
1314510152620560385
1314510131384782849
1314510102976704513
1314509997942988802
1314509954481639425
1314509800273784832
1314509617372823552
1314509566361640960
1314509542269562880
1314509514826223617
1314509262715064321
1314509252103475202
1314509224093900801
1314509042274963461
1314508974222434304
1314508874863566853
1314508858031837184
1314508760187056129
1314508712938266624
1314508626812432386
1314508624975331328
1314508575692279808
1314508539755405312
1314508523150204928
1314508498303148034
1314508359270309888
1314508347828297729
1314508336390430720
1314508289510694912
1314508283311513600
1314508203049267200
1314508127312785408
1314507990238715905
1314507976275877890
1314507877684576256
1314507846072049665
1314507829919862784
1314507777579143170
1314507487219982343
1314507323801468933
1314507319519174657
1314507305124352001
1314507226216828928
1314507220126781440
1314507183330078720
1314506922645753856
1314506860221870080
1314506810775216128
1314506773278097409
1314506765124472832
1314506742278041600
1314506738452889601
1314506694488199168
1314506645230190593
1314506635939901441
1314506628394291203
1314506605455699968
1314506580579282944
1314506499545337856
1314506491219636235
1314506482436714496
1314506291172257793
1314506250701373440
1314506236860207104
1314505893892050946
1314505819120119808
1314505761209364480
1314505712169611264
1314505549468241922
1314505513237909504
1314505502261477376
1314505498192904193
1314505300116938752
1314505279208337410
1314505243552411648
1314505217183035392
1314505131350786049
1314505081807667200
1314504972126556160
1314504803029061632
1314504758003146752
1314504639547666433
1314504614755139584
1314504596124041216
1314504547885178881
1314504510946119681
1314504485830565889
1314504479421628421
1314504370285940737
1314504354163052545
1314504347691220993
1314504343425515521
1314504196159418368
1314504181856772096
1314504137762131968
1314504098880917509
1314504067515920385
1314504022691393536
1314504021772824576
1314504010691489793
1314503994652401664
1314503794940669959
1314503788930228224
1314503787315331072
1314503693941837825
1314503605282582530
1314503511946735617
1314503498906636289
1314503363652988928
1314503345881714688
1314503220102864897
1314503182169632773
1314503175500689411
1314503160560529415
1314502991521755136
1314502801729429506
1314502782624452608
1314502779063468032
1314502747438362624
1314502719756021760
1314502703255621633
1314502600725856257
1314502579414593537
1314502570673659904
1314502545365176321
1314502524548808705
1314502519343722496
1314502326531641344
1314502241068503041
1314502224811380737
1314502034691960833
1314502030673797120
1314501962470174720
1314501900566491137
1314501861127454720
1314501853774741509
1314501625499844609
1314501566465019904
1314501504322228224
1314501470205566976
1314501451280982017
1314501430993137665
1314501378396614659
1314501210423144448
1314501181419520000
1314501142156541952
1314501141653225474
1314501111332638720
1314501086628261888
1314500975529529345
1314500971607851008
1314500933875912705
1314500887381975040
1314500859536044032
1314500833996931072
1314500689784176646
1314500658876342275
1314500577817251842
1314500480698134528
1314500462754828290
1314500421738795011
1314500380395540480
1314500248052609024
1314500207606927360
1314500202406072320
1314500007123443714
1314499971622854658
1314499916316712960
1314499861274939392
1314499856644284416
1314499854698192897
1314499853603532800
1314499732862099456
1314499687903309824
1314499685583851530
1314499665572909056
1314499604084191232
1314499558903345152
1314499482587930624
1314499456323198976
1314499412241068032
1314499362341429248
1314499358243598337
1314499354166665216
1314499078542196741
1314498967535841280
1314498923055075329
1314498908639367169
1314498831317454848
1314498826489692160
1314498814766710784
1314498703458213888
1314498680943239168
1314498596306391040
1314498515628945408
1314498407822655495
1314498372489936897
1314498361484079104
1314498356044075008
1314498123159482368
1314498067765309440
1314497947355303937
1314497913737957377
1314497855701299201
1314497750273331202
1314497714072084480
1314497713677963265
1314497699971039232
1314497666106228737
1314497655674990592
1314497647915479042
1314497647168950272
1314497635705860096
1314497623550820354
1314497444194013184
1314497442122027008
1314497428683399172
1314497427320307713
1314497412535386113
1314497363520753664
1314497354146381824
1314497180141522946
1314497018631516161
1314496872770347009
1314496641383137280
1314496457274273792
1314496430644617217
1314496417159938054
1314496402463035393
1314496393185243137
1314496366048092162
1314496364269764609
1314496206446497792
1314496165107425286
1314496070659997697
1314495965517283328
1314495933971861504
1314495924505382912
1314495910567645185
1314495713720623104
1314495676244537344
1314495613246083072
1314495564717981698
1314495542576152576
1314495539489144832
1314495524846870528
1314495408622776320
1314495347272626176
1314495235867762688
1314495213252083712
1314495204242731008
1314495186744078338
1314495184470708224
1314495112462954496
1314495099141791744
1314495013787774976
1314495007349501952
1314494968770199552
1314494797009297410
1314494760409862145
1314494654033924097
1314494631485333510
1314494628058607616
1314494585981337600
1314494575185190914
1314494555799138305
1314494541840486402
1314494540334718976
1314494528490008576
1314494510722961408
1314494458688401408
1314494401989816320
1314494353310715904
1314494327758950402
1314494295869718529
1314494293273391105
1314494247761051648
1314494075006078978
1314493938041057280
1314493841433649153
1314493807795343360
1314493696042295298
1314493665109250048
1314493634427916288
1314493563200327681
1314493518950412288
1314493415095058432
1314493367716401154
1314493358212091905
1314493342533791747
1314493182730743809
1314493172794437633
1314493084890099713
1314493043400208384
1314493007522074630
1314492992447750145
1314492959270875136
1314492919290769408
1314492914135904256
1314492897132253185
1314492813653008384
1314492794724114432
1314492691728797697
1314492601765109765
1314492596899713025
1314492581062082561
1314492454603808768
1314492302769958912
1314492280200474626
1314492234881011712
1314492218602815493
1314492153645670400
1314492042874060801
1314491865643835393
1314491840163438593
1314491836359204864
1314491733372264448
1314491618762928129
1314491562198544385
1314491539356352514
1314491340747661313
1314491321416118272
1314491133112745984
1314491023486267392
1314491009666035712
1314490966011719680
1314490960211050496
1314490891143389184
1314490803256012800
1314490794066272257
1314490781462343680
1314490652919500801
1314490650352652288
1314490597701451776
1314490538385604609
1314490531586682880
1314490437940334593
1314490268549341185
1314490217064267777
1314490141453541377
1314490110776356865
1314490048549535744
1314489819188334593
1314489806592913410
1314489667581083652
1314489560525611008
1314489515227181056
1314489446360899589
1314489443651387392
1314489430703509504
1314489341499113473
1314489330107379712
1314489275115810818
1314489245122334721
1314489241934729216
1314489239896240128
1314489205322547201
1314489166965682176
1314489138603872256
1314489134371790848
1314489061558583299
1314489030231445504
1314489013848412161
1314489005069742080
1314488945279991808
1314488939756093440
1314488855307997186
1314488759954608128
1314488731479560192
1314488610972991488
1314488535655813121
1314488501107339264
1314488473064271873
1314488398359527425
1314488294663741441
1314488255950327813
1314488048256774150
1314487810049667072
1314487806283182086
1314487603924742144
1314487598329614336
1314487471560970240
1314487426996465665
1314487371937845248
1314487355831660544
1314487262609104896
1314487201674268673
1314486999768801282
1314486976645656577
1314486950485807104
1314486829299757057
1314486801571119104
1314486760211128320
1314486714732290049
1314486692422848512
1314486623954968581
1314486604216631296
1314486600068468736
1314486574151864320
1314486385651445760
1314486317531705344
1314486137742938112
1314486065907064832
1314486048634871808
1314486037016698880
1314485988706734080
1314485955663990784
1314485763472490497
1314485758246424576
1314485578575024129
1314485343031308289
1314485342083444736
1314485327206273024
1314485312119353344
1314485311586566144
1314485201108529152
1314485082288259072
1314485037379747840
1314485022624296962
1314484970149359617
1314484969041997824
1314484960603103234
1314484944270438400
1314484941565161474
1314484938759122945
1314484912788066305
1314484889295761408
1314484864536711168
1314484806294687744
1314484766083821568
1314484715177508865
1314484699386064896
1314484676388585473
1314484486508351488
1314484444192018434
1314484414664126465
1314484328047484929
1314484302416146432
1314484245008654336
1314484238205497344
1314484180059852803
1314484062585847808
1314483950992097281
1314483950119776256
1314483917622255616
1314483829273497601
1314483793953263617
1314483374350905345
1314483326238035968
1314483120587116544
1314483109849686017
1314483087540187136
1314483071283060736
1314483057466974208
1314483032607383553
1314482835324100609
1314482834820730882
1314482731007586304
1314482654100807680
1314482620223426561
1314482230098493440
1314482229947633664
1314482213342371840
1314482075349721090
1314482003790700545
1314481989072818176
1314481940783927296
1314481867463294981
1314481819325280257
1314481768284684291
1314481759774539777
1314481540387278854
1314481442819379200
1314481371486793728
1314481239529848832
1314481238686806018
1314481228989566976
1314481193166016512
1314481092028702720
1314481056565923842
1314481056343625729
1314480998541914112
1314480998067908609
1314480997573054465
1314480996788703235
1314480901921927168
1314480834406240256
1314480712586756098
1314480659906400256
1314480622426034176
1314480587403661312
1314480500237651969
1314480479899394048
1314480378812526592
1314480368205078528
1314480201599012869
1314480195949211650
1314480184486174720
1314480176311476224
1314480155642003456
1314480132824985600
1314480090781282304
1314480020291715072
1314479875290542080
1314479866566324225
1314479848203657216
1314479761780027395
1314479521408733184
1314479509849112577
1314479495013957632
1314479472708468740
1314479413023715334
1314479369604280320
1314479314541383680
1314479189978951680
1314479186107600896
1314479116054388736
1314479021363789824
1314479005865848832
1314478977336193025
1314478945945952257
1314478933312770048
1314478901490528256
1314478808855187456
1314478748230733824
1314478687039959040
1314478654731235328
1314478594111016962
1314478514356224000
1314478470928400384
1314478422593277953
1314478420101914625
1314478302720069632
1314478234499776513
1314478205064151040
1314477990491848704
1314477938650296321
1314477930131660801
1314477927560511489
1314477904814899200
1314477830156230656
1314477778436317184
1314477732038926339
1314477672395943936
1314477637851656192
1314477513310076928
1314477449087004673
1314477408347717632
1314477390337396737
1314477368489189376
1314477356808105984
1314477343575072769
1314477230249193472
1314477176520089602
1314477073646465029
1314477062468632577
1314477058756612096
1314476977940819970
1314476914640326656
1314476899066880001
1314476862362529792
1314476827822493696
1314476794356158464
1314476710939815936
1314476677406351363
1314476658435518465
1314476566936723456
1314476546430820352
1314476531432017920
1314476483906334721
1314476458463485952
1314476429376188416
1314476373344505857
1314476347352330242
1314476263436939265
1314476234714353665
1314476224664739840
1314476208160210944
1314476101721260032
1314476053004509184
1314476051729461248
1314475977599340544
1314475966287081472
1314475957508624386
1314475893654523904
1314475863812059136
1314475688775352320
1314475605468098560
1314475578997833728
1314475559322296321
1314475411963772928
1314475224189079552
1314475212558274560
1314475128160387072
1314475089686036480
1314475028889702401
1314475000011862016
1314474962615492609
1314474896869797889
1314474835901386753
1314474829295357952
1314474826124402688
1314474802833436672
1314474798530125824
1314474635937931265
1314474424083591169
1314474370509803520
1314474358593777665
1314474240184332288
1314474224069812224
1314474153119035392
1314474126355181570
1314474103777243136
1314474057878966272
1314473890433953792
1314473868883623942
1314473848243400706
1314473815087501312
1314473779465199617
1314473746229612544
1314473573264904192
1314473411243053056
1314473374421319680
1314473310403661836
1314473305991249921
1314473284990382086
1314473251834388480
1314473241663201280
1314473211699122177
1314473189301530625
1314473117524332545
1314473081491030018
1314473072574042113
1314473012054372352
1314472918466859008
1314472917749694465
1314472909088460801
1314472889207394305
1314472785406824448
1314472639373737985
1314472589977321473
1314472469026287616
1314472463074557952
1314472453914099713
1314472316345217024
1314472168147820544
1314472141811838978
1314472116335583232
1314471937595375617
1314471836923637760
1314471767356866560
1314471766098694144
1314471691087740929
1314471649748692992
1314471630698156032
1314471630496845825
1314471604974424065
1314471500225937409
1314471384895164417
1314471292939038720
1314471284307382272
1314471243689668608
1314471193525784577
1314471188303933441
1314470923731431424
1314470836787707904
1314470803904266240
1314470787064238081
1314470714863431680
1314470691643830277
1314470682173100032
1314470679614558210
1314470608739196928
1314470561536446464
1314470552485203970
1314470540178980867
1314470537159036928
1314470444351844352
1314470313401425923
1314470156236664832
1314470080848244737
1314470063840395264
1314470045867741185
1314470004499329024
1314469981992742912
1314469941337354241
1314469885611778048
1314469868666867712
1314469805513211904
1314469783660756992
1314469783530733569
1314469771677782017
1314469720448434177
1314469618912722944
1314469565041119241
1314469520464113665
1314469513010786304
1314469502759956480
1314469405321912320
1314469365715173376
1314469308622409729
1314469263646830592
1314469170675933184
1314469069295431680
1314468942220533760
1314468790109958144
1314468783298433024
1314468781994004481
1314468686502211587
1314468633658232835
1314468569938366466
1314468487855779840
1314468357815652352
1314468262776836101
1314468251611664384
1314467974284271617
1314467915979264000
1314467795049025536
1314467776594141184
1314467751247912961
1314467574491557893
1314467447777505281
1314467285277474817
1314466960487350272
1314466864945418240
1314466526993567745
1314466401814548481
1314466349805166593
1314466319203532800
1314466299305701376
1314466239587254273
1314466236382818306
1314466177947762689
1314466141520134144
1314466043893608450
1314466011123535875
1314466009227636736
1314465994505584644
1314465964847697921
1314465948603215872
1314465888280678400
1314465880647098368
1314465840947961857
1314465832370610181
1314465809746534406
1314465780671578113
1314465724396601344
1314465602996707328
1314465556406378497
1314465451469156352
1314465445362249731
1314465432410222592
1314465326587957249
1314465272166744064
1314465252503887872
1314465245398806528
1314465216659427329
1314465153505726464
1314465084467535872
1314465077047824390
1314465037055152128
1314465009179729920
1314464910882070528
1314464823997063168
1314464821329395712
1314464745697816577
1314464703612096512
1314464693851914240
1314464680254070784
1314464667826302976
1314464663665545217
1314464577363554309
1314464563409104898
1314464488440107009
1314464415241175040
1314464373994336257
1314464336098873344
1314464274174148608
1314464253529686016
1314464246311329792
1314464099816923136
1314463960557641728
1314463957101555719
1314463850813677573
1314463835072462848
1314463822355329026
1314463793326493696
1314463751425458176
1314463740658692096
1314463739148742656
1314463589441441793
1314463547355791362
1314463489591738368
1314463308989304832
1314463305797435393
1314463290915946497
1314463179792146432
1314462966889287680
1314462852401561600
1314462833577472000
1314462354281820166
1314462299126673410
1314462276729135105
1314462241400422400
1314462231044726784
1314462190536134657
1314462110718537728
1314462106964590593
1314462098479616000
1314462074727268352
1314462062345584640
1314461938684960771
1314461924202098688
1314461898226663425
1314461885224366080
1314461818950217728
1314461753892311040
1314461731863891968
1314461715283824640
1314461676863922177
1314461644408475649
1314461617732685824
1314461536610643969
1314461519304941568
1314461494470471680
1314461472093884418
1314461470135025664
1314461436215734272
1314461419384049665
1314461392724987907
1314461304061648897
1314461265566330881
1314461157672079360
1314461153955926016
1314461146607489024
1314461008942030848
1314460975848980480
1314460927295713280
1314460909859934224
1314460892139065344
1314460864448270342
1314460601570263041
1314460590564347904
1314460588265725954
1314460580602937353
1314460511803670528
1314460326650425346
1314460268416708610
1314460220479897601
1314460201316233217
1314460198623416320
1314460177630998529
1314460152414830592
1314460006545321984
1314459953617403906
1314459892351201281
1314459851435712514
1314459728001597440
1314459714147811328
1314459697362206725
1314459678886244352
1314459639329837057
1314459623643021312
1314459553153589250
1314459545243189250
1314459446748348416
1314459410316619776
1314459392016814080
1314459367480217600
1314459335016296449
1314459228199890944
1314459190149165057
1314459189360689155
1314458975384023045
1314458956954324994
1314458709259673602
1314458709171593216
1314458345022119937
1314458321810853889
1314458266718666754
1314458178613116928
1314458062950989826
1314457942201167872
1314457853554495489
1314457840556412930
1314457647719079938
1314457595692933120
1314457487488286720
1314457428419846144
1314457390826303488
1314457177067749376
1314457125863784448
1314457080422686721
1314456968866787329
1314456930044313601
1314456911065108480
1314456887782498304
1314456877007282176
1314456701744152576
1314456688527839232
1314456684899840009
1314456679728250880
1314456650347163649
1314456593451409414
1314456471158042624
1314456460059840512
1314456326580449280
1314456273132412928
1314456121311191040
1314456119163580416
1314456017506390016
1314455994416672768
1314455950867169280
1314455903232499712
1314455864972120065
1314455792926568448
1314455677633474561
1314455529427816449
1314455313144320002
1314455101541691392
1314455073729150976
1314454997434855424
1314454981941047297
1314454931496226816
1314454830593826818
1314454829905915910
1314454773920337920
1314454457300791297
1314454354515111937
1314454191436423179
1314454139531862017
1314454010896809984
1314453871331356672
1314453868433100801
1314453810249637888
1314453792998535168
1314453705316610051
1314453683732529152
1314453662786256899
1314453643349950467
1314453493806235648
1314453469516922885
1314453372263690241
1314453335072796675
1314453302940250112
1314453154738712576
1314453129203781632
1314453086577065984
1314453054029287427
1314453022043508738
1314452977256669184
1314452864941592577
1314452824428892160
1314452788026511361
1314452746695778304
1314452536464728064
1314452428742328321
1314452380432437248
1314452298895167489
1314451957898260481
1314451918836690944
1314451898167103488
1314451886284697602
1314451861366337538
1314451851299958785
1314451614476967936
1314451550534860800
1314451497728573440
1314451372062978049
1314451343575220226
1314451302664081411
1314451088611905536
1314450979186642944
1314450864468357120
1314450782633295873
1314450766141235200
1314450759581421569
1314450709421723648
1314450688999645184
1314450588453797888
1314450553892724736
1314450287906689026
1314450200862306304
1314450131941494784
1314449986478899201
1314449979126296576
1314449822318055429
1314449769985695746
1314449723529592832
1314449508990947328
1314449501885796362
1314449384038428672
1314449303818117120
1314449196024463360
1314449121701441536
1314449084829315072
1314448999609491456
1314448995083841536
1314448926066515982
1314448907909443584
1314448855962996737
1314448806071672833
1314448754519543808
1314448700471615488
1314448672302735360
1314448539536236546
1314448365871083520
1314448330391457792
1314448290423934976
1314448289010462720
1314448270765314048
1314448213244551169
1314448203299926018
1314448073624559618
1314448009837580289
1314447916405227521
1314447836675702785
1314447810679451648
1314447764751777792
1314447718769721345
1314447694904127488
1314447658015059970
1314447647797850112
1314447536665624576
1314447493481074689
1314447247912906753
1314447158372950016
1314447007180820480
1314447003707944960
1314446836560691200
1314446811419963393
1314446536131194881
1314446509547675650
1314446464479830018
1314446430183075840
1314446390395899904
1314446373287350272
1314446342190755840
1314446268035403776
1314446257566494720
1314446228252504064
1314446226964779008
1314446176276672514
1314446065341468673
1314445991714549763
1314445770221858817
1314445639661617154
1314445598142214145
1314445589774569477
1314445555351904257
1314445535487709184
1314445521805873153
1314445504982462464
1314445365953933313
1314445264871215106
1314445050374479874
1314445044947062784
1314445021865750529
1314444906597937152
1314444898955857921
1314444859252641793
1314444630340108289
1314444583141617666
1314444575369555968
1314444310721572864
1314444195931791361
1314444163732119552
1314444144098635776
1314443982852763648
1314443948295950338
1314443680535764992
1314443630174765056
1314443578383400961
1314443507264884736
1314443491825668098
1314443428881666048
1314443428378402816
1314443215777431552
1314443115101478912
1314443024135528448
1314443021115633671
1314443020234883074
1314443013771456512
1314442900055482368
1314442781939716100
1314442770183053313
1314442747676327936
1314442583075106816
1314442581422608384
1314442512312926208
1314442507158204416
1314442496743702531
1314442345828495360
1314442328124383232
1314442266208079872
1314442160096399360
1314442083776761856
1314442081797124096
1314442003942461442
1314441937638895617
1314441912032677889
1314441845242564609
1314441713298137094
1314441503226372102
1314441479780216841
1314441148144979968
1314441053622108160
1314440912894865408
1314440880393277440
1314440819064090624
1314440615401328640
1314440494613778433
1314440441048203265
1314440228158013440
1314440011094413312
1314439959441485824
1314439883050676224
1314439575360634880
1314439562001879040
1314439500383350784
1314439318035935232
1314439197219082242
1314439172145508353
1314439136238014467
1314439079417839617
1314439034241003521
1314439000334176256
1314438965693427712
1314438919170256897
1314438806116995076
1314438450674724864
1314438440101056512
1314438354658787328
1314438223809196034
1314438071878914050
1314437995433525260
1314437896301088768
1314437793259630592
1314437775685554176
1314437771734454272
1314437750259580937
1314437684551704576
1314437660128223232
1314437589894651905
1314437462589165569
1314437264911597568
1314437223270490114
1314437213313290241
1314437203951575041
1314437134376407040
1314437066197999616
1314436971729747968
1314436827038834688
1314436824438276097
1314436753030352904
1314436648315346944
1314436629587800064
1314436594556956678
1314436582196224006
1314436474952126464
1314436377145204736
1314436346673537026
1314436299592433664
1314436111503110145
1314436106348359681
1314435815020388358
1314435736989466624
1314435682874601474
1314435607666532352
1314435456382230529
1314435380087848960
1314435372756205569
1314435196398325761
1314435181340749827
1314435018912038912
1314434952235298816
1314434937706237953
1314434929778978816
1314434915740594176
1314434913538539523
1314434870077263872
1314434842722000896
1314434241468534785
1314434101039050753
1314434003198410752
1314433796532514816
1314433778715164674
1314433564231041026
1314433467871113219
1314433429530906625
1314433353320484864
1314433321418588160
1314433318159515649
1314433306218373131
1314433215524986880
1314433096490647552
1314432992857776129
1314432979607998464
1314432960045645824
1314432958414098432
1314432948276465666
1314432928076754946
1314432761466413058
1314432664468959232
1314432585037230080
1314432473535832064
1314432449619931136
1314432394997436416
1314432257009033216
1314432184544002048
1314431900002516992
1314431888946352129
1314431820403007488
1314431621488168960
1314431590362120193
1314431508212584448
1314431296454774784
1314431201525075968
1314431183724466177
1314430644370407429
1314430604721770497
1314430403869057024
1314430347627593728
1314430249279553536
1314430241650233344
1314429821859102721
1314429583035432960
1314429574437048321
1314429555050975234
1314429486629294089
1314429351258095616
1314429277270675457
1314429256915656707
1314429118101049344
1314428990363402245
1314428660712189954
1314428560304672773
1314428527492689920
1314428489685237760
1314428449751289856
1314428434823643136
1314428342154788864
1314428267110293504
1314428051976081410
1314427989392846849
1314427680260083713
1314427515923050496
1314427108530192388
1314426933581672449
1314426891860873216
1314426880855080960
1314426766828728322
1314426582447132672
1314426463022710784
1314426170490916864
1314426020150345729
1314425863530860551
1314425854081077250
1314425817020141569
1314425364190580737
1314425298885185536
1314425150197112833
1314425080630435843
1314424753264955392
1314424555843223555
1314424262879576064
1314424032192856066
1314423779741835264
1314423670044008448
1314423632634970113
1314423533573996545
1314423197425709056
1314423165293133824
1314422998053662720
1314422882756366341
1314422491494969344
1314421136453754881
1314421014797996050
1314420787521220608
1314420584558845957
1314420393579601920
1314419645517045761
1314419500972998656
1314419207782703104
1314419122415992832
1314418973224640513
1314418891876073472
1314418470893875201
1314418372352892928
1314418370188640265
1314417533752086528
1314417324531871744
1314417280193908737
1314417162740731904
1314416954086694913
1314416525890199552
1314416364946419712
1314415586366152705
1314415424524689408
1314415020193853442
1314414944620773378
1314414735794876417
1314414663808024577
1314413231767793664
1314411340346388481
1314411031310012426
1314411018257272835
1314410765856772097
1314410301215903745
1314409490993893377
1314409030476070912
1314407695550644224
1314407622347546630
1314407340213444608
1314406868119433216
1314402839536586753
1314401211177607169
1314400635350122497
1314400614391185417
1314400438586933248
1314399423863156747
1314399413423534080
1314399205159505923
1314397663828348938
1314397314337865733
1314396790045790210
1314396251807510528
1314395839708749824
1314395272349454336
1314395047832571906
1314394609674403840
1314393733786411010
1314392813178703873
1314391360821252096
1314390223078526980
1314388615397625856
1314387292585422849
1314383874378653701
1314383285439598594
1314383001657257991
1314382846883180546
1314382639638421505
1314382638808027136
1314382318245752833
1314381933095407617
1314379484129357824
1314378572799381504
1314378408239955968
1314378236118339585
1314377116952084480
1314375836359897088
1314375767158124544
1314375725781340162
1314374521822957570
1314374403380174850
1314374279904079874
1314374278880600065
1314374246051786753
1314372617600729094
1314372446309494784
1314371519209000960
1314370208199577601
1314370203262820353
1314370007363616770
1314367520946769920
1314367301614014464
1314366996226682881
1314366622061211650
1314366056539066368
1314366044992135168
1314365506586120193
1314365171196997633
1314363929892716545
1314363879468797952
1314363678117036032
1314363262138494976
1314363225824210945
1314362264443662336
1314362084092764160
1314361514539782144
1314360956152053760
1314360803462705152
1314360417137852418
1314357436485120002
1314357380658999297
1314356009343877120
1314355774244749318
1314355413421359104
1314355402855735298
