1317978066832875520
1317978063930490880
1317978061015429121
1317978047962783744
1317978046146572289
1317978039368572928
1317978037900640257
1317978036231286786
1317978034398351360
1317978030438936576
1317976364755021825
1317976353837260800
1317976350825721856
1317976342797799425
1317976338897063937
1317976308786241536
1317976056758996992
1317974613654228992
1317973703150456832
1317973025829081093
1317971520073961472
1317970983941099521
1317970941117452288
1317970888298463233
1317968788793511936
1317968601022943233
1317968331228446720
1317966866434895872
1317966724860420098
1317966549454622720
1317965239296708613
1317964659656359937
1317963705884332033
1317963699345383424
1317963621717233670
1317963377789063169
1317962601016578049
1317962373970448384
1317962214788259846
1317962155917004801
1317961876114984961
1317960722136109056
1317960431059804166
1317960396238708741
1317960206266105856
1317960194505179136
1317960182102712320
1317960106831761410
1317960086971502592
1317958968615030784
1317958901363605505
1317958443165241344
1317958254341881856
1317957929438449664
1317957901911314433
1317957704342773761
1317957694553264130
1317957511308365824
1317956826416250881
1317956550116388864
1317955933985755137
1317955245511708676
1317954867248439296
1317954419208716289
1317953749806206980
1317953738343055360
1317953426727251970
1317953295328169985
1317953239363571714
1317953146312851457
1317952840686600192
1317952735656972292
1317952712663859200
1317952488658636800
1317952150664863745
1317951864403595264
1317951684417626114
1317951658178056192
1317951145621540865
1317951117389668353
1317950449362866181
1317950001990029312
1317949980691353604
1317949975242936320
1317949957266132992
1317949387797123072
1317949129163706368
1317948939446984751
1317948896136617988
1317948733489905665
1317948641924026376
1317948547397046274
1317948016972734464
1317947807723040769
1317947705268850689
1317947460107620352
1317947198047281152
1317947035950120960
1317946938428456963
1317946883373936645
1317946804382715906
1317946497179226114
1317946448294588416
1317946292992167938
1317946107624906752
1317946070404681729
1317945804187906053
1317945736009580545
1317945476243722245
1317945307112591362
1317945036504522755
1317945000668192768
1317944880308563968
1317944760741617665
1317944048146092037
1317943975983153152
1317943913932619781
1317943777265332230
1317943655227969536
1317943614140567560
1317943548415791104
1317943340105715723
1317943195964182528
1317943022550745088
1317942946411458560
1317942898281861120
1317942886516883456
1317942877528403968
1317942784503042050
1317942759970508800
1317942683189510150
1317942671869169670
1317942535784943617
1317942423385968644
1317941729669033994
1317941640443711489
1317941583149490177
1317941497426251776
1317941328907481088
1317941127803228162
1317940997783957506
1317940771945930752
1317940759258071040
1317940649468055552
1317940348677726210
1317940140971560961
1317940140073979905
1317940123116408838
1317940089847189504
1317940036332101637
1317939962352930816
1317939753732419592
1317939735827013633
1317939723034296322
1317939235719086080
1317939062829965312
1317938894202195975
1317938836941475843
1317938717877800962
1317938501116186624
1317938464705437698
1317938457960960002
1317938328222707713
1317938259234869254
1317938160358346759
1317938134546477062
1317938094847500288
1317937902400229383
1317937734451974145
1317937726478495744
1317937622296219649
1317937544592527362
1317937473893400576
1317937392351936512
1317937361007841280
1317937328174878720
1317937137455685633
1317936978604756995
1317936967703736329
1317936947478908929
1317936939811655680
1317936804847374337
1317936738946437123
1317936726619336709
1317936715269574657
1317936711113019392
1317936430740623360
1317936281515675649
1317936235030192129
1317936232559685632
1317936115056259073
1317936085368963076
1317936052473126913
1317936043132321793
1317936005366927360
1317935888668700672
1317935826265903111
1317935661085839362
1317935582803353601
1317935496388030473
1317935425479168001
1317935311838715904
1317935211976544256
1317935168016011266
1317934912561958914
1317934768936390657
1317934763425079299
1317934622001500162
1317934616863539203
1317933994579820547
1317933706632482825
1317933398028148746
1317933175826513923
1317933114912608260
1317933082599620611
1317932891532414976
1317932854442156032
1317932819457445888
1317932679665455112
1317932601840078849
1317932539936448512
1317932539261210625
1317932536979402759
1317932511276695552
1317932404141641728
1317932236772167682
1317932112918491136
1317932082144923651
1317932043813212168
1317931949688803331
1317931669597392896
1317931556921593857
1317931548436516867
1317931513749667844
1317931457109807104
1317931426730463232
1317931315296161793
1317931096152178688
1317930337649950721
1317930281903493122
1317930246570725378
1317930162017665025
1317930063942291457
1317929960213012486
1317929877048262656
1317929867741175808
1317929712367423494
1317929415536480257
1317929411774193664
1317929365750140937
1317929356950384641
1317929291582234625
1317929246657028096
1317929157326766083
1317929138758574081
1317929073088319488
1317928851259969539
1317928786755788800
1317928770402193410
1317928570736562176
1317928324388315140
1317928299348267010
1317928290154385409
1317928239642411010
1317928195031642119
1317928082871812096
1317928061581623297
1317927978240823296
1317927760854212609
1317927714725179395
1317927711936028675
1317927608592596998
1317927469442215936
1317927193033539584
1317927085793529856
1317927075467190274
1317926963110121475
1317926605264736256
1317926498494517248
1317926359256137728
1317926349491916801
1317926341170384896
1317926126325501953
1317926044062699523
1317925905071771650
1317925821236039681
1317925643837972480
1317925578834644993
1317925569028411393
1317925568889970689
1317925190215532546
1317925154853441539
1317925148977233925
1317925096967884808
1317924887877615617
1317924799411355648
1317924781065445377
1317924745640292354
1317924735448174595
1317924566421983232
1317924454203334659
1317924453523783687
1317924439925948416
1317924381419577345
1317924321323634688
1317924176171249664
1317924146987307009
1317924101529440257
1317924076569219073
1317923950484127744
1317923894800646146
1317923744153817090
1317923689002901505
1317923670589902851
1317923623160741888
1317923503568523264
1317923471981219841
1317923259376128005
1317923242661871617
1317922931536760832
1317922761893969920
1317922722056470528
1317922648249278467
1317922646898675718
1317922561112612864
1317922483937435652
1317922474705752067
1317922440190873602
1317922341293330432
1317922278903087107
1317922266613796865
1317922177962868737
1317922153912799232
1317922096673132544
1317922060711186438
1317921960224002053
1317921886332923905
1317921856003989504
1317921844423512064
1317921779269226497
1317921761170739203
1317921677997756421
1317921388385239041
1317921293145133056
1317921269141090304
1317921212673175552
1317921167882244101
1317921111582167042
1317921047430287361
1317921037615616001
1317920860100059137
1317920713316175874
1317920650917482497
1317920636497465347
1317920435972067328
1317920430871674880
1317920423389089792
1317920374907166721
1317920316237225985
1317920311820640256
1317920298784653313
1317920102172512258
1317919880818118658
1317919809938558983
1317919793035563016
1317919784353357828
1317919747581816834
1317919741986672642
1317919693282344968
1317919622151180291
1317919618774798336
1317919579734245377
1317919340671414272
1317919269015982085
1317919196911685632
1317919171284471808
1317919113763786752
1317919100417511425
1317919024953675777
1317918917843668995
1317918914135904260
1317918910864367619
1317918906707791872
1317918895706177536
1317918890639429632
1317918839024373763
1317918711555235840
1317918691573583873
1317918687672832003
1317918686133538816
1317918684740988932
1317918682950127617
1317918679628238859
1317918290585489413
1317918176705974272
1317918155524669440
1317918054840475656
1317917885281521664
1317917884589420546
1317917803383488513
1317917465880514564
1317917279238180867
1317917253153730573
1317917127291162634
1317916890275192833
1317916699061067776
1317916573961768961
1317916491593977858
1317916476263796740
1317916474174996480
1317916473248067587
1317916471603957761
1317916431825195008
1317916239524712448
1317916138563686405
1317915844089925632
1317915703706591233
1317915667891425282
1317915295059763200
1317915256761569287
1317915237354557441
1317915232354865152
1317915213610569728
1317915203380695041
1317915143263715328
1317915023856046082
1317914922404204558
1317914884806500354
1317914773485424640
1317914688286412800
1317914622679257088
1317914258177445888
1317914163033837569
1317914098596745217
1317914007353856001
1317913926567342085
1317913672115773446
1317913408751210496
1317913147068514305
1317912854444544010
1317912820218986497
1317912805467582465
1317912792729636864
1317912735049535489
1317912687049924610
1317912643429109762
1317912482627899393
1317912436813582336
1317912405696012293
1317912173750964225
1317912148316770305
1317911901532266503
1317911699408752640
1317911631658176520
1317911611840090113
1317911559222534146
1317911550854823940
1317911527631060994
1317911392696127490
1317911306075254784
1317911283040161792
1317911217487433728
1317911018354376705
1317910669426085888
1317910624387596289
1317910569085771776
1317910546369466368
1317910512160690177
1317910382732845057
1317910358418489346
1317910327095365632
1317910195943690241
1317910067753209858
1317910000602316808
1317909573253140480
1317909572514926593
1317909551212040196
1317909539774222336
1317909531918278657
1317909363915448329
1317909335981379584
1317909288585670662
1317909212522029056
1317909212274528256
1317909184130809856
1317909027712630785
1317909003079397383
1317908977976573958
1317908822183333890
1317908756169134080
1317908658844540935
1317908657988915202
1317908605610446850
1317908570390843402
1317908556742537216
1317908387783462912
1317908363318087680
1317908318367657986
1317908276047208453
1317908238856298496
1317908163790864386
1317908031015890953
1317907858055364608
1317907857711431682
1317907820247977986
1317907791378612225
1317907788488712192
1317907773389217793
1317907769652117506
1317907684126040067
1317907448582328323
1317907301366403072
1317907263785476102
1317907240024788992
1317907068666466305
1317907046738657282
1317907001054269440
1317906961162174465
1317906951058132992
1317906912193765376
1317906857906868227
1317906835580604423
1317906771919446016
1317906669070917638
1317906651307966472
1317906596735913986
1317906577093963779
1317906551022243841
1317906477101817857
1317906353369812995
1317906085307731975
1317906077632073730
1317906018089750528
1317905806445236225
1317905610227261441
1317905547354583043
1317905386960310273
1317905359785295877
1317905088019509248
1317905063839453185
1317905045342531586
1317904985112313857
1317904974488141831
1317904800772726785
1317904762881323009
1317904607947927553
1317904547772321794
1317904365143920640
1317904313876959232
1317904313210068992
1317904308608917504
1317904189226405891
1317904117147308033
1317904040219545608
1317903724245901312
1317903699512090626
1317903642427621378
1317903259122700288
1317903189144993792
1317903000195792897
1317902946248675328
1317902823527469056
1317902800156790784
1317902792858738689
1317902652122988544
1317902603217403904
1317902445884952577
1317902368843988992
1317902346563821570
1317902125679153154
1317902066187194371
1317902046151008259
1317901906904317957
1317901669657726982
1317901601210847232
1317901473796247559
1317901462459002888
1317901263959449602
1317901149152956416
1317901097097437185
1317901070006366209
1317900998250299394
1317900691332059138
1317900389866418178
1317900271251607553
1317900192117608451
1317900165823533057
1317900163692830720
1317900111209443328
1317900064770150403
1317900025003937793
1317900003671789569
1317899969244823557
1317899908201021440
1317899906242273280
1317899755549229056
1317899697147740160
1317899655926132744
1317899499315089415
1317899378460340224
1317899270415126528
1317899268552876032
1317899250886389760
1317899238248951809
1317899037257961475
1317898994610221060
1317898972988690439
1317898811369492485
1317898782474948609
1317898693492772866
1317898548285943809
1317898458959728640
1317898319423832065
1317898280488022016
1317898265640173571
1317898141316808705
1317897957488922624
1317897955693744131
1317897889612501002
1317897826253275136
1317897750239993856
1317897413223452672
1317897386912583682
1317897345397411842
1317897259510628354
1317897253374332929
1317897188391964672
1317897187251179520
1317897161640710144
1317897141403095041
1317897082326425601
1317897017591476227
1317896868102242304
1317896857343975424
1317896824032722944
1317896773420175362
1317896770530267138
1317896602930106372
1317896594071707648
1317896495115489280
1317896467999313922
1317896200834744321
1317896134761848833
1317895996505018368
1317895992784621569
1317895977957806081
1317895878611435527
1317895825633218561
1317895821564776449
1317895740476313600
1317895688315793408
1317895659182325763
1317895580581060614
1317895539019698176
1317895522066247680
1317895477816401922
1317895438561910785
1317895335369445376
1317895323663085571
1317895269443375104
1317895137557680129
1317895064463511553
1317894944028229634
1317894926672199681
1317894897714814976
1317894850155610112
1317894729900695554
1317894614309883904
1317894475746807809
1317894378292207618
1317894349246631938
1317894265440292865
1317894153062187009
1317894147299287041
1317894111949631490
1317893981351649283
1317893977002082309
1317893942663352320
1317893915702427649
1317893867908288512
1317893804452622336
1317893379095777280
1317893251064582145
1317893249504337920
1317893166922649601
1317893006557630469
1317892964987920384
1317892872033763329
1317892778718842882
1317892553228931072
1317892513135529984
1317892453337354240
1317892404192677888
1317892270457278466
1317892249791942659
1317892236579950592
1317892206544494600
1317892143579566080
1317892061706805248
1317891815769542663
1317891732890128385
1317891701747437568
1317891526404591624
1317891520104628230
1317891453629202435
1317891387787038725
1317891327984623619
1317891256949886976
1317891142936047616
1317891129803767808
1317890991886635008
1317890744770854913
1317890722067079170
1317890574985383938
1317890564759629824
1317890492147900417
1317890130053599235
1317890110734684160
1317890014039166977
1317889920187441152
1317889652519469056
1317889589873397760
1317889509225304064
1317889454573539329
1317889441843744768
1317889304631349254
1317889216857198594
1317888993342726144
1317888987441319936
1317888650554769409
1317888478156328963
1317888462033477633
1317888211390255104
1317888048252801026
1317888038882713609
1317888000693555201
1317887877062270977
1317887833525374976
1317887543816368130
1317887371334004739
1317887187023790081
1317887142903861248
1317887100788813826
1317886894877925378
1317886892235493376
1317886827584540672
1317886607521910784
1317886573095038976
1317886392865783809
1317886297546129412
1317886279497953280
1317886259520544769
1317886105111461895
1317886043165786117
1317886017123352577
1317885970130272257
1317885947913134081
1317885917714141185
1317885722284724233
1317885667263848448
1317885623886372865
1317885545029246976
1317885467912736769
1317885461612867584
1317885423549599744
1317885422643646465
1317885418327638016
1317885308646674432
1317885108926488577
1317884917439729665
1317884787219140613
1317884692587315200
1317884600933376000
1317884443252621314
1317884437208702977
1317883732238475264
1317883649476513798
1317883529301233664
1317883492362035201
1317883382852976644
1317883245854425088
1317883081639022598
1317883016069394438
1317883009220157441
1317882986013089792
1317882974810066944
1317882972255780865
1317882930388193281
1317882862423707648
1317882820946202624
1317882767061995521
1317882469232922624
1317882443203026946
1317882355055550464
1317882244632031238
1317882041971675139
1317882017791561729
1317881892474146816
1317881814053249024
1317881640753004544
1317881542094573569
1317881471475077120
1317881292130799618
1317881284383866880
1317881266763595776
1317881079773224960
1317881057543323648
1317881026899812352
1317881010240049152
1317880968636780544
1317880764294463489
1317880754643341314
1317880730387709952
1317880690793480192
1317880561847947269
1317880530130604032
1317880354003353601
1317880308541362180
1317880105994170368
1317880098016604162
1317879865207590912
1317879755409010689
1317879669954433025
1317879568678739970
1317879197919039488
1317879143992823810
1317879099067715584
1317878875024728066
1317878689548423170
1317878686960521217
1317878607361048577
1317878605834293251
1317878544123498497
1317878527107137537
1317878520652177408
1317878504831078402
1317878496866304001
1317878456617783297
1317878210802208769
1317878155542204419
1317878117478916099
1317878000449429506
1317877973698183172
1317877928630386688
1317877927460114432
1317877785747197952
1317877549591121924
1317877539277328389
1317877533547876355
1317877511829807105
1317877511435464706
1317877347597549579
1317877343508172802
1317877220346597377
1317877176914612224
1317877062540156931
1317876950258622464
1317876938044809216
1317876884244398080
1317876779080683526
1317876722679881730
1317876710940069888
1317876625409757185
1317876540001161217
1317876466898604032
1317876399676510209
1317876361181171712
1317876079411998727
1317875998638133249
1317875864554655745
1317875849199235073
1317875631355514881
1317875600292483073
1317875411137822720
1317875377511989248
1317875262563012609
1317875131147034624
1317874896547074049
1317874886891786240
1317874878654140416
1317874800149319683
1317874782252269568
1317874775532933123
1317874562739167232
1317874429645520899
1317874409722564608
1317874274393272331
1317874264884772865
1317874208295223297
1317874002375966721
1317873964488810498
1317873950165172225
1317873881928093703
1317873825208520704
1317873806267043840
1317873768413466631
1317873682295984130
1317873659973959681
1317873627996540928
1317873544877965317
1317873502666579973
1317873488766652417
1317873466549411842
1317873466503176192
1317873451491856385
1317873365592510464
1317873250207223810
1317873244356202497
1317873172763545602
1317873118032048129
1317873111086280705
1317873089883959297
1317872851169533952
1317872749977677825
1317872646776868864
1317872588601892867
1317872569815543808
1317872557287215104
1317872548948922370
1317872527490928642
1317872512873713666
1317872478778253312
1317872438101889025
1317872421240774656
1317872402349654016
1317872394317582338
1317872299543040005
1317872282346323968
1317872256744304641
1317872250645786625
1317872228000727040
1317872085557968897
1317872084706578435
1317872040515424256
1317872036715384838
1317872005421596676
1317871946114150400
1317871915248373765
1317871845438332928
1317871728421441536
1317871725850349569
1317871690123251712
1317871644849917959
1317871575211909120
1317871559198035970
1317871541804302336
1317871450271875072
1317871426280574978
1317871333884219392
1317871186135625729
1317871157689929728
1317871115058974720
1317870970443620352
1317870965519491072
1317870925161861120
1317870790176636936
1317870728574881792
1317870701940965377
1317870588459950082
1317870540040843264
1317870534827364354
1317870425578373123
1317870395584905219
1317870388274171904
1317870372868468737
1317870355109847043
1317870290609856512
1317870228705980429
1317870212130197504
1317870208082640896
1317870169402781696
1317870083281199106
1317869698873176070
1317869591050264584
1317869553158946816
1317869547853107200
1317869532963328002
1317869505687752704
1317869453456101377
1317869414679797760
1317869380957515776
1317869347856154628
1317869324946853890
1317868914668412930
1317868857718169603
1317868843503681537
1317868822053982210
1317868775228739585
1317868712746209282
1317868615023079426
1317868571612073985
1317868545603141634
1317868525990576130
1317868333270695945
1317868322143207428
1317868293382955011
1317868287053733893
1317868284922966023
1317868143390445568
1317868056127877120
1317867989493047296
1317867966952804352
1317867914716942337
1317867732487098368
1317867704418697217
1317867672772567041
1317867522125893636
1317867435073196032
1317867415393402880
1317867356924891137
1317867306245115905
1317867273554714625
1317867244215521281
1317867078276292608
1317867048463192064
1317867044604358659
1317866949741785089
1317866752898945028
1317866559453495296
1317866495536488453
1317866414129221635
1317866281991897089
1317866249418846208
1317866228585844739
1317866117117976576
1317866053280686085
1317866020359577600
1317866001560686593
1317865614195785730
1317865283894284289
1317865150851043335
1317865099256864770
1317865056701468674
1317865024141074438
1317864987000492033
1317864905861701634
1317864855953616897
1317864640215396360
1317864554840399872
1317864376796401666
1317864338967887872
1317864312032120833
1317863981290344448
1317863837941534720
1317863360038424576
1317863210033270785
1317863113656590337
1317863100612268032
1317863063681466373
1317862706263764992
1317862687154540545
1317862620238630913
1317862619429089283
1317862553003921408
1317862396329943043
1317862275194195969
1317862234291318785
1317862219741364233
1317862198795030528
1317862037339385857
1317862020981641218
1317861899711676417
1317861612934529029
1317861575756308484
1317861496609775619
1317861357061050368
1317861278564651009
1317861210289770506
1317861091465138177
1317861060725137409
1317861042966417409
1317860871054426113
1317860812430712834
1317860810472017920
1317860766633103362
1317860745510531072
1317860537129070593
1317860355377369090
1317860200863404033
1317860120513204224
1317859873275613184
1317859637790650368
1317859482022662151
1317859385612423168
1317859270742970370
1317858955801014274
1317858950885289984
1317858929045622784
1317858586941411329
1317858574266150912
1317858483614744578
1317858474177474561
1317858383840661505
1317858285228261377
1317858258858725376
1317858193306013698
1317858192781705217
1317858179548663810
1317858134673817606
1317858066935721984
1317857878619938816
1317857821678014465
1317857785640636419
1317857661552123907
1317857641171996673
1317857636046569477
1317857458547732481
1317857408190992384
1317857374502354965
1317857242171965440
1317857238913081345
1317857236505559040
1317857137637400576
1317856875430449157
1317856851921457153
1317856829427298306
1317856817368662020
1317856752428306435
1317856732354383872
1317856616788725768
1317856461322670081
1317856433808048129
1317856296134205440
1317856226705899520
1317856084007288833
1317856029414141952
1317855782340276225
1317855588039204864
1317855567923302400
1317855548583399426
1317855455826378756
1317855449086124040
1317855448771514370
1317855435303604224
1317855379209015301
1317855188326166538
1317855000920547330
1317854989478481925
1317854983392530434
1317854892782981126
1317854683399114753
1317854665028100101
1317854653242052608
1317854586334515201
1317854482005397504
1317854471108632577
1317854246641991681
1317854231026495488
1317854230464524288
1317854229470400513
1317854228153397249
1317854218674442240
1317853980572213250
1317853861818847234
1317853857632952320
1317853684697542658
1317853601390338048
1317853535309004801
1317853375904481282
1317853204747591681
1317853064875941889
1317853063709925380
1317853062816583680
1317853016129753088
1317852999268655105
1317852998060605442
1317852843362127872
1317852688751755264
1317852501836767233
1317852439278739456
1317852344877568002
1317852298803073026
1317852238451269632
1317852208503934976
1317852040450756608
1317851933001003008
1317851893503299585
1317851887551565825
1317851736648962050
1317851602993221633
1317851569111457795
1317851566343286784
1317851443945074688
1317851368011550723
1317851275799777281
1317851239850381313
1317851007393632256
1317850727583260674
1317850709744812032
1317850638462685186
1317850545693036546
1317850501678010369
1317850497483759616
1317850474230521857
1317850332244967432
1317849881428566017
1317849831273078785
1317849789468389378
1317849669163167744
1317849644328718337
1317849534043721740
1317849322516582400
1317849255390924800
1317849210474160128
1317848984812224512
1317848735301406720
1317848707686170625
1317848605160558593
1317848401036365825
1317847622514806784
1317847498166251520
1317847388523036673
1317847279852814336
1317847094523269120
1317847091318788097
1317847089318137857
1317847085887213569
1317847073052631041
1317847043742830602
1317846939564638208
1317846937278795777
1317846832064663552
1317846788636921856
1317846757942886400
1317846675730370561
1317846642264100867
1317846636937216002
1317846635704160262
1317846634181627906
1317846593777827840
1317846592238587905
1317846419273928704
1317846417742974978
1317846416635691008
1317846415310245888
1317846383555190785
1317846332070154245
1317846330463703040
1317846325095026688
1317846323496890368
1317846322616172545
1317846152729915393
1317846091883270146
1317846039605411841
1317846007137316867
1317845758243209216
1317845710449135617
1317845669848227840
1317845602831618048
1317845539430555651
1317845250740813826
1317845137817538565
1317844918228930562
1317844910721142785
1317844422659375104
1317844411687047169
1317844350110519297
1317844345266032642
1317844304530972673
1317844272448741377
1317844242933387269
1317844238214832128
1317844180866129921
1317844110984794112
1317844073013792770
1317843928339578880
1317843747275743232
1317843616245686272
1317843556187426818
1317843550311239681
1317843469017206787
1317843375152861190
1317843361152323589
1317843203865927680
1317843159238541312
1317843068746452992
1317842942627893254
1317842841096364034
1317842562309304320
1317842511616970754
1317842353860841475
1317842315172548610
1317842102341029888
1317842019197255682
1317841984300646402
1317841933771878403
1317841662006202368
1317841624328785920
1317841552794931200
1317841460050493442
1317841403871940610
1317841328055738368
1317841030478237697
1317840998798659590
1317840913545256960
1317840890078105603
1317840870297767936
1317840706766049281
1317840676776779777
1317840672624463872
1317840624301858817
1317840595461832704
1317840256171986949
1317840255618326530
1317840254473281536
1317840201536897025
1317840056871231489
1317840024872910849
1317840012218716160
1317839904676679681
1317839726540476419
1317839542922153985
1317839462454407172
1317839422935752706
1317839379616976898
1317839377012326400
1317839362982281217
1317839203326197760
1317839116260790272
1317839083301982209
1317839005828993025
1317838857182892034
1317838793140015105
1317838711141392384
1317838692266971136
1317838624730337280
1317838287030059008
1317838252359942145
1317838186786283520
1317838143387803649
1317838136127426563
1317838130356101121
1317838082041876480
1317837986982133762
1317837792093835267
1317837698003030017
1317837668785541122
1317837369387700225
1317837221576265728
1317836830444818435
1317836802808565760
1317836488046989312
1317836403481415685
1317836380723159041
1317836284317081600
1317836258450825216
1317836089911029761
1317835813451857926
1317835622732734465
1317835590994432000
1317835445531742208
1317835268272041989
1317835097756868614
1317835087514357763
1317834836179062784
1317834490312560640
1317834458070921222
1317834383563366400
1317834247613317120
1317834089953660929
1317833995107897349
1317833990649356288
1317833976535539715
1317833795744206850
1317833729998573576
1317833705906409472
1317833187956084738
1317833151184592898
1317833070511226880
1317832858896109568
1317832780131217409
1317832735059283970
1317832713613836292
1317832568390246401
1317832402044059650
1317832304929234944
1317832196292562946
1317832175547461632
1317832090558320643
1317831980705337344
1317831708612481024
1317831414885322752
1317831362460733442
1317831258223804419
1317831110911528960
1317830969685123072
1317830956825313281
1317830944410173441
1317830908808994822
1317830885039853570
1317830687223853059
1317830418511679489
1317830335321833473
1317830333052616704
1317830299020103680
1317830064017461248
1317829781182947328
1317829749046190082
1317829661750165505
1317829455918911488
1317829448998277125
1317829434615959552
1317829131514556416
1317828782137421826
1317828734636916742
1317828724570660866
1317828718765682688
1317828583704961024
1317828527279013890
1317828496698281985
1317828486753624064
1317828308306984960
1317828097572524032
1317828093558534144
1317828018170171393
1317827973173678080
1317827951182962688
1317827919322951680
1317827884480946176
1317827767929626628
1317827704419483649
1317827599478018051
1317827486328213506
1317827356787134464
1317827259332481029
1317827201027526657
1317827002905337865
1317826971330555904
1317826906973216770
1317826780867284992
1317826706238046208
1317826683458719745
1317826660587261955
1317826619336249344
1317826574897602562
1317826555784159233
1317826452440702982
1317826449026486275
1317826419657932800
1317826390658527232
1317826372371361794
1317826366075772933
1317826300363636736
1317826160768798723
1317826123003199488
1317826084604399616
1317826082792493057
1317826029629673473
1317825981340594176
1317825909399891969
1317825853003268096
1317825851191250944
1317825838994305031
1317825796535422978
1317825565865484290
1317825428082614272
1317825413201219584
1317825378694664193
1317825355105898496
1317825341524758529
1317825228861546496
1317825052105203712
1317824995251408902
1317824845346934785
1317824659124031489
1317824548574822402
1317824500830973953
1317824476181127174
1317824415401390081
1317824004561002502
1317823597889703940
1317823523583414280
1317823510476017665
1317823498291654656
1317823327688327170
1317823325029191685
1317823227205472257
1317823218368077827
1317823205239906305
1317823171073114113
1317823158309867520
1317823110964482049
1317822898460131329
1317822807565361160
1317822751248363523
1317822738548072456
1317822733359681541
1317822615512297474
1317822557748367360
1317822467990278144
1317822311349837824
1317822284460134402
1317822209616957440
1317822112476942337
1317822104377622528
1317822041064722436
1317821725212577793
1317821564356857856
1317821545801187330
1317821494576222208
1317821492877578240
1317821422996172801
1317821280566059008
1317821277290323968
1317821273976786945
1317821146524471298
1317821093466542080
1317821072725757953
1317821025141297154
1317821019550326784
1317820985970655232
1317820884296531971
1317820805921886209
1317820718059487232
1317820622915932160
1317820245155905536
1317820219079929857
1317820190055387138
1317820083847266310
1317820001634689027
1317819991819943936
1317819964515143683
1317819938690793472
1317819480349855744
1317819446027821058
1317819410493657088
1317819266343763968
1317819258492145664
1317819185133740035
1317819104158470145
1317818975313682437
1317818925850177537
1317818908162785281
1317818730001371136
1317818600577667073
1317818422554693635
1317818409678217216
1317818404745711617
1317818404372402176
1317818341243949059
1317818248285609986
1317818242048679936
1317818065430740994
1317817983062970369
1317817939421179906
1317817932781637632
1317817757132574721
1317817687230251010
1317817617353265152
1317817553167831041
1317817224829325313
1317817036660236288
1317817000199159810
1317816977747042307
1317816938488320000
1317816690999263234
1317816604567154688
1317816586221342720
1317816468956905472
1317816444843888640
1317816405761339392
1317816355861766145
1317816255399841797
1317816242024140800
1317816181009559552
1317816110922846210
1317816047462944770
1317816012125896705
1317815691895050240
1317815684668194816
1317815675608551425
1317815636932874240
1317815578439057409
1317815362692448257
1317815303179587586
1317815210179178501
1317815171272900609
1317815155900764164
1317815124506349570
1317815019464216578
1317814716887191552
1317814625484853249
1317814592756645889
1317814555972669442
1317814357582057472
1317814287503659008
1317814234319900677
1317814134457716737
1317814064630931456
1317814026945089537
1317814008993505280
1317813940966088704
1317813830722912262
1317813724099547137
1317813712808513538
1317813195977986054
1317813107545300992
1317812958869835783
1317812953069080576
1317812937801846785
1317812923096588290
1317812910270414848
1317812472095690752
1317812356945223682
1317812346740420609
1317812211490918400
1317811872716947457
1317811626905686017
1317811601173585925
1317811530877050880
1317811514695405573
1317811444893814785
1317811434655547392
1317811390707544064
1317811348710064128
1317810903425974272
1317810875865104385
1317810849394937862
1317810848476418053
1317810845812953092
1317810798757105669
1317810786409062402
1317810463208579072
1317810272808161283
1317810117681840128
1317810008298573824
1317809845886660608
1317809815771664385
1317809698301726721
1317809672963981313
1317809571931561985
1317809439605489665
1317809251717361667
1317809213998026752
1317809156653535232
1317809012017156096
1317808968413204480
1317808943792521217
1317808915233579008
1317808769083068418
1317808731074289664
1317808722924720128
1317808572240220163
1317808529244377090
1317808508176269317
1317808419898839041
1317808247395463171
1317808181960200192
1317808100129243136
1317807957120327680
1317807678979215360
1317807598150819842
1317807484501983234
1317807364905553920
1317807317375733760
1317806901887946753
1317806687743561728
1317806618772410369
1317806419836432386
1317806338169311233
1317806043506876416
1317805724580327424
1317805625590644736
1317805619097833474
1317805522754699264
1317805342680616961
1317805282769178626
1317805267174756355
1317805142121611265
1317805142025134080
1317804833299173377
1317804808011657218
1317804747190042625
1317804721311277056
1317804618613690368
1317804507594674177
1317804486384025601
1317804309858451456
1317804258645954561
1317804116622647298
1317803775256629250
1317803740578123776
1317803684127035392
1317803605739642881
1317803425829179392
1317803371005415425
1317803310120828928
1317803204462186497
1317802953613414400
1317802829269114881
1317802715884351488
1317802394563039234
1317802163276550145
1317802144314122240
1317802064605577216
1317801923404304385
1317801896208379905
1317801823294623749
1317801793729036289
1317801742323646464
1317801716188909568
1317801444289007616
1317801398453604353
1317801361677946883
1317801209982496769
1317801112632741888
1317801109210226693
1317800927227760643
1317800837192757248
1317800822563024896
1317800810215067655
1317800728652619779
1317800676601303040
1317800634721161216
1317800597337374721
1317800518731915267
1317800448712151041
1317800435839913985
1317800190493982721
1317800071531008000
1317799962286166023
1317799801254182917
1317799789556338688
1317799769083944962
1317799751543390209
1317799683700461569
1317799660262723585
1317799631032647680
1317799397275672576
1317799351733936128
1317799350257487873
1317799270418972675
1317799163757723648
1317799057583181824
1317798877010034691
1317798870571765760
1317798818604306432
1317798786408865794
1317798783049236480
1317798779735674880
1317798776904536064
1317798437165928449
1317798343062491143
1317798213966057473
1317798194030518273
1317798084550795265
1317797989788901376
1317797980330729474
1317797875661873152
1317797581221548032
1317797565799288834
1317797533629009920
1317797424660963328
1317797311951589377
1317797194230042625
1317797163599077383
1317797087745101824
1317797050021498881
1317797023760977921
1317796904156172288
1317796763567333376
1317796733976514560
1317796542124904450
1317796459882942470
1317796327233736705
1317796178608652290
1317796024581226496
1317796022660325376
1317795970978095105
1317795954662215682
1317795932914782208
1317795883736498177
1317795851801157633
1317795760721874944
1317795755336269826
1317795746033315841
1317795687195725824
1317795398610833410
1317795396245180418
1317795384664653825
1317795348014911488
1317795318293934080
1317795312698839042
1317795211989364741
1317795179395514368
1317795160143634434
1317795135829278721
1317795118733271040
1317795107513507840
1317794974134603777
1317794919206031361
1317794777782419456
1317794678377488384
1317794644894355456
1317794482633560065
1317794469425696769
1317794340245245953
1317794084094943232
1317793983251271681
1317793932584124417
1317793862392438786
1317793860836380672
1317793727318994944
1317793716829118469
1317793649342775297
1317793594627993600
1317793586231103490
1317793547047895042
1317793391002923010
1317793227806748675
1317793100266426370
1317793032608108544
1317792971346137096
1317792957148397569
1317792879557988352
1317792762465558528
1317792729783480323
1317792425688129537
1317792349431451655
1317792304409825280
1317792207005470720
1317792090668093441
1317792045856100353
1317792006651916288
1317791981616189440
1317791903107207168
1317791819862769664
1317791811914575873
1317791695380107265
1317791406249881602
1317791291703525376
1317791256177672193
1317791179380084736
1317791164217610242
1317791109062512642
1317791030792642562
1317790965839679488
1317790888404410370
1317790699702620166
1317790677363757059
1317790267831975936
1317790244352262145
1317790215596134401
1317790012054867968
1317790007898374144
1317789996338843648
1317789972154515457
1317789719359606785
1317789623704342535
1317789619325423616
1317789525381402624
1317789520503472128
1317789489776001026
1317789316035334145
1317789258472706050
1317789250579030018
1317789225849409536
1317789209122439169
1317789174406303744
1317789090998292481
1317789087923929088
1317789043611107328
1317789007670104064
1317788933313470464
1317788837654024192
1317788797703233536
1317788722956554240
1317788644854370304
1317788398678085632
1317788380709736448
1317788348954587136
1317788294378328065
1317788277680697345
1317788198060380160
1317788110973972480
1317787842882523138
1317787826721882114
1317787769306025984
1317787640939368448
1317787451151310854
1317787307861303296
1317787143226466304
1317787122644979715
1317787102457856000
1317786794704965633
1317786575669989376
1317786512075804672
1317786294173487104
1317786109217329152
1317786088778465286
1317786059762208768
1317785752944738306
1317785702814408704
1317785660309278722
1317785619570053120
1317785251142316033
1317785227251646468
1317785079498899459
1317785052961492994
1317784825974181889
1317784769179000832
1317784587762794496
1317784225395998720
1317783909757747201
1317783872571019264
1317783870213849088
1317783666899275776
1317783660444221441
1317783541489520646
1317783477278920706
1317783467002912770
1317783355245666304
1317783308596662273
1317783291861360641
1317783166153871363
1317783004253724674
1317782821944045568
1317782746832474114
1317782679274868737
1317782542729306112
1317782396251623425
1317782391985983488
1317782279402496000
1317782073151787008
1317781897624408064
1317781878770892802
1317781738937065472
1317781436456468480
1317781418165010432
1317781304847568897
1317781120637931522
1317780991075811336
1317780919596494850
1317780899409350656
1317780835102326784
1317780810347520000
1317780591593574400
1317780579635634176
1317780317533593600
1317780112352444416
1317780104592896000
1317779728858841090
1317779685397364736
1317779644540747776
1317779591159779330
1317779572952322049
1317779475459956736
1317779161524654080
1317779121393573888
1317779107409760259
1317779058248372225
1317779051348692992
1317779012924723200
1317779012920446977
1317779009976094720
1317779009556668422
1317779007170088960
1317779003713949697
1317778989403000834
1317778925372772353
1317778920280903680
1317778847195160576
1317778839838154754
1317778839276118016
1317778829021151232
1317778707516411904
1317778535847763969
1317778529728290816
1317778483121131520
1317778481548304384
1317778466985680896
1317778393425989633
1317778090538471424
1317778019008864256
1317777955435782144
1317777953724530691
1317777806747684865
1317777687394603008
1317777664011272193
1317777648249176066
1317777604896825344
1317777492292284417
1317777435295875077
1317777360054374400
1317777264369668096
1317777259613356036
1317777125718564864
1317776996680802305
1317776954268000257
1317776869668900866
1317776806498471936
1317776582170333184
1317776426507128836
1317776408953954309
1317776183589785603
1317776120876568577
1317775961774039040
1317775933747712000
1317775774645211136
1317775716117848064
1317775533355261953
1317775091476856832
1317774992310980608
1317774956835622912
1317774808814411776
1317774790392950785
1317774782511878144
1317774764946108416
1317774495298605056
1317774404395388928
1317774158911123456
1317774117316235271
1317774091672313858
1317773914735546370
1317773802814738433
1317773775849594880
1317773765519024128
1317773589450547200
1317773513143570432
1317773501382656005
1317773418406813697
1317773353302839297
1317773011097878528
1317773006148653056
1317772796978733058
1317772720243965952
1317772610181234689
1317772182638989313
1317772178222387200
1317772104524308480
1317771825410080768
1317771722523815936
1317771563849187334
1317771510367531008
1317771508786335744
1317771503518318593
1317771477702332416
1317771428285075457
1317771320621412353
1317771242640990209
1317771202513993728
1317771133794607104
1317770924641406980
1317770745850810369
1317770673880768518
1317770655182499841
1317770619384201216
1317770561460817920
1317770440522256384
1317770306891689990
1317769925533073417
1317769899012509696
1317769541603201028
1317769398107635714
1317769391312982017
1317769280675549185
1317769147984523267
1317769083589451776
1317769019932499968
1317768983110688768
1317768976659845120
1317768946133700608
1317768877640720385
1317768753388703746
1317768728449351682
1317768685201903616
1317768628519972865
1317768517933031425
1317768494428147714
1317768273392472064
1317768234003726336
1317768196418666497
1317768056207269889
1317767971188727808
1317767487820357637
1317767459475161094
1317767358728069122
1317767357176156160
1317767286720258049
1317767174107398145
1317767159750316032
1317767075348336640
1317766959518437384
1317766723257368577
1317766660124823553
1317766396475068416
1317766395694821378
1317766362224332801
1317766344776028160
1317766328128819203
1317766060121128960
1317766017553149952
1317765973349486598
1317765837768609792
1317765766607966209
1317765717358497792
1317765699763392512
1317765604514975744
1317765230106234888
1317765117430403072
1317765111256317959
1317764957459677186
1317764941600952320
1317764854556561408
1317764850874011649
1317764841604567041
1317764654517657604
1317764568089808896
1317764556198977536
1317764522048933889
1317764431846215685
1317764323213742080
1317764321565396998
1317764275449024512
1317764267085541376
1317764221514485761
1317764204775047169
1317764179537940480
1317764118904963072
1317764092636123137
1317764077549199361
1317764061103296514
1317764053104721924
1317764041327235072
1317763937979465729
1317763899991691269
1317763738112577537
1317763724250386432
1317763565743464450
1317763464300036096
1317763459254280192
1317763456884498432
1317763306355044352
1317763295726784512
1317763283278090241
1317763167108452352
1317763156681347073
1317762957913313281
1317762874228543488
1317762730066087936
1317762690572582912
1317762597953933315
1317762597568086017
1317762458514325505
1317762316499374081
1317762124182097920
1317762088673181699
1317761989955944448
1317761753225269248
1317761742940897281
1317761717150076935
1317761632571953152
1317761425872478208
1317761127544139778
1317761074691821570
1317761013954084865
1317760978994515968
1317760706402521088
1317760704800325632
1317760664534945792
1317760549992660993
1317760380299595776
1317760370614951937
1317760145041117184
1317760029664157696
1317759929701326848
1317759870691586048
1317759775417995264
1317759773002113027
1317759697353625601
1317759693368995840
1317759631847018498
1317759373138157569
1317759279995170816
1317759272407781376
1317759270620979200
1317759178597781504
1317759093151588360
1317759044002734080
1317758987568369664
1317758969398611969
1317758963102961664
1317758897260814336
1317758813856989185
1317758813341208576
1317758781401538561
1317758745666048002
1317758542095536130
1317758497480691713
1317758474177097729
1317758434209562624
1317758369952894976
1317758358636691458
1317758341284769792
1317758338524991489
1317758331986075649
1317758306686029824
1317758286725341185
1317758285781618689
1317758200788193282
1317758188683431936
1317758149907066880
1317758028884643840
1317757795916238848
1317757775150198784
1317757735098863622
1317757642467692544
1317757547911196672
1317757482798878720
1317757481339228164
1317757328087748610
1317757295187591168
1317757229584482304
1317757199385567233
1317757095027015680
1317757066224783360
1317757063490134016
1317756915238174722
1317756894191157249
1317756885735333889
1317756709750931457
1317756561498963968
1317756487201161216
1317756387146010624
1317756276709990400
1317756143385628673
1317756127380180992
1317756002410913793
1317755996232699904
1317755836769370112
1317755806016806913
1317755337542348800
1317755327337693184
1317755097418502144
1317755029210660864
1317754924046966784
1317754923451355136
1317754564376956928
1317754518403239936
1317754412132085760
1317754378942631936
1317754312165044225
1317754289817833478
1317754249678389248
1317754212147728389
1317754124944003072
1317754101816590336
1317754082916958214
1317754057084329985
1317753996342448128
1317753954193866752
1317753941459914752
1317753912875692033
1317753777710092288
1317753707099049984
1317753691169083393
1317753335777288193
1317753333063553024
1317753296644440065
1317753293360300032
1317753231641116679
1317753141476065281
1317753050560278528
1317752852752814080
1317752765104459778
1317752715083210752
1317752698758959104
1317752634355388416
1317752606098378752
1317752603732774913
1317752556190392321
1317752509147025411
1317752505657401345
1317752381384306688
1317752340687036419
1317752232377462785
1317751986465443840
1317751578758205440
1317751521946308608
1317751487028658177
1317751356732604417
1317751034316529665
1317750992419590145
1317750911905763328
1317750774752038922
1317750455649304584
1317750441493540864
1317750397872857090
1317750325374320640
1317750313936355328
1317750204758712321
1317750143320469506
1317750062898909184
1317749794845167616
1317749751295713290
1317749639232278528
1317749625797767169
1317749606562865152
1317749548715069440
1317749411427045378
1317749351578468353
1317749264114737152
1317749058073669632
1317749033117638656
1317748979241832449
1317748962892316674
1317748797750104066
1317748775348207617
1317748753214963712
1317748732046299137
1317748664366997504
1317748600328290304
1317748468933328896
1317748359189450752
1317748330815016960
1317748295683420162
1317748186899902465
1317748183649406976
1317748146315952128
1317747850990714880
1317747815473467393
1317747731826434050
1317747666294657024
1317747548573093888
1317747478628892672
1317747459427307520
1317747374396243969
1317747129104912384
1317747022972276737
1317747005188440064
1317746999127646209
1317746990588039169
1317746990554513408
1317746980035153920
1317746935911059456
1317746898644705283
1317746864003887113
1317746838607400960
1317746818994798593
1317746799151636480
1317746770127032321
1317746714820923393
1317746610735022080
1317746598802239495
1317746386767675393
1317746377301131264
1317746192734978048
1317746186837741568
1317746167392948230
1317746166830870528
1317746107636699141
1317746083112620032
1317745671324246016
1317745487710244865
1317745445817503744
1317745432165048326
1317745231945699329
1317745228514811904
1317745210642804737
1317745121933332480
1317744867011923970
1317744836385144832
1317744821394657281
1317744741216374784
1317744707326402560
1317744503818768384
1317744499809046528
1317744397132484608
1317744312826855424
1317744205582770176
1317744129493880832
1317744036539699202
1317743871296737280
1317743780691398656
1317743732394020865
1317743716262682624
1317743644607209472
1317743519281414145
1317743485290749952
1317743464159870980
1317743440042622976
1317743391153836032
1317743375240581120
1317743299168509952
1317743293564846080
1317743095610560513
1317742977561907201
1317742825723826176
1317742775006334978
1317742688708546562
1317742684220628992
1317742498903719936
1317742491492405248
1317742478808748032
1317742428871327745
1317742401755164673
1317742162088525826
1317742148599644160
1317741906231779329
1317741344857751552
1317741279556546560
1317741242114056194
1317741005429493766
1317740886562902018
1317740850961633282
1317740849141252096
1317740727955296256
1317740486120132608
1317740414762364928
1317740371795902464
1317740293052092416
1317740156321923072
1317740098977517569
1317740006438481922
1317739910166622209
1317739882383577090
1317739867695206400
1317739812212924416
1317739756374151168
1317739683175161856
1317739519890907136
1317739484419678208
1317739306585366528
1317738967530352642
1317738910437548032
1317738898139844609
1317738791768150018
1317738755604811777
1317738750051553280
1317738729868460035
1317738618816004096
1317738502646358017
1317738171317276672
1317738166976217088
1317737947689590784
1317737889904664576
1317737827816398848
1317737745574371329
1317737735474630656
1317737603433680896
1317737354627526657
1317737211366813696
1317737180832346112
1317737176231301122
1317737135525498880
1317737125706665985
1317737083113537536
1317736801369468929
1317736799121362944
1317736555109359616
1317736480387846144
1317736427380068352
1317736021317083136
1317735898147160065
1317735830098747393
1317735698846408709
1317735421128957952
1317735326643871745
1317735304229421057
1317735251712593921
1317735247396614144
1317735172868112385
1317735133898735616
1317735108804284416
1317735034640629761
1317734953774448640
1317734806503985153
1317734736639438848
1317734674010169345
1317734627126149120
1317734543483375622
1317734519768797184
1317734507672383488
1317734471635030017
1317734420997042178
1317734384569634818
1317734317389393921
1317734216478740481
1317734213479813123
1317734080570535936
1317733960059858944
1317733749073784833
1317733692207468544
1317733538368753666
1317733525521600514
1317733465664688129
1317733462921576448
1317733328578138113
1317733315844202496
1317733292737789952
1317733199536152577
1317733187037106176
1317733181429370882
1317733123111747584
1317733102526005252
1317732976982134786
1317732818215194624
1317732796174077952
1317732719661645824
1317732663608922112
1317732649482551296
1317732579051700224
1317732528447459328
1317732465126105089
1317732340743929858
1317732089375133697
1317732028272447488
1317731990075019264
1317731958923907073
1317731956713492480
1317731848013959169
1317731846361387010
1317731845866475520
1317731845400911874
1317731844310372355
1317731843861610497
1317731842850770944
1317731842217435136
1317731841365987328
1317731840229335040
1317731832838955009
1317731539493572610
1317731463002017792
1317731439580991493
1317731204997799936
1317731150509559808
1317731129672257536
1317731035187118080
1317730968673914880
1317730956397203457
1317730851669540865
1317730752507858945
1317730577072721920
1317730507732492290
1317730480595283969
1317730462018772992
1317730446000664581
1317730364832481280
1317730361267408897
1317730310839275520
1317730207151869959
1317730199337865219
1317730193352675328
1317730189602938881
1317730114650648577
1317730029913165830
1317729989916229633
1317729945683099651
1317729944303263745
1317729889131311110
1317729714241495045
1317729712920211456
1317729689092431873
1317729666778730498
1317729634990116864
1317729600601006080
1317729588873777152
1317729575468748800
1317729574210490373
1317729528337342465
1317729469428338688
1317729429771243520
1317729381427666945
1317729253149081600
1317729226884349953
1317729225529503746
1317728995753054208
1317728852290973699
1317728822989590528
1317728786801217536
1317728762549686272
1317728680530087941
1317728608262258688
1317728557569839105
1317728427726831616
1317728417106755585
1317728383946588162
1317728378120785920
1317728307002134528
1317728142153404416
1317728038797381632
1317728035777499136
1317728012402630657
1317728000297881600
1317727993696059392
1317727937693614080
1317727822518112256
1317727818382528514
1317727811386380289
1317727775487381504
1317727683195904000
1317727666305466368
1317727627482890240
1317727620411367424
1317727595442638848
1317727485832945664
1317727452236599297
1317727375241641984
1317727268270125062
1317727266416283649
1317727197390667776
1317727178319187974
1317727131435237376
1317727126242676737
1317727084832280577
1317726968746549254
1317726945694670849
1317726842045009920
1317726794670374914
1317726739171258368
1317726663480934400
1317726543704170496
1317726494328840192
1317726445473533954
1317726422958510080
1317726371981021185
1317726309653643264
1317726186060058624
1317726176887144449
1317726169505124353
1317726126521896963
1317725807436070912
1317725671037243398
1317725609628491776
1317725555467452417
1317725527915024384
1317725466011336705
1317725458876825600
1317725367780728833
1317725328228364288
1317725244312911875
1317725241393774597
1317725122296487936
1317725020370632705
1317725013156515840
1317725005380308992
1317724794658430976
1317724681462554624
1317724202938617856
1317724171468759040
1317724164598497280
1317724097455980545
1317724008780058624
1317723954497413122
1317723946058395648
1317723907017854976
1317723796586090496
1317723594361896960
1317723579073679361
1317723518763663360
1317723493191077888
1317723467693903879
1317723366292393984
1317723360290365440
1317723277712830465
1317723161216110597
1317723030018285568
1317723015522750464
1317722891065167876
1317722863642791936
1317722727411814400
1317722648076558338
1317722607232425984
1317722521018470406
1317722467767603201
1317722417880588288
1317722367989325825
1317722367532171264
1317722176812994560
1317722150158192641
1317722114061967361
1317722080171884544
1317721840798912514
1317721768187056128
1317721759769047040
1317721701480890370
1317721633642172421
1317721631779917825
1317721585906720769
1317721583813873664
1317721547633819650
1317721499223154689
1317721496190619648
1317721446634950656
1317721312790499328
1317721168879767552
1317721082015657985
1317720986687541249
1317720890218631170
1317720872636088321
1317720801437691904
1317720704255668225
1317720559229259777
1317720499431100417
1317720387027898368
1317720325069602816
1317720322427260928
1317720229573758976
1317720145373106176
1317720121033564160
1317720118416281600
1317720081078550528
1317720077446402049
1317719731198173189
1317719719160446976
1317719564986306561
1317719462519492608
1317719445243072517
1317719441443008513
1317719271443759104
1317719211351867393
1317719101956100096
1317718961082011648
1317718642642046977
1317718457899679744
1317718424571813889
1317718130123210757
1317718094345809920
1317718019569815552
1317717954579095552
1317717868692295680
1317717599736782854
1317717583978766336
1317717543805685761
1317717499673251841
1317717467591004160
1317717467309969409
1317717465447751681
1317717443087880197
1317717406668771330
1317717405347532800
1317717394748563458
1317717379690921985
1317717327895580672
1317717320312279041
1317717236807831555
1317717231569166343
1317717174144872448
1317717088274944000
1317717029785374721
1317717016334262272
1317716995425566720
1317716913355710464
1317716705951481861
1317716538724581376
1317716439030288384
1317716407598153729
1317716392167309313
1317716386857320449
1317716385426976769
1317716344528318464
1317716306624434176
1317716111522222080
1317715754922422272
1317715736584912896
1317715462046818305
1317715313392295936
1317715186871160832
1317715156634316800
1317715004888670208
1317714955710402560
1317714891751395328
1317714881433407488
1317714860944334848
1317714839033229312
1317714793965342721
1317714697693659137
1317714511328137217
1317714471381569537
1317714468453945344
1317714442193424386
1317714377873776641
1317714206318317568
1317714066484453376
1317713957973622784
1317713847864741888
1317713813635059712
1317713807540510721
1317713717031768069
1317713704373395456
1317713676997152770
1317713644042465283
1317713624593465344
1317713527042355200
1317713514862170112
1317713405801828353
1317713276441186304
1317713164201545728
1317713009440063488
1317712858961031169
1317712707261505536
1317712667335938050
1317712649111654400
1317712474779602944
1317712275571179520
1317712026517577728
1317712005453828096
1317711985207840768
1317711933882105856
1317711758300164099
1317711739434291200
1317711721755234304
1317711618868994048
1317711493308219392
1317711475381833728
1317711428011331584
1317711055318097920
1317710887906574336
1317710746973884416
1317710742225903617
1317710177680957441
1317710143283408896
1317709918741331968
1317709913792139264
1317709900622028802
1317709883056246786
1317709820410159105
1317709763937959936
1317709739606839296
1317709718337540096
1317708856672325632
1317708843569324032
1317708824887857152
1317708626216308736
1317708544037261313
1317708400847953920
1317708336163409927
1317708096500846596
1317708002816905216
1317707824055668736
1317707821228695559
1317707595772211200
1317707546631806977
1317707517426892800
1317707399243890688
1317707340003659776
1317707293086126080
1317707036629606401
1317707007898562560
1317706980958621698
1317706847965614081
1317706680394784768
1317706642457243653
1317706223341477890
1317705996572282880
1317705853592588289
1317705689582784512
1317705611719704576
1317705425974865921
1317705132394663936
1317705130721107968
1317705099607744513
1317705092234153984
1317704957743726592
1317704839208574977
1317704701740187648
1317704591430062081
1317704035693154304
1317704032786518017
1317703974980640768
1317703867660931072
1317703786144665601
1317703700274696193
1317703691382775808
1317703662425210881
1317703645849391104
1317703630020091905
1317703289547460609
1317703165924548608
1317703057006788614
1317703008961126402
1317702611487887362
1317702423553728512
1317702399302172673
1317702366213378051
1317702243152441344
1317702127498764288
1317701907285147648
1317701633246199808
1317700211037360130
1317700021408714752
1317699819209592833
1317699806148612096
1317699177938300928
1317698944068165633
1317698408342343681
1317698008956502016
1317697808934240261
1317697541044142080
1317697252375351297
1317697195605430273
1317697164622123010
1317696793455611906
1317696789655506945
1317696765362135041
1317696655572041736
1317696401481076737
1317696355335364608
1317695990510608385
1317695899120918528
1317695608422006784
1317695579154251778
1317695383267692544
1317695303261298688
1317695289881481216
1317694703555497985
1317694645527318529
1317694317604052992
1317694229087440896
1317694156966428673
1317693860840165377
1317692628796919810
1317692255143186433
1317692239980670976
1317692226428915712
1317692105217789952
1317691878251417603
1317691831858192384
1317691814489526276
1317691726249807874
1317690801560965121
1317690440364249089
1317690279374225410
1317689939321081856
1317689301988220930
1317688799925800960
1317688221338316800
1317688010637332480
1317687436726718464
1317687188230967296
1317687091564785664
1317686675481501696
1317685107663265792
1317683259501924352
1317682372217888770
1317682305616535552
1317682263476363266
1317680964206821377
1317680911392083969
1317680891100041216
1317680799563587585
1317680592134307840
1317680417642786816
1317680283106365440
1317678985103421442
1317678913993232384
1317678123845062656
1317677122819936259
1317673608689451008
1317672894139453440
1317672593231589377
1317672129245175808
1317672122878230528
1317671282394148865
1317668108686004224
1317667143928942594
1317666994121039872
1317666785848627201
1317666478569803776
1317665252276903936
1317664541212397568
1317664535654912000
1317663938516013056
1317663120387723265
1317662508396707840
1317662368151863296
1317661389008240641
1317659417022705664
1317655938950713344
1317655720003883009
1317655417120563202
1317655273679585284
1317655172580053004
1317654871554854912
1317653984866435072
1317653122085490688
1317652958541189122
1317651293616439298
1317650663917162497
1317650305182478336
1317649698447032320
1317649605727784965
1317648824266067969
1317648002119585792
1317647569040846854
1317645968070815744
1317645630529994752
1317645437042675712
1317644719267119107
1317644660257468416
1317644430283853824
1317644019695030272
1317643815109480448
1317643227026116609
1317642995399839744
1317642717892141056
1317640406943846400
1317640306649608192
1317638061937876992
1317637869574520838
1317637733792256000
1317637726309593090
1317637214789140480
1317637046035468288
1317636789646069761
1317636766090788864
1317636065776250882
1317635844530790400
1317635197907722240
1317632586919911430
1317629641797095424
1317628510412951553
1317627843552169986
1317627291267174400
1317627253979742208
1317626726722260993
1317626118309138432
1317626076328230916
1317626034313887747
1317625365083443200
1317624985184358405
1317624435889868802
1317624140585701378
1317624089792663553
1317623982812790786
1317623837073301504
1317623025261551616
1317622234014535680
1317621349205069824
1317620842826731522
1317620510562357248
1317620506229673986
1317620429222273029
1317620210350915584
1317620049801347072
1317620014111969284
1317620007367561218
1317619876228366336
1317619455938207744
1317618998549356544
1317618719464587264
1317618619694665728
1317618547816878081
1317618064532393985
1317618043783122951
1317617472195956736
1317617455292944384
1317617454282100736
1317617331992993793
1317617041029947392
1317616998692642817
