1235354073349619712
1235353082420219906
1235352576536850432
1235352487592448002
1235352468340473858
1235352427135631362
1235352362111447042
1235352190895652865
1235352134624989184
1235351780558606337
1235351716943581185
1235351594616659974
1235351328718802944
1235351177157435392
1235350881945767936
1235350522137280512
1235350461412188160
1235350367841513478
1235350244138897408
1235350188329402371
1235350041331720192
1235349837308100608
1235349638980435970
1235349526573129728
1235349507057102848
1235349378434555916
1235349141888393221
1235348994886430720
1235348881434718212
1235348680909053952
1235348466454405127
1235348444400807937
1235348026589401088
1235347989465624577
1235347973988593672
1235347662074978305
1235347476351045632
1235346875642974208
1235346552069197824
1235346486382284801
1235346098413326341
1235346033573580802
1235345710742110212
1235345544614211584
1235345497730224160
1235345243572178945
1235345128035889152
1235345013502087172
1235344527835181060
1235344262977511427
1235344223391698944
1235344136825380864
1235343948878663681
1235343878116560899
1235343846285991936
1235343763867865088
1235343664571916288
1235343553406136320
1235343259607629826
1235343215320010760
1235343113876627457
1235342630311075841
1235342484324130817
1235342395841171456
1235342293399474184
1235342070736474118
1235341941249802240
1235341936728444928
1235341882378645504
1235341670767616003
1235341663964483586
1235341278679896066
1235341122471448578
1235340756115755008
1235340662834442248
1235340436484558848
1235340392217837571
1235340230842028032
1235340192124465152
1235340190639677447
1235340078702096384
1235340010297217025
1235340007642222592
1235339773499322370
1235339724442697728
1235339536449900545
1235339445114671110
1235339419906969601
1235339197134893056
1235339181196443648
1235339131569532931
1235339067140853760
1235338725955178497
1235338604752314374
1235338257925369861
1235338193077231616
1235338061724225541
1235338049917194240
1235337968056971264
1235337249400770560
1235337151216324609
1235337136762761223
1235337085797756928
1235336887201562628
1235336711644864519
1235336703713386496
1235336681894617095
1235336525270876162
1235336453686784003
1235336357238763521
1235336316084252675
1235336154557403137
1235335984872640519
1235335930405412865
1235335632983031808
1235335584358576130
1235335430347927553
1235335266971332608
1235335132539760640
1235334907137794048
1235334762765705224
1235334758751711243
1235334718490632196
1235334630800265217
1235334474033963008
1235334448910143495
1235334409215238146
1235334292202565634
1235334119678234625
1235334046563151873
1235334009875464194
1235333931081314304
1235333890895745028
1235333866128371712
1235333842648608770
1235333831273656322
1235333750181023745
1235333639799480320
1235333618085621763
1235333597319618561
1235333272646885376
1235333253290233856
1235333111241732099
1235333072205340673
1235333012826591233
1235332939271065605
1235332937543028739
1235332837873766400
1235332458645794821
1235332378664501248
1235332357508476933
1235332296359710727
1235332240663552002
1235331764480086019
1235331617029312517
1235331560062275584
1235331490805886976
1235331326338887681
1235331319925813248
1235331198798516231
1235330931273142278
1235330919936020486
1235330919227105282
1235330695305850880
1235330570672058378
1235330488845422593
1235330476153466881
1235330292753346561
1235329821707825158
1235329674663911424
1235329649607135236
1235329564999643138
1235329380118908929
1235329361621979136
1235329284425895942
1235329060315828227
1235329040862543878
1235328896926703616
1235328587999391745
1235328472232464387
1235328221966675969
1235328215570407428
1235328193495740416
1235327966529433603
1235327868172894209
1235327797939363847
1235327779480182786
1235327754071158785
1235327669962764288
1235327224464760832
1235327206185988096
1235327154038206467
1235327146098397191
1235327097813561346
1235327050984181761
1235326986287026189
1235326949326827521
1235326916019793928
1235326795014168583
1235326621143502848
1235326360387833857
1235326104661000201
1235326038479171584
1235326017306341377
1235325988105576450
1235325944136642563
1235325919641899009
1235325532562169856
1235325497535590400
1235325476534657031
1235325354065235968
1235325334695931912
1235325220925382661
1235325058874249223
1235324880582828034
1235324861729431552
1235324785963479042
1235324774898896897
1235324150866157569
1235324139679830016
1235324135150161929
1235324043026485249
1235323475172220930
1235323424957923333
1235323280296419336
1235323204597669888
1235323136943497223
1235323134129078272
1235323082367283200
1235323068169539592
1235322813558525952
1235322584532733955
1235322582804635649
1235322520137617408
1235322485828136965
1235322416097898500
1235322403523301376
1235322401501609991
1235322238624288772
1235322192130445312
1235322108521132032
1235322068343889920
1235321983455416320
1235321911925772288
1235321870033072128
1235321804866162688
1235321568835899395
1235321262592987136
1235320868902928386
1235320834715267072
1235320651885555713
1235320350986186758
1235320242068508673
1235319904569610242
1235319852853874688
1235319816132714499
1235319233392844802
1235319159644459009
1235318951309185024
1235318748824899587
1235318727517917184
1235318715446681600
1235318610794512384
1235318326504673282
1235318140218806273
1235318000879833088
1235317957221376001
1235317933691240450
1235317782193025024
1235317746981838851
1235317667780845569
1235317491825545216
1235317355552608258
1235317072705605633
1235316994033037315
1235316928442494977
1235316329529438208
1235316157348970496
1235316082107396097
1235315991124619269
1235315914607939594
1235315890868105226
1235315825596391425
1235315686131585026
1235315642405990402
1235315608000094208
1235315572436500480
1235315411673022467
1235315300423340033
1235315200410214403
1235315186334134274
1235315184484446208
1235315170341244928
1235315145011859457
1235315087394721798
1235315020248035331
1235314950048043008
1235314805743005698
1235314723954069505
1235314701673918464
1235314490817810433
1235314366586769409
1235314253495709697
1235314225456844800
1235314191193509888
1235314169244721157
1235314133442142211
1235314114139955201
1235313899240591364
1235313841426386948
1235313798002757632
1235313772153245696
1235313722358468610
1235313625390346240
1235313606348214277
1235313526908084224
1235313508180520960
1235313482930819075
1235313450009710597
1235313383714566144
1235313377376980993
1235313360859693059
1235313331264724998
1235313245201854464
1235313232518184963
1235313172556509186
1235313166520901632
1235313090486587397
1235313018591997952
1235312990246916098
1235312874886750208
1235312251990675458
1235312089306189830
1235312015666708485
1235311979994271750
1235311961883242502
1235311892089974787
1235311650628083723
1235311579182309376
1235311434571157506
1235311336357343232
1235311326412578816
1235311295890681856
1235311292568809472
1235311181507760128
1235310814640451586
1235310760303177737
1235310723254882305
1235310686600912896
1235310664752795651
1235310598126174208
1235310324607266821
1235310272706940929
1235310205803597828
1235310183695478785
1235310116146118656
1235309877511233536
1235309793277075457
1235309711504871425
1235309610485059585
1235309603614871553
1235309516624982016
1235309465190240256
1235309434236215296
1235309190643691521
1235309179017015298
1235309138474938368
1235309067993829376
1235309065405976578
1235309050327437312
1235309042425356293
1235308961991200768
1235308943628480512
1235308890381856768
1235308813307326464
1235308803295531009
1235308641777061888
1235308620788699141
1235308467801534464
1235308409135804420
1235308384406077442
1235308230869479424
1235308222149521408
1235308188246953984
1235307945858125825
1235307827796811787
1235307762432823298
1235307708972240897
1235307707093176321
1235307657965252608
1235307519536508928
1235307495113084938
1235307449055350784
1235307414657871877
1235307340917768193
1235307159921078274
1235306980727820290
1235306945944457217
1235306906429911048
1235306756399656963
1235306749881724934
1235306720735436810
1235306536152567808
1235306357437460480
1235306258795827200
1235306193448562694
1235306161131356160
1235306096484642819
1235306047205789696
1235305951688822784
1235305803437035522
1235305570984513537
1235305441128837128
1235305425270120450
1235305391338278915
1235305335029731330
1235305322631307266
1235305261683834880
1235305223599644672
1235305220269379587
1235305152615264257
1235305082507448320
1235305049112432641
1235304939162931202
1235304929956417542
1235304824541007874
1235304650255069191
1235304505903910913
1235304431383728132
1235304422906961920
1235304390082338823
1235304375410622465
1235304364555800576
1235304353319264257
1235304230900158464
1235304070296014848
1235303962787688450
1235303940708802560
1235303900472897538
1235303765613432832
1235303755765207047
1235303755362557952
1235303685951033344
1235303679730888704
1235303658855772161
1235303653310947329
1235303562646872070
1235303501292597248
1235303439896317959
1235303425786683393
1235303423949623302
1235303399643656193
1235303163781148672
1235303131115925505
1235303094063427587
1235303087734128641
1235303052749541380
1235303050073559044
1235302996453527553
1235302627237400578
1235302543527424002
1235302476427005952
1235302456302735361
1235302411377561601
1235302367316373504
1235302313440481285
1235302275020722176
1235302213448273925
1235302120926121985
1235302062163931141
1235302029725138947
1235302026164211712
1235301983151632384
1235301964872921094
1235301938931159046
1235301892332363783
1235301768659169286
1235301767002361857
1235301722853183491
1235301718797307907
1235301694868770816
1235301633334050816
1235301577826631681
1235301531026587650
1235301504740978689
1235301429679620098
1235301409102405633
1235301408783687688
1235301364676390924
1235301356858224648
1235301281016803328
1235301187718701058
1235301125307461634
1235301079597953025
1235301015404064768
1235301012719702018
1235300879596744710
1235300856284803072
1235300542890553345
1235300371146387467
1235300296194220040
1235300293103030272
1235300187972800512
1235300167231901707
1235300045198700547
1235299972108648450
1235299970963640321
1235299891116638209
1235299772451483648
1235299771797188616
1235299745024880640
1235299716105220099
1235299713429254144
1235299638091141127
1235299320548798465
1235299225942085643
1235299207747194881
1235299142378893314
1235299082320703488
1235299021201211392
1235299013383131144
1235298851881443328
1235298838157709314
1235298825553743872
1235298763910115329
1235298746772140038
1235298536419463168
1235298514902675457
1235298471051223040
1235298465103728640
1235298358350278656
1235298313370578955
1235298300208852994
1235298260711084040
1235298225873195010
1235298182994759681
1235298117215498241
1235298072156045315
1235298042267525121
1235297996759347201
1235297995199049728
1235297902995570689
1235297711546658817
1235297701308370945
1235297645834498048
1235297581300953090
1235297459099836416
1235297453999624193
1235297387473752065
1235297381744283648
1235297297627574280
1235297265453010944
1235297200420376577
1235297157571366912
1235297087891308544
1235297087568392196
1235297041821114368
1235296935810142208
1235296870085398530
1235296696277651463
1235296682222522375
1235296671497670657
1235296640199688193
1235296610558636035
1235296479696343048
1235296321222963202
1235296189978988553
1235296151756296192
1235296136388321285
1235296061855588353
1235296056356868096
1235296036375203843
1235295938501111808
1235295932230574085
1235295775246159882
1235295769814540289
1235295762701062144
1235295731239579648
1235295676906561537
1235295596912795649
1235295586301218816
1235295579825197056
1235295458370744325
1235295413357469696
1235295392977350657
1235295392461451265
1235295373364731904
1235295276245676039
1235295255399936000
1235295219790340096
1235295051984535552
1235294953938530306
1235294947382824967
1235294911781572609
1235294905137868802
1235294787483447297
1235294710035615752
1235294662379831298
1235294613717618688
1235294550027096072
1235294495442378753
1235294484293971968
1235294483216035846
1235294399686488064
1235294387023818756
1235294315766861824
1235294263535075330
1235293954414972928
1235293925050642442
1235293748235554816
1235293736063684609
1235293592891133952
1235293559680532487
1235293542916018177
1235293532958715904
1235293523211149312
1235293223104532483
1235293170562404356
1235293159783100426
1235293130469060611
1235293058880720898
1235292901795655680
1235292733830574081
1235292708887027713
1235292683427557379
1235292678692237319
1235292614989139976
1235292448420700160
1235292388093984770
1235292352731848707
1235292225858392069
1235292120392634369
1235292113648128003
1235292094048108547
1235292063316561924
1235291924606615553
1235291910648061952
1235291893484916738
1235291869703294979
1235291800610451456
1235291744213831684
1235291743937081345
1235291703432622080
1235291666648625152
1235291613485830144
1235291456660803586
1235291453955485699
1235291278553886723
1235291250145849345
1235291239467098123
1235291136882769923
1235291077592129536
1235291046973714432
1235291023900839938
1235291020973264897
1235290984268861446
1235290963934875649
1235290930300715014
1235290896477966343
1235290836675563522
1235290758900572160
1235290725195091971
1235290654953148418
1235290599382822913
1235290555204210689
1235290495280173064
1235290407342346240
1235290365894307840
1235290159408648200
1235290073798717440
1235290040604995592
1235289796102234118
1235289783448072192
1235289728431333376
1235289714854424576
1235289681820082180
1235289674983317512
1235289672630366208
1235289668318621696
1235289652757745664
1235289546323111936
1235289516413538306
1235289478509596672
1235289433475346433
1235289280982982657
1235289266831446018
1235289225035214852
1235289172463800322
1235289128788471814
1235289068931559425
1235289045368004608
1235289007535378435
1235289000228855808
1235288835459776513
1235288789817479172
1235288751150174208
1235288685416939521
1235288675560419329
1235288651648643073
1235288621378400258
1235288570560212994
1235288553342541829
1235288525278449664
1235288491820539906
1235288457334927366
1235288439592976386
1235288413399650306
1235288395242450945
1235288386656768005
1235288281560109062
1235288153587625984
1235288145194872833
1235288131936686081
1235288039313813509
1235288021588639749
1235287829590269955
1235287809755406338
1235287741325340672
1235287719972089860
1235287693845770241
1235287690649784322
1235287529743699970
1235287357777227779
1235287284934676482
1235287204890583043
1235286963122470912
1235286946135625730
1235286915265462273
1235286806662451204
1235286672373362689
1235286666883059719
1235286574889390081
1235286557470359557
1235286488339877889
1235286480400023553
1235286462477856773
1235286255447027719
1235286040954445824
1235286024982597632
1235286013783703553
1235285939733368837
1235285900025909249
1235285803489800193
1235285802097221634
1235285661114040320
1235285656630431745
1235285424890957824
1235285382402576386
1235285229952290816
1235285088096616448
1235285052654841856
1235284946048241670
1235284899977932802
1235284889785839616
1235284807590047745
1235284803056021509
1235284733602525184
1235284717836042240
1235284660709732352
1235284646641967107
1235284556300853250
1235284516501106688
1235284505914748930
1235284460259684352
1235284379687170050
1235284245473636352
1235284175453859841
1235284108063969286
1235283956632780800
1235283850193928192
1235283840479965185
1235283818094956547
1235283110352293893
1235283074105176066
1235283000109264898
1235282976763764736
1235282963627155456
1235282915556315136
1235282876012400641
1235282759159025664
1235282673100361730
1235282610340990977
1235282533190971393
1235282532716945408
1235282503579185152
1235282467482996740
1235282388298723328
1235282099894136834
1235282099671896065
1235282047087894529
1235281876425887749
1235281764366585860
1235281704144834568
1235281624918626304
1235281583533371393
1235281576075964416
1235281544639655939
1235281433024958464
1235281420035280896
1235281301088997377
1235281160927924228
1235281148227604480
1235280855406456836
1235280709096529920
1235280651391324163
1235280571602960385
1235280565030596609
1235280545841664002
1235280515558711301
1235280177141346304
1235279710466314247
1235279660843438081
1235279648751312896
1235279580967112707
1235279435189891076
1235279259977093120
1235279247108952065
1235279089314996231
1235278814802055169
1235278771978211328
1235278702914809859
1235278595259584518
1235278307895193601
1235278307723268097
1235278101648732160
1235278023848579075
1235277926490411010
1235277709720375298
1235277704162930689
1235277607983345666
1235277575024529408
1235277493545902080
1235277401132847114
1235277227908046849
1235277124136775680
1235277096479576068
1235277069489188865
1235277042612154372
1235276989193482246
1235276788647038976
1235276770191998976
1235276767872548867
1235276715779395585
1235276646241972229
1235276628827262979
1235276624607817729
1235276602914803712
1235276206527975428
1235276157161009153
1235276059073040384
1235276038156046337
1235276027926122497
1235276016630804480
1235275996468776962
1235275985198690304
1235275901639823366
1235275742629552137
1235275613860253696
1235275524483747841
1235275429029826562
1235275361862275072
1235275266940981248
1235275227598393349
1235275111244103680
1235274925948067840
1235274897951252487
1235274886949396480
1235274824886386692
1235274792145739785
1235274764794703872
1235274736952848385
1235274676009607168
1235274598897332228
1235274449831813120
1235274281854152704
1235274272786042880
1235274103050899462
1235273940215279616
1235273861375107072
1235273581799575552
1235273560182214656
1235273520185298950
1235273467135700992
1235273436206977030
1235273299678109696
1235273175405035520
1235273105662238720
1235273071520550915
1235272963135397888
1235272785930448902
1235272712253329409
1235272632892870657
1235272604912676868
1235272537937977347
1235272512818286592
1235272303472267264
1235272210396393476
1235272184811184132
1235272112006483969
1235272073897013248
1235272051532992512
1235272038308360194
1235272004594544640
1235271961783218178
1235271946692067336
1235271892417773568
1235271812243742721
1235271712830377986
1235271664243535875
1235271503823990785
1235271474014978049
1235271348764717056
1235271289067237383
1235271261112201216
1235271224902774784
1235271073530339330
1235270982979506179
1235270859998277633
1235270671191638016
1235270517931888640
1235270464848748545
1235270249563463682
1235270217451933698
1235270146803064832
1235270122438299651
1235269895304204289
1235269772612235264
1235269607352610817
1235269323280838656
1235269242305556482
1235269229219319809
1235269192661823495
1235269093261021186
1235269061250109445
1235269024763842560
1235268994816495618
1235268882300121088
1235268824204800000
1235268650615140353
1235268601562705920
1235268418808541184
1235268288843837440
1235268230631100416
1235268090239365121
1235268083679404033
1235268048103321600
1235268039668649984
1235267984572190721
1235267949885300742
1235267914057605121
1235267716858204163
1235267638080741377
1235267538763862016
1235267531260276736
1235267482098774016
1235267351345606657
1235267343179280385
1235267229941456897
1235266927142019072
1235266862738534400
1235266731930775552
1235266731045777408
1235266655128875011
1235266651706331137
1235266647893606401
1235266579694223360
1235266575428653056
1235266573297946626
1235266374278275072
1235266348399439872
1235266319056015360
1235266264978927618
1235266223866368002
1235266195349270529
1235266190324436992
1235266104303521792
1235265952285159429
1235265926200778752
1235265848715157505
1235265553167798273
1235265547241218048
1235265327556157447
1235265298141503488
1235265243489673218
1235265203308244992
1235265195724939266
1235265191513919488
1235265182026387458
1235265161210011648
1235265103249002497
1235265002229174272
1235264964304269312
1235264739179204610
1235264599202684929
1235264544651579406
1235264454918627328
1235264246864326659
1235264166677663745
1235264163938738177
1235264117813972993
1235264078089723904
1235264038487064576
1235263988679745537
1235263985139806209
1235263807980699648
1235263619643977729
1235263587452694529
1235263542233837576
1235263525028802562
1235263421060460544
1235263377628377095
1235263184157716482
1235263153476448257
1235262886798385152
1235262857698299905
1235262801259696129
1235262713913397248
1235262705482821635
1235262637312794624
1235262477019074563
1235262399046995969
1235262292289376258
1235262271737253889
1235262271141613568
1235262192632705024
1235261846602633216
1235261820778270723
1235261647771578368
1235261583783153664
1235261427172208640
1235261326756368390
1235261315423358977
1235261163312644096
1235261158136967168
1235261027794681856
1235261005590077441
1235260900652855297
1235260802682228736
1235260619701575681
1235260526717997056
1235260490898722816
1235260434363580416
1235260374963949576
1235260361563086855
1235260339392057345
1235260318495969281
1235260252406370304
1235260131270590467
1235260099469496322
1235260015084216323
1235259945450381320
1235259925200285697
1235259754378858498
1235259741561131008
1235259663739953155
1235259560354615299
1235259518403002368
1235259349741842433
1235259297346580485
1235259218577498115
1235259014512070656
1235258918449876993
1235258880298536965
1235258870035079168
1235258751306862597
1235258452198465538
1235258429196947459
1235258181925953538
1235258027491684354
1235257756300566529
1235257671147802624
1235257583558176769
1235257560564985856
1235257515329253377
1235257499592384518
1235257429585285123
1235257273431273473
1235257177054613515
1235257152136241154
1235257100554645510
1235257098537230343
1235256991087570949
1235256937547259905
1235256895440637952
1235256809981648900
1235256692973228032
1235256417726214144
1235256366568288256
1235256162381164545
1235256151475965952
1235256144240791554
1235256110761701376
1235255930910105601
1235255904603385864
1235255856637366272
1235255756036988929
1235255714660200448
1235255655625306112
1235255423944536065
1235255422719864832
1235255374720229377
1235255356714086401
1235255252082925568
1235255076840763392
1235255050680836098
1235254969726570498
1235254964043370496
1235254950579572737
1235254939447939078
1235254905864105989
1235254830844739589
1235254800272498691
1235254763090042880
1235254698086748161
1235254656500142081
1235254652255469569
1235254564108021767
1235254529026863110
1235254509011689474
1235254341436690434
1235254333270372353
1235254326005727233
1235254218426023936
1235254138872778754
1235254037362233344
1235254009826549760
1235253849390280706
1235253679596462080
1235253616761540610
1235253474369118209
1235253410015870977
1235253284597911553
1235253194076360704
1235252938492317696
1235252936961339394
1235252771470946310
1235252744925085696
1235252629422452737
1235252612989153282
1235252470810636288
1235252435754639363
1235252425696727040
1235252281676894210
1235252245257740289
1235252222633574400
1235252051241832450
1235252043503284224
1235251990470561792
1235251941673971717
1235251907834376193
1235251879086632960
1235251852347834370
1235251757527244801
1235251727747682306
1235251708734955520
1235251570268426243
1235251457399672839
1235251328642945025
1235251245067141120
1235251220723486724
1235251198699196419
1235250995392843776
1235250856301387777
1235250853025591296
1235250825997570048
1235250798520610816
1235250702550781953
1235250640647049218
1235250638092673025
1235250595784777729
1235250558564331520
1235250502537007104
1235250408987250690
1235250394609127425
1235250387768217600
1235250338896244737
1235250045584396288
1235250028383531009
1235249955088019457
1235249742940119042
1235249731091255297
1235249556654305281
1235249551327588352
1235249444767117313
1235249283336753154
1235249237060919298
1235249162175774723
1235249034077573120
1235249028331433987
1235248794951987205
1235248724651266048
1235248482862141440
1235248475534700545
1235248303694123010
1235248265962172417
1235248181560176642
1235248181019107328
1235248105081180161
1235248013527916546
1235247951452176390
1235247827334426625
1235247820116045824
1235247656038998017
1235247655946776576
1235247511922671616
1235247450077659138
1235247383723810816
1235247371182903297
1235247083004858368
1235246626626777088
1235246612236193793
1235246455163670528
1235246424171982848
1235246283469787136
1235246181074087936
1235246171314061312
1235246165559562245
1235245964228775943
1235245888353832963
1235245726130679811
1235245722284498945
1235245551580516353
1235245490112991238
1235245335448035328
1235245211758088193
1235245171064877057
1235244830764261376
1235244765207318531
1235244734098083841
1235244690460602370
1235244629278298112
1235244352311644165
1235243917194539008
1235243484325572609
1235243465522503680
1235243345137602561
1235243341467529218
1235243062621876225
1235242971169263616
1235242488509521920
1235242431576231938
1235242365327204352
1235242360134606849
1235242349376266240
1235242317222641664
1235242266303832064
1235241996949827584
1235241973373693959
1235241533194088448
1235241476252151808
1235241090891956224
1235241034768150528
1235241033291755527
1235241009803669505
1235240864919760896
1235240790512865284
1235240677275037696
1235240406998224898
1235240364782628866
1235240261397213184
1235240220452433921
1235240090726797314
1235239710802485249
1235239477993406466
1235239461446967299
1235239254307082240
1235239078842560513
1235239070839844872
1235238960164753411
1235238697068527616
1235238694497513472
1235238338111602689
1235238335502745601
1235238293517873153
1235238234243895297
1235238209455558656
1235238094280044544
1235237811269312520
1235237736258375681
1235237727664320515
1235237644885520385
1235237593215905793
1235237590778941448
1235237375086821378
1235237255738003457
1235237150553239556
1235237123491581953
1235237030721925120
1235237005912657922
1235236959121002496
1235236891907297282
1235236860999471107
1235236813008179200
1235236662768291840
1235236579117076482
1235236569868627969
1235236480592773122
1235236470203527169
1235236325185462272
1235236273524269060
1235236194528702464
1235236136014012418
1235235981109927936
1235235671545188352
1235235603463036928
1235235520776720384
1235235430418788353
1235235400257622018
1235235357622505475
1235234970739912704
1235234637598908417
1235234599774695424
1235234478416687104
1235234295293280256
1235234023787634693
1235233918653206529
1235233815544696832
1235233696015355905
1235233549185318915
1235233503723352066
1235233277939773446
1235233138730823682
1235232951803219971
1235232701973745669
1235232645006708736
1235232522839224325
1235232478375358464
1235232451276005378
1235232234870919170
1235231966968111114
1235231619914641410
1235231484254072835
1235231344738873345
1235231156641116160
1235231085761638406
1235231043587911680
1235230922640941056
1235230887467528195
1235230802633465868
1235230775815155714
1235230737491800067
1235230670563270657
1235230483988000770
1235230431844405248
1235230208887750657
1235230189086543873
1235230017455640576
1235229990523936769
1235229873863524352
1235229811334930433
1235229686080385024
1235229619529412608
1235229544359038988
1235229531696488453
1235229384778362880
1235229335113605121
1235229102162006016
1235229080691318786
1235229079894462465
1235229072176840707
1235229022386302978
1235229000076627968
1235228979197595650
1235228827833569282
1235228785244614663
1235228276538380288
1235228263104090112
1235228234863857665
1235228108179091458
1235227983843143680
1235227843443019776
1235227570385432582
1235227481663299589
1235227445822976005
1235227298820960256
1235227248959148034
1235227050702712834
1235226782372159489
1235226353521262594
1235226044287913984
1235225637071314947
1235225612316479489
1235225437233700865
1235225370770714625
1235225273278369792
1235225122455400450
1235225004998119425
1235224981862305792
1235224970042781696
1235224928749785093
1235224848600887296
1235224441313005570
1235224373885382657
1235224347578597378
1235224332001071111
1235224291928612865
1235224044515061760
1235223921349275649
1235223761533784064
1235223724338671616
1235223600589922310
1235223279742394373
1235223247051984898
1235223120790933508
1235222933494206464
1235222901231624192
1235222601368244224
1235222600378462208
1235222528689352708
1235222307746066432
1235222300154384384
1235222265895227394
1235222092804694018
1235221886130364416
1235221837254135808
1235221733587800065
1235221712603664389
1235221639144579073
1235221501944705026
1235221360240099329
1235221238085292032
1235221153469337601
1235221118392336384
1235221113879302147
1235221041762504707
1235220967426846722
1235220910031896576
1235220742402433025
1235220674744143873
1235220626140471297
1235220615969333249
1235220593487814656
1235220466891137025
1235220461400752129
1235220456548061184
1235220275333148673
1235220157326340096
1235219982327394304
1235219978170888192
1235219892753829888
1235219821983301633
1235219749199585282
1235219618136035333
1235219547428397056
1235219398861959171
1235219397578567680
1235219243546939400
1235219220201385989
1235219217013760000
1235218873038888960
1235218821381869568
1235218766281289730
1235218765979283458
1235218749659152386
1235218709939093506
1235218680079929347
1235218592632909826
1235218404178616320
1235218288315117568
1235218075236130817
1235218026045243394
1235217864128442373
1235217828598317059
1235217812341354498
1235217677586780161
1235217518509383681
1235217403648380933
1235217211960238082
1235217207505948672
1235217181606137857
1235217001519476737
1235216844505702402
1235216741212528642
1235216715677564929
1235216613173071873
1235216573268406278
1235216361808330753
1235216353654640640
1235216250424479744
1235216249132642305
1235216192757002240
1235216187841277952
1235215956290478081
1235215924254384128
1235215753508311045
1235215728418131968
1235215498608078848
1235215497760772096
1235215446804176897
1235215386607521793
1235215383126249472
1235215272333713411
1235215220949291015
1235215193082384386
1235215186551877633
1235215140334841857
1235215137998544896
1235214934474186754
1235214818447167489
1235214642160467968
1235214524145373190
1235214312366575619
1235214296843530240
1235214091045810179
1235214019713261568
1235214003166752769
1235213930898784256
1235213881137606658
1235213726652993536
1235213723637362690
1235213674199080961
1235213598290571264
1235213511359418368
1235213202943770624
1235213053811191810
1235213051684687875
1235212830628024320
1235212790794776578
1235212728760926212
1235212670560763905
1235212529560846336
1235212419091386370
1235212351932071942
1235212351852425216
1235212197116157952
1235212196197683217
1235212068355272705
1235212053742325760
1235211921583898625
1235211805460434944
1235211803954642946
1235211762892443648
1235211726800539650
1235211678524084226
1235211353331298305
1235211251191513088
1235211169289457664
1235211135122657280
1235211080747667456
1235211037978374153
1235210786554941442
1235210403170390018
1235210363488133121
1235210335696629761
1235210107639787520
1235210024022138880
1235209852022075392
1235209739560251392
1235209720421666818
1235209570743660546
1235209392875884545
1235209361796018177
1235209338899312642
1235209255533281280
1235209182871269378
1235209076763693056
1235208873973370891
1235208858198519809
1235208850619478017
1235208766683049984
1235208663197003777
1235208519588155392
1235208428865363969
1235208398658048008
1235208381474000903
1235208361244844032
1235208344417316864
1235208292479242244
1235208108491837440
1235208040309280768
1235208001340026881
1235207987058352141
1235207819386732546
1235207622422335488
1235207552922726400
1235207531703816196
1235207236558950406
1235207226392010752
1235207137174974465
1235207114349563905
1235207081239642116
1235207044103311362
1235206931188453376
1235206493034754048
1235206428836716546
1235206366375096320
1235206235672244225
1235206120278552577
1235205936790351873
1235205895023472647
1235205883757563905
1235205810923491328
1235205779084521472
1235205714886438913
1235205650717773824
1235205515774504961
1235205421943660545
1235205395897032706
1235205234626088960
1235205162546888705
1235205116996837377
1235204830051868674
1235204744026755080
1235204717191495680
1235204628293324801
1235204622458945542
1235204535146205189
1235204353704722433
1235204315490455554
1235204283009839105
1235204259580387335
1235204111538302976
1235204100247015426
1235203941878595585
1235203886127947776
1235203873914183682
1235203851164233731
1235203828267528193
1235203826661167105
1235203604652359680
1235203431796797440
1235203424242851840
1235203344374910976
1235203177986879488
1235203094088208386
1235202973539741697
1235202949552406528
1235202907731111936
1235202865007861761
1235202639450779648
1235202481237393409
1235202440632426496
1235202419488894983
1235202418742366209
1235202360558796805
1235202342124830720
1235202194854604808
1235202171479699457
1235202158326317057
1235201764984582144
1235201709942636545
1235201697670221825
1235201611900882944
1235201577868288001
1235201498986008576
1235201451217080320
1235201411866136576
1235201334023946242
1235201314344366081
1235201273500184577
1235201247294218245
1235201214280691713
1235201203732176903
1235201017949585411
1235200992645386240
1235200856183705600
1235200843282034688
1235200790513561600
1235200728265830401
1235200595340013574
1235200491132461062
1235200251138625536
1235200134146863105
1235199934611230720
1235199912163323905
1235199819641126913
1235199640292782080
1235199627474939905
1235199268341846016
1235199245851951104
1235199052377137152
1235199019577679872
1235198935809093634
1235198727222112257
1235198342184960001
1235198334178127874
1235198309683335169
1235198213134659584
1235198206075719680
1235198193563992064
1235198045756755968
1235197968908800003
1235197807792992257
1235197595917651968
1235197543467954179
1235197329675816966
1235197305554440192
1235197160347578373
1235197123798458373
1235197088943747074
1235197043569811458
1235196929941868550
1235196908840390657
1235196718406406144
1235196601339203585
1235196556883656704
1235196509056118786
1235196483340840960
1235196474440462339
1235196401581252609
1235196032398626816
1235196019056480256
1235196009850048512
1235195833328570369
1235195764315508742
1235195486719676416
1235195432076267520
1235195182510936065
1235195117574725633
1235195061404667904
1235195033952956417
1235194754717102081
1235194623989080065
1235194582205444098
1235194439133523971
1235194387036069888
1235194336335351811
1235194189366865920
1235194132819304448
1235193901893521409
1235193705889443841
1235193567636840455
1235193549022519296
1235193433347809280
1235193379702571008
1235193268708798464
1235193250853642240
1235193200148729861
1235193113062363136
1235192669766397954
1235192645884006401
1235192491156164610
1235192475754655749
1235191685254180865
1235191653729742848
1235191514629890050
1235191500218216451
1235191459843846144
1235191142955839491
1235190974629859328
1235190933056086018
1235190789074038784
1235190715992494085
1235190711240314883
1235190647092637696
1235190578981285889
1235190566972989440
1235190517685776384
1235190496915582977
1235190381530275840
1235190377281474563
1235190342070292485
1235190321040027648
1235190315486720002
1235190290295775233
1235190278170046464
1235190231944572928
1235190069419487234
1235190025119322117
1235189395495563264
1235189338897608705
1235189330509025283
1235189280705859584
1235189241820450816
1235189209771765761
1235189109553016833
1235189104423432192
1235189096248733696
1235189060274212865
1235188913221906432
1235188903793102851
1235188829595881472
1235188792040054786
1235188737732206600
1235188714051117057
1235188710574108673
1235188654055751680
1235188616302862336
1235188513731158017
1235188421838213122
1235188356776177664
1235188302216650755
1235188267420717058
1235188203457515520
1235188129079922688
1235188119185567746
1235188113867182080
1235187997462663168
1235187899408277504
1235187829069598722
1235187783096053761
1235187715815206915
1235187648458895360
1235187627109863426
1235187518037004288
1235187283726344192
1235187105921413120
1235187101144096769
1235187084362735619
1235186959804489734
1235186905060429826
1235186899268100096
1235186882528661505
1235186668262617089
1235186649837064192
1235186364133658627
1235186364070625281
1235186286060855297
1235186238245801986
1235186213264461824
1235186123321856010
1235185838377627649
1235185788872200193
1235185787207114752
1235185728222527489
1235185520973680640
1235185391004774400
1235185283227938817
1235185237300305920
1235185236432080896
1235185154206904320
1235185147638620166
1235185096128368640
1235184933318127616
1235184911654563840
1235184799322722305
1235184440395083776
1235184362955603969
1235184137763463168
1235183949070110720
1235183847328882691
1235183828374818817
1235183736284684288
1235183656165142528
1235183649643008000
1235183618772946945
1235183484748148736
1235183223912697859
1235183196741959680
1235183160469729280
1235183091339137025
1235182844202364931
1235182765399658496
1235182748085739521
1235182730360639489
1235182708067913737
1235182619303833600
1235182578442924033
1235182463049256960
1235182462856310785
1235182356543213569
1235182355909709827
1235182306891116544
1235182224485625856
1235182146517708800
1235182122639425538
1235182092272705544
1235182090783805447
1235181969773912065
1235181876182241282
1235181854619299841
1235181794678517760
1235181735660400643
1235181617611755525
1235181611743883264
1235181573907111937
1235181533507575812
1235181522354941958
1235181489332948993
1235181473134673921
1235181461109649408
1235181390674759682
1235181326980042754
1235181262979072002
1235181222273462272
1235181187943059457
1235181184314986499
1235181066392084480
1235180989120421890
1235180977388998656
1235180901354672128
1235180778016952320
1235180759415164929
1235180470335393796
1235180385509806080
1235180385065201665
1235180298444435456
1235180170367164417
1235180090151051264
1235179972882554881
1235179951608995842
1235179943727943680
1235179911796740096
1235179908286083073
1235179864346505216
1235179839587586048
1235179824622301184
1235179771442716674
1235179716971290625
1235179687049125888
1235179669298860033
1235179655994408960
1235179451106938882
1235179205534642176
1235178857390583809
1235178827405561856
1235178774867652609
1235178427042406401
1235178415763968000
1235178377566355456
1235178339788259329
1235178306993090560
1235177928616443904
1235177865525813251
1235177460066549765
1235177458346930181
1235177412301905920
1235177369301737474
1235177342265417728
1235177219665911808
1235177209826074625
1235177125264740357
1235177094012981249
1235176807105691649
1235176729196597248
1235176467048394752
1235176458336821248
1235176450392719360
1235176379773145088
1235176378091393025
1235176365898559488
1235176155747057664
1235176033105649664
1235175619803176961
1235175503729954817
1235175494787764224
1235175077429288962
1235175059368677376
1235175048987758592
1235174880984866816
1235174718782746625
1235174620799602689
1235174511164579840
1235174444911464448
1235174408014225408
1235174390310023168
1235174387621515265
1235174382345097216
1235174331434573825
1235174271065952256
1235174258252406784
1235174210001080321
1235174152342032386
1235174075389153282
1235174016979275777
1235173922183798784
1235173765815963649
1235173686375743493
1235173647326859264
1235173559426744322
1235173463033290752
1235173378144821250
1235173143922302976
1235172943061282826
1235172855626768384
1235172780586475524
1235172667310911489
1235172626034806784
1235172581134807042
1235172406886649856
1235172399773085696
1235172371692212231
1235172313286545408
1235172187348381696
1235172148869816321
1235172117576110080
1235172056746143745
1235171935975243776
1235171846900903936
1235171806643970049
1235171738499125248
1235171557368107009
1235171493589458944
1235171473888813061
1235171428292534272
1235171371690450944
1235171210796904448
1235171151669796865
1235170959067357187
1235170945532338176
1235170784743772160
1235170771351281667
1235170638790303744
1235170534364717056
1235170449874710528
1235170418681663488
1235170414516744192
1235170165257621504
1235169967877885952
1235169915176439811
1235169882511216642
1235169676247928832
1235169617972269056
1235169589132242946
1235169540021137408
1235169513940963329
1235169408001159168
1235169386320875521
1235169381316988930
1235169204317360128
1235169133609857026
1235169115574341632
1235169077515218944
1235168978198241280
1235168949626646534
1235168938998329345
1235168665487757312
1235168514383720449
1235168506322223111
1235168466342211584
1235168410297946118
1235168370196172800
1235168313614962689
1235168224863539201
1235168187974660100
1235168177438339073
1235168040859430915
1235167962555772928
1235167960525942789
1235167934672228352
1235167916171169794
1235167893601554432
1235167834570924032
1235167819458899968
1235167776991518720
1235167751611863040
1235167710885163008
1235167676852514816
1235167621785546753
1235167536511152129
1235167532476223488
1235167523022278656
1235167513039659009
1235167423239794688
1235167344521031680
1235167238627479553
1235167174211170314
1235167106624352256
1235167073074139136
1235167054799310848
1235167016178327553
1235166970548453376
1235166812096139264
1235166733385846785
1235166619694845952
1235166561482178561
1235166539667644418
1235166526002561026
1235166509103800323
1235166440250052611
1235166239095508992
1235166237254135808
1235166132698521605
1235166042516836355
1235165995259568130
1235165916880654342
1235165909871931394
1235165850132525056
1235165793379381249
1235165261701025798
1235165039012831235
1235165003784781824
1235164860809449472
1235164785794330626
1235164775937716225
1235164730995732480
1235164585734397952
1235164466024677376
1235164455597531136
1235164371518713856
1235164340308844544
1235164136235061248
1235164091653779456
1235164070317305856
1235164054248919042
1235163965828870146
1235163932215701504
1235163621656850433
1235163614941794306
1235163525313630208
1235163383932088321
1235163303812444161
1235163255649316865
1235163244723130368
1235163236925935618
1235163229086797825
1235163125009309696
1235162848952803328
1235162732581851139
1235162709781549056
1235162689862762497
1235162687602122752
1235162489156927491
1235162406046912512
1235162072708722688
1235161662279299073
1235161638380195841
1235161623872053253
1235161490233217024
1235161460789202946
1235161410138710016
1235161342832762882
1235161235483750401
1235161040427593728
1235161031183405056
1235160923100323840
1235160594170490881
1235160455557111808
1235160455154368512
1235160440608563200
1235160429279809537
1235160239915360261
1235160042728566784
1235159799018524673
1235159777141043200
1235159676452560896
1235159568772214784
1235159568000393218
1235159538157989894
1235159471414022150
1235159452799688705
1235159375033110529
1235159360097185793
1235159318493831170
1235159254841032711
1235159222188494848
1235158823133990914
1235158774475784193
1235158611833257984
1235158521307697159
1235158298770501632
1235158259058610176
1235158230520782850
1235158206873243649
1235158096886083584
1235157956800458753
1235157933404626944
1235157877611954182
1235157689489149956
1235157687610068993
1235157656597385222
1235157318456745984
1235157250341294081
1235157220758884352
1235157204011036672
1235157172096561152
1235157137250283520
1235157132301012992
1235157074931257350
1235156964964958210
1235156891963097088
1235156874871349248
1235156835604353024
1235156780004540417
1235156611733299201
1235156610902827009
1235156539108884481
1235156498503864321
1235156424004640769
1235156285512912896
1235156214356611074
1235156112590200832
1235156011499089923
1235155965391052800
1235155931241029634
1235155915395002368
1235155911246831616
1235155878745079808
1235155843240407040
1235155830057635840
1235155813892788224
1235155812366118912
1235155711648288769
1235155704274710529
1235155661383753728
1235155658074460161
1235155541590249472
1235155521382084608
1235155372354215937
1235155368675811328
1235155315261411329
1235155103415513088
1235154796610547713
1235154688376475653
1235154474395721730
1235154397077921794
1235154396427808768
1235154319059623936
1235154238424190977
1235154090784587776
1235154011759792128
1235153975869132802
1235153948220239872
1235153817584488448
1235153790942273537
1235153658351939584
1235153653830426625
1235153639427231744
1235153630048681984
1235153629524393984
1235153591435960320
1235153498519597057
1235153408853774341
1235153370899460097
1235153363404234758
1235153240532176897
1235153024131248128
1235152945722937344
1235152827032498177
1235152676523999237
1235152639492591616
1235152627312316418
1235152552431423488
1235152469405167616
1235152044807290880
1235151960237629442
1235151929950572544
1235151855468060674
1235151645505449984
1235151270509498369
1235151205040615424
1235151110781972480
1235150933518176256
1235150905437237248
1235150878115598336
1235150839431471105
1235150825242189824
1235150737107226625
1235150735949672448
1235150694329602053
1235150518395207680
1235150517871030277
1235150490830344192
1235150478855548928
1235150447251525633
1235150358441349120
1235150116446666753
1235150089649377280
1235149959722348545
1235149798807916544
1235149761633808384
1235149723494952961
1235149672127377408
1235149623267860480
1235149585452068866
1235149569404604416
1235149476186198016
1235149458968653829
1235149234183327744
1235149203795562496
1235149199882309632
1235149180261330944
1235149114121375744
1235149060123787265
1235149052590817288
1235148836055769088
1235148634259427328
1235148536276230144
1235148385289633792
1235148182516043776
1235148134017355776
1235148059019030528
1235147845671542784
1235147824679002113
1235147769347702791
1235147763500843008
1235147734128250880
1235147698560520192
1235147695045648384
1235147607971901440
1235147581010956289
1235147521372172289
1235147439373504512
1235147425402277889
1235147351364456449
1235147175614509057
1235147151086440449
1235147021922775040
1235146949201997824
1235146937894084609
1235146853001433089
1235146809712009216
1235146566551457792
1235146490839994368
1235146347533172738
1235146213244186624
1235146073108295682
1235145841997950976
1235145787593588736
1235145748515377152
1235145724582596610
1235145593397432320
1235145512095043584
1235145478179782662
1235145456419819521
1235145215750656000
1235145126521036802
1235145087308488704
1235144877760970754
1235144844726669312
1235144555026145280
1235144524827152385
1235144463518965760
1235144456791363585
1235144073914306560
1235144020504047618
1235143977017528321
1235143959552368642
1235143674570432512
1235143622179401728
1235143453388005378
1235143428377321473
1235143311775739907
1235143175385288704
1235143173959299074
1235143133710741504
1235143128757276677
1235143030685995009
1235143017536860160
1235142843267723265
1235142837185937411
1235142772677627904
1235142738259083265
1235142706759950336
1235142498617524224
1235142469559386114
1235142439566036992
1235142433110986752
1235142195994390528
1235142171294142466
1235142124942823424
1235142060912652289
1235142039399956480
1235141966255607808
1235141947070787584
1235141869979545601
1235141858990358530
1235141628274315264
1235141602814971904
1235141497332387841
1235141440549933056
1235141374393176064
1235141345464942592
1235141227953127424
1235141131224182784
1235141130200678400
1235140967122046976
1235140899509809152
1235140673399074816
1235140446415990784
1235140350534184963
1235140349867286528
1235140337355698176
1235140260742471681
1235140169252167680
1235140141167104002
1235140088822145029
1235139874841407494
1235139834903171072
1235139683308404736
1235139603453136896
1235139544971870210
1235139235432235008
1235139200699289600
1235139170122764288
1235139153785802752
1235139106847551488
1235139082151485441
1235139022273597440
1235139022256775168
1235138953218531328
1235138853423525888
1235138634510143497
1235138498711236610
1235138482030313472
1235138448257884168
1235138443988082688
1235138395787145217
1235138280099917824
1235138227813715969
1235138221031305216
1235138164924219392
1235138082934075392
1235137666104152066
1235137554212696064
1235137549267537920
1235137401380573185
1235137318664761344
1235137306237054977
1235137292240637952
1235137085197209601
1235137062854176769
1235137056340402176
1235136886722748416
1235136681352798209
1235136631105114113
1235136596921507840
1235136541149876226
1235136326221082625
1235136164895567872
1235136070494425088
1235136017650405376
1235136007567220736
1235135998276882432
1235135951267082240
1235135919910420480
1235135876868558848
1235135855716634625
1235135829208686592
1235135719674384384
1235135691862036481
1235135596718362625
1235135511158763521
1235135446071603200
1235135326861045760
1235135235689525253
1235135209252802561
1235135188767776768
1235135053488943105
1235135012892274688
1235134990515568641
1235134988477136898
1235134836878213122
1235134712236183552
1235134644313608193
1235134615423156224
1235134492215595008
1235134443066712064
1235134395662708736
1235134347025543168
1235134192364802049
1235133943416053762
1235133931801980933
1235133866689597440
1235133704156123136
1235133668047413249
1235133641308676096
1235133592923238402
1235133555430260736
1235133513512431617
1235133508470878209
1235133501596413953
1235133470734680065
1235133460110610434
1235133321962807299
1235133145844011009
1235133043674886146
1235132939488423936
1235132849872924672
1235132605672181761
1235132543122407424
1235132524210384896
1235132472268148738
1235132367402151939
1235132355133812736
1235131938719109120
1235131923871256576
1235131835300143111
1235131822692061191
1235131782443479041
1235131666257063936
1235131570895368192
1235131474615074816
1235131386404708358
1235131343899709440
1235131143260950528
1235131030106931202
1235130800674410496
1235130767208001538
1235130750342750209
1235130732047147009
1235130672488083457
1235130611725197313
1235130563746504704
1235130529290301440
1235130436948459520
1235130433492398080
1235130363405635585
1235130243997982720
1235130169104437249
1235130140260265984
1235129995409924097
1235129968167919618
1235129959741624320
1235129953089445888
1235129866103803906
1235129826211659776
1235129764517761025
1235129703310274560
1235129560632561664
1235129435717849093
1235129404382208001
1235129364775391232
1235129339093700608
1235129233640431616
1235129181874393088
1235129175004131328
1235129107039518720
1235129101029126144
1235129073325744128
1235129030514483202
1235128943151386625
1235128912746885121
1235128814411362305
1235128813383753730
1235128787953750016
1235128774355750912
1235128756869779456
1235128651626229760
1235128541261500417
1235128478917439488
1235128440543735808
1235128435221159937
1235128361028067328
1235128222007820288
1235128188126269441
1235128153418457089
1235128139669524480
1235128044748234753
1235127945083195392
1235127932395425792
1235127870500073472
1235127851940184064
1235127829014204418
1235127800694214656
1235127762140180480
1235127633446416384
1235127608750243840
1235127409009201152
1235127318332559360
1235127310279495683
1235127254491041794
1235127189902852096
1235127154872111104
1235127146265407489
1235127143945965568
1235127093341630464
1235127087620673536
1235127075260043264
1235126999686971392
1235126967940395008
1235126959509827585
1235126938412257281
1235126810469437440
1235126734023843845
1235126551961899010
1235126534660292608
1235126498413117440
1235126441760698368
1235126206619619329
1235126041074683904
1235125966684508166
1235125723247054848
1235125648022175744
1235125523698900993
1235125517168369664
1235125390412263424
1235125350214103041
1235125341758402562
1235125300524208128
1235125264239276034
1235125220849135617
1235125157611614210
1235125134597464064
1235124930884390912
1235124815452831744
1235124802207330304
1235124706153582592
1235124630660222976
1235124589035958272
1235124536309411842
1235124531242688512
1235124495498780672
1235124468831449088
1235124259573452801
1235124213033447424
1235124204460265472
1235124190694563840
1235124103889158149
1235124017218162689
1235124010268135424
1235123922934411264
1235123772597981184
1235123639734996992
1235123451385581568
1235123446859943936
1235123420699881473
1235123329285214213
1235123289971757063
1235123281914552323
1235123189421768706
1235123124464742400
1235123106244509696
1235123073038405633
1235123009440157696
1235123001974120449
1235122987659137024
1235122953395658752
1235122823632281601
1235122762957516800
1235122696888803333
1235122686881230848
1235122627913506817
1235122623815847936
1235122526751035393
1235122442428755970
1235122158134628354
1235122141852364805
1235122025162670080
1235121645208997888
1235121524601794560
1235121318711844865
1235121204781973505
1235121202542161921
1235120994446082048
1235120981716287488
1235120869006950400
1235120771892011010
1235120693383028737
1235120599829118980
1235120597308334082
1235120562978070528
1235120419411070976
1235120303145025536
1235120122886422528
1235120023661756417
1235119974034751489
1235119949418397697
1235119946473943044
1235119943852519429
1235119862009098242
1235119856850067457
1235119774536855554
1235119747139686406
1235119737870241792
1235119289100832774
1235119256980697090
1235118999962296320
1235118858643468288
1235118808454459392
1235118797826052096
1235118793489141760
1235118736689885185
1235118718444802048
1235118664711462912
1235118658743087104
1235118488034750464
1235118357579354112
1235118254131007489
1235118112476819456
1235117975755251712
1235117930368487426
1235117764592857088
1235117601358897153
1235117570195324929
1235117497465987073
1235117386946285568
1235117320747520000
1235116979880509440
1235116916076949506
1235116902881452033
1235116773671702529
1235116648090103808
1235116435015376897
1235116298255749120
1235116158396723201
1235116067141214209
1235115920911147009
1235115917266145280
1235115917253554176
1235115848467197952
1235115717160325121
1235115646582571010
1235115593910513664
1235115592736067584
1235115566685474816
1235115331112357890
1235115049309614080
1235114849996279808
1235114715296051200
1235114672090517505
1235114527546421248
1235114440082829313
1235114427772329986
1235114195357536257
1235113942059372544
1235113734068146177
1235113724559544320
1235113621199499265
1235113601284759552
1235113573908541440
1235113417985454080
1235113331750387713
1235113320937451521
1235113211759738881
1235113142885081088
1235112994608156672
1235112984009039873
1235112965927342080
1235112946235138048
1235112650842857472
1235112567279775745
1235112447410712577
1235112251603824640
1235112225184059395
1235112218426933249
1235112150210764803
1235112115641425921
1235112104186843136
1235112091863875584
1235112036666761222
1235112014961242112
1235111971730706432
1235111913085755393
1235111824279797761
1235111762669772801
1235111720017784833
1235111705795006464
1235111641705893889
1235111616770789376
1235111474101538816
1235111461506043904
1235111441910222848
1235111426055798784
1235111311790313473
1235111270371725312
1235111223869313026
1235111210804076544
1235111059800723456
1235111039546482689
1235110980687769600
1235110922995163136
1235110826647773185
1235110809505648644
1235110796843077634
1235110657227288577
1235110351437312000
1235110118934577152
1235110051871944704
1235109842898960384
1235109800075071491
1235109344783425537
1235109139526725633
1235109001731248128
1235108873679167493
1235108813759488000
1235108703918903296
1235108613493907456
1235108410279911425
1235108235352432647
1235108101818404869
1235108095208108032
1235108003856232448
1235107983484321792
1235107832946548736
1235107669947478017
1235107623961104384
1235107405907873794
1235107328497790976
1235107279126618112
1235107260616953856
1235107098696048640
1235107013744443393
1235106879228891136
1235106648005300225
1235106451078574082
1235106355616157696
1235106209151107072
1235106035364286464
1235106029211283456
1235105872365465600
1235105776592551937
1235105573097496577
1235105562108428289
1235105503769808896
1235105376598667264
1235105357862559744
1235105328435326977
1235105001166512128
1235104755287879681
1235104710975041537
1235104518859362304
1235104513259786247
1235104487309578244
1235104461409996800
1235103989147918336
1235103900207738880
1235103762840055808
1235103706208583680
1235103628400066566
1235103348455542785
1235103215772786690
1235103058092158976
1235102877221302272
1235102840474886144
1235102740952412161
1235102556398837760
1235102098251042816
1235101977492807680
1235101812665077760
1235101669395968002
1235101620418965504
1235101421587943424
1235101243539935233
1235101103928168448
1235101058566967298
1235101055035162625
1235101033153478656
1235100941906403328
1235100915146747904
1235100658052685824
1235100231810682882
1235100183324545025
1235100164148416512
1235099725545607168
1235099704167264256
1235098991882162176
1235098977466376193
1235098923380793344
1235098812667949062
1235098795551014914
1235098654257504256
1235098547000725505
1235098537899282432
1235098441811927040
1235098355576926209
1235098342947868673
1235098289051062272
1235098032535826434
1235098031826984960
1235097892886474753
1235097809419792386
1235097739928563713
1235097644751454208
1235097598303670272
1235097587289473024
1235097526321033218
1235097391381925888
1235097111454085121
1235097103405375488
1235097091870830592
1235097090117603328
1235097036275347456
1235097029983911936
1235097028251619329
1235096991849275393
1235096902716145665
1235096900879233025
1235096851319160832
1235096781257502721
1235096407163506690
1235096372979724288
1235096300695089152
1235096274753314816
1235096121141125120
1235096054611292161
1235095841951498240
1235095629648384000
1235095607716569089
1235095577056051200
1235095388538810368
1235095143310446592
1235094959251787778
1235094804721102849
1235094802795905024
1235094680238317568
1235094587460313088
1235094544732934145
1235094219980603392
1235094148568342528
1235094032931360768
1235093517971509253
1235093368247447553
1235092783490162694
1235092634508488705
1235092622579920902
1235092543479500802
1235092432108351488
1235092238922854401
1235092147587567616
1235092137970143232
1235092111298408450
1235092080927465472
1235092079845359616
1235092058873819136
1235091955308064768
1235091936765067264
1235091851494842369
1235091633575809024
1235091598603481088
1235091568790343682
1235091534409846785
1235091446786478081
1235091327198453761
1235091151226433537
1235090878059798529
1235090770064900096
1235090767590371328
1235090497326043137
1235090390165762048
1235090306644795393
1235089090866860033
1235087753550823424
1235087396951097344
1235087205770514432
1235087143669837824
1235086944352243712
1235086703078981632
1235085759524360192
1235085572768587777
1235085494330871808
1235085387707453442
1235085295038521344
1235085277737242624
1235085266643116032
1235085048593838084
1235084914229469185
1235084778845671425
1235084288166486016
1235084247804702720
1235084169673236480
1235084082318434304
1235083667086532610
1235083562392711168
1235083042508566528
1235082852460425216
1235082804653723648
1235082588680638464
1235082424675176449
1235082264452595713
1235081536493387777
1235080945700495360
1235080767744569345
1235080694302298112
1235080543751958529
1235080329355866113
1235080109742149633
1235079505246588928
1235079198496026627
1235078775441768448
1235078385531006977
1235078034316615680
1235077962099236865
1235077844956409856
1235077688542588933
1235077657282228225
1235077655923326977
1235077328486551553
1235075377497858050
1235075313400344576
1235074353236258817
1235074243244601345
1235074172876779520
1235073898544107528
1235073597904838656
1235073176222052352
1235073111873048576
1235072879256948739
1235072073300504578
1235071818441969668
1235071743334604801
1235071648048361472
1235071182153506816
1235070551523078145
1235070527762337793
1235070371868495873
1235070159271809024
1235069326421454848
1235069179775954944
1235069119524986882
1235068931485786112
1235068781031874561
1235068253438791680
1235067656065044481
1235067442428145666
1235065227751739392
1235064203851059200
1235063221523869696
1235060890547830784
1235060141373845504
1235060011870482432
1235059904445992963
1235057549612912641
1235051069836673024
1235050809299054592
1235050352111583232
1235048441874653184
1235048401579864064
1235045662884007936
1235042725084315649
1235041422677381121
1235041232486682624
1235041048453234689
1235038946872217600
1235037454932930563
1235035572839817217
1235033687055532038
1235032203421155329
1235029456982433793
1235027751314132993
1235027693579587584
1235022657520717824
1235021400039215111
1235020860718829568
1235020212149399553
1235016192588419075
1235015011644436480
1235013784076455936
1235013645240799234
1235013477858762753
1235013314784174081
1235012244498460674
1235011606582628352
1235010145886916608
1235009685469696002
1235009512811253760
1235008157631557632
1235007968015458306
1235007802948685827
1235007503613784070
1235006987869605888
1235006594922024961
1235005923070021632
1235005370407555072
1235005046271684612
1235004986880397312
1235004636706287617
1235003941987012608
1235003296399622150
1235002971857051649
1235002779472683008
1235002429051219969
1235001204511518720
1235001051197124609
1235000095017328642
1234998587215319042
1234997376282058753
1234996998803054592
1234996718363480065
1234996612331520000
1234996574062669826
1234996420156936193
1234996276434853888
1234995943948210176
1234995320108482565
1234995181117591552
1234994734268997632
1234994338838401025
1234993885639692294
1234993770292137986
1234993759995039745
1234993631703908352
1234993291650666496
1234992137743126529
1234992136606474241
1234992053274075136
1234991955957780480
