1234991683583893504
1234991356029784065
1234990915267088385
1234990886544478208
1234990752431661056
1234990662065410048
1234990457135853568
1234990101903495168
1234989912148996097
1234989846432604160
1234989401526042624
1234989354155565058
1234989300879486976
1234988755045380096
1234988336697098241
1234987818411147264
1234987442119172096
1234986951381413888
1234986718123610112
1234986429958115329
1234986232733548544
1234985733368107008
1234985194618142721
1234985088510648320
1234985063692980225
1234984544953978881
1234984229714350080
1234984042761555969
1234984026718404608
1234983887740100608
1234983774095437824
1234983767049064448
1234983734404763649
1234983362873290752
1234982918612643840
1234982730271608834
1234982664509124609
1234982621270040576
1234982394026848260
1234982323260575745
1234982278880616449
1234982227793940481
1234982103026040833
1234981953327095808
1234981663836274688
1234981619854790656
1234981566238953473
1234981505807478784
1234980908672831488
1234980885683789824
1234980644221935616
1234980557915770880
1234980229581438978
1234980011922214914
1234979776990826496
1234979632664829953
1234979573743308800
1234979520010022912
1234979365055684608
1234979231496462336
1234979112965427200
1234978888687554560
1234978796886880257
1234978692918464512
1234978687067410432
1234978582633431041
1234978582134280192
1234978490002264065
1234978384842674177
1234978366081486848
1234978209877254149
1234978061017202688
1234978016947630080
1234977966829916160
1234977828405301249
1234977799460376579
1234977795693936640
1234977703092056066
1234977645189685248
1234977329727733763
1234977276170665984
1234977107417059328
1234977093710016512
1234976987451510784
1234976985891270657
1234976772531179521
1234976648237211648
1234976636002418690
1234976526141018113
1234976337078579200
1234976162855542785
1234976000565374976
1234975914556940288
1234975772529442817
1234975648168304640
1234975437517815808
1234975270060191744
1234975188711641089
1234975122752098304
1234975035153977344
1234974981936709632
1234974961195859969
1234974786440200192
1234974326790578177
1234974297891827714
1234974167562240000
1234973546822033408
1234973396921798662
1234973316068204544
1234973218634469376
1234973134077300737
1234973072303607808
1234973028817047552
1234972862030606336
1234972744669810688
1234972711824191488
1234972670803865601
1234972242452213760
1234972070322171906
1234971905968312322
1234971865283579904
1234971755787116545
1234971422499332097
1234971173772881921
1234971082580348928
1234970975059337218
1234970960366694401
1234970958366044161
1234970866774986753
1234970681470619648
1234970461810778113
1234970369510920194
1234970021010591745
1234970020746125312
1234969910499069955
1234969654935711746
1234969532386529280
1234969415235653633
1234969134783516731
1234969008413212672
1234968956303220737
1234968931821064192
1234968636999262208
1234968569508749312
1234968565821952006
1234968226750226432
1234968149033914375
1234968147071062016
1234968130662928386
1234967950668554242
1234967890127970304
1234967360173465601
1234967126248710144
1234966984300879877
1234966947776925701
1234966915191332864
1234966352240291840
1234966228587962368
1234966064733261825
1234965949679390726
1234965856091856896
1234965683403923456
1234965589325561856
1234965433524064259
1234965238073765890
1234965125372747781
1234965117256839170
1234964752570503179
1234964693636308997
1234964664058032133
1234964495316942848
1234964455827615751
1234964438282899457
1234964325992947712
1234964193398476800
1234964071340036097
1234963875717681152
1234963712253005828
1234963495671750657
1234963491792007170
1234963369645551621
1234963225608904704
1234963200422088705
1234962972944060417
1234962941549711360
1234962848066961409
1234962745126260739
1234962065187647489
1234961992965873667
1234961982304014342
1234961976159358978
1234961943145975811
1234961901454610432
1234961744642134017
1234961579487178752
1234961491029381121
1234961395713703937
1234961171171749888
1234961162594373633
1234960763426615298
1234960758632525826
1234960756552192005
1234960633247883265
1234960614088486914
1234960533306200071
1234960526398152704
1234960455896006658
1234960367761141761
1234960356801425409
1234960329408483328
1234960172025602048
1234960102656028673
1234960059077156865
1234959809839013891
1234959782492196864
1234959768294477832
1234959649532710912
1234959374218670086
1234959316865691650
1234959097545527296
1234959040016457729
1234959025768402945
1234959014687059970
1234959010073317378
1234958920545964033
1234958764798881794
1234958493532090368
1234958375856701440
1234958284890759170
1234957543635636224
1234957512937439238
1234957413893234688
1234957386965798917
1234957330124562435
1234957237292032001
1234957171659563010
1234957068706238465
1234956776132554756
1234956758000525312
1234956711095611398
1234956677151121410
1234956665503584258
1234956516932947968
1234956314645798914
1234956163134955523
1234956048898908165
1234955983065141249
1234955914639282185
1234955747609411585
1234955408823013377
1234955251804966914
1234955127821393920
1234954995931500544
1234954928277348354
1234954730088157185
1234954711264088065
1234954521723494400
1234954227493036032
1234954079719305216
1234953599005970437
1234953516411760649
1234953294927319040
1234953272429023236
1234952765736210433
1234952724053135363
1234952449846337537
1234952289858793475
1234952229276340225
1234952194157404162
1234952190621618179
1234951819459284994
1234951739662622721
1234951682385219589
1234951536213725185
1234951228242698242
1234951206554013696
1234951128468639754
1234950962651049985
1234950799828058119
1234950739241447426
1234950677446701060
1234950589290893313
1234950571829972993
1234950538992717827
1234950345538838528
1234950164424601600
1234950112293597196
1234950049228042240
1234950019846942722
1234949824383983617
1234949791391547400
1234949559098408966
1234949527678935041
1234949501565198337
1234949321839271936
1234949214909730819
1234949206412025857
1234949067312111616
1234948448757190664
1234948435444404224
1234948419082506240
1234948220184342528
1234948105516265474
1234948028697628679
1234947932358574080
1234947872409497601
1234947843351289856
1234947821658419202
1234947793296527361
1234947733506723841
1234947464697958400
1234947136615321609
1234946837158780929
1234946828010958848
1234946819286847490
1234946669961150477
1234946614478938112
1234946495360749576
1234946468513013761
1234946439136120832
1234946386040365056
1234946079096963073
1234946054702931971
1234945767107944449
1234945567035478018
1234945343734849536
1234945313456230401
1234945275699003393
1234945268136763392
1234945159793696769
1234945091803996165
1234944905417560067
1234944711443591176
1234944586335899650
1234944543021244416
1234944469742608386
1234944437832364034
1234944290603839489
1234944213109891072
1234944185909829633
1234944163684192263
1234943751245750272
1234943711974449152
1234943707717275648
1234943543799668736
1234943475092721671
1234943274588217344
1234943234377441288
1234943179981512713
1234943138097238019
1234943086133944322
1234943043192721411
1234943016470810625
1234942995977375747
1234942987043528706
1234942982341758982
1234942955166871553
1234942821146284037
1234942771179507715
1234942621346418700
1234942482271686657
1234942433093443587
1234942400293896194
1234942230412120069
1234942217850118145
1234942167992410113
1234942149994647561
1234942124182966273
1234942008600465412
1234941997577842688
1234941912135667714
1234941839569977349
1234941615006982147
1234941578571022336
1234941260294688768
1234941198273478656
1234941120263729155
1234941067730079744
1234941041301762055
1234940945667416065
1234940920031858689
1234940725470670849
1234940625503576066
1234940591617847296
1234940524982865920
1234940478489088000
1234940245893931008
1234940220421873664
1234940178181033984
1234940169310134272
1234940166285950977
1234940079942111238
1234939998337716225
1234939931572817921
1234939887977189376
1234939875956314112
1234939793018171393
1234939720049840130
1234939693529210884
1234939459856207873
1234939384371253249
1234939345926225925
1234939325583892480
1234939205542907906
1234939194667151360
1234939139281358850
1234939110613229568
1234939077461528577
1234938921949310976
1234938879976730624
1234938870208352257
1234938782207610881
1234938493165559813
1234938370805108738
1234938308737761282
1234938278299697152
1234938257223405570
1234938134112210945
1234938132870705152
1234937982320291846
1234937833175031808
1234937706746142720
1234937674848489476
1234937625204658176
1234937618569232386
1234937570859110400
1234937557349261315
1234937530123988996
1234937508858867714
1234937434045132807
1234937363287232514
1234937193216516096
1234937155199406081
1234937140338995200
1234937015063523328
1234936888743645186
1234936832233701377
1234936809068597249
1234936788634021889
1234936728122789889
1234936612880035840
1234936541702754305
1234936502385246208
1234936467987804164
1234936411050168327
1234936382348460032
1234936342288752641
1234936319513649152
1234936306221944833
1234936089393213440
1234936073387675648
1234936038151290881
1234936032996610049
1234935996808077312
1234935984581685248
1234935981696045056
1234935953158017031
1234935945834770432
1234935936523341824
1234935913848983562
1234935880160366593
1234935851349684227
1234935822551584769
1234935758881984516
1234935751831379970
1234935712300052480
1234935664925384705
1234935609174745088
1234935595421622277
1234935576719233025
1234935572990504961
1234935464047661057
1234935407634264065
1234935403309936645
1234935355889061898
1234935331633410051
1234935307893641217
1234935293272297474
1234935258115649536
1234935219146326016
1234935197201817600
1234935191141068801
1234935171461283842
1234935166914768907
1234935152612200449
1234935131355467782
1234935061260259330
1234934919689883648
1234934864572534786
1234934704131989505
1234934566063869952
1234934561655619591
1234934426376835073
1234934393870921729
1234934392067325953
1234934329479958531
1234934321905119233
1234934104958869507
1234933871927549953
1234933842349305863
1234933785671716864
1234933604456837123
1234933537842900993
1234933495589462016
1234933462576062465
1234933368606904320
1234933314152280064
1234933266316177420
1234933119935033344
1234932956260683776
1234932876413673473
1234932686298472449
1234932667419897862
1234932487828185089
1234932348816429057
1234932312187572225
1234932158738915330
1234932158684450818
1234932051725471745
1234932024122716160
1234932010210205698
1234931911396601859
1234931775383769089
1234931769578807296
1234931757562126337
1234931620387278848
1234931566817763328
1234931556407488513
1234931489969778689
1234931485376950283
1234931158661652481
1234931149912367104
1234930907515060224
1234930808688906240
1234930293267668994
1234930287106281481
1234930261890084865
1234930117664739329
1234930076724146177
1234930055303876609
1234929959241764866
1234929945278849026
1234929710825693185
1234929683176869889
1234929453299642370
1234929197392519169
1234929077804556288
1234929020820709377
1234928881901109250
1234928836615294976
1234928809348124673
1234928769904844800
1234928701302689792
1234928504875225089
1234928215476645888
1234928194706427906
1234927942192553984
1234927830791806978
1234927821191106560
1234927798256574465
1234927724893962240
1234927704148971522
1234927588260401152
1234927465392476161
1234927429501833217
1234927361549840385
1234927340775464961
1234927309985079296
1234927268616646660
1234927152115654662
1234927149448155136
1234926978752532485
1234926793901080579
1234926656088834048
1234926463683567618
1234926436059881473
1234926343642603521
1234926223849029633
1234926220036526080
1234926171395108865
1234926129976414209
1234926106274402304
1234925839873126400
1234925819803336706
1234925703180800002
1234925630564814851
1234925349747732480
1234925179723227136
1234925093656186880
1234924969185943552
1234924956086988800
1234924934796914689
1234924759206416390
1234924623835389954
1234924572333551617
1234924184641380352
1234924090760318977
1234924039271075843
1234924034925694976
1234923950985089024
1234923711922307072
1234923606620151814
1234923572990222344
1234923512810418176
1234923334586060805
1234923278394888193
1234922940598226950
1234922624138010629
1234922582778023936
1234922576071315457
1234922255039311876
1234922213167566848
1234922049212239872
1234921960418762754
1234921929460547585
1234921860724404225
1234921404283412480
1234921302319915014
1234921285865570304
1234921266882240515
1234921091568668672
1234921086556475394
1234920882218377218
1234920877038415873
1234920868335230976
1234920796788871168
1234920769370673152
1234920514587635712
1234920429032050688
1234920385252151296
1234920369087275015
1234920256168189952
1234920197972164608
1234920093101981696
1234920007592796160
1234919811467087873
1234919594617376771
1234919436206866437
1234919435900682243
1234919295945183237
1234919232237981696
1234919125308362755
1234918902968279041
1234918741231751170
1234918407268642816
1234918366206406657
1234918260962922500
1234918077424373761
1234917972558438401
1234917921396314114
1234917734468739073
1234917709504229380
1234917312593104897
1234917191126003712
1234917140043649025
1234916866277224448
1234916730067136516
1234916711746371584
1234916693484412936
1234916518414225408
1234916490874380293
1234916386125885441
1234916282782318594
1234916250695950336
1234916229749538818
1234916209809936390
1234916198548201472
1234915958923386880
1234915644551942151
1234915601933488133
1234915390729392128
1234915328959959040
1234915291928375296
1234915284961677314
1234915256045953025
1234915161850482694
1234914890952904704
1234914839111311362
1234914828369747968
1234914722375503873
1234914700242149378
1234914668965191681
1234914259215278080
1234913983519477760
1234913871598641153
1234913644137373696
1234913436561235968
1234913401689772033
1234913388129587201
1234913209557147648
1234913051830358016
1234912904350183424
1234912903028932609
1234912706945310722
1234912628134367234
1234912257739558913
1234912227666399234
1234912224449323009
1234912057306361860
1234911972422029312
1234911702073970688
1234911614920544256
1234911386372919298
1234910971132555265
1234910896536854528
1234910437159972864
1234910417945812992
1234910366120992768
1234910271682043905
1234910263024988161
1234910127628718087
1234910051699220483
1234910027359670272
1234909946174672896
1234909946065674242
1234909937010122753
1234909925580644353
1234909611846701058
1234909544767250446
1234909431093219330
1234909350772314112
1234909337711259649
1234909172505960448
1234909043505934337
1234908537916182536
1234908528843935756
1234907906295894023
1234907888465928201
1234907836943142912
1234907801161474048
1234907696597479425
1234907682332708865
1234907526203891720
1234907172116533249
1234907060208328704
1234906858734968833
1234906846982479872
1234906745014755328
1234906704808202248
1234906664140230662
1234906652991770625
1234906608083271680
1234906172739772422
1234905949342748676
1234905912692944905
1234905767867752448
1234905408743014403
1234905400765566977
1234905022611312640
1234904862577524736
1234904702028042240
1234904655198642176
1234904529231060994
1234904338172121094
1234904305230077953
1234904293830021132
1234904219980849152
1234904217921490944
1234904013642108928
1234903872503779329
1234903690533842953
1234903652625678336
1234903603304914951
1234903556613955585
1234903412367667201
1234903224894787585
1234903199598796800
1234903121723363328
1234902914096910336
1234902909827059712
1234902848380571655
1234902847436840962
1234902809818157056
1234902804805963781
1234902537238712323
1234902304324759552
1234902149248757761
1234902073503862784
1234901973402603522
1234901858948460545
1234901673258016770
1234901630472114176
1234901590311567361
1234901502155788290
1234901326502486016
1234901298232864768
1234901287784849409
1234901194348408834
1234901142003494912
1234900749303369728
1234900696421617664
1234900599424110592
1234900487360712705
1234900316589625345
1234900192563994625
1234900163707260930
1234900117527896064
1234899915396042754
1234899865559236608
1234899804586696706
1234899642971807744
1234899498691956737
1234899431889211393
1234899331762839552
1234898997371904003
1234898963435786240
1234898913406210055
1234898867239473152
1234898823350226946
1234898766773280768
1234898765787607045
1234898498572685314
1234898443874848768
1234898428347461632
1234898428104146948
1234898290061299713
1234898236214841344
1234898213729165314
1234898195366522880
1234898094443188226
1234898088868941825
1234898084041252872
1234898035764846596
1234897976239312896
1234897901609988105
1234897894920130561
1234897863013994501
1234897832550764544
1234897806046920706
1234897768159883266
1234897672659722247
1234897562735390721
1234897514609938432
1234897484050243584
1234897470129307648
1234897388273315842
1234897297328263169
1234897249093799936
1234897230705954818
1234897126255185932
1234897103379406848
1234897064728854528
1234897015823380480
1234896925561950209
1234896897397141504
1234896835183022083
1234896816296153089
1234896779231010816
1234896760927084544
1234896745231941633
1234896706430369792
1234896695449837568
1234896552386318337
1234896495427620872
1234896455518822408
1234896365991399424
1234896143861141505
1234895986155249665
1234895628347617281
1234895546084732930
1234895214155849733
1234895139446935554
1234895095771561989
1234895044743761922
1234894946135613448
1234894721354522634
1234894485718474752
1234894465006997506
1234894098747789313
1234894003973300230
1234893895969849344
1234893895340720128
1234893893818187776
1234893893663019008
1234893829657919489
1234893565005832192
1234893312286433281
1234893124599795712
1234893092085534721
1234892981532086272
1234892959969087489
1234892950339018758
1234892916247666688
1234892738287558657
1234892718381445120
1234892567671713792
1234892548713394177
1234892173960712193
1234892030406467590
1234891975280726022
1234891974542532609
1234891844179419137
1234891799514116097
1234891634518745088
1234891588922466305
1234891497448800256
1234891415672500224
1234891377609191425
1234891331249606661
1234891165201203202
1234891152228311041
1234890995898122240
1234890654783811584
1234890621304868864
1234890480992866304
1234890443831336961
1234890240223072263
1234890158497058817
1234890046408404993
1234890005358764032
1234889886471200769
1234889791474409472
1234889559755968518
1234889485806075905
1234889348161601536
1234889338657394696
1234889132364750849
1234888988126777344
1234888900193243143
1234888519195205632
1234888361208315905
1234888257051275267
1234888194946224133
1234887999445512192
1234887741105635330
1234887578488365056
1234887551812612103
1234887539946852356
1234887473198772225
1234887471936176131
1234887373831516166
1234887357419151362
1234887137989971968
1234887133552431110
1234887127789375488
1234886623399161858
1234886597264510977
1234886568877461504
1234886482613153795
1234886418884943872
1234886380590948353
1234886377894031362
1234886358067503104
1234886264765239298
1234886264630857728
1234886255558696960
1234886244804505603
1234886171689353217
1234886154639544320
1234885991825051650
1234885988926861314
1234885900502470657
1234885675062829056
1234885646457745412
1234885550815031297
1234885511694647296
1234885508205031426
1234885334409916416
1234885255200374785
1234885240860049408
1234885091178012676
1234884930993295368
1234884796951691264
1234884771416858625
1234884682019463174
1234884534140915712
1234884393094844416
1234884266821144581
1234884251071414273
1234884248135487492
1234884147648303105
1234884088542236673
1234884066266230789
1234884026542022656
1234884008871415814
1234883860120449032
1234883751282388994
1234883716989800448
1234883707921666050
1234883701089193985
1234883604255256576
1234883128524713984
1234882957149704192
1234882865315360769
1234882846696841216
1234882802228899840
1234882671681118208
1234882351068581890
1234882283699625994
1234882117978480640
1234881920669974528
1234881890429161473
1234881696186667009
1234881694752296961
1234881683855417349
1234881648816218113
1234881632584245248
1234881554888962049
1234881407056564224
1234881210956079104
1234881150096637958
1234881145784995850
1234881096627740672
1234880864204488705
1234880827860963329
1234880797368254465
1234880604593967107
1234880498532483079
1234880388079554560
1234880324406063105
1234880282781720577
1234880102036639745
1234880014790864897
1234879860587319306
1234879858762813442
1234879834834264071
1234879757503913987
1234879555393007616
1234879512657219584
1234879510518149121
1234879498635616258
1234879221954207745
1234879095873376257
1234878918781480960
1234878834954117122
1234878762539462656
1234878720512602114
1234878706092519426
1234878676233326592
1234878601142685696
1234878241766301697
1234877773182795779
1234877688675999745
1234877604135608321
1234877470601568258
1234877369736929281
1234877194146635779
1234877149619916802
1234877134906253312
1234877092673839105
1234876849324544001
1234876716482531329
1234876581417562112
1234876545619124224
1234876518259679232
1234876500291223554
1234876392489259008
1234876081720696832
1234875565158621190
1234875480295329792
1234875368634560512
1234875312888000512
1234875148160897024
1234875066472652810
1234874959576666116
1234874871856926728
1234874479093919744
1234874354061565953
1234874246217818115
1234873776162078720
1234873745938034688
1234873683648434177
1234873527007879175
1234873410955640832
1234873207615827968
1234873063596003330
1234872674888843270
1234872619930963969
1234871291158650880
1234871286544900096
1234870838085771264
1234870655599939584
1234870647769178113
1234870481729269761
1234870469851074565
1234870321162915840
1234870168028950533
1234869851208003584
1234869633322278913
1234869428354985987
1234869256166219776
1234868954700615680
1234868863596138497
1234868636860461058
1234868492916137984
1234868399487975425
1234868266394439685
1234868257909334016
1234868137859977216
1234868123397959681
1234867941948248069
1234867785269960704
1234867779561492485
1234867766978465793
1234867609197326336
1234867415751766016
1234867410961928192
1234867380892901376
1234867068249530370
1234866994446524421
1234866819174948867
1234866604225200129
1234866538986995712
1234866524156022785
1234866478421336064
1234866384892497922
1234866295386132481
1234866232060452866
1234865999658340354
1234865981434081280
1234865643926773760
1234865558086148096
1234865358085017601
1234865348123516928
1234865289487056905
1234865222214656001
1234865114613985282
1234865082531819520
1234864966810972160
1234864941724848135
1234864770433638402
1234864564887597057
1234864534801829895
1234864341935063055
1234864287971205125
1234864223383146499
1234864201677594624
1234864169612201987
1234864107905568770
1234863933502230529
1234863842280321030
1234863674000584705
1234863362074431489
1234863270600806410
1234862942555951104
1234862784648765445
1234862784535580672
1234862760082771970
1234862727186800642
1234862470508032000
1234862457442783234
1234862257059790848
1234862182568988680
1234862130362486786
1234861850405277696
1234861686479294468
1234861615855566849
1234861608502988800
1234861574638227457
1234861548818051072
1234861511786586114
1234861480090198017
1234860911145385989
1234860637165170688
1234860492604280838
1234860155638091782
1234859963572477953
1234859953086763009
1234859835025436672
1234859790909820929
1234859707812196352
1234859683250352136
1234859380224471042
1234859244874280962
1234859157632831490
1234858950044069889
1234858907501309958
1234858366436024323
1234858221153681414
1234857929163051016
1234857906669019139
1234857709088002048
1234857618969104386
1234857594696732672
1234857578401869829
1234857563440713731
1234857546814566401
1234857464249667584
1234857454015537152
1234857243188834316
1234856984274513921
1234856950787137539
1234856849859588096
1234856818968494080
1234856770281132034
1234856601946853389
1234856552659636231
1234856404747505670
1234856056599216128
1234855944913289217
1234855764717641728
1234855603123761153
1234855362634932228
1234855347891904514
1234855215305830400
1234855206321639425
1234855167239086085
1234855118618710016
1234855082887389185
1234854909897519109
1234854875726581772
1234854766460784643
1234854758130819075
1234854711657926656
1234854641575354377
1234854491352162304
1234854475334082560
1234854400792899589
1234854393733881861
1234854376856051712
1234854094537461760
1234853938840686592
1234853840903602176
1234853463680569345
1234853127637078016
1234853024780210178
1234852993784328192
1234852988755247111
1234852876683554817
1234852341620367361
1234852270287790081
1234852113475350528
1234852066365001732
1234851923272126465
1234851827482595330
1234851791512182786
1234851696863567874
1234851657416159235
1234851606841241600
1234851581658529792
1234851528130863107
1234851335272632321
1234851316586962947
1234851288631980033
1234851089918447617
1234850909198352384
1234850885160914945
1234850851170213888
1234850664716677120
1234850551260753921
1234850497691029504
1234850481501089793
1234850442817032193
1234850438379339776
1234850155825897472
1234850101010587651
1234850099362238464
1234849887847665665
1234849789440921600
1234849263642927109
1234849216909934595
1234849210148806659
1234849122072571906
1234849083690450944
1234849000559382530
1234848612628254720
1234848602272542720
1234848367018205187
1234848334289960960
1234848332721291265
1234848288605642752
1234847785687666690
1234847623481372673
1234847553314795521
1234847502521769984
1234847327065706498
1234847310380748806
1234847160665022465
1234846922638286848
1234846880330326017
1234846785547513857
1234846712990179343
1234846337667149826
1234846251725860871
1234846228833239043
1234846032254701571
1234846029498941441
1234845892202631168
1234845747817910272
1234845499888414721
1234845481274150926
1234845171373793281
1234845148875513856
1234844968788856834
1234844886605668355
1234844848504569857
1234844812081319936
1234844803638157314
1234844741965164546
1234844717709434880
1234844650051121152
1234844610259714048
1234844544790880258
1234844428893900800
1234844306529275906
1234844287428218883
1234844254712815617
1234844187872440321
1234844136685129728
1234843988126887937
1234843950760038401
1234843620349530117
1234843518843133952
1234843365553909761
1234843346109157377
1234843050595110912
1234842851437154306
1234842793782185986
1234842618326061056
1234842415107887105
1234842329208455169
1234842182202404864
1234842140158590977
1234841900961718272
1234841867524636674
1234841815565717509
1234841753607442434
1234841645398609920
1234841587261329409
1234841505996648448
1234841480830676992
1234841446521417728
1234841418813890561
1234841266065674240
1234841220465086464
1234841057860386816
1234840993867935744
1234840905246486529
1234840866679709697
1234840788493885440
1234840764489912320
1234840672030601217
1234840664589946882
1234840658688520192
1234840462504136704
1234840406350848002
1234840379905761281
1234840252138782720
1234839983954984961
1234839934134996992
1234839886093570049
1234839866283896834
1234839841545818113
1234839808394039297
1234839761753444356
1234839746087673856
1234839532698292225
1234839521130434561
1234839520799006722
1234839510606843910
1234839504491548675
1234839495566143488
1234839107693666304
1234838995093409792
1234838984829915137
1234838870925115393
1234838717610811392
1234838714502828033
1234838566984921088
1234838437364142081
1234838290064388097
1234838244996419584
1234838166357651456
1234838156320468994
1234838079166459904
1234838005120143360
1234837836601360384
1234837812245078016
1234837625065934849
1234837520325763074
1234837408547590144
1234837377035755521
1234837355997138950
1234837329925328897
1234837322669154305
1234837280910725125
1234837278478020613
1234837141299048448
1234837124085665792
1234837075792482307
1234837060185403392
1234837048227397632
1234837045891272704
1234836988697759746
1234836938181484545
1234836791959654400
1234836676725399553
1234836496051589122
1234836482063466496
1234836460638961664
1234836222863904768
1234836215251251206
1234836105595219973
1234836029288386562
1234835953245618178
1234835795317608448
1234835712001728514
1234835551259439106
1234835550449872897
1234835386209271808
1234835216692383744
1234835150325854208
1234834935585918976
1234834850835771392
1234834798344130561
1234834765594976256
1234834742010314752
1234834722011910146
1234834717373083649
1234834710544687104
1234834710444027907
1234834671738990592
1234834670203949057
1234834633038147584
1234834565153382402
1234834524531499009
1234834478394171392
1234834470559264768
1234834461415616514
1234834453312212992
1234834423113224197
1234834343765381121
1234834035916070917
1234833825143967744
1234833810128285696
1234833808719073282
1234833609292427264
1234833438248767488
1234833425946857473
1234833395076730880
1234833370900815874
1234833191845945345
1234833182622715906
1234833116885372930
1234833089337155586
1234833079883194369
1234833070534078465
1234833003836301312
1234832981254135809
1234832977085026305
1234832903336595456
1234832895941971968
1234832818351607808
1234832816820625414
1234832725548290048
1234832669906817024
1234832657219031040
1234832495893311489
1234832489908178945
1234832460334161921
1234832337420083200
1234832297830047745
1234832276401410048
1234832034129948677
1234831976349212679
1234831953058131968
1234831936851410946
1234831872561221634
1234831808069591041
1234831795067195393
1234831773554610176
1234831662611079169
1234831618730274817
1234831586903961602
1234831504402010114
1234831482423775232
1234831480813215744
1234831378384068608
1234831369546670081
1234831257407754240
1234831117842362368
1234831076847214592
1234830961805795329
1234830897117093888
1234830786400006144
1234830736747880449
1234830575455875072
1234830558120828931
1234830426511941633
1234830381679022083
1234830251538206720
1234830005865263104
1234829894951096320
1234829881797640194
1234829878878441478
1234829756463448065
1234829699735572481
1234829032618889224
1234828974066286594
1234828852452569088
1234828771066249217
1234828739667791872
1234828646243848192
1234828574798098433
1234828536575340545
1234828285898625024
1234828183628910593
1234828172014821376
1234827965873229824
1234827964174434304
1234827917324161027
1234827800827310080
1234827786574950400
1234827751418454016
1234827684338905097
1234827578340495360
1234827439806853120
1234827289004826624
1234827287079608320
1234827266854617089
1234827254833782785
1234827225272328192
1234827106711986176
1234827079394430979
1234826963006709760
1234826955788255232
1234826917129396227
1234826851668971521
1234826757590659073
1234826727102308352
1234826678301577217
1234826653152481281
1234826603433250816
1234826540334157826
1234826534348902400
1234826513914171392
1234826374826930177
1234826334314082309
1234826295852388357
1234826273740017665
1234826245671702528
1234826222749745153
1234826201753059331
1234825990192410624
1234825858906574850
1234825721283063808
1234825653092003842
1234825565875642368
1234825481649840128
1234825357141970944
1234825341769801728
1234825334538883072
1234825302611808256
1234824919076286465
1234824912143077376
1234824828068253697
1234824828026224642
1234824811383283714
1234824745956364290
1234824656118583296
1234824589173235712
1234824502242140161
1234824494679777285
1234824450958413825
1234824449859428353
1234824392586256385
1234824391562842112
1234824381181898752
1234824303272742913
1234824246045663233
1234823977194881027
1234823966721806337
1234823850262695938
1234823760856911874
1234823704619704320
1234823666397065216
1234823629835251712
1234823470623711232
1234823419394482179
1234823339673300992
1234823338729656321
1234823333662875648
1234823262279999489
1234823224896212992
1234823205946372096
1234823130134306817
1234823073284657153
1234823044306173954
1234822964517928960
1234822944498606080
1234822916635799552
1234822808322134017
1234822788285943809
1234822775669510144
1234822687899426816
1234822686259523585
1234822629393076225
1234822535805624320
1234822494881746945
1234822482630184960
1234822479270567936
1234822455493038081
1234822446206930945
1234822338283220992
1234822311758454784
1234822228346376193
1234822220305895426
1234822027548164102
1234822013329584129
1234822001656766465
1234821973991198721
1234821964528832512
1234821871616626690
1234821808001441793
1234821727299002368
1234821658806018048
1234821658118148096
1234821622814642178
1234821608461737984
1234821556167159809
1234821508339503105
1234821508318584832
1234821499456020482
1234821499338592256
1234821436679892992
1234821413653090304
1234821396490051585
1234821388394954752
1234821373899440128
1234821253032239105
1234821212041293824
1234821194639192067
1234821168273772544
1234821121696059394
1234821068738658304
1234821040636923904
1234821003932569600
1234820886647189505
1234820711866413057
1234820676382601216
1234820638692560897
1234820569826197505
1234820521319161856
1234820407687077889
1234820222558883843
1234820150567849986
1234820023962738688
1234819829426802688
1234819672874328065
1234819420851183616
1234819282950856704
1234819244531036160
1234819191112445952
1234819179309604865
1234819151585271818
1234819148896784385
1234819145381941249
1234819136192163840
1234819019036876800
1234819014284730368
1234818986757574656
1234818945535954944
1234818922966372352
1234818763503087616
1234818703344177153
1234818652836372485
1234818626806591489
1234818556690403328
1234818446875152384
1234818309620731904
1234818304293965824
1234817868476317697
1234817587114053633
1234817341659271168
1234817297782648840
1234817274487476224
1234817169449459714
1234817159135662081
1234817087589306368
1234816824564502528
1234816704347328512
1234816556619751427
1234816309285834753
1234816304466493440
1234816270366904322
1234816249416298498
1234816182114553858
1234815984394960896
1234815931554992128
1234815634485207040
1234815504780582913
1234815471314227200
1234815395653201921
1234815276757274626
1234815194129424385
1234815153218211840
1234815067083988992
1234814890638004232
1234814882152951808
1234814702540279808
1234814687952408576
1234814597758058497
1234814547787157506
1234814509740679171
1234814071192588295
1234813661677572097
1234813612721606656
1234813506563854337
1234813455615643650
1234813422438625281
1234813399525142528
1234813389567860737
1234813340733538304
1234813163541057536
1234813006053347330
1234812642059018240
1234812631132798976
1234812595321876481
1234812518473883648
1234812352027033600
1234812054076379137
1234811843773968391
1234811498620473344
1234811486603796480
1234811429791895552
1234811326024896517
1234811238833627141
1234811190381076480
1234811098186092544
1234810988853067776
1234810983530553345
1234810893680205830
1234810820485357568
1234810693586735110
1234810581359693824
1234810461612396545
1234810433929908224
1234810316757880832
1234810243667963905
1234810114584043525
1234810091833937921
1234809828440039425
1234809582209392640
1234809521203240960
1234809512336470016
1234809292009693185
1234809195133853696
1234808994759311361
1234808840157351937
1234808814421016577
1234808390016212997
1234808371280257024
1234808313092755456
1234808305337479168
1234808283552194560
1234807825697779717
1234807785839263744
1234807625843453954
1234807261362565120
1234807254362271745
1234807180869672962
1234807138565971969
1234807070551085056
1234806531167834118
1234806173330792448
1234806008674967553
1234805752524660736
1234805388140216321
1234805253691858944
1234805218166091776
1234805144086368261
1234804883334758404
1234804745346351106
1234804678182998018
1234804483147759618
1234804070906572800
1234804065479073794
1234804036068573186
1234803837770387456
1234803784854966274
1234803615577100291
1234803436815888390
1234803403529900032
1234803380473749506
1234803262488031234
1234803236009390080
1234803188269797376
1234803176458608640
1234802932471795714
1234802898854346752
1234802844810797056
1234802731329769478
1234802595149090818
1234802355251634176
1234802039957475329
1234801975985922048
1234801939210276871
1234801597982613509
1234801460879282177
1234801162043494401
1234801036616925184
1234800981671587842
1234800827501404160
1234800728880840705
1234800633678585856
1234800529206906880
1234800418745655296
1234799778359336966
1234799766959206400
1234799616069120000
1234799365321089025
1234799245200384001
1234799167337312258
1234799120474353664
1234798807730311168
1234798780307922945
1234798693875953664
1234798387880431617
1234798352786771974
1234798270465105920
1234798185819840515
1234797993372667904
1234797983847387136
1234797944047591424
1234797819728465921
1234797788002684928
1234797405368967169
1234797127844409345
1234797121557147648
1234797014136868865
1234796706220400640
1234796338874847232
1234795821884940288
1234795746890784769
1234795656235102209
1234795393591975936
1234795172363427840
1234794882872508416
1234794784037883904
1234794734926942208
1234794348803510272
1234794155446034433
1234794065625047041
1234793983458541568
1234793698531119104
1234793615362347008
1234793532944265216
1234793407136092166
1234793178592632832
1234792979652579328
1234792876783083524
1234792862342090752
1234792831719497728
1234792780070780928
1234792725570113536
1234792701050093573
1234792535232581632
1234792460209065984
1234792427434729472
1234792280504008704
1234791956070518784
1234791744551768065
1234791740881690624
1234791429651779590
1234791307631112195
1234790896647970817
1234790690577637377
1234790554044596224
1234790459697963009
1234790429846986752
1234790098060881922
1234790053907439616
1234789865033785345
1234789611232251904
1234789581289115648
1234789480835485696
1234789471071166465
1234789403404402689
1234789374497300481
1234788991205027840
1234788625134563330
1234788602732830720
1234788457035321344
1234788089375215617
1234787642857938944
1234787630740647936
1234787139554103297
1234787032561569792
1234787026760851457
1234787015167807494
1234787009237069824
1234786665971011587
1234786336114200577
1234786206031937537
1234786200243908611
1234786173119234048
1234786164017631232
1234785892822396928
1234785837499473920
1234785534305853440
1234785350524055552
1234785099775987712
1234785059724562433
1234784978682236933
1234784921811668994
1234784898373824512
1234784676855926784
1234784279542059008
1234784262601289728
1234783910216765441
1234783786619068416
1234783681014837248
1234783607740403713
1234783277262737409
1234783146224312321
1234782688076275712
1234782658066075648
1234782638843551744
1234782521742766082
1234782336413204480
1234782023878938624
1234781943352496130
1234781847651000325
1234781845881081856
1234781507501293569
1234781481085624321
1234781473842122753
1234781454627999745
1234780938757976064
1234780756792238086
1234780467142045696
1234780378700886016
1234780200090640384
1234780183800033283
1234779719809294336
1234779424157044736
1234779366414045184
1234779200948752384
1234779067301421056
1234779062691926016
1234779046405275648
1234779037848961025
1234778968617865216
1234778321684246528
1234778246262206464
1234778121334902785
1234777963146686464
1234777930372460546
1234777895031185408
1234777656790568960
1234777481279889410
1234777385507139584
1234776934321676288
1234776775034535937
1234776623104352257
1234776297051762688
1234776289741025281
1234776053471744000
1234775988980142082
1234775585987203072
1234775555247149056
1234775453052887043
1234775269749207040
1234775048067698688
1234775003805208576
1234774949329612800
1234774728235155456
1234774648245673986
1234774362798133250
1234774186998063105
1234774147202416640
1234773773565472768
1234773710302842881
1234773620402073603
1234773370216026112
1234773327601950722
1234773108441133056
1234773096218988544
1234773093580759041
1234773092565688320
1234773091517112321
1234772926219669504
1234772899275378688
1234772709734744064
1234772620291301378
1234772243181338625
1234772011492282369
1234771899655360512
1234771813445578753
1234771762975584256
1234771709493960704
1234771652258476033
1234771364512456707
1234771174435041280
1234770981668954112
1234770881299116037
1234770870310187008
1234770829717770241
1234770824864858113
1234770770208968704
1234770354322780160
1234770305920520192
1234770263448936449
1234770000730189826
1234769979481956352
1234769935978631168
1234769830319923200
1234769747285348355
1234769480032669696
1234769435128410112
1234769430791565312
1234769401553051648
1234769349665329153
1234769319218819072
1234769241624186880
1234769036770238465
1234768599547547649
1234768179995475969
1234768109346664448
1234767824385716226
1234767753694916609
1234767706446008320
1234767665882894337
1234767561918599169
1234767446957051904
1234767439163985920
1234767414715387904
1234767147123060738
1234766874455552001
1234766865378967554
1234766660759932929
1234766600391331840
1234766414650707968
1234765777288474624
1234765529241522176
1234765513080942593
1234765224416333824
1234765026440949760
1234764946904428544
1234764829040267264
1234764771213398016
1234764750615130117
1234764421697806336
1234764368333721602
1234764199559139329
1234764120332886016
1234764018180591616
1234763969497268225
1234763809547575297
1234763699103117312
1234763497160019968
1234763292649893888
1234762989657612293
1234762880777621504
1234762865980166144
1234762600535281664
1234762473087041536
1234762334100475904
1234762090759565313
1234761624101191680
1234761568644104192
1234761378575126528
1234761131241148416
1234760774750478336
1234760610925203456
1234760606411976706
1234760518914760704
1234760485960060930
1234760427734806528
1234760224550027264
1234759985185329153
1234759908018528256
1234759868562669569
1234759771322036224
1234759756201545728
1234759708654874624
1234759651146846209
1234759430685777921
1234759310405664769
1234759298284126208
1234759243070410752
1234759238335057921
1234759207511044096
1234759193527189505
1234759108785590272
1234758890350432256
1234758822390042624
1234758808636928006
1234758803402502144
1234758785627041793
1234758740458528769
1234758737866391553
1234758729935007745
1234758665112051712
1234758617548623873
1234758447629029376
1234758431371755520
1234758425319485440
1234758362887311361
1234758188324597760
1234758146976968704
1234758121995808768
1234758120641093632
1234757930572013568
1234757815241236481
1234757716129800192
1234757685117100032
1234757674681675778
1234757658294525953
1234757596634058757
1234757544444383232
1234757366278762496
1234757290852483072
1234757289971576832
1234757239363264512
1234757186645000192
1234756623090028544
1234756611920613377
1234756541204566016
1234756512628736000
1234756466004852736
1234756423629844480
1234756397482508293
1234756391669239808
1234756263638110211
1234756259733262337
1234756205899284480
1234756047061037057
1234755832329404416
1234755766910881793
1234755763274424320
1234755707674800129
1234755647645855744
1234755603932831744
1234755235236794368
1234755151619149824
1234755000078884864
1234754981837836288
1234754962250510336
1234754891815452675
1234754720171995138
1234754704489484290
1234754638227922944
1234754496753999872
1234754490965909505
1234754412968660992
1234754317372055552
1234754309184729093
1234754307758678017
1234754280135053313
1234754272849530880
1234754196320243712
1234754108894085120
1234753971505500160
1234753950106124290
1234753893277556737
1234753861690286080
1234753855348445185
1234753806816235520
1234753778945069056
1234753696220753921
1234753681779761152
1234753638624571394
1234753611852341250
1234753472920195072
1234753461205577728
1234753418973065218
1234753398198632448
1234753397917614080
1234753395547951104
1234753317827379200
1234753260222898177
1234753103855005702
1234753073299542016
1234753027078328321
1234753010212970496
1234752970211893249
1234752928927354880
1234752770160386048
1234752753588719617
1234752685322141696
1234752679022399488
1234752542963310592
1234752344384036871
1234752343259873280
1234752286846521347
1234752182626418689
1234752124719947776
1234752066196733952
1234752052766617600
1234752034416529473
1234752026015342592
1234752019665162240
1234752008441225216
1234751782217228288
1234751744099274753
1234751717771579392
1234751607436386304
1234751596569014273
1234751523051184128
1234751281073397760
1234751258948493312
1234751193374744576
1234751041477935104
1234750930765205505
1234750860443430912
1234750836141690881
1234750650896060416
1234750528544002048
1234750413976612864
1234750359270129664
1234750258208440321
1234749757236613121
1234749747535253505
1234749726836297728
1234749590307557378
1234749544803557376
1234749447080435713
1234749382622371846
1234748817213460480
1234748715480559617
1234748384919072768
1234748349233889280
1234748303444762624
1234748202240356352
1234748158930046976
1234747819300442116
1234747765735002115
1234747732029472768
1234747442396094464
1234747292139343873
1234747192080052225
1234747101931765765
1234746825988550656
1234746712599748608
1234746397812981760
1234746216904372225
1234746152748277760
1234746058414096384
1234746026520711169
1234745964403085313
1234745954990985216
1234745890436505601
1234745857951567872
1234745692750397440
1234745520402370560
1234745209088438272
1234745057942605824
1234744815692210176
1234744792132866048
1234744480189775873
1234744405279596544
1234744303836160000
1234744293115486208
1234744177868578816
1234744097161826304
1234744088953544707
1234743996448215041
1234743872418439170
1234743870614835200
1234743532214202369
1234743472223064064
1234743395693846528
1234743331487350786
1234743005661278208
1234742977047691265
1234742935578718208
1234742698499870721
1234742676282576896
1234742634486358016
1234742508434939904
1234742289983004672
1234742179928641536
1234741943198003200
1234741667615387648
1234741640553779200
1234741473511383040
1234741270184124416
1234741154316455936
1234741071768440833
1234741022900572160
1234740992860917760
1234740951815467009
1234740816679227393
1234740812451323904
1234740749331247104
1234740553679613952
1234740437258297344
1234740429876289538
1234740411094196227
1234740356484411392
1234740044142911489
1234739944750534657
1234739913591005184
1234739905433088000
1234739809593196545
1234739719608684545
1234739587358035968
1234739549647114240
1234739291395383302
1234739131617595392
1234738738326052864
1234738585754050561
1234738533887283201
1234738449292369921
1234738322196586496
1234738215254396929
1234738050460266496
1234737946751897600
1234737585295110144
1234737308659830784
1234737019139612673
1234736295462756352
1234736190152232960
1234736181902020608
1234736153045164034
1234736106526183424
1234736049655623680
1234735935440457729
1234735916532555776
1234735870877499393
1234735739591708675
1234735406979133440
1234735301563703296
1234734762193047552
1234734755175944192
1234734729963937794
1234734727845859328
1234734646048546816
1234734628478627840
1234734333627437056
1234734143772209152
1234733964910383104
1234733957360574464
1234733847880896512
1234733735037358080
1234733722970345472
1234733669920714752
1234733640598327296
1234733551616241664
1234733185445122048
1234733101349253120
1234733016167190529
1234732706740740097
1234732372597334018
1234732310735486976
1234732119236194304
1234731949895438338
1234731947697623040
1234731809658810368
1234731762934276096
1234731700741197824
1234731596286242816
1234731547355467776
1234731302219370496
1234731291549065216
1234731246602870785
1234731165690535936
1234731165396983809
1234731118244638720
1234731031510605826
1234730985327136769
1234730982340808704
1234730871414022146
1234730857484648449
1234730490743152640
1234730438230499329
1234730435021811712
1234730322220154880
1234730191450144768
1234729989985185792
1234729563349016576
1234729542796836864
1234729497460649984
1234729288202674176
1234729263267536902
1234729149949935617
1234729135047614464
1234729126566690817
1234728877278351360
1234728788887560192
1234728733334024192
1234728731874336768
1234728588202606592
1234728408090914819
1234728377438916609
1234728309533167617
1234728126560821250
1234728044520189952
1234727764802068481
1234727681641586690
1234727633642049536
1234727484366770177
1234727181059809281
1234726917686923265
1234726884740665344
1234726741609938944
1234726479906426881
1234726469605249025
1234726393688285184
1234726373001957376
1234726353825607680
1234726151643332610
1234726095838175233
1234725555725049857
1234725459511914496
1234725435029716994
1234725151444545536
1234725114715025408
1234725076882382848
1234725019369996290
1234724987157782528
1234724664628391937
1234724241335050242
1234723996689739777
1234723842435710976
1234723654153461760
1234723427417763840
1234723326666399744
1234723258836148225
1234723018565472256
1234722986961309696
1234722666176811008
1234722578750636033
1234722343097978880
1234722297732308993
1234722156099055616
1234722023353573376
1234721642414321664
1234721496305672192
1234721472347877376
1234721418023186432
1234720841734205440
1234720544668430337
1234720387180769282
1234720253986385921
1234719605702221824
1234719224100278272
1234718980234854401
1234718647287009280
1234718460049022978
1234718328339542016
1234718224433975296
1234718197485580288
1234717769628864514
1234717544797347841
1234717206778437632
1234716786626613248
1234716782784663552
1234716704225349637
1234716630686609408
1234716597480230913
1234716430471454720
1234716195984683008
1234716061850914816
1234715895567671297
1234715870489989120
1234715706052227072
1234715369211924486
1234714931825647617
1234714750908608512
1234714733699268609
1234714648081051648
1234714503566286848
1234714452085350400
1234714283210133504
1234713827012378624
1234713325159604224
1234713016979070976
1234712824439615488
1234712180089663489
1234711877843922944
1234711864891912192
1234711736424501248
1234711731819155456
1234711642300133377
1234710659763515392
1234710356464951296
1234710147039211521
1234709825331879938
1234709064212471809
1234708967621844992
1234708861220794368
1234708647688704006
1234708229793382401
1234707037319286784
1234706425550647296
1234705908439093248
1234705765186834432
1234705709637435393
1234705407177887744
1234705342988197888
1234705220606754816
1234704864938221568
1234704335642202112
1234704283087581184
1234704151763935232
1234703606747684865
1234702078305619970
1234698363427282945
1234696525277794304
1234696037295587328
1234694517602779138
1234691307081228290
1234690523153256448
1234690512189349888
1234689597084487681
1234689021256830976
1234686488538836992
1234683911378092038
1234674381046992897
1234671947042082820
1234671537346629634
1234666657324257292
1234666609580503043
1234666404302819328
1234664545211146241
1234664344882831371
1234663816220168193
1234662690150203393
1234661111661596674
1234659640408973312
1234658514078814208
1234658056551550977
1234656176534671360
1234654517922324486
1234653605489205248
1234652792289021952
1234652724299431937
1234652568049111042
1234651114055835648
1234649642664628224
1234648293877174272
1234647139038441478
1234646517773938690
1234645975601438723
1234645083603030017
1234644959770357761
1234644946591764480
1234643324650369030
1234642648230694917
1234642413265866754
1234642024005033986
1234641674145599489
1234641482444943360
1234641433325449221
1234641349531533318
1234639895215431683
1234639722259066880
1234639005574189058
1234638951195070464
1234638342408544256
1234638229996961792
1234637705163624448
1234637664185409536
1234635563573096449
1234635510871707648
1234635109233577985
1234635086336811008
1234635027176214529
1234635025724907520
1234634928282914816
1234634909744062464
1234634849862004736
1234634838046580736
1234634672342216705
1234633616803737600
1234633585119965187
1234632702009192448
1234632601337565185
1234632588297412611
1234631795448176641
1234631456112226304
1234631164910067713
1234631087709663232
1234630931912241153
1234630851280932865
1234630699140829184
