1237528365914918912
1237528086289113088
1237527945859567616
1237527868965408769
1237527500646830080
1237527030243028993
1237526976614690822
1237526301495291910
1237526128761253888
1237525889329401857
1237525876889153538
1237525563058704385
1237524884139343872
1237524345661976577
1237524126459260928
1237524024776777728
1237523907298471939
1237523573939376128
1237523220250517504
1237522779127181314
1237522240729579520
1237522217983827968
1237521518306852864
1237521471913615360
1237521384252686337
1237521082569064453
1237521063572992000
1237520983054942208
1237520968634920960
1237520845188157440
1237520673041289216
1237520520381259776
1237520495664181249
1237520185017470977
1237520082453979137
1237519701892157440
1237519506945110016
1237518998218117120
1237518674250137606
1237518616410517505
1237518599788482562
1237518391738433536
1237518237476085767
1237518061072052225
1237518048719859715
1237517977823645697
1237517725880266753
1237517664538341376
1237517622180118528
1237517542257594369
1237517413597335554
1237517296840531970
1237516968317472769
1237516577123102720
1237516050960244743
1237516032421617664
1237515831434719233
1237515557529726978
1237515362377150465
1237514786633592832
1237514520437723137
1237514308679958529
1237514221866418176
1237514143193870339
1237514101233983493
1237514011081613312
1237513859897782272
1237513859654651906
1237513829652795394
1237513673960124419
1237513665915637765
1237513500307542016
1237513460264640516
1237512930016391170
1237512854749642753
1237512806636957703
1237512783299633153
1237512637262352385
1237512569356615680
1237512520908193792
1237512489442648066
1237512377005797376
1237512097002672128
1237512092833415169
1237512063976501248
1237512017751076865
1237512008431517696
1237511907931648001
1237511872284418054
1237511838641860610
1237511721738104832
1237511497640636416
1237511358192726017
1237511035180822528
1237510994781302784
1237510951726993410
1237510769295540224
1237510615872069632
1237510537795137536
1237510387236392960
1237510225168437249
1237510190687227904
1237509879159382018
1237509802365980672
1237509791473229827
1237509762952110083
1237509544223391745
1237509535339655169
1237509523633393665
1237509514972352514
1237509315285532672
1237509251444150282
1237509225095393280
1237509211245940738
1237509201867522049
1237509108703485954
1237508798840893440
1237508647422283776
1237508634793263105
1237508547006459905
1237508228747067392
1237507346689077250
1237507154858217474
1237507095303340033
1237507079075659781
1237507023308275713
1237506869683339264
1237506841283661824
1237506759503360000
1237506748681990144
1237506720655532032
1237506423921074176
1237506301434818561
1237506099776860160
1237505946286354432
1237505811133448192
1237505477564563461
1237505225797189632
1237505208114003969
1237505198580535297
1237505058453012481
1237504316421730304
1237504313762742272
1237504156610383872
1237503832487112704
1237503798018359299
1237503747447808002
1237503730305527808
1237503565473689600
1237503556544073728
1237503492714942465
1237503482938028032
1237503376537067523
1237503312716541952
1237503258438049792
1237503239140106243
1237503186312876033
1237503058315292673
1237502861069537281
1237502142329520128
1237502129943666689
1237501947218931722
1237501851588792326
1237501625503268864
1237501556360085504
1237501540828618752
1237501288788746241
1237501269528449024
1237501263765540865
1237501236703907840
1237501099625664514
1237501038401331201
1237500987558027265
1237500664210771969
1237500598829961217
1237500482085703681
1237500479720099840
1237500440771792897
1237500342268579840
1237500159375872003
1237499939833417729
1237499759683874822
1237499676854796288
1237499539269070848
1237499371438080008
1237499350848331777
1237499314424905731
1237499211966492673
1237499134317334529
1237499129988857857
1237499042004979712
1237498904092069889
1237498827013120000
1237498684989943809
1237498617163849733
1237498608905322497
1237498604652244992
1237498575950622720
1237498488293937158
1237498201588019205
1237498178729099265
1237497883026472960
1237497773399867398
1237497679434915842
1237497281806569478
1237497186079977473
1237497172016476167
1237497082472169485
1237497051723845635
1237496993091633153
1237496725943865344
1237496687863762944
1237496612466851846
1237495955307597826
1237495697366224899
1237495589593583616
1237495481233793027
1237495406826790913
1237495329240625153
1237495251255930881
1237495123640008713
1237495092069498888
1237495044770316289
1237494928328085505
1237494841732411396
1237494577805877249
1237494542124879879
1237494198556909574
1237494183755165697
1237494168060133377
1237493960072933376
1237493877290012673
1237493544635568138
1237493358848815105
1237493280176300032
1237492945756065792
1237492857495326722
1237492831637450757
1237492724124790785
1237492692403335169
1237492326504767490
1237492320108515333
1237492236360847369
1237492186809339904
1237492084728365057
1237491982185959424
1237491964607594496
1237491884358078472
1237491834559094787
1237491799024902145
1237491716095180801
1237491599652851715
1237491523320717312
1237491493687959553
1237491401899810817
1237491299814604807
1237491172991533057
1237491169740947457
1237491126862479360
1237491098324475905
1237491016472633345
1237490983870349318
1237490967642615816
1237490798402375681
1237490675769323520
1237490599357558785
1237490531992776706
1237490503287013376
1237490416771051520
1237490349507055618
1237490325578547200
1237490234155302912
1237490232196505609
1237490037492789249
1237489974276227072
1237489762291892225
1237489741890805761
1237489483874029569
1237489455625371649
1237489424067448832
1237489360850821123
1237489302440902667
1237489105795244033
1237488696217210882
1237488672703987715
1237488670761988100
1237488623748030464
1237488510795464707
1237488321972101120
1237488133261922309
1237488092308701185
1237488083819540480
1237488001690873876
1237487815719620608
1237487749101428737
1237487734295613441
1237487608487436294
1237487577873219586
1237487126897401856
1237487124657684481
1237486911561883649
1237486883866841089
1237486843974868992
1237486843429560324
1237486754430701569
1237486746255884288
1237486698919051266
1237486503380606979
1237486391984037890
1237486348606623745
1237486322685788161
1237486278331060230
1237486235125456896
1237485885068845057
1237485620211134465
1237485575642525699
1237485396294012932
1237485378942259201
1237485340631367681
1237485230677729280
1237485205205782530
1237485095226933250
1237485058740686849
1237484951643316232
1237484852523479040
1237484807778639872
1237484621299961856
1237484048366305281
1237483900634619909
1237483752454074369
1237483652063186945
1237483623940587522
1237483513923997698
1237483468927520773
1237483370839490561
1237483143688577027
1237483141104832512
1237483114500370434
1237483020321525760
1237482790402306049
1237482528522620931
1237482467214450704
1237482430715564032
1237482353385144321
1237482263715229697
1237482082504409088
1237482064552824832
1237482051869331456
1237482050363539456
1237481944381820928
1237481909246201859
1237481791482736641
1237481597512884224
1237481519112957953
1237481322354008070
1237481081563222016
1237480310050258945
1237480206543343622
1237480159495827460
1237479912568692736
1237479901726494722
1237479535400148993
1237479430823575554
1237479345565978624
1237479171531603968
1237479003402928128
1237478945425104898
1237478860465242119
1237478665744789505
1237478613311766531
1237478524916727809
1237478209177911296
1237478120292331522
1237478027870834688
1237477832923795459
1237477811646074881
1237477783485505536
1237477778603364354
1237477562038857728
1237477537820766208
1237477406329524225
1237477373693607936
1237477188468912129
1237477160945926144
1237477150875410432
1237477016066297866
1237476865197178883
1237476806099456001
1237476780153372677
1237476751795728391
1237476671239880709
1237476586724700161
1237476256129613824
1237476225939095552
1237476216401203200
1237476180082728963
1237476103993937927
1237476088407867393
1237476049618907141
1237475893339136000
1237475700560535553
1237475623452454912
1237475580653768704
1237475560399540224
1237475558268731394
1237475491965263872
1237475390001733634
1237475335287037958
1237475290835750917
1237475234049150976
1237475093481238530
1237475071846797313
1237475060866318336
1237474882000224266
1237474826140475393
1237474800077099008
1237474719886163970
1237474674726129664
1237474642882945031
1237474592236675074
1237474548217495554
1237474534967652354
1237474372874579970
1237474211762847744
1237474169018859521
1237474072688295939
1237474054761852929
1237473884355678210
1237473859789561863
1237473840210591744
1237473646555299843
1237473343898636293
1237473118664437763
1237473117016113152
1237473020597460994
1237472903437967361
1237472882571304963
1237472720377581569
1237472518413451265
1237472304126464004
1237472228192681984
1237472128318005249
1237472094054682626
1237472077508161542
1237471503026917379
1237471406205665286
1237471349825835010
1237471195395743745
1237471011521597443
1237470928562421760
1237470670017245184
1237470623431110659
1237470470380888068
1237470463724568576
1237470461623185408
1237470391699898370
1237470387270594560
1237470346099544064
1237470306438189056
1237470290906681350
1237470072018534411
1237470024714973184
1237469904196046849
1237469873141428225
1237469681755308033
1237469600805257217
1237469475177484288
1237469457947246592
1237469419812593665
1237469411621158913
1237469379220078602
1237469341433634816
1237469234541875200
1237469204908998656
1237469030639861767
1237468970334031872
1237468849294974978
1237468845511761921
1237468594738327552
1237468531727503361
1237468497854291971
1237468327401992192
1237468309433524225
1237468210540281859
1237468169729642496
1237468127904104449
1237467980465934336
1237467915626205185
1237467839377731584
1237467770977042432
1237467698436673536
1237467692002684928
1237467622821613568
1237467500771770368
1237467484883759104
1237467269862699009
1237467010029760512
1237466519514296320
1237466519455567874
1237466431526223873
1237466415529156608
1237466327276834817
1237466268581736448
1237466129599250432
1237466032840769536
1237465932177518597
1237465866859622401
1237465671665176578
1237465574894174210
1237465531390836742
1237465361844506626
1237465238670315531
1237464952035835911
1237464602084020224
1237464533519736832
1237464443702968321
1237464309262942209
1237464112675852289
1237464102425018371
1237463621573185550
1237463568662122499
1237463106906816514
1237462922277904385
1237462674901995520
1237462566160474112
1237462391216054273
1237462265261146114
1237462237712875520
1237462006896173056
1237461983441686534
1237461978106470406
1237461967843065856
1237461748678111235
1237461721436114945
1237461720823664642
1237461587134427136
1237461549280899072
1237461487020638208
1237461435938148358
1237461348159827968
1237461306942337025
1237461216211148804
1237461185529884675
1237461014037307392
1237460865521238016
1237460730812694530
1237460712030699520
1237460585371049990
1237460194549956609
1237460164862775297
1237460092359823360
1237460076841050115
1237460013079281666
1237459820095078400
1237459792509231105
1237459531363422212
1237459491060408320
1237459304455831552
1237458760869662720
1237458318077165568
1237458253392609280
1237458099570724870
1237458088808067072
1237457986983022595
1237457682119917568
1237457616986615811
1237457578591948810
1237457313675522050
1237457304125145091
1237457259023814656
1237457130795474944
1237457092056879109
1237456866688598016
1237456836082774020
1237456743350898688
1237456686442590214
1237456683804352518
1237456425900793857
1237456304790278146
1237456197315366912
1237456194060648448
1237456139916316672
1237455978024652800
1237455908503945218
1237455884164517888
1237455824777351169
1237455824521486336
1237455794343477249
1237455728547332098
1237455665356050433
1237455459512008705
1237455238354829313
1237455234416488453
1237455078199566336
1237454985610346496
1237454815711694850
1237454674028122112
1237454522714329091
1237454104374521856
1237453896198623232
1237453718448156675
1237453582733062145
1237453303690264576
1237453251987099650
1237453165668302854
1237453095124287489
1237453032494956545
1237452973309116428
1237452698104070144
1237452661865283584
1237452478595112960
1237452337721020418
1237452072263520257
1237452070346727424
1237451831590162434
1237451823390306305
1237451781409472513
1237451539888906240
1237451533178081281
1237451454631292928
1237451453603725314
1237451422662144000
1237451243301359617
1237450784532504580
1237450667725373440
1237450523642601472
1237450467057315843
1237450315152195584
1237450244444520459
1237450154132856832
1237450106925977600
1237449929284599808
1237449879334633472
1237449805024067585
1237449756743434241
1237449695779262471
1237449553751793674
1237449353318617092
1237449348537081859
1237448883074215936
1237448635815792645
1237448628144349185
1237448617134342148
1237448569503744002
1237448564495745027
1237448019211149312
1237447963426914307
1237447884297117696
1237447669569781763
1237447658857521153
1237447635163852800
1237447633511333888
1237447593220804608
1237447581011148802
1237447461817454597
1237447400672854016
1237447394528301056
1237447068844687361
1237446911906455557
1237446899722072064
1237446875864862721
1237446760945106944
1237446723213164544
1237446711158673408
1237446609685884928
1237446589054156800
1237446468929310721
1237446465464799232
1237446445235687428
1237446442622558208
1237446359780753408
1237446250582196227
1237446162225008642
1237446156550094848
1237446098563870727
1237445990141112320
1237445868606947333
1237445658472263685
1237445605573693441
1237445507741626371
1237445486958850052
1237445462019489793
1237445390770864129
1237445387339923457
1237445370579488770
1237445355433865217
1237445267395358720
1237445199682580483
1237445145311805442
1237445144615555072
1237445114093613061
1237445069306822657
1237444922745204736
1237444735935090688
1237444641840148485
1237444632432250881
1237444557786267649
1237444451108294657
1237444406476771329
1237444294736334848
1237444227782623232
1237444189744517120
1237444086468169731
1237444081917313032
1237443887091847169
1237443710301827072
1237443616626352130
1237443525777727496
1237443520803352578
1237443278393376768
1237443242309844994
1237442886611996672
1237442829275803653
1237442784359038977
1237442724183314432
1237442670114603009
1237442426333212673
1237442328257794048
1237442109403267072
1237442058358591489
1237441774601351170
1237441755752083461
1237441631994986496
1237441626357870594
1237441511849168897
1237441507730358273
1237441444325048320
1237441436716609538
1237441419687624704
1237441289580433414
1237441223431946241
1237441114086481921
1237441073250779139
1237441037003603968
1237440905033940997
1237440626033123336
1237440309778399232
1237440259002073094
1237440125514194947
1237439708113899520
1237439645920694273
1237439577062858753
1237439494749474816
1237439484540616705
1237439226796539905
1237439098446581760
1237439031450968065
1237438903847718917
1237438677942448128
1237438571587555328
1237438332830916610
1237437940529278981
1237437766121803776
1237437679337439233
1237437528984215553
1237437431269470211
1237437398826483712
1237437326285996032
1237437264881504256
1237437203485204481
1237437181389651970
1237437009238593537
1237436777515884546
1237436636188889090
1237436451786305536
1237436378759258116
1237436246508658688
1237436186274205696
1237436176019140609
1237436098575556610
1237436076979097602
1237435786326413314
1237435776452956162
1237435583242346496
1237435448722628608
1237435272377307136
1237435267881078784
1237435207776681985
1237435049210982400
1237434772244369408
1237434630292324353
1237434621681377280
1237434378487238656
1237434342743433216
1237434298799542272
1237434261331984389
1237434191924600834
1237434079777378306
1237434067437654017
1237433863690952708
1237433819537346560
1237433787501477890
1237433786838781952
1237433680055939077
1237433540029173760
1237433517971251200
1237433510354464775
1237433306028875777
1237433281353834500
1237433154589384705
1237433143004626950
1237433110444285952
1237433004445913089
1237432861520728065
1237432780256161793
1237432722374692867
1237432675658391557
1237432614920884225
1237432575389503496
1237432540190957570
1237432247302717440
1237432189891076096
1237432138875764737
1237432059150454785
1237432014250348549
1237431916107829249
1237431757219258376
1237431713988567041
1237431701204320256
1237431591309369345
1237431482286845953
1237431252233465858
1237431248429223939
1237431238333534208
1237431156615925766
1237431145840676864
1237431142514601985
1237431059878481921
1237431000592011264
1237430921265102854
1237430793930235904
1237430772820213762
1237430635624628225
1237430634001375237
1237430215275687937
1237430090641932288
1237429585526108162
1237429394718756865
1237429238871003137
1237429003000188933
1237428996494802946
1237428929390092288
1237428816395612161
1237428735261003776
1237428730529800192
1237428727119843328
1237428613894594562
1237428515944812544
1237428479328739329
1237428429315866625
1237428216475852801
1237428142018564097
1237428106475868160
1237428061391523842
1237427778267549698
1237427651276570626
1237427578476146690
1237427356870029312
1237427301819842566
1237427284153454592
1237427277941616640
1237426971698704394
1237426950915817472
1237426941738864644
1237426894292815877
1237426790081146880
1237426704940969985
1237426671311085570
1237426611466711041
1237426562120790022
1237426313943748609
1237426312756822016
1237426307673268226
1237426229671866369
1237426103637196801
1237426094044622848
1237425801966030849
1237425796928745478
1237425703437688834
1237425522403090432
1237424988073885698
1237424770628702209
1237424764911837186
1237424716073381891
1237424691910004737
1237424531247190018
1237424526654353408
1237424364632621056
1237424217752305667
1237424196558471168
1237423737923940353
1237423531585146882
1237423506683506688
1237423483811962880
1237423421576937474
1237423411082731522
1237423239946698755
1237423230257901573
1237423222938836993
1237423208283996160
1237423089161580545
1237423083264319488
1237423030466498560
1237422358278922243
1237422341673693184
1237422336636321797
1237422304684015616
1237422270911524864
1237422238732820481
1237422176766214144
1237422144415584256
1237422028128387073
1237421997769908224
1237421985912651776
1237421690185007109
1237421658039824384
1237421559859601413
1237421531778744320
1237421454347640832
1237421427902611459
1237421221849051136
1237420913446080513
1237420897075638273
1237420574302969874
1237419945224536067
1237419838089375744
1237419761396580353
1237419695369748481
1237419651266740224
1237419534522474496
1237419261678833664
1237419231886655488
1237418981826400261
1237418617714638848
1237418396893040641
1237418353280647168
1237418318384050181
1237418288004677635
1237418212947615744
1237418175601524736
1237418154709696512
1237418106961739776
1237418072027336706
1237417961289383937
1237417822273376257
1237417764475875335
1237417617993932801
1237417395507073024
1237417218230702081
1237417032817291264
1237416882250145795
1237416856916504576
1237416784900341760
1237416679501692928
1237416560966471686
1237416546991050753
1237416534747865090
1237416351737827330
1237416255734284290
1237415957536145410
1237415889835896833
1237415865496285184
1237415849859919873
1237415815114153984
1237415787075375104
1237415719488421888
1237415716518866944
1237415560037662726
1237415557588291585
1237415493587406849
1237415476965322752
1237415450646118403
1237415342550462464
1237415243661402114
1237415010655260672
1237414768576802817
1237414592281706497
1237414569741606912
1237414184092086272
1237414099815981057
1237414041460641795
1237413907377065988
1237413862003150850
1237413845368475650
1237413679412453376
1237413476454318081
1237413434242871298
1237413304273944578
1237413223646801921
1237413113353269249
1237412631218204677
1237412451626430469
1237412424128647168
1237412348698165248
1237412243282763777
1237412080069873672
1237412071848935426
1237412000466075648
1237411914411585536
1237411699965267968
1237411490090680322
1237411381659525120
1237410949398659072
1237410843702198273
1237410819232665601
1237410809137057794
1237410742472781826
1237410628949721095
1237410609312006144
1237410482472042496
1237410432064851969
1237410244126441472
1237410091646816256
1237410074915672066
1237410054204280833
1237410005479034885
1237410003969073153
1237409993701326848
1237409885991682048
1237409820271169537
1237409690696417280
1237409610258157570
1237409598652526592
1237409525059260416
1237409443790364673
1237409416225460224
1237409328186916864
1237409294875852802
1237409248876912644
1237409066609258497
1237409039820165120
1237408863139385345
1237408849394577408
1237408801860575232
1237408736370667523
1237408649988976640
1237408631211130884
1237408477758328832
1237408417045716997
1237408390671937536
1237408216323063809
1237407886827040774
1237407875930165252
1237407804694159362
1237407773102661634
1237407584929415174
1237407438959030272
1237407256100175872
1237407117826555908
1237406730449018882
1237406451972407297
1237406374591631360
1237406278164590594
1237406236280225792
1237405972752187392
1237405881077301248
1237405855211040768
1237405738395414529
1237405627556810752
1237405522841796610
1237405517456310272
1237405253944971267
1237405104225038339
1237404986860023808
1237404971164938248
1237404801886978048
1237404735625445377
1237404679795073026
1237404558558707712
1237404550446878722
1237404529043410944
1237404154542395392
1237404085801889792
1237404069293174784
1237403868658569217
1237403556937977856
1237403279849594881
1237403085011652608
1237403054896566276
1237403037636997125
1237403024429125632
1237402966321172480
1237402629543727107
1237402564397871107
1237402332196999170
1237402326337552384
1237402270033235969
1237402252790374400
1237402235019108353
1237402202408464384
1237402187397038080
1237402168539385856
1237402154442391552
1237402093314543617
1237401992722550793
1237401983306399746
1237401905439092736
1237401889542680576
1237401857896648704
1237401643941089280
1237401630846390273
1237401451611279360
1237401148438396935
1237401066460848128
1237401017307877377
1237401007518253057
1237400991068237826
1237400934029897739
1237400926526332928
1237400750235561984
1237400731994460161
1237400685790052354
1237400593867685888
1237400571985960961
1237400524007387137
1237400521226551296
1237400369656934400
1237400351399186433
1237400264916840459
1237400230808731649
1237400084335267848
1237400059882491905
1237399907771826176
1237399879317585920
1237399629270040576
1237399530783604736
1237399417524756480
1237399408104419330
1237399381881556994
1237399328936931332
1237399198871564288
1237399195147030529
1237399163668758528
1237399111634243585
1237399035692101632
1237398916167073794
1237398915374297088
1237398710302191617
1237398646360023040
1237398458325221376
1237398399135219712
1237398371159212034
1237398218218057728
1237398192343277568
1237398078589669378
1237398039523966976
1237398001750085632
1237397925581533186
1237397651987054597
1237397413536706560
1237397409015070720
1237397363557359622
1237397172615884802
1237397084753584128
1237396862002479104
1237396790854516738
1237396414151319553
1237396266717413377
1237396244495872005
1237396223184666630
1237396086479781888
1237395880514211846
1237395782010994688
1237395763472318465
1237395721302814720
1237395710716203008
1237395317147856899
1237395217558298627
1237395054894841862
1237394722882121733
1237394700287348740
1237394659220934663
1237394334426648578
1237394313169924097
1237394284594135040
1237394224242290688
1237394115051962372
1237394109674872839
1237393984084799489
1237393917688942594
1237393633134825473
1237393574947250180
1237393377290670080
1237393366083485703
1237393316909420546
1237393248655568896
1237393216380395521
1237393114366525441
1237392701626003459
1237392678393790464
1237392654943440898
1237392311387971587
1237392243163455489
1237392229649371144
1237392209063735297
1237392111516835841
1237392095431626754
1237391911658254338
1237391864044503044
1237391862471639044
1237391797560598529
1237391686315065345
1237391637963108358
1237391236396224513
1237391013062172675
1237390940957855747
1237390688292986880
1237390654604365827
1237390652695957509
1237390458839420928
1237390435414237184
1237390216324759557
1237390155662557196
1237389799457034240
1237389785922023426
1237389584410890240
1237389428571557890
1237389357847171076
1237389240582828032
1237389214175485953
1237389149147033611
1237389141798612992
1237389135070916608
1237388486132432897
1237388432831217667
1237388419388473345
1237388225385074688
1237388155143122946
1237387694994370560
1237387689168494594
1237387657824497671
1237387494758309889
1237387196820119555
1237386952426631168
1237386862945128449
1237386791922978816
1237386605687521280
1237386399306756100
1237385661943955459
1237385198506999808
1237384812123402242
1237384746746793986
1237384722298408960
1237384628824137728
1237384612889989120
1237384437660151810
1237384404541902850
1237384339484291073
1237384307544657920
1237383890307887110
1237383822255091714
1237383677803446275
1237383640927162368
1237383577014239234
1237383513713844224
1237383495586021376
1237383488292208640
1237383446785339393
1237383331232137216
1237383172574154753
1237383033369444353
1237383003749351424
1237382993091665921
1237382955162632193
1237382823448887297
1237382777634512898
1237382765601075200
1237382764585984000
1237382710680670209
1237382638471536640
1237382549317378048
1237382475317252101
1237382390349250561
1237382358871027718
1237382240885035009
1237382235919200256
1237382107267244033
1237381969240928257
1237381934482960384
1237381801439563778
1237381764009668609
1237381758036869123
1237381659844018181
1237381496396304385
1237381468407693314
1237381451798241282
1237381443581444099
1237381395271516160
1237381388275417088
1237381301600243714
1237381169752297473
1237381105642344448
1237380945814212608
1237380900876423168
1237380879988768768
1237380861160574976
1237380541495861248
1237380364554862592
1237380363141382145
1237380038313545728
1237379616555307009
1237379458547449857
1237379416189214722
1237379178460299264
1237379067319590912
1237379044532015104
1237378982653374464
1237378951183507457
1237378935303929858
1237378923941580801
1237378897165115397
1237378876101332992
1237378721746731008
1237378672253861890
1237378568398819328
1237378266790531077
1237378264240447489
1237378249631707142
1237378246779568131
1237378242945974272
1237378185282629633
1237378164348854272
1237378130131726337
1237378017594429440
1237378016952582145
1237377971717095424
1237377864867155973
1237377780557455367
1237377702023385089
1237377399702028288
1237377234857582592
1237377064124198913
1237377014836985862
1237377007471771648
1237376984663101442
1237376965419642880
1237376941000404993
1237376903746592769
1237376877729386496
1237376815892779008
1237376681549221889
1237376639207645185
1237376571746529283
1237376363914543105
1237376185493000196
1237375996044640259
1237375969251315713
1237375916055179264
1237375877668843521
1237375840788283394
1237375373194735616
1237375278202191874
1237375260766453760
1237375078439976962
1237375022500589570
1237374998823809025
1237374915944333312
1237374903273369606
1237374792086564866
1237374413554831360
1237374395796119552
1237374128577003520
1237374030199603200
1237374026634399745
1237373994376011776
1237373960788103168
1237373918547148800
1237373851715219460
1237373836888354819
1237373781821263873
1237373748673687558
1237373709389828106
1237373625814200320
1237373580956098562
1237373575474053120
1237373326311505920
1237373307042881537
1237373178894303233
1237373172321746944
1237373128130678789
1237373028977303554
1237372967711133696
1237372879588769793
1237372837163421696
1237372674411814912
1237372598557847561
1237372524981301248
1237372517079224320
1237372271305654272
1237372237461815296
1237372215680794629
1237371774809104385
1237371621138186246
1237371549939892226
1237371548358660097
1237371428279853059
1237371376551559169
1237371297988063237
1237371100180418566
1237371079204786178
1237371069167779841
1237370843493273601
1237370800833024001
1237370773318373382
1237370734898536448
1237370718427496450
1237370684361375748
1237370571995975682
1237370545211138055
1237370531957145600
1237370476474875905
1237370438285701120
1237370433676115968
1237370320274763776
1237370233788215296
1237370131598245889
1237370038505672704
1237369953323560960
1237369827360202755
1237369708418039808
1237369444458024962
1237369165805162498
1237369106061541377
1237369068186976259
1237369042899517443
1237368985802375169
1237368942072664065
1237368783188213761
1237368745418522626
1237368594637434885
1237368513985220608
1237368492661317633
1237368474516717569
1237368474407706624
1237368447119564800
1237368263736205319
1237368245310631937
1237368017153114112
1237367976749346817
1237367927290159104
1237367819081261057
1237367630945759235
1237367626952781825
1237367535533686789
1237367522657271809
1237367502491000834
1237367436527181824
1237367385474174976
1237367383347601408
1237367228514910211
1237367075871522824
1237367045093761025
1237366999560458242
1237366958645018624
1237366903414435842
1237366809017364480
1237366734392373249
1237366713416548353
1237366662753669120
1237366620500230145
1237366514329812993
1237366133793206274
1237366088893116416
1237365944625831939
1237365925009141766
1237365908248682497
1237365898434023425
1237365673904529409
1237365662521188353
1237365596465102849
1237365585807319041
1237365477480923136
1237365459844030464
1237365453498068992
1237365322333802497
1237365202796118019
1237365062546964480
1237365058952474624
1237365032742248448
1237365029969805312
1237364967982186498
1237364863791439873
1237364779888631809
1237364580977979393
1237364551215190016
1237364515572002818
1237364497725247493
1237364442037465088
1237364362261803009
1237364330489921536
1237364304934047745
1237364291965202432
1237364282607755271
1237364262076588032
1237364246784196609
1237364153842634752
1237363977920929801
1237363977782546433
1237363928855982081
1237363912254857216
1237363811050536960
1237363777076633600
1237363742121381892
1237363693576425472
1237363636043239424
1237363520754384896
1237363472486354946
1237363361664446470
1237363118738726913
1237363091391873025
1237363088598487040
1237363029802651648
1237362931806896128
1237362769978064898
1237362765720883201
1237362550557356038
1237362483200999424
1237362479874932737
1237362436040089601
1237362257778147328
1237362224475275264
1237362135690338304
1237362042253783040
1237362013656973312
1237362006870687746
1237361882677358593
1237361821465620481
1237361793258991616
1237361792130613253
1237361711281250305
1237361593949839363
1237361562391846916
1237361556809297920
1237361508251729923
1237361449992937472
1237361178898284548
1237361157612220416
1237361079736512514
1237360952946941952
1237360923960016897
1237360814635483136
1237360762198335489
1237360649556111361
1237360526407204871
1237360502717796355
1237360484732612608
1237360468571967488
1237360460565032960
1237360412615737345
1237360268755324928
1237360200543285249
1237360144360583168
1237360050710155264
1237360046885031936
1237359561469804544
1237359512442585088
1237359436995289091
1237359367168708610
1237359199417499648
1237359051530518531
1237359003031740416
1237358900158103558
1237358788631506949
1237358760944959490
1237358755391692800
1237358749968470016
1237358716510523393
1237358685539663877
1237358621643739136
1237358617646575616
1237358585673388034
1237358527066357761
1237358453036810242
1237358374666280961
1237358304206209024
1237358256873508866
1237358189194199041
1237358132214497280
1237358131992199168
1237358058411560960
1237358014400774147
1237357959644151817
1237357918145699840
1237357752495812610
1237357736058400768
1237357701992153089
1237357602750824448
1237357507145842688
1237357504063057926
1237357471917899777
1237357437512007680
1237357422026596357
1237357407594053632
1237357372714160128
1237357264085954560
1237357254803947520
1237357073895129088
1237357036834369536
1237356995562426368
1237356966617513984
1237356757929861121
1237356578623406081
1237356401023950849
1237356373878472705
1237356192827129859
1237356023171756033
1237355960118763520
1237355796104708096
1237355751015940096
1237355709303488513
1237355638365224966
1237355464293322756
1237355387092959233
1237355299977285634
1237355244352307202
1237355227742953472
1237355167571419137
1237355146721533956
1237355133652078593
1237355115192909824
1237355105139261443
1237354906840961024
1237354760883376128
1237354420121276416
1237354404698828807
1237354347174023168
1237354330237415424
1237354326751956992
1237354298339667968
1237354230320685056
1237354097205968896
1237354026875772928
1237353970089234435
1237353767336579072
1237353758885130240
1237353644389011461
1237353547542466560
1237353501174489089
1237353344752115718
1237353198043701248
1237353066996908033
1237352628348227584
1237352625659695105
1237352530373480448
1237352460626337792
1237352406322683904
1237352365084356608
1237352321128030209
1237352229859995648
1237352157357182977
1237352136662532097
1237352072363868162
1237351897096425472
1237351847792435200
1237351456769839104
1237351272484921344
1237351242130751488
1237351221222092802
1237351189576114177
1237351166297677826
1237351108269551616
1237351025876635650
1237350783005396994
1237350749627187201
1237350731813920769
1237350554873073665
1237350542764052481
1237350526825697281
1237350413441150977
1237350329806655488
1237350172784558082
1237350120909426690
1237350111681921025
1237350084695805952
1237350042702315521
1237350034825449473
1237349976444940289
1237349630339399685
1237349592611651584
1237349586575949825
1237349352286367744
1237349343503540224
1237349296183431168
1237349016658206720
1237348968977268736
1237348905110691840
1237348875750572034
1237348833350254593
1237348800286597121
1237348678668558336
1237348527023554563
1237348375416184833
1237348312300367873
1237348309980889091
1237348246537805825
1237348228997226496
1237348046825979905
1237347985572409344
1237347981193510912
1237347874922430464
1237347804592443392
1237347715958407170
1237347710086328321
1237347662569054209
1237347561117278208
1237347383291392000
1237347284570050560
1237347265259413510
1237347244510240770
1237347106337234945
1237347077195288577
1237347049013686273
1237346996148633600
1237346859338924033
1237346838048649217
1237346762727337984
1237346637770641411
1237346576609222656
1237346572259790848
1237346533823176704
1237346461806997505
1237346390763847680
1237346367225442305
1237346214988976129
1237346175868600321
1237346173620535297
1237346160316239873
1237346127822958597
1237346102317326337
1237345971127889921
1237345891582980096
1237345826143383553
1237345797760581634
1237345775551754245
1237345665988034564
1237345664473927680
1237345505639829504
1237345502901010433
1237345459649339396
1237345446537936897
1237345252694020096
1237345239356014592
1237345197819932674
1237345141096099840
1237345071940415490
1237345046376189952
1237344996724015104
1237344967812579328
1237344902045933570
1237344867359096833
1237344862078414850
1237344860908195841
1237344812896051201
1237344453297352705
1237344424277020672
1237344314067386369
1237344243108233217
1237344149613039616
1237344138045030400
1237344053018140673
1237343964891676673
1237343754824093697
1237343701334200321
1237343631180271617
1237343628705570816
1237343593163096071
1237343565812023297
1237343423637737474
1237343407888044033
1237343354922381312
1237343336605908992
1237343315617615874
1237343282079948800
1237343264371605504
1237343217387003906
1237343140635344897
1237343083676794880
1237342899060330496
1237342876104888320
1237342762791505921
1237342741618712576
1237342725231521792
1237342677252833281
1237342570608500738
1237342497027866625
1237342455474896897
1237342356338290688
1237342353674903554
1237342295109894144
1237342242957856769
1237342230127554560
1237342180974493696
1237342176679469057
1237342063370395648
1237342045422915584
1237342020429123585
1237341941794209792
1237341936236756994
1237341926787026945
1237341858373779462
1237341744494268417
1237341685073547264
1237341672855474176
1237341638923636739
1237341516563206145
1237341502642233344
1237341415010709509
1237341393640620036
1237341326225616900
1237341181253685253
1237341175759110144
1237341045467332614
1237341014878232577
1237340876512333824
1237340862604021760
1237340831641669632
1237340829792026632
1237340754135207936
1237340747092963339
1237340728507891712
1237340664771248128
1237340597628866560
1237340485129207808
1237340439176458240
1237340406557356033
1237340308691513345
1237340117578190848
1237340072883695617
1237340034489094144
1237340021222453248
1237340011726544896
1237339914364207106
1237339889378758656
1237339854268071936
1237339822177599488
1237339588018012163
1237339411450396672
1237339356773470208
1237339265698324481
1237339201160523776
1237339110030880768
1237339080872079361
1237339033946198016
1237339029286289409
1237338902962278400
1237338740034584576
1237338734703583234
1237338724075286528
1237338708258492416
1237338707574824961
1237338680869695488
1237338580340682753
1237338530197757953
1237338459909632002
1237338297313173504
1237338111417483264
1237338077225455616
1237337962008006656
1237337847864188929
1237337761079791617
1237337727139491840
1237337708948750337
1237337602413473792
1237337572155719681
1237337554766245894
1237337469265367040
1237337442534989824
1237337268437868546
1237336998618238977
1237336953525284865
1237336910613413888
1237336895203553287
1237336639812317184
1237336639283892224
1237336623748198401
1237336319153471488
1237336269354606593
1237336243614240771
1237336243551318017
1237336225104695296
1237336207367057408
1237335972326637568
1237335863643832320
1237335723730178049
1237335632256663552
1237335597456543744
1237335576363380738
1237335535682818049
1237335518913888256
1237335433501200384
1237335367000481792
1237335336944091137
1237335279960231936
1237335085009063942
1237335084669304832
1237335045825839105
1237334970093486081
1237334907308969984
1237334897934708739
1237334839843528715
1237334812454719488
1237334760906776577
1237334723460042754
1237334607445594113
1237334598767521794
1237334579356278784
1237334564256854023
1237334547706130432
1237334426805248000
1237334268126416896
1237334265563697153
1237334236849455105
1237334219518619648
1237334185871912962
1237333768370827264
1237333739115610116
1237333722271285248
1237333675060183040
1237333594563018752
1237333414967205888
1237333413981552644
1237332909180280832
1237332908479787008
1237332653071839234
1237332613112696832
1237332596234825728
1237332354647146497
1237332171012087808
1237332128087621634
1237332046898487296
1237331885933674496
1237331784351846400
1237331768405000192
1237331665703391233
1237331620241301505
1237331384911396866
1237331368612421632
1237331292951326722
1237331115284856832
1237331088089010176
1237330975954292737
1237330836996882433
1237330786816331781
1237330757108092933
1237330665168912384
1237330523128725505
1237330484583153665
1237330259021836288
1237330083746123777
1237330081695006721
1237329992922673155
1237329834608660485
1237329728786305024
1237329676617551872
1237329661996171264
1237329659202805760
1237329464117379074
1237329415249461249
1237329336585408513
1237329248316252160
1237329168418902017
1237329164199292930
1237329065771700229
1237329033546915845
1237328921923813376
1237328895575314437
1237328601885945858
1237328511213412353
1237328437758636032
1237328425884540928
1237328372763688963
1237328359086063616
1237328228492115970
1237328033876410368
1237327986371825665
1237327978989850624
1237327975596593157
1237327974111817728
1237327968491515913
1237327953941405696
1237327827604815872
1237327795371610112
1237327792863424513
1237327380429123589
1237327234869932032
1237327111360307201
1237326961602633735
1237326912533532673
1237326888659496961
1237326366053367809
1237326313817608193
1237326179595665408
1237325964239163393
1237325946933346304
1237325852267986949
1237325846555381761
1237325783967903744
1237325694386024448
1237325629370052610
1237325468388470784
1237325462336090115
1237325413791272960
1237325402185633793
1237325364327854080
1237325338801246209
1237325298724716545
1237325222983974912
1237325192520781824
1237325106071945217
1237324883698372608
1237324870440095744
1237324818317479937
1237324733336649729
1237324732133003264
1237324673454682112
1237324663187025920
1237324648016199680
1237324303709978625
1237324132209082368
1237324080673624065
1237323944287506432
1237323915963351040
1237323879581966337
1237323858740461568
1237323794550796289
1237323777874288641
1237323748207988740
1237323661562052609
1237323645887840258
1237323486965751809
1237323340735557632
1237323299723661312
1237323275463806976
1237323013655343104
1237322984580419584
1237322971607375872
1237322812668489730
1237322683404222464
1237322614181376001
1237322543679377408
1237322479707750400
1237322442160340992
1237322425987194881
1237322407905562625
1237322342738595842
1237322279148756993
1237322080124833793
1237322059782533122
1237322025896677377
1237321979058884608
1237321948075569153
1237321885525905408
1237321877422575616
1237321852797714437
1237321808728199168
1237321752814006274
1237321659125837825
1237321635893575680
1237321590058242048
1237321531379810305
1237321170975961089
1237321047873118210
1237320992378232832
1237320922631229440
1237320891442307073
1237320696763682818
1237320641256337408
1237320549761781760
1237320395994382336
1237320319200870402
1237320090909061121
1237320054854819843
1237319963465187328
1237319933568020480
1237319766584500229
1237319742844801024
1237319688239144960
1237319645918638080
1237319639413280770
1237319630605213696
1237319517006675969
1237319463554486272
1237319423456927745
1237319350173855744
1237319306213502976
1237319301494865921
1237319277415456769
1237319044014931970
1237318891598155777
1237318891128438784
1237318877660549120
1237318822287286273
1237318694214291456
1237318679269904385
1237318645686120448
1237318606175768577
1237318508964438016
1237318464483864577
1237318324876345344
1237318237194465290
1237318225169268739
1237318224036769795
1237318215300251651
1237318214201118720
1237318204935921664
1237318190566342656
1237318154214354944
1237318138900987904
1237318028800536581
1237317882587107328
1237317828572844033
1237317732703645697
1237317601048571905
1237317504244092929
1237317499877838850
1237317495326998528
1237317346605350913
1237317326883770371
1237317055826837509
1237316895189204993
1237316875308208129
1237316722727817221
1237316546868981760
1237316464203481089
1237316418309443586
1237316231461568518
1237316158640054277
1237316098653126658
1237316095368925185
1237315950501822464
1237315941307953153
1237315722176536577
1237315579356286977
1237315567968759809
1237315562432331776
1237315362879950849
1237315155018612738
1237315135519305728
1237315101214093315
1237315086412320769
1237315049909338112
1237315010587738113
1237314988030734336
1237314955155836928
1237314860217774080
1237314834921861120
1237314586405220353
1237314569086947328
1237314495028043776
1237314463956701184
1237314300739551232
1237314209236627457
1237314158284111877
1237314119168069632
1237314091930333184
1237313945461022723
1237313849348493312
1237313788413652992
1237313753739399170
1237313698747858948
1237313541411127296
1237313442777829376
1237313389057257472
1237313368597430273
1237313350025052160
1237313136790769665
1237313128561590273
1237313062207655936
1237312901754630145
1237312752529674242
1237312618571890688
1237312581318119424
1237312405434220545
1237312378393571329
1237312317680910338
1237312304183685122
1237312111870652421
1237312094187458560
1237312029528133633
1237311911630430208
1237311842579554304
1237311832982990849
1237311681384062977
1237311662828511233
1237311574639087617
1237311570105044992
1237311553503977473
1237311432804503552
1237311347752386560
1237311112456163328
1237310955454939136
1237310757215272960
1237310493578145793
1237310489178357760
1237310394160611329
1237310317572612097
1237310262681755648
1237310241555038208
1237310131693551617
1237310017382100992
1237310015733665800
1237309805498376192
1237309803463970816
1237309730009288704
1237309609343438848
1237309522491949056
1237309481727528960
1237308979040129024
1237308846852497410
1237308775788314627
1237308729768411136
1237308677692030976
1237308611308781568
1237308448095830016
1237308278100680704
1237308155903827968
1237308065982144513
1237308063100567552
1237308001494720512
1237307834875994113
1237307800356872192
1237307658178363392
1237307537835339778
1237307478519537664
1237307408604712960
1237307404938862592
1237307367034949632
1237307213812772864
1237307191155138565
1237307189880111105
1237307143419764737
1237307140676739072
1237306943750000640
1237306910593949697
1237306907779575809
1237306798715162624
1237306787394617346
1237306766779711488
1237306750266740739
1237306747737563137
1237306651235016704
1237306565536948224
1237306510461603842
1237306488567332864
1237306431419879424
1237306376818475010
1237306223705423873
1237306121188237312
1237306049318789120
1237305947934134272
1237305939067363328
1237305773929254917
1237305345627824128
1237305322362015744
1237305219396112385
1237305097945845760
1237304841229283328
1237304776884391936
1237304775659700225
1237304767195553792
1237304766994231298
1237304656856047618
1237304462617858048
1237304310100262912
1237304295038636032
1237304272213225472
1237304186146115584
1237304093397434368
1237304058622418944
1237303983699623937
1237303964024143875
1237303937457360897
1237303913277280256
1237303901029904384
1237303634418950145
1237303471340167168
1237303390448877568
1237303375563284485
1237303334924664832
1237303180607852546
1237303178850381824
1237303107203108864
1237303068250836998
1237303032305586184
1237303027264114688
1237302988080844801
1237302921789833216
1237302885748297728
1237302834380648454
1237302816202534915
1237302776075517952
1237302749538238464
1237302726322728961
1237302690130034688
1237302688452395013
1237302656277700608
1237302537935564800
1237302465915236352
1237302464216432642
1237302458889768968
1237302396797300736
1237302342762012673
1237302177300873222
1237302172997607424
1237302148351885312
1237302107126013952
1237301981514997760
1237301902985043970
1237301756968738817
1237301562978062336
1237301411320381446
1237301410938707968
1237301248984039424
1237301091404075008
1237301077755801600
1237300985250418689
1237300980728958977
1237300965470076928
1237300939528208385
1237300853465374721
1237300810427576325
1237300731314651136
1237300516926914567
1237300113036492800
1237299937702039552
1237299908517883904
1237299902310465536
1237299837701443586
1237299817929412618
1237299711691939840
1237299516610613251
1237299318010400768
1237299270144921602
1237299188167323654
1237299184232996864
1237299130696957952
1237299045334474753
1237298891101478912
1237298749719838720
1237298725011304448
1237298718988255232
1237298712520654854
1237298642828120069
1237298615527313408
1237298561714454528
1237298560925868043
1237298552021401600
1237298496094568448
1237298458471665666
1237298430743117825
1237298392927264768
1237298351281967104
1237298349918781440
1237298280406663168
1237298226006548480
1237298146688012291
1237298098562576385
1237297973652045825
1237297968983748609
1237297929465012225
1237297892496375808
1237297886104367104
1237297700846043142
1237297657766445057
1237297649528844289
1237297649340092418
1237297529328488448
1237297518075170817
1237297506729549824
1237297411963465734
1237297396041895937
1237297337732456449
1237297249694162944
1237297163513876480
1237297104252538881
1237297097591922688
1237297095574466561
1237297040822079488
1237297029157720065
1237296917543104512
1237296890749890560
1237296829009727489
1237296815235641344
1237296814811951104
1237296813784231936
1237296763540824064
1237296701041410049
1237296670678953984
1237296626466721792
1237296571672342528
1237296541595025410
1237296313189961728
1237296268646453248
1237296263177043968
1237296228993556480
1237296205107015680
1237296193371242497
1237296105295171584
1237296099322466304
1237296050978914305
1237295996608053248
1237295960490938368
1237295958150479873
1237295943923519488
1237295849476063232
1237295820543795200
1237295780261695488
1237295739795054593
1237295717665865729
1237295528691580928
1237295469124034561
1237295399855063041
1237295387343491072
1237295354464178176
1237295148222029824
1237295052885549057
1237295036112539648
1237294931032629248
1237294868940144640
1237294868336173056
1237294813134929922
1237294756419510272
1237294727638245377
1237294580581707776
1237294578396549120
1237294543189487622
1237294539641163777
1237294492971122688
1237294428907282432
1237294285625659392
1237294250368401408
1237294236078309378
1237294234165825538
1237294162451615744
1237293905894400000
1237293889545015300
1237293808108417024
1237293659344777216
1237293627526787072
1237293619943538689
1237293595234877440
1237293520555294720
1237293309112049664
1237293261783433216
1237293208050245632
1237293173506035713
1237293133576187904
1237293001006866432
1237293000801300480
1237292981922803714
1237292868458471426
1237292842583818240
1237292766612410368
1237292677630169089
1237292555886264320
1237292531508969472
1237292439976718337
1237292438793977857
1237292389171171329
1237292373283164160
1237292284523286528
1237292133767360517
1237292056462209024
1237292045334650880
1237291972366401536
1237291959070461952
1237291787045273600
1237291548469059584
1237291486854643717
1237291482220056577
1237291432345468928
1237291318533111808
1237291138425421824
1237291092221067264
1237291074860847104
1237290988584030209
1237290952064217088
1237290884208775170
1237290611847413765
1237290536316424192
1237290406854963200
1237290406091599872
1237290406066425856
1237290374076514306
1237290338575945730
1237290273392283648
1237290270921830401
1237290259580432384
1237290190827372544
1237290157373620224
1237290144153178119
1237290095415308289
1237290080135524353
1237289992298299398
1237289941908049920
1237289790883667969
1237289774651715584
1237289729965637632
1237289642485002240
1237289607647158274
1237289551560871936
1237289420467785730
1237289335491309570
1237289179987533824
1237289174585290753
1237289148278616064
1237289075650039808
1237289046478671872
1237289018188017664
1237288857298706432
1237288715858391040
1237288668190121984
1237288521167187969
1237288450375770112
1237288418188673024
1237288236009041921
1237288148780146688
1237288101468405760
1237288060724756481
1237288008874934278
1237287984627679232
1237287978420121600
1237287966185324544
1237287898501783555
1237287892315185153
1237287857510920194
1237287854646198272
1237287842709229568
1237287841694089216
1237287731333672960
1237287701327622145
1237287633988063232
1237287599376683011
1237287446703939584
1237287444942389248
1237287358204084224
1237287357507874817
1237287235374010368
1237287222019227648
1237287213672599559
1237287122958258176
1237287122224250881
1237287071901011968
1237287051806093313
1237287026271105024
1237287020390744066
1237286914866253825
1237286879759945729
1237286865717395458
1237286859467894784
1237286775103594496
1237286768690462720
1237286750264983552
1237286703771070464
1237286673463074816
1237286657780580353
1237286640382607361
1237286633650688001
1237286624389709829
1237286471742218240
1237286455380148224
1237286398710988800
1237286346592567296
1237286213620510720
1237286104048586752
1237286020174970880
1237285874875928576
1237285840293974017
1237285831829790720
1237285818861060101
1237285745976623109
1237285733443960833
1237285694298521600
1237285518762815489
1237285483392258048
1237285459535040513
1237285440069210113
1237285404908367872
1237285277598724098
1237285112276029440
1237284920093020160
1237284847867092992
1237284832029347841
1237284711069888512
1237284677192466432
1237284674638143498
1237284640760696832
1237284615095795713
1237284435600556034
1237284424074567681
1237284395276546048
1237284358442102784
1237284210861318144
1237284160349310976
1237284135791734784
1237284067084828672
1237284037145833472
1237283916303798272
1237283857453498369
1237283852416098306
1237283847311634436
1237283828756107265
1237283827761983490
1237283803443363840
1237283783424069632
1237283690373316609
1237283676351848448
1237283665966759936
1237283661130670080
1237283520709607424
1237283475746697216
1237283429995229185
1237283428296527873
1237283313452228608
1237283311933739008
1237283218069557248
1237283213934026753
1237283163916902407
1237283137576669184
1237283091166699520
1237282936669507584
1237282840682934272
1237282823624671232
1237282715923353600
1237282624554643457
1237282538646917121
1237282424704372742
1237282401660866561
1237282392118833152
1237282349647265793
1237282335470616576
1237282126552276993
1237282125478584320
1237282094230970368
1237282030062354432
1237281963435753472
1237281932888719360
1237281890983387139
1237281794363400192
1237281629766385665
1237281542281592832
1237281507682680833
1237281433804328960
1237281347263172608
1237281340363542528
1237281279995006976
1237281252400562176
1237281246100758528
1237281050960723969
1237281013660815360
1237280914713042944
1237280733783306240
1237280663482634241
1237280541432516608
1237280376982306817
1237280315741274113
1237280269599739905
1237280200523689984
1237280117442871296
1237280110308450306
1237280037814120448
1237279987444715520
1237279940149682176
1237279626499706881
1237279610145996802
1237279606551588864
1237279294444974080
1237279189176287233
1237279144473493509
1237279004643786752
1237278963535237121
1237278797629718531
1237278625419997184
1237278548307718144
1237278494826156032
1237278477302276096
1237278470415286272
1237278408423411712
1237278335065088000
1237278318631714817
1237278292782329856
1237278274088316930
1237278162523959297
1237278127124099073
1237278074447835136
1237278004205805568
1237277999214538752
1237277869803479040
1237277823812984833
1237277812316418050
1237277807333564417
1237277680900493312
1237277571433336832
1237277562382028800
1237277357070667776
1237277300992946176
1237277283297067008
1237277211415150592
1237277189395054592
1237277184521392128
1237277152774696961
1237277121573240835
1237277074412404736
1237277022734475264
1237276999221161984
1237276955608842242
1237276872582594560
1237276819960860673
1237276755003617280
1237276734577414145
1237276715283513344
1237276613752086528
1237276551894499328
1237276287057702912
1237276261766041600
1237276189275889664
1237276115519123456
1237276100142784513
1237275929770168320
1237275862610972673
1237275808663830528
1237275760890609665
1237275728724492288
1237275707019071489
1237275636508626944
1237275468786741249
1237275417926647809
1237275406891278337
1237275319347929088
1237275158731243520
1237275133129240577
1237275128913895424
1237275105480368128
1237275102783430656
1237275088791224321
1237275029039087617
1237274992376717312
1237274815251308544
1237274785538879493
1237274509943717888
1237274451886190595
1237274431589842944
1237274371191955456
1237274367798673408
1237274272017666048
1237274163011821568
1237274040764678144
1237274008560828416
1237273790142390272
1237273766163632129
1237273732214898689
1237273675415650306
1237273359320145921
1237273353502756864
1237273274817613824
1237273197415993344
1237273090926804992
1237272975465988096
1237272952061726728
1237272930305925120
1237272914946338817
1237272899444248577
1237272885892460544
1237272824789819393
1237272818309611520
1237272767990562816
1237272761749438464
1237272748826779648
1237272738101964800
1237272444106346496
1237272349487124480
1237272344873271297
1237272322811351040
1237272264518914048
1237272216116527104
1237272139088232448
1237272086529355776
1237272075716493312
1237271980421926912
1237271773638516736
1237271732819505152
1237271665102295041
1237271624027643904
1237271496881590272
1237271447439126528
1237271398378344449
1237271378728038401
1237271276437241856
1237271237136650240
1237271224683835392
1237271222590803968
1237271186683449344
1237271165808381953
1237271048946626562
1237271020312150017
1237270936384135168
1237270921527820288
1237270811418992641
1237270561384026112
1237270550835232769
1237270520912949248
1237270494098923520
1237270415560658944
1237270391380475905
1237270390411591686
1237270337781465088
1237270327169896449
1237270195145670656
1237270175394803713
1237269989075402752
1237269931852476416
1237269902915969024
1237269779494428672
1237269743016587264
1237269695750975489
1237269575345070080
1237269470319644672
1237269449935392768
1237269449327235073
1237269395346513921
1237269370990190592
1237269244905168896
1237269153045774336
1237269149149286400
1237269133907185664
1237269093662838784
1237268929208352768
1237268846261796864
1237268837734789121
1237268778192437248
1237268706020995074
1237268674685341697
1237268670608539648
1237268628392882176
1237268610848108544
1237268350767714305
1237268344740380672
1237268313585127425
1237268218328363011
1237268182160805889
1237268046114361346
1237268018583023616
1237267917420584961
1237267892418289665
1237267868888248320
1237267832297177089
1237267800609226752
1237267759253331969
1237267647387009024
1237267627946500096
1237267625958428672
1237267571096854528
1237267531917930496
1237267529908748289
1237267501421137923
1237267308848074753
1237267183937507328
1237267183698354176
1237267076852654080
1237266860208463872
1237266776259547136
1237266759398424577
1237266752352014336
1237266625503678464
1237266524324401152
1237266494096125952
1237266437594583040
1237266417021587457
1237266298519924736
1237266166969761793
1237266158941806592
1237266062187651079
1237266033897099264
1237266021125365760
1237265918419439618
1237265770729615360
1237265613871087617
1237265596804476934
1237265552034467840
1237265493888819200
1237265491481198592
1237265425999761408
1237265293426262017
1237265290938986497
1237265282642718722
1237265101025140736
1237265065235091456
1237264910087839745
1237264899870543873
1237264860083339264
1237264766634164225
1237264764520235008
1237264744932872192
1237264671943593984
1237264572265922560
1237264529316290560
1237264504070651904
1237264487469715456
1237264453751668736
1237264452636086272
1237264364727603200
1237264292258426880
1237264194623492097
1237264088855728128
1237264078642569217
1237264039526436865
1237263969049600000
1237263881657073664
1237263843585384449
1237263679856488448
1237263622901989376
1237263554484584448
1237263373995257858
1237263295167553536
1237263166607953920
1237263153270083584
1237263116834148352
1237263051881152512
1237262905403375617
1237262891411275777
1237262853465391104
1237262687492542466
1237262486765780992
1237262458869428224
1237262438191505408
1237262430536978433
1237262416926441472
1237262388228956161
1237262304670031872
1237262144971976704
1237262099874746369
1237261870115020800
1237261817145147392
1237261724375494656
1237261516791058438
1237261473111592960
1237261409781760001
1237261403536441345
1237261392522158081
1237261158035476480
1237261079148969985
1237261056990478336
1237260990653370368
1237260786046849025
1237260768288137224
1237260750265167872
1237260589996617728
1237260477316636673
1237260475752222720
1237260463089561601
1237260264891920384
1237260264015192064
1237260255584751616
1237260250010525697
1237260175402295296
1237260121975279616
1237260108754812929
1237260010855505920
1237259838125748225
1237259504632422407
1237259333282476034
1237259203716186112
1237259147965542400
1237258992763711488
1237258760965574657
1237258501128413185
1237258446124220418
1237258313529806849
1237258248438394880
1237258175692365824
1237258111032885248
1237257705322053632
1237257703061413891
1237257418624679944
1237257412035436545
1237257397674160130
1237257317667790849
1237257213544206336
1237257085743759360
1237256973831282688
1237256910614773765
1237256627465654278
1237256585749151744
1237256569445920768
1237256422523572224
1237256380299522048
1237256330949341184
1237256228549595136
1237256210744819712
1237256103781642241
1237255963461156865
1237255910088683520
1237255777309638656
1237255722502696965
1237255528537100288
1237255234621263872
1237255204229308416
1237255145701900288
1237255025795174400
1237255001153712128
1237254886099648518
1237254830202249216
1237254723146743809
1237254719296462848
1237254650803486720
1237254575503048704
1237254491134722053
1237254452765171712
1237254317066850304
1237253951042596864
1237253928955326464
1237253862924464128
1237253752802902016
1237253710264360960
1237253685127917568
1237253678417031168
1237253605440323584
1237253594707099648
1237253548557156352
1237253185171066880
1237253143618039809
1237252910528057349
1237252848695607296
1237252821931696128
1237252636014972933
1237252469169754112
1237252427881029633
1237252416069828608
1237252411707842560
1237252146044829696
1237252034916687877
1237251790430765057
1237251084491657217
1237251082813870080
1237251075767492608
1237250899044487168
1237249620654383105
1237249616187478016
1237249526613913600
1237249501800419330
1237249278730477568
1237249093740748801
1237248958487027712
1237248882557493248
1237248403094077441
1237247861139681280
1237247583820689411
1237247564325564416
1237247472839385094
1237247425196236801
1237247423145283584
1237247415616503809
1237246957053251585
1237246634502823937
1237246581339873281
1237246385935847425
1237246236664758272
1237245748254629889
1237245604004270080
1237245576791588864
1237245172603408384
1237244891224322048
1237244875860475904
1237244827533824005
1237244753240039424
1237244626194640898
1237244547186524160
1237244265601826817
1237244160438161410
1237244098794475520
1237244029437444096
1237243950664212480
1237243947421966336
1237243918816813058
1237243907253174272
1237243901167185920
1237243896960356352
1237243873526722562
1237243699635109888
1237243606013968385
1237243244783820800
1237243135224315904
1237243097312100352
1237242981788368897
1237242945419567104
1237242864851202049
1237242744696864770
1237241812785471488
1237241620166213632
1237241461353132033
1237240888822292481
1237240558202077184
1237239625506336768
1237239620758208512
1237238111463235587
1237237882525450240
1237237523526627328
1237237170039029761
1237235977321697280
1237235954324246528
1237235920799174657
1237235848153882624
1237235453931249666
1237235189492985856
1237234864472154112
1237233613571268608
1237233274096889856
1237232788933423104
1237232718850789377
1237231989436096513
1237230230424731649
1237229760729751552
1237229663006658561
1237229348509437952
1237229029649940483
1237228945952714752
1237228705677795328
1237228647565705216
1237228005333893120
1237226885911896064
1237226770597916672
1237226165166899201
1237225669924446208
1237224154828505088
1237223870387675137
1237223435060809728
1237220356806582272
1237220174471798784
1237218693635026944
1237217960344903681
1237217517527056384
1237216898435211265
1237215839859900418
1237215249742340097
1237215191680630784
1237213061846622208
1237212589614137345
1237211646554243075
1237211020030021633
1237210621986222083
1237210589933367296
1237210436745023492
1237209723423936512
1237209683707994113
1237209434381746176
1237209030021570561
1237208974832865280
1237208416709423104
1237207733344120837
1237206897930928131
1237206234064920576
1237205373355950081
1237205237485776897
1237204926998216706
1237204688807833601
1237204541390704640
1237204476735479810
1237203666811195393
1237203520207622145
1237203315034918912
1237202641794539522
1237201644716244993
1237201584968339457
1237200605741027328
1237199929950511104
1237198767557939200
1237198355798859778
1237197634810585088
1237197558193192960
1237197258430582785
1237197162288562177
1237196743298535425
1237196684058337283
1237196216238292992
1237195373724209152
1237193635348783105
1237193599403601920
1237193323720441858
1237193285602508802
1237193253126094849
1237192886720004097
1237192865144541186
1237192761725595649
1237192627067510791
1237192553356840961
1237192508372856837
1237192425992421377
1237192306614288384
1237192253229207554
1237192074874716160
1237192047045627912
1237191093822742528
1237191033122930688
1237191014512812032
1237190265581993986
1237189346563969024
1237189181790720000
1237189072197541889
1237188928274382850
1237188906262691841
1237188164927795200
1237188086762745857
1237187870923915266
1237187828628496385
1237187757803528192
1237187730033061889
1237187678887608322
1237187673623793664
1237187561224880128
1237186046338764801
1237185860002623488
1237185230328471552
1237185141392449541
1237185137688928256
1237184691301744640
1237184607616974851
1237184545327394816
1237184315693424641
1237184305199267842
1237183940605235200
1237183923349786624
1237183796501512192
1237183778310807553
1237183655635804161
1237183530351943680
1237183206878842882
1237183191821234181
1237183159013388288
1237182462108864515
1237182433348419584
1237182203009916928
1237181751312728065
1237181323602780162
1237180850036490240
1237180782474649601
1237179454792830981
1237179216464134144
1237179002042925063
1237178996426715136
1237178970686337024
1237178864176152578
1237178368833044480
1237177726735450112
1237177723958722560
1237177621030600706
1237177454344704003
1237177371930787840
1237177049565016066
1237176703962808322
1237176696094298115
1237176270313717762
1237176221735280641
1237176134803943424
1237176030034624513
1237175781379506176
1237175533890396162
1237175264397967361
1237175179484319751
1237175027205898244
1237174920012062721
1237174600062074881
1237174489995231232
1237174386479808514
1237174098142298112
1237173996019425280
1237173966445449216
1237173774031650821
1237173563678953472
1237173524680204293
1237173468753309697
1237173445173088263
1237173359835742209
1237173345872949249
1237173125382619136
1237172934000685056
1237172880946929665
1237172607398612992
1237172427819491328
1237172300404994048
1237172282373570560
1237172194741977088
1237172171488854017
1237171930668634112
1237171800682958848
1237171792260796416
1237171791468081154
1237171785570942977
1237171661595709446
1237171599578730503
1237171528644648961
1237171435795251202
1237171404010860547
1237171357022027783
1237170866410184709
1237170620032585728
1237170372686098432
1237170357242679296
1237170297771626499
1237170262090678277
1237170176833003520
1237170132201410561
1237169969458282496
1237169857826865152
1237169775064858625
1237169758849708034
1237169655673995264
1237169481555808256
1237169437918343168
1237169419480072192
1237168887206219784
1237168711359963136
1237168701213945861
1237168698298970120
1237168611241988096
1237168566622978053
1237168491444277248
1237168391045120005
1237168247478386688
1237168181720035328
1237168051591798785
1237168023343161344
1237167815263522816
1237167732602343426
1237167609084248067
1237167298743611392
1237167297808273410
1237167267340783619
1237167262139682818
1237167259858190337
1237167254808207361
1237167246109270021
1237167207655903232
1237167168531415040
1237166476500652032
1237166441687908352
1237166334422798336
1237166299832344578
