1434282860433788930
1434282868319076356
1434282870005248002
1434282881778688000
1434282884236550149
1434282898933395458
1434282905719742467
1434282905799376901
1434282912136970241
1434282912636149768
1434282913441460227
1434282928192856067
1434282928847171589
1434282933502844930
1434282934547189760
1434282934580785157
1434282952318410753
1434282952452710404
1434282960111472641
1434282972778205187
1434282976179798019
1434282989190537218
1434283013303672838
1434283013307777026
1434283014121459718
1434283014687690768
1434283016008916992
1434283022052995072
1434283046308560897
1434283065191321601
1434283069603782656
1434283069830307845
1434283078306914309
1434283085496033281
1434283100096405511
1434283101555941377
1434283102482935809
1434283104559054852
1434283111924260870
1434283114445082637
1434283121827065856
1434283133327847425
1434283136855289861
1434283140491751429
1434283153804480512
1434283169268830209
1434283178785640448
1434283202382807048
1434283205557882886
1434283208087154689
1434283208280055818
1434283212449226752
1434283228039426049
1434283241947684865
1434283253486301187
1434283256992645120
1434283259987472392
1434283271580487684
1434283276068343814
1434283280015179782
1434283281697153027
1434283299057324037
1434283309178265605
1434283310310699010
1434283318489591810
1434283321035460615
1434283326160900097
1434283332309815299
1434283336990658560
1434283344515239937
1434283352337616906
1434283356666146817
1434283357664423943
1434283371769778178
1434283372608696325
1434283378963066884
1434283396973449220
1434283409908588551
1434283417990991876
1434283419417075714
1434283421749108740
1434283427969347587
1434283439054893061
1434283439948288010
1434283459288223744
1434283476170203136
1434283488778280960
1434283490342850565
1434283495279497225
1434283503311593476
1434283505203228672
1434283510282477574
1434283512413233152
1434283519673516047
1434283522823528450
1434283533984481280
1434283534668255233
1434283541118996482
1434283544797499394
1434283548769505280
1434283549927120900
1434283556776263683
1434283562950352900
1434283565550821376
1434283567648018438
1434283569078284293
1434283570277896194
1434283571422892035
1434283576418357250
1434283603899424770
1434283605610598404
1434283618503909378
1434283636354863106
1434283640909967361
1434283641635475457
1434283645997572098
1434283649340518401
1434283650074517509
1434283652192555011
1434283658161102848
1434283683251462154
1434283685411491843
1434283689765130242
1434283699231731720
1434283704520691714
1434283707360235522
1434283712116629505
1434283723625832451
1434283740314968064
1434283747566891012
1434283748074434560
1434283750851022858
1434283754168758273
1434283754244255744
1434283760321769472
1434283767535898625
1434283768622329860
1434283769331126274
1434283771776409600
1434283777635782657
1434283782727688195
1434283793490317320
1434283795558146054
1434283802025734150
1434283803929874439
1434283805204942852
1434283812956119041
1434283825316745222
1434283825501282304
1434283850075672588
1434283854320357380
1434283865602936835
1434283889300807683
1434283908347174931
1434283927590645768
1434283934372749317
1434283951850405888
1434283954127970308
1434283962436890624
1434283973744672768
1434283982993117187
1434283983836258304
1434283984306024450
1434283986835095557
1434283988307349504
1434284002169470979
1434284007747895306
1434284012277837829
1434284023854125057
1434284036747403266
1434284042032193541
1434284045530247172
1434284066568802311
1434284085573300226
1434284093781549057
1434284107912073216
1434284110026006536
1434284110227419140
1434284114539122691
1434284133358899201
1434284133828726785
1434284141722456074
1434284143404257283
1434284144704376833
1434284149121093639
1434284150492631042
1434284153013514240
1434284158013034499
1434284160592580610
1434284161397837826
1434284168284868620
1434284168524017664
1434284170264600579
1434284183732592641
1434284185829658628
1434284193517801473
1434284194075656195
1434284205643649026
1434284221347082240
1434284227231686662
1434284255551569920
1434284264594591746
1434284266574209030
1434284272731529216
1434284273855574019
1434284288539873283
1434284295712030723
1434284308198473729
1434284311709167618
1434284340498812931
1434284341484523520
1434284351026499584
1434284364167266310
1434284373071863813
1434284381363970050
1434284383171657733
1434284388607463425
1434284389853274117
1434284398191464454
1434284407729295365
1434284414087880709
1434284420660408322
1434284421927129088
1434284427891335168
1434284430395314184
1434284430647078916
1434284434518327296
1434284442760192003
1434284454760038401
1434284467422744579
1434284470304186371
1434284475450642433
1434284479762337793
1434284489761595393
1434284497982443521
1434284518173814787
1434284519117500421
1434284525278928897
1434284555465277453
1434284559416299521
1434284570929664003
1434284579775463426
1434284581600038916
1434284583067996162
1434284583189729284
1434284592287133700
1434284594552098819
1434284602676371459
1434284606031806471
1434284607239860225
1434284633982705671
1434284644044886022
1434284648365010946
1434284653054238721
1434284665741975555
1434284669114228737
1434284669227446274
1434284669864927238
1434284674243776512
1434284679193059329
1434284680564678657
1434284682477199360
1434284692979789828
1434284702110822404
1434284720041381888
1434284734469771264
1434284740195110913
1434284742384537601
1434284743110139909
1434284756661948423
1434284770691792903
1434284780376502274
1434284783857815552
1434284784205721604
1434284789000024064
1434284790379913218
1434284795526254595
1434284799791874049
1434284802635702273
1434284807480127491
1434284808063102981
1434284813402492930
1434284827897966595
1434284829906964487
1434284836299083779
1434284838001991684
1434284850966564865
1434284864338112518
1434284867601248257
1434284869383766018
1434284882105192449
1434284889105440772
1434284889575247881
1434284901348651011
1434284910919946241
1434284933883830274
1434284936337444864
1434284942096207872
1434284943958478848
1434284947657969666
1434284950317117440
1434284956772151299
1434284964690989063
1434284974283366401
1434284976841838596
1434284981921144833
1434284984077008903
1434284985733820421
1434284991740006402
1434284993090670593
1434284993853988865
1434284998434099204
1434285001403736070
1434285013240057862
1434285023474094081
1434285023809744903
1434285024979963905
1434285027425193994
1434285031502065666
1434285032772972547
1434285049080320002
1434285056760164360
1434285057544425472
1434285064851017729
1434285077614182400
1434285081569468416
1434285094345355264
1434285097616920580
1434285099764396037
1434285105753829377
1434285112112386048
1434285112724803593
1434285116449333249
1434285134992248835
1434285138733637645
1434285139010498562
1434285146765676549
1434285153325568002
1434285159965204481
1434285161294749699
1434285161621987330
1434285165715632129
1434285169154920449
1434285169914036225
1434285170224467975
1434285173777043461
1434285175094091781
1434285185110102021
1434285193750360068
1434285196434714629
1434285197458124800
1434285208279339011
1434285211039191043
1434285215153893380
1434285219566211077
1434285221483098115
1434285225958326276
1434285233755541506
1434285236532256774
1434285256757108736
1434285270812217346
1434285273467297795
1434285284141805572
1434285285051879424
1434285297160818689
1434285304135966726
1434285305369137152
1434285320246337540
1434285321366249472
1434285326290272257
1434285330765647877
1434285340907429888
1434285343763730432
1434285353997852673
1434285364261367809
1434285365959987202
1434285370368307202
1434285377469157383
1434285383836213254
1434285395798339585
1434285396653916161
1434285410562322438
1434285412751663107
1434285413099782146
1434285419697524741
1434285421010300932
1434285421052170243
1434285421287071747
1434285426085351425
1434285429105246216
1434285438995419145
1434285444691279882
1434285449573502979
1434285456582139904
1434285458901569539
1434285463276240906
1434285467822870534
1434285477394276358
1434285477939531781
1434285499485671424
1434285505735168004
1434285508058914817
1434285508817981440
1434285520046235650
1434285523791716355
1434285537171550211
1434285537536454659
1434285544469581827
1434285547095306240
1434285547334287366
1434285553873297409
1434285556117217283
1434285586127458308
1434285600895651848
1434285607623221249
1434285611343568900
1434285613675683844
1434285619585355780
1434285621263093760
1434285623314108416
1434285634957549570
1434285638656872449
1434285657938071552
1434285658479157248
1434285664896536578
1434285673125715970
1434285674421751815
1434285689605136387
1434285692859912199
1434285696995504129
1434285702892634113
1434285703135956994
1434285703790202880
1434285715123232769
1434285715186139136
1434285730793205765
1434285731103576070
1434285735994175492
1434285737533378562
1434285738162597888
1434285744948908038
1434285745670443008
1434285751718621185
1434285765912039424
1434285787336658945
1434285816050749446
1434285817749442562
1434285817913126916
1434285819485900803
1434285823143424003
1434285828386217985
1434285829828988931
1434285833608175630
1434285850641276937
1434285855187914752
1434285871373725697
1434285876004151296
1434285889954492421
1434285893901328394
1434285899613888514
1434285903485317125
1434285915862618114
1434285919595606022
1434285920577015811
1434285930341445633
1434285942303506436
1434285943868043266
1434285967213481984
1434285972036984836
1434285973127503878
1434286008636514305
1434286017079545861
1434286020862914566
1434286023433981958
1434286032233635841
1434286043327516673
1434286064454324229
1434286065842544640
1434286066966667267
1434286074952626181
1434286078320599042
1434286087833329666
1434286087929749508
1434286095269830656
1434286096679149570
1434286122948075520
1434286134998228995
1434286147933548544
1434286152614391808
1434286157907599361
1434286164391911425
1434286182129676294
1434286208486715393
1434286218020368387
1434286233455374337
1434286239390343169
1434286244683452421
1434286245845389315
1434286256104607745
1434286263746666496
1434286267781586947
1434286268477755394
1434286274249207812
1434286275281014784
1434286277453619201
1434286278384697347
1434286281287208961
1434286283241791490
1434286294138556419
1434286304259416067
1434286306557837314
1434286309078671363
1434286313239465985
1434286314036289539
1434286318704545796
1434286321376321537
1434286333325946881
1434286335712501761
1434286339550334985
1434286342213672962
1434286346433089541
1434286346655444995
1434286355345969158
1434286358143676416
1434286358772727810
1434286360563699713
1434286368700735492
1434286378704121857
1434286381350727685
1434286384915828738
1434286410991874049
1434286413122572292
1434286422521942154
1434286446920224769
1434286453761187843
1434286461726175232
1434286462795722753
1434286464888672256
1434286478713053188
1434286484006346756
1434286487340830720
1434286487391121412
1434286489026891776
1434286497172180992
1434286500972220417
1434286508039675909
1434286510308827136
1434286510631698433
1434286511097270277
1434286517401407493
1434286529585762305
1434286568668336138
1434286575953788929
1434286588499046403
1434286595558027268
1434286599081234432
1434286600087814149
1434286603116191747
1434286606089965569
1434286612951838723
1434286614713454595
1434286623806705667
1434286627547922435
1434286637563858944
1434286669059002371
1434286676801634318
1434286696368164865
1434286706073686018
1434286716387463168
1434286717205454849
1434286718014922761
1434286720980295680
1434286730597785600
1434286740567691264
1434286741524029446
1434286746100015105
1434286755629391875
1434286756719910912
1434286759194599424
1434286759370690566
1434286760691961861
1434286767281254402
1434286775585984516
1434286782171041792
1434286784045793282
1434286794053402627
1434286797757063169
1434286806758039553
1434286816673288192
1434286816841056256
1434286819219226627
1434286827708559368
1434286829872852994
1434286833244983297
1434286833324761090
1434286846914310145
1434286854795415562
1434286855273521155
1434286855613255685
1434286873619406849
1434286877553668103
1434286882280677379
1434286884876918786
1434286887733243904
1434286891323514881
1434286891910709252
1434286915130376196
1434286951654465551
1434286957312544772
1434286969178271746
1434286971308941316
1434286978506412034
1434286979026460682
1434286983703056384
1434286983883468801
1434286994817966084
1434287001088532481
1434287011465240577
1434287020646481920
1434287025016946689
1434287028590546947
1434287040166825988
1434287045195837440
1434287063969501184
1434287071049486339
1434287078339133441
1434287084433444872
1434287103643369473
1434287110358544384
1434287114552811520
1434287121372680192
1434287148308566028
1434287164154683395
1434287173621231616
1434287191035887618
1434287203228733447
1434287204570910721
1434287218458304514
1434287226741997568
1434287227832524800
1434287231309684741
1434287247445172225
1434287282316513281
1434287283776147459
1434287293133697025
1434287298477187073
1434287299244789760
1434287305242693635
1434287319293509632
1434287322325991426
1434287324632911888
1434287337681342468
1434287339128360962
1434287347609260041
1434287347902959616
1434287357063311368
1434287368257867776
1434287374004011015
1434287395629903872
1434287406560292866
1434287410574204928
1434287410871947268
1434287423056498695
1434287423576547329
1434287431814205442
1434287437279268864
1434287439560990728
1434287451170906117
1434287475942375432
1434287492455358467
1434287499560509443
1434287504098840576
1434287506338504707
1434287517528956937
1434287529646247937
1434287530434830336
1434287534771691521
1434287538668195846
1434287542405419010
1434287551448240128
1434287555818790914
1434287559874646018
1434287560885428224
1434287562504482818
1434287567940292615
1434287581987053573
1434287583211790338
1434287597526913027
1434287606142062593
1434287606288863238
1434287606838214656
1434287625452638212
1434287642301116417
1434287644289208325
1434287644977082368
1434287646956789770
1434287653005012992
1434287660286234624
1434287685288538113
1434287696952823816
1434287702174834690
1434287707958743049
1434287714900353026
1434287717156892675
1434287722898903044
1434287729274150913
1434287729878216705
1434287730779824131
1434287731794980868
1434287757250244608
1434287758672072704
1434287760186257411
1434287775214354437
1434287775340183553
1434287775755423746
1434287783393234947
1434287785003962371
1434287789873446912
1434287791475732481
1434287801432952834
1434287806319312900
1434287808634658818
1434287821863505924
1434287822266118147
1434287843388571649
1434287844114239490
1434287848614678528
1434287849105510403
1434287857892483075
1434287872471965699
1434287878868197376
1434287889165307904
1434287896576634884
1434287896639508482
1434287897994268676
1434287898132627457
1434287906185699332
1434287928214163458
1434287933431947265
1434287939895300096
1434287949349326853
1434287969070891009
1434287978776571910
1434287993616019456
1434287995503497218
1434287996455489540
1434288007620833280
1434288007935414274
1434288008635822088
1434288008983990277
1434288016982487041
1434288022078562308
1434288034468536322
1434288036502716419
1434288054999699464
1434288057986002944
1434288061278457857
1434288068773748740
1434288072192053249
1434288080580657161
1434288093641723904
1434288093666942978
1434288097156534272
1434288105993932802
1434288117456982018
1434288117863882759
1434288120950837250
1434288136440352770
1434288142669041665
1434288145726676996
1434288147693776898
1434288153439899651
1434288167960645639
1434288171110576133
1434288171571990528
1434288182401568780
1434288184326860814
1434288184523907073
1434288186444951552
1434288211015176192
1434288213397549057
1434288221438062595
1434288223010832386
1434288228111110147
1434288229759520770
1434288235321167872
1434288237560926208
1434288237724454912
1434288240505278469
1434288253381795841
1434288253859926018
1434288259023134720
1434288259304239111
1434288264584761350
1434288277066960896
1434288293013774337
1434288295073177601
1434288310546014209
1434288312043384836
1434288315390480387
1434288319966416900
1434288322378149890
1434288327373565953
1434288354447724550
1434288355869663235
1434288356985344006
1434288358331666435
1434288359833317379
1434288361255079936
1434288366296633347
1434288367374635009
1434288367580155911
1434288372097355781
1434288372361613312
1434288372995051520
1434288379781341187
1434288417676869636
1434288424991735808
1434288426715648003
1434288435083325440
1434288451751403523
1434288452569272324
1434288457392828416
1434288463801638918
1434288470311247878
1434288473238867976
1434288486052401153
1434288503622443011
1434288504020869127
1434288504704471043
1434288505325297672
1434288511054712835
1434288518176591875
1434288519502082049
1434288524669370372
1434288528444305408
1434288534773448704
1434288560157466631
1434288566125875202
1434288569523351552
1434288574527119363
1434288578759122944
1434288584962580480
1434288600347185159
1434288616449224707
1434288621134172163
1434288628113494018
1434288667728744454
1434288691074240512
1434288700989509636
1434288704898613251
1434288706442211331
1434288718190366721
1434288729502490624
1434288730496438272
1434288732119707650
1434288735340933121
1434288749807030277
1434288752457928709
1434288760452177928
1434288761999855617
1434288763363074051
1434288764688416777
1434288768945737728
1434288772682862598
1434288780484173831
1434288791255228419
1434288800931500032
1434288801627754499
1434288807873060871
1434288813606674435
1434288826009202691
1434288853939073027
1434288863955111936
1434288868560363521
1434288875783008257
1434288883185995776
1434288898109227009
1434288898113511428
1434288906057441284
1434288919613476864
1434288924977946625
1434288932678733825
1434288950647169024
1434288970364563456
1434288978715455488
1434288994586607628
1434288999032569856
1434288999322038277
1434289003004669955
1434289015486914562
1434289045803257859
1434289046113689600
1434289085418459136
1434289102678077444
1434289103290384384
1434289104565506048
1434289111746162692
1434289118301806601
1434289121158107143
1434289125318873089
1434289135632662528
1434289146013626371
1434289147922030592
1434289159099854851
1434289165403893761
1434289176820785155
1434289181585465344
1434289191077224449
1434289201609072646
1434289202066337794
1434289212317122567
1434289214867361792
1434289217572687873
1434289241698226178
1434289260069363716
1434289271377207297
1434289272887160840
1434289274741039105
1434289278796845064
1434289285713342465
1434289294986858499
1434289298321330178
1434289302926671872
1434289310854000643
1434289311441096704
1434289315375419395
1434289320379228161
1434289326838501376
1434289326926581760
1434289340407066624
1434289344655859712
1434289351043821568
1434289352754958337
1434289354390876162
1434289371100991492
1434289386271694851
1434289397193707525
1434289399685165058
1434289410682589189
1434289411106217989
1434289441284272128
1434289441775013888
1434289452449476608
1434289454697656323
1434289473605472259
1434289485873876996
1434289503376748545
1434289503783555078
1434289507415871488
1434289507449425927
1434289508586037248
1434289532954873857
1434289535966384136
1434289562944249863
1434289563367788544
1434289573086089218
1434289581965316096
1434289584217763845
1434289588495953920
1434289600273453064
1434289615419150336
1434289617256210433
1434289617650524165
1434289622150955013
1434289632947081221
1434289639901253635
1434289640224313344
1434289645047648264
1434289653595652100
1434289689356382210
1434289693827506177
1434289715470032898
1434289729164529666
1434289736861069312
1434289745589325830
1434289752329555975
1434289767177465856
1434289771426234375
1434289774504853508
1434289790460076039
1434289797221298177
1434289804439654403
1434289805769195520
1434289809808367618
1434289818125602818
1434289865701707778
1434289875927326720
1434289886731907080
1434289889802178562
1434289893879001089
1434289894030024709
1434289914690957312
1434289919216791554
1434289935410995200
1434289943703085056
1434289954906152960
1434289965949755394
1434289980214419457
1434289984488497155
1434289987571355650
1434289999126671362
1434290005107789825
1434290013294968832
1434290014964391941
1434290030428790790
1434290048376180738
1434290054621446145
1434290055456116742
1434290072900313088
1434290087144169473
1434290088054304768
1434290104248438784
1434290109097119745
1434290127984074755
1434290128059502597
1434290145860243460
1434290159210713089
1434290160217296900
1434290161391738880
1434290174440218626
1434290178156339207
1434290182455533568
1434290188293967873
1434290202789519364
1434290209508712451
1434290217247248390
1434290227028402178
1434290235307872261
1434290235374977026
1434290260708675590
1434290262373715972
1434290269541785605
1434290298654543873
1434290298713165830
1434290302857228289
1434290309173755907
1434290309735800836
1434290321601486850
1434290328673169409
1434290330178920452
1434290341251887104
1434290350873579525
1434290356145819661
1434290361900404740
1434290361963319296
1434290366962933764
1434290371262132227
1434290373111787529
1434290380644753419
1434290381336760320
1434290389960302592
1434290404950695936
1434290405378564096
1434290405986783235
1434290409233166339
1434290412001316868
1434290419429519367
1434290439666946049
1434290451494973443
1434290484155912195
1434290484344729601
1434290488174067720
1434290490099347462
1434290492536147971
1434290495476445186
1434290497527427073
1434290497665830912
1434290505857314820
1434290508470398981
1434290511867748358
1434290521128714243
1434290554175643648
1434290555496898563
1434290566431379462
1434290567337455618
1434290592851369986
1434290600766054401
1434290601575469056
1434290603630673924
1434290610949824521
1434290612849848321
1434290616805044234
1434290646685212673
1434290647561871361
1434290666327232515
1434290678050271236
1434290709260083204
1434290721142579204
1434290728809766914
1434290731733196800
1434290738762850304
1434290790189223939
1434290818630623233
1434290823483600898
1434290825425473541
1434290828533448708
1434290849576280070
1434290852180922369
1434290852470341639
1434290867695759362
1434290870015176706
1434290887320817672
1434290913325506563
1434290918610411521
1434290924209807361
1434290936691965956
1434290946095648779
1434290947962163201
1434290984419045376
1434290986939785218
1434291001040965633
1434291010390081538
1434291012239859714
1434291029688074240
1434291031621738507
1434291050714128385
1434291054530998273
1434291060663103490
1434291062433067010
1434291067696861188
1434291084767764489
1434291088961982466
1434291089788350486
1434291101796642821
1434291104644485121
1434291104661262341
1434291109509963777
1434291111330254855
1434291118154387458
1434291123091030018
1434291131223793664
1434291153956900866
1434291176631308288
1434291177981976580
1434291179902881797
1434291184067883008
1434291187280715776
1434291206264066049
1434291211456626692
1434291212131962881
1434291214656983051
1434291219178434562
1434291230939176961
1434291237285212161
1434291256390258691
1434291268633382912
1434291276862607367
1434291279089872899
1434291285620318216
1434291289512685568
1434291292821991428
1434291305379766275
1434291310215798787
1434291311012687876
1434291314959474692
1434291316377145352
1434291329488597005
1434291330881032194
1434291351781322752
1434291352750202881
1434291353001861121
1434291356189569024
1434291356357308422
1434291377224003584
1434291380059348994
1434291389030883328
1434291390628913157
1434291395175534592
1434291406374416388
1434291406856728579
1434291414570086403
1434291421117308939
1434291423982100483
1434291428344086530
1434291431951290369
1434291450355855360
1434291461441396736
1434291479497805827
1434291491959099393
1434291498540015619
1434291506203013127
1434291507306115073
1434291507461345281
1434291512733577220
1434291536506855430
1434291539073699845
1434291560099819521
1434291564017225735
1434291571088822275
1434291574855307265
1434291589715795973
1434291619797274634
1434291623274426370
1434291626352971778
1434291631621124096
1434291636536811520
1434291639313383427
1434291641829974031
1434291656111575042
1434291668186980356
1434291668598104069
1434291676735066115
1434291678207172612
1434291688323813382
1434291690966331393
1434291695689117697
1434291700625780739
1434291709517737993
1434291720473112577
1434291721043648515
1434291726848507906
1434291729260285954
1434291731357388801
1434291743265021955
1434291753159376898
1434291757039095810
1434291757928353799
1434291764832182276
1434291780867051526
1434291791856087042
1434291794490052612
1434291804279607296
1434291815398711297
1434291827180515338
1434291828447223809
1434291829093158914
1434291832620523523
1434291835137110018
1434291851717226501
1434291851863990273
1434291857073352705
1434291881861648391
1434291888002109440
1434291908411629575
1434291916418560001
1434291917223772161
1434291918838587393
1434291930905649153
1434291937591373827
1434291955077419015
1434291961544982529
1434291963575083010
1434291964766195713
1434291977365901317
1434291981895839750
1434292015869665288
1434292019808161793
1434292020768616450
1434292025873125380
1434292031812210691
1434292034777624581
1434292037742956552
1434292043208142848
1434292051370287114
1434292054448877569
1434292054734123020
1434292057493983236
1434292066608111616
1434292070739587073
1434292071729405952
1434292081233694729
1434292081871175683
1434292082181562376
1434292103677362179
1434292122463707138
1434292126762872835
1434292135172444164
1434292139303833602
1434292143431036929
1434292149315584002
1434292154675957767
1434292181003644929
1434292184107397121
1434292184547725312
1434292184925278212
1434292201668886534
1434292217716383752
1434292221113769985
1434292236909436928
1434292245029654531
1434292249991471107
1434292287715127300
1434292294124032012
1434292304605503489
1434292304840364035
1434292307226943489
1434292316567752709
1434292336511619078
1434292338231234569
1434292342974976000
1434292343931342852
1434292348410896388
1434292349027426308
1434292362952515584
1434292367125778433
1434292367151046657
1434292370053505028
1434292372406407172
1434292388248399872
1434292393986207744
1434292407428960259
1434292409756753921
1434292416480169992
1434292426701692928
1434292428392042503
1434292446570164224
1434292449506168832
1434292455814438918
1434292470687404036
1434292471970897920
1434292477897416706
1434292492409741322
1434292493873463300
1434292494263521280
1434292501901455362
1434292507366543363
1434292519693688839
1434292520217890817
1434292525251141639
1434292526824005632
1434292529273376774
1434292531714478080
1434292534050754564
1434292545966706690
1434292554321760262
1434292554615431170
1434292583350607879
1434292585674203140
1434292585951019011
1434292589096808450
1434292616515006465
1434292624106655750
1434292635947175941
1434292636492439553
1434292642381242368
1434292645166292994
1434292645497610243
1434292657082314753
1434292663457562627
1434292666695618562
1434292667253510144
1434292672601153537
1434292683254771715
1434292703630667779
1434292715311751175
1434292719829016577
1434292727517155339
1434292729345945607
1434292732311265282
1434292734765015040
1434292741543022599
1434292744927723523
1434292751986831364
1434292757036773385
1434292761918943236
1434292763957284870
1434292772480094208
1434292772513648642
1434292783901184001
1434292786623303685
1434292793095098368
1434292809524301825
1434292822329417731
1434292843787558913
1434292857779671047
1434292870241001476
1434292870333218816
1434292887806689283
1434292896006561798
1434292897302687744
1434292900477775872
1434292903464079364
1434292905309581314
1434292908216172546
1434292945692381185
1434292953036509186
1434292953862840323
1434292973894873092
1434292989350883334
1434292993545093123
1434293001837326340
1434293006337810432
1434293007889674241
1434293017511346176
1434293035379081216
1434293038096990208
1434293047429316618
1434293055247593480
1434293067452932096
1434293072641335297
1434293082464428041
1434293089905094656
1434293092849537025
1434293104509693959
1434293108615917574
1434293112889827332
1434293133907529732
1434293135220346882
1434293140488400896
1434293147618664448
1434293152907735043
1434293166929321984
1434293167642320898
1434293169366175753
1434293174101594123
1434293177213669383
1434293182381137920
1434293189091987459
1434293193366020102
1434293200546566144
1434293209958699008
1434293220893134849
1434293242867163136
1434293243353735168
1434293254791516166
1434293263867990018
1434293266879590403
1434293282423533570
1434293284566929408
1434293297988657162
1434293302661165056
1434293304745676802
1434293311737679879
1434293316758220800
1434293320600244224
1434293321996947456
1434293327587860485
1434293343895306244
1434293348941107200
1434293349234749441
1434293351092822016
1434293368859811843
1434293372349558786
1434293375000252418
1434293378380976131
1434293385565716480
1434293385821626375
1434293392826109959
1434293407049031682
1434293421771051009
1434293427307483138
1434293434030960646
1434293441798750208
1434293443652685824
1434293455505838081
1434293465060347907
1434293469758074888
1434293477718777858
1434293485415370760
1434293485532766210
1434293502905659392
1434293507506704387
1434293527781982210
1434293537961660416
1434293544764719107
1434293568043200513
1434293568244535301
1434293592093245441
1434293606605541383
1434293616239910917
1434293619867983875
1434293641154007040
1434293653648945163
1434293675559903238
1434293682581250048
1434293685349457922
1434293705360515072
1434293709009457155
1434293720933879810
1434293731134525442
1434293733701345282
1434293737346244615
1434293748821856258
1434293770707783682
1434293792153161728
1434293797987528705
1434293836877111296
1434293845894868993
1434293855260749825
1434293856657448963
1434293865167704067
1434293871777914886
1434293884662820864
1434293902891171840
1434293913607671819
1434293913683124236
1434293928581271554
1434293935065772035
1434293937611722753
1434293942787452930
1434293952237248515
1434293956964233217
1434293959011012622
1434293966346797066
1434293969282871296
1434293993987317771
1434293998521307136
1434294000735952896
1434294003789402124
1434294017102172160
1434294020101001216
1434294021581639687
1434294040770527236
1434294081602179073
1434294084747866112
1434294089395146755
1434294128569995268
1434294136564289536
1434294148132179971
1434294173507674116
1434294174409441280
1434294178800881666
1434294191769669633
1434294241719685123
1434294251991539718
1434294261957152769
1434294281796206596
1434294292730859524
1434294301677268994
1434294308828483584
1434294320480325638
1434294329359618051
1434294329409998850
1434294330575966217
1434294364004655104
1434294364159762435
1434294369436278790
1434294375845007366
1434294378395324424
1434294386213494785
1434294394253893634
1434294396837564417
1434294410796273667
1434294416945131527
1434294437362995201
1434294438940102656
1434294448423325699
1434294449501257731
1434294459102113792
1434294467348029445
1434294470720331779
1434294475992485888
1434294478936883203
1434294480677621760
1434294484179771392
1434294495089135616
1434294496175525893
1434294498360692737
1434294503083544582
1434294503238774788
1434294505243566080
1434294512944353281
1434294515523784705
1434294525099487232
1434294564559392769
1434294584192995328
1434294618145886213
1434294630217101315
1434294636160471041
1434294640862236674
1434294641159966723
1434294645639548937
1434294648722399236
1434294666615312385
1434294670687969280
1434294688241143809
1434294695128145920
1434294700761026563
1434294707723591683
1434294725503246338
1434294729043292161
1434294746294497286
1434294749456965632
1434294749482127368
1434294763851759617
1434294777302900736
1434294778708041742
1434294783908978692
1434294812073762816
1434294828750225410
1434294837218619392
1434294849604362240
1434294880013103114
1434294894013652994
1434294912485310465
1434294914674827264
1434294925693181952
1434294933213548547
1434294940549488644
1434294951169470476
1434294960946393090
1434294964448645120
1434294989580906497
1434294996623106050
1434295001392074753
1434295009847779332
1434295010124615682
1434295017674313732
1434295036947140614
1434295044647882755
1434295072661573638
1434295094891401226
1434295102998986757
1434295117892968452
1434295120346718210
1434295154890919938
1434295161874493440
1434295186654482433
1434295191117176836
1434295191326937094
1434295206086643712
1434295209995743240
1434295224701001731
1434295235941736449
1434295248910495744
1434295260730073088
1434295264358109185
1434295265767444483
1434295266799230984
1434295269991108613
1434295272398540805
1434295292476727297
1434295297363038209
1434295306045337605
1434295310013116417
1434295312378695682
1434295329248141314
1434295335736815616
1434295337691254785
1434295370566316036
1434295381672841217
1434295395304316931
1434295418016485376
1434295418641334285
1434295440472748040
1434295479282683905
1434295484684832772
1434295510723178497
1434295516985184266
1434295527466840064
1434295536274792456
1434295543832924163
1434295550489268230
1434295558521380865
1434295565823758349
1434295569531428864
1434295571670523909
1434295575990710274
1434295600145747968
1434295603006263300
1434295603710861313
1434295611357073408
1434295628088156167
1434295642789134340
1434295662020022273
1434295665291669506
1434295678499426315
1434295702981652482
1434295709818408964
1434295722149568518
1434295726041927684
1434295728478822405
1434295735663611906
1434295754122792968
1434295770522456065
1434295820413804544
1434295822536040452
1434295833600614411
1434295833839738881
1434295834770825217
1434295840957423618
1434295845160095744
1434295845432725506
1434295845755789315
1434295851589963776
1434295857411760132
1434295860792373248
1434295864915288065
1434295868291698699
1434295880300089346
1434295887346405381
1434295887363297280
1434295911224692740
1434295941469818880
1434295974214705152
1434295975036821504
1434295978480308225
1434296005323862020
1434296006666080261
1434296022331764738
1434296028317036544
1434296030745485313
1434296063431745537
1434296065344294916
1434296086546558976
1434296088090058756
1434296100299714565
1434296101390241795
1434296110923882496
1434296159435063297
1434296175729991682
1434296192578560000
1434296201080418305
1434296201852166145
1434296211209658369
1434296215450030084
1434296228615950338
1434296236035747849
1434296252619952134
1434296254540955655
1434296342164148225
1434296343380570112
1434296415363141637
1434296416285904904
1434296418169143299
1434296438951927811
1434296449462906881
1434296490084683778
1434296498888617984
1434296504232169472
1434296526713626627
1434296531243474946
1434296560553238529
1434296566337126400
1434296576185360387
1434296582166482946
1434296584892817411
1434296587145125889
1434296593725935617
1434296594086744073
1434296605965012995
1434296610574512131
1434296614060011522
1434296623807488007
1434296634368839681
1434296663032598538
1434296663967948801
1434296673640062976
1434296674889969668
1434296684939448320
1434296711174840320
1434296711762128903
1434296719664164866
1434296728308568069
1434296740124012546
1434296751259848704
1434296756188102658
1434296761653370881
1434296771614756871
1434296801599893504
1434296849486127106
1434296873305755654
1434296890842046467
1434296918008602636
1434296918650281984
1434296929421307912
1434296930209783814
1434296947444273155
1434296948727681024
1434296954364825602
1434296958391312384
1434296986275131397
1434296988770701318
1434297000787333121
1434297011851911173
1434297013672288258
1434297039232372736
1434297049751687171
1434297057091727362
1434297057221791745
1434297059427901441
1434297070555381760
1434297072753205252
1434297079946432517
1434297090897850370
1434297094509039626
1434297117976240135
1434297140759736320
1434297144714874889
1434297176583200771
1434297177426300933
1434297205763022851
1434297211865772041
1434297220682158091
1434297222217314307
1434297248012242949
1434297251799748609
1434297267805200385
1434297288457850889
1434297298767552515
1434297309257420800
1434297314970120193
1434297319353200642
1434297365633146881
1434297385501577219
1434297400491905025
1434297414291177477
1434297422868590595
1434297447115902978
1434297453705142275
1434297460395057155
1434297476660465664
1434297487876046863
1434297504296837124
1434297509967536128
1434297523750031364
1434297533283590144
1434297536748171272
1434297542712430592
1434297546499936257
1434297552027930626
1434297559242129409
1434297563105144832
1434297573985112068
1434297583774617601
1434297613797441544
1434297619862458370
1434297625948348417
1434297630960590852
1434297634605441029
1434297642356465664
1434297646043353088
1434297679400538114
1434297683645239297
1434297691060768770
1434297706852327424
1434297748547846145
1434297753656602625
1434297758031269900
1434297764616327170
1434297781464801282
1434297781712310274
1434297785285844992
1434297792734941186
1434297809315016707
1434297813941342212
1434297825764970500
1434297827631435778
1434297878323859466
1434297884158140417
1434297892492226560
1434297897349263363
1434297926633861127
1434297941838139394
1434297942471499778
1434297960284794882
1434297964604755976
1434297970376183816
1434297972372684806
1434297975501697024
1434297978815143939
1434298005075726344
1434298021207060483
1434298026428928004
1434298053293453313
1434298065696043013
1434298086583640066
1434298089926537222
1434298094670303233
1434298100642979842
1434298113477554177
1434298126622461956
1434298153612812293
1434298156745900038
1434298164228599811
1434298176949952516
1434298178069843972
1434298183568474114
1434298208830820352
1434298233627553795
1434298235858919430
1434298236827734018
1434298242582421505
1434298250228551684
1434298267332980748
1434298312186806276
1434298322001571840
1434298371884388355
1434298377806692355
1434298381057265664
1434298400548212737
1434298433750413312
1434298434660585473
1434298509767872513
1434298554261164034
1434298561286610949
1434298562888732676
1434298587639394308
1434298618027069440
1434298643473911813
1434298644610572293
1434298645436846083
1434298689917526017
1434298699375595529
1434298706464018432
1434298711903981569
1434298718509993986
1434298750231535620
1434298762743144451
1434298789246947328
1434298867655249920
1434298870226472960
1434298885615259649
1434298891390832641
1434298910420488192
1434298913293578244
1434298940187414533
1434298947703554048
1434298982612746247
1434299004985151492
1434299006906245124
1434299019338059779
1434299046588469250
1434299065974591488
1434299068138860546
1434299077789954048
1434299089072627713
1434299108655828996
1434299130914934786
1434299130961145857
1434299132022296576
1434299133670666241
1434299143015460865
1434299197319229441
1434299233939738627
1434299259139022853
1434299277153652740
1434299279317815299
1434299280756510726
1434299283377954818
1434299323752370176
1434299352734969859
1434299362650337283
1434299380090261506
1434299380857774084
1434299390261346309
1434299401636356104
1434299418044469257
1434299418740723716
1434299449031933957
1434299476441767938
1434299477368754178
1434299481760096258
1434299523992543237
1434299544339156994
1434299545496834051
1434299554799759363
1434299562974457862
1434299565906305024
1434299573699334144
1434299577889394689
1434299595731968000
1434299632427880454
1434299646491381762
1434299650777944065
1434299652573122563
1434299654171205634
1434299655580434432
1434299667022598151
1434299689583644677
1434299697691234304
1434299719723925509
1434299724941742083
1434299726673948672
1434299730184507394
1434299749264412677
1434299760375128066
1434299761595764745
1434299763529224202
1434299766083661833
1434299771867516929
1434299805765931012
1434299809465257990
1434299842923225092
1434299844466814977
1434299867074027525
1434299878822359043
1434299885298327555
1434299887491944450
1434299892604751877
1434299893179355136
1434299917975969794
1434299925391630340
1434299944714838023
1434299962649632768
1434299978835496961
1434300003942649857
1434300010401783808
1434300016072531968
1434300075254198274
1434300077011525632
1434300124495220737
1434300138344833024
1434300157227638788
1434300179566501890
1434300194506616833
1434300197803368448
1434300205302784001
1434300242174808065
1434300248353034244
1434300251830161409
1434300266539634693
1434300267785240577
1434300292217151504
1434300312366559235
1434300319710728192
1434300329751949318
1434300347107979264
1434300359049162753
1434300375385903105
1434300383514533889
1434300398316236807
1434300451776835586
1434300487810101248
1434300495875686400
1434300502842363905
1434300506466250752
1434300507066142720
1434300531065896961
1434300531426611200
1434300544034693126
1434300566746828801
1434300589236752393
1434300607993614340
1434300620660412420
1434300626863857668
1434300677191262214
1434300705427369989
1434300731419467776
1434300734510600193
1434300758699167745
1434300789783158789
1434300834712625153
1434300851938541572
1434300866274762763
1434300889179754497
1434300889800577027
1434300891683774467
1434300920616062986
1434300930355351557
1434300948386566144
1434300971102920704
1434300975183974405
1434301019928793089
1434301037473579012
1434301063805427717
1434301071015481345
1434301071611113477
1434301122546700293
1434301149453197317
1434301155140673543
1434301177584394243
1434301185473798156
1434301194630057985
1434301220513099778
1434301227525943307
1434301252259782661
1434301253794758662
1434301281426984967
1434301284706828289
1434301289173766144
1434301309411368963
1434301312452206592
1434301321004257289
1434301342957326342
1434301391170899975
1434301392550875139
1434301404571635714
1434301423349555203
1434301494623416322
1434301500558397443
1434301508322009090
1434301517662666752
1434301520988839936
1434301563162578949
1434301569156227073
1434301589200805890
1434301596016553987
1434301615972962312
1434301635874938881
1434301642698940419
1434301660931805189
1434301696918831104
1434301718943109120
1434301749867786240
1434301749947473941
1434301751155384322
1434301758143094787
1434301778791735306
1434301789797601285
1434301806679633921
1434301812287365120
1434301816825655299
1434301854888910857
1434301879899537410
1434301884274286597
1434301934660374539
1434301965631111173
1434301971343855618
1434301976565755910
1434302004172627975
1434302032853311491
1434302063282900993
1434302077648482306
1434302087727304710
1434302088280948739
1434302109432913920
1434302159789699075
1434302171433013250
1434302177544216578
1434302181323194370
1434302195818766339
1434302216081391620
1434302219772469248
1434302280023658506
1434302280652759045
1434302287174897667
1434302310298144771
1434302320741961735
1434302339897298947
1434302365990105090
1434302382641451009
1434302410097405953
1434302425272356868
1434302431479861249
1434302438173990913
1434302446591938562
1434302497703829508
1434302523251253249
1434302525411368961
1434302547100151809
1434302597561733134
1434302602418794496
1434302611923034112
1434302625097342979
1434302634631090182
1434302644873539586
1434302653308223491
1434302683087876098
1434302683746381830
1434302695452598273
1434302725458735104
1434302740893667331
1434302762133688321
1434302783361069058
1434302792009752584
1434302842349703168
1434302842450464768
1434302858212610049
1434302859340881922
1434302861861605378
1434302908665896968
1434302935882682373
1434302939686916108
1434302957034553349
1434302966073278464
1434303028044107777
1434303039029096449
1434303039708573702
1434303044104163328
1434303055747592194
1434303064111034368
1434303073653043201
1434303095257944068
1434303110076379142
1434303112412553216
1434303114362949634
1434303116439166983
1434303124634800130
1434303141651095555
1434303192033107969
1434303194000207876
1434303209435246593
1434303215768637441
1434303232365449225
1434303238749163523
1434303262690357253
1434303306608877569
1434303327743840258
1434303329220317184
1434303338292592640
1434303356139450370
1434303359880736770
1434303379577217032
1434303434346348557
1434303463484235776
1434303471679909891
1434303486716416000
1434303489899966464
1434303541779341318
1434303542383288324
1434303543243116545
1434303562209808384
1434303569973366784
1434303573014327297
1434303578915721220
1434303579599384578
1434303579708403715
1434303580559843329
1434303589808283656
1434303600243654658
1434303619415912451
1434303622569943045
1434303642799063043
1434303656929660930
1434303659941277697
1434303665653919745
1434303680673628164
1434303734281031685
1434303736294346752
1434303745723092993
1434303754694795267
1434303767080484866
1434303774751928320
1434303786860830721
1434303803793281030
1434303815558340608
1434303818649440258
1434303832280948741
1434303847158239232
1434303875180371970
1434303892414685186
1434303896055390209
1434303896512565251
1434304008265535489
1434304024107421696
1434304073373822983
1434304098988404745
1434304102092222466
1434304113676857346
1434304121570480129
1434304134002483203
1434304153371791362
1434304156685197317
1434304174246739968
1434304194001911810
1434304213136326660
1434304231574474753
1434304281742659586
1434304282896093185
1434304305889267712
1434304322226036736
1434304344653017090
1434304371374886918
1434304376173121537
1434304389355909122
1434304391683706883
1434304402744033280
1434304403884883969
1434304411086606340
1434304431714091013
1434304442346655749
1434304447019110403
1434304450714288133
1434304451251253248
1434304461049143299
1434304469576077315
1434304476953858051
1434304509745012736
1434304548655538177
1434304552040271876
1434304552044580864
1434304559229378571
1434304584781082627
1434304593673007104
1434304601084375049
1434304611582717953
1434304624505376772
1434304625155444737
1434304629790097408
1434304704595513349
1434304705065328642
1434304724308742148
1434304765413007362
1434304771981258753
1434304796299866114
1434304801186193414
1434304841678049281
1434304876872339457
1434304877631508486
1434304883516182531
1434304883834957824
1434304911471218689
1434304938591588356
1434304966106173441
1434305020053311491
1434305025514348547
1434305049472163840
1434305053146353666
1434305102010068996
1434305156812840960
1434305157345513474
1434305199057907715
1434305206771195910
1434305222587953152
1434305243987185669
1434305262714859526
