1436094787703218183
1436094794216972291
1436094807831683074
1436094821622587395
1436094825149997056
1436094838630502405
1436094851431477248
1436094870859440133
1436094882158895109
1436094885795356672
1436094910646661123
1436094915335884809
1436094925444157445
1436094936521355266
1436094947212644361
1436094958461755393
1436094960097452035
1436094977960984577
1436094981723332610
1436094986429341703
1436094987016577027
1436095009749676032
1436095021200068609
1436095025356677126
1436095033229385730
1436095049570336776
1436095080335659012
1436095092532682754
1436095095841992706
1436095102833897472
1436095105916616709
1436095107292401665
1436095120978350085
1436095151898771458
1436095157305229316
1436095157573758976
1436095179384139776
1436095179438575619
1436095205346877448
1436095210476511234
1436095218772811778
1436095230143565827
1436095253170298881
1436095263916056576
1436095276289232897
1436095281343483908
1436095292869328897
1436095299580268546
1436095301719371776
1436095305695600640
1436095321097048070
1436095328399380486
1436095332102942722
1436095333814112258
1436095336616022021
1436095349169528833
1436095356639514627
1436095361161039878
1436095363505590285
1436095365367881736
1436095373257367557
1436095387073454082
1436095396569288704
1436095407524823041
1436095458317905921
1436095460511469573
1436095468057079823
1436095477330628615
1436095484079267843
1436095507949047810
1436095511904280578
1436095512520888324
1436095533354033155
1436095538458505216
1436095538584297479
1436095544510795777
1436095587963871236
1436095591474515979
1436095591994511364
1436095595270266881
1436095597967142915
1436095604963389442
1436095610185191424
1436095628556308481
1436095639708966912
1436095642288406537
1436095643664085000
1436095663649996806
1436095682482524161
1436095698315927560
1436095700056645638
1436095705253359617
1436095728057737216
1436095732545728516
1436095740154101760
1436095745048911875
1436095745065635843
1436095749788418052
1436095767702290441
1436095770042712066
1436095788829007876
1436095797687422978
1436095798400389122
1436095805761507329
1436095816817594369
1436095828062609410
1436095829690011650
1436095846051991555
1436095854520188933
1436095855157776385
1436095863928066051
1436095873281400835
1436095875550519299
1436095902041747460
1436095904218587141
1436095906433146888
1436095911407595529
1436095912330268675
1436095912372232193
1436095929279524879
1436095934677536773
1436095940637642753
1436095943007428611
1436095944647454721
1436095955049267200
1436095966185238534
1436095970291355659
1436095977182613509
1436095982521962504
1436095988456906753
1436096005871652866
1436096045168091141
1436096058904436741
1436096067527925764
1436096073517473795
1436096096837775360
1436096124742475778
1436096127141617668
1436096134229934082
1436096143826509827
1436096165192294400
1436096169382490114
1436096176915369986
1436096196850892802
1436096216220250112
1436096222872444929
1436096226445959170
1436096229075791873
1436096229985894404
1436096232779309058
1436096236931723270
1436096240891092996
1436096246989664258
1436096258930786306
1436096265251663874
1436096277914300417
1436096285782708229
1436096308624961544
1436096320951967744
1436096324592615427
1436096333572620291
1436096334868668417
1436096344276488192
1436096366632177666
1436096369715027971
1436096369949827073
1436096380758634498
1436096381400276994
1436096398139744259
1436096432872820736
1436096434214952966
1436096447741575174
1436096451898183682
1436096458357420034
1436096468578930693
1436096476095078400
1436096479978995715
1436096481862299653
1436096492394196998
1436096498110980101
1436096500946423815
1436096512501616644
1436096538418221062
1436096543505932290
1436096561893810176
1436096563609313280
1436096568805953536
1436096573772009474
1436096573839134724
1436096585730084865
1436096594693214219
1436096618453946369
1436096621226430464
1436096631162683395
1436096643275923459
1436096644815130626
1436096645134004230
1436096655351291915
1436096655435128834
1436096672405336066
1436096675983073288
1436096712158982146
1436096718974734339
1436096729326276609
1436096731393966084
1436096747147771910
1436096753279844354
1436096775551602696
1436096778919624709
1436096781742395395
1436096789040537603
1436096791271907336
1436096811454844946
1436096812520198146
1436096834766770182
1436096836146716678
1436096837987995650
1436096841100128269
1436096855302094856
1436096858154278913
1436096877779472386
1436096902303465476
1436096909115117570
1436096916157341698
1436096918627749897
1436096922251575299
1436096934524170242
1436096942132580354
1436096947807571970
1436096958943399939
1436096960767877120
1436096962848251907
1436096965843030016
1436097008528408583
1436097011074338816
1436097012588552192
1436097028514320390
1436097039687995395
1436097052497387520
1436097089302405130
1436097090199949312
1436097097229553667
1436097109267210240
1436097112375238658
1436097116712153094
1436097140112121860
1436097146676289539
1436097147687034882
1436097148395966464
1436097159242342401
1436097159410167808
1436097166972493824
1436097169212182533
1436097180855644161
1436097185452634116
1436097210354225157
1436097222291116036
1436097237818478598
1436097241844961282
1436097251932360705
1436097267744788483
1436097299395006471
1436097301303472128
1436097327152963589
1436097328063078406
1436097334857846786
1436097335772303366
1436097342684504068
1436097346023182339
1436097351869997057
1436097354411741189
1436097383893438465
1436097386967875586
1436097413966700545
1436097418777481220
1436097459084800006
1436097462918393857
1436097474071044099
1436097482635816964
1436097485123039233
1436097498712616965
1436097507780669447
1436097509986873344
1436097517335232517
1436097522225795073
1436097529817583617
1436097530773884935
1436097536914333707
1436097541842558980
1436097551346847752
1436097556845584385
1436097563497844746
1436097593029890053
1436097602529996800
1436097604429963268
1436097614328520706
1436097624600363016
1436097643411877888
1436097673115938818
1436097680200118276
1436097684377686017
1436097685937917954
1436097703637831681
1436097738928791553
1436097785787469830
1436097797481193474
1436097804301185024
1436097813503516675
1436097825402675201
1436097827076251654
1436097828556873728
1436097849683582978
1436097854737719298
1436097854901194753
1436097857946365954
1436097877391167489
1436097881103114240
1436097885641351173
1436097908969926678
1436097916167405568
1436097943807930370
1436097945196277761
1436097946987159559
1436097947935154179
1436097948320927750
1436097961000321024
1436097967698718725
1436097969367957504
1436097974392786950
1436097977110745095
1436097980176683012
1436097987239895040
1436097997167804416
1436098011604701189
1436098014825918467
1436098080030461953
1436098092160454658
1436098120761450503
1436098128483164162
1436098163115450370
1436098186146353153
1436098190575652865
1436098192656015363
1436098212901924864
1436098222632706049
1436098222888472580
1436098230371110915
1436098281147404293
1436098281482985481
1436098290479779842
1436098300042698752
1436098301758218245
1436098313657405442
1436098319953104900
1436098321341423619
1436098326680809473
1436098330443063298
1436098331927789569
1436098333123219465
1436098338412244995
1436098343415996418
1436098344481398787
1436098360428146689
1436098361560649738
1436098372159647746
1436098385371668480
1436098386411859974
1436098394028654592
1436098394368393217
1436098401838501895
1436098404531191812
1436098426668830722
1436098443051732992
1436098465747116035
1436098468888596481
1436098483698782209
1436098491013545987
1436098510605193220
1436098517680992256
1436098520138883076
1436098523007696898
1436098536165285890
1436098552019791872
1436098566674698240
1436098571376418819
1436098583804223494
1436098588833165312
1436098596328378372
1436098617950015493
1436098626326048768
1436098633515126784
1436098638548242432
1436098643463970822
1436098643464015874
1436098648975282176
1436098649549852673
1436098667149152259
1436098717979922435
1436098723650617346
1436098724363636742
1436098752411062273
1436098765962846210
1436098770140282885
1436098773734895620
1436098820031537158
1436098820249694211
1436098832736178178
1436098833155559429
1436098859344748544
1436098888579100675
1436098901090701316
1436098902609047552
1436098903636692996
1436098913333878786
1436098939720245253
1436098954727469058
1436098966240772098
1436098971815059469
1436098973291343878
1436098979759017993
1436098995659608068
1436099004786425857
1436099018317238274
1436099025355292674
1436099027251212288
1436099031323774977
1436099034939277318
1436099039905386497
1436099054933585923
1436099087292579843
1436099102555652101
1436099131710353408
1436099132511473666
1436099137079058441
1436099139327102978
1436099148202250244
1436099151792676870
1436099169798791170
1436099173045133314
1436099177231134728
1436099182134235140
1436099187913986051
1436099190673784833
1436099203747524609
1436099221237780484
1436099224207245314
1436099224773578755
1436099227768262656
1436099232004546561
1436099235024445441
1436099250430038017
1436099258768371712
1436099267064705027
1436099282185170946
1436099294856192004
1436099310362447876
1436099316175806465
1436099321733304321
1436099330805481476
1436099344663552003
1436099347343626240
1436099347943464961
1436099363919564802
1436099366247407616
1436099369506418694
1436099379400687619
1436099382089338883
1436099397067149313
1436099405187325957
1436099406059786243
1436099408127533061
1436099422086209536
1436099425160597505
1436099425823338501
1436099433742094338
1436099440646008834
1436099448879321089
1436099452662685701
1436099458958233602
1436099470719176704
1436099479585923075
1436099479984353280
1436099488049942535
1436099498481225734
1436099499487866885
1436099503195631619
1436099504881770499
1436099508060966915
1436099525693878272
1436099544836608000
1436099545549639681
1436099547395198980
1436099573504696322
1436099587048095746
1436099597403934733
1436099606807556102
1436099632170479616
1436099644052983813
1436099664269529097
1436099699581259777
1436099705923153924
1436099714399756295
1436099717109272576
1436099739120975876
1436099759132008448
1436099760629420032
1436099767705210884
1436099807748239362
1436099814467510273
1436099817348927491
1436099833081782272
1436099854414008322
1436099887846858754
1436099913415331840
1436099941500399617
1436099959263223810
1436099971011551235
1436099973209280514
1436099985959960577
1436100017157251072
1436100019975868416
1436100033422761986
1436100038573297674
1436100052867555331
1436100064636809224
1436100065676963842
1436100092566642690
1436100151291023360
1436100162674323489
1436100194752503810
1436100243783929857
1436100248066265088
1436100252935786496
1436100254617808910
1436100255616053249
1436100260665962500
1436100263950131204
1436100275807428610
1436100278059667457
1436100328353636356
1436100336582864903
1436100341825744896
1436100351338422272
1436100368048529408
1436100371739516930
1436100389397483533
1436100400449470466
1436100421177815040
1436100429566423047
1436100444217122819
1436100468724412426
1436100468980293636
1436100480401395713
1436100483249233920
1436100486298488836
1436100494804623362
1436100550135885826
1436100552891453444
1436100554783170560
1436100564165840898
1436100575578439681
1436100581312040963
1436100591651069958
1436100594142490630
1436100601377693696
1436100609875320838
1436100613511729164
1436100630939045894
1436100648035102724
1436100652007051267
1436100660542517251
1436100677474914304
1436100685767053316
1436100685829976066
1436100694570905600
1436100713361383425
1436100731359145984
1436100735800954882
1436100757837783041
1436100761784619014
1436100774476632066
1436100786094739460
1436100786224828418
1436100816910307328
1436100818013495296
1436100825298972672
1436100833247105028
1436100836518776840
1436100842961215488
1436100849848180739
1436100852205424641
1436100859516145664
1436100861898469376
1436100875550871554
1436100888121253894
1436100893229862922
1436100894425337861
1436100895989800963
1436100910351007746
1436100921851846657
1436100935537905665
1436100936787800064
1436100943607705600
1436100951849545728
1436100961567641602
1436100963497037829
1436100966114332675
1436100966940565504
1436100988956467208
1436100996476907520
1436101028420673545
1436101049174028289
1436101058107953154
1436101073937342464
1436101083936473091
1436101084087558146
1436101090467094529
1436101115112824839
1436101118870831107
1436101120942764035
1436101121299386371
1436101145085235205
1436101146704220167
1436101150655254531
1436101152974774277
1436101155751448580
1436101157294911488
1436101162386788354
1436101167784898561
1436101197602099201
1436101218099769346
1436101229017505793
1436101243227844613
1436101247732535297
1436101273372221441
1436101277382057987
1436101289692250117
1436101306033348613
1436101335850622977
1436101347900809218
1436101364401192960
1436101368083894276
1436101373645492225
1436101393199345666
1436101404599504900
1436101407308926976
1436101410815365121
1436101416066719744
1436101430788726785
1436101434001567747
1436101436031524865
1436101465492402183
1436101472257814528
1436101474942132226
1436101477920092161
1436101483087507464
1436101508446265352
1436101508710473729
1436101538301292548
1436101538339082241
1436101548728328194
1436101552536707073
1436101556374540297
1436101559872540674
1436101573810216967
1436101578142978050
1436101593091518475
1436101598229549058
1436101599760355330
1436101603480768513
1436101609776459785
1436101644329144326
1436101644954083335
1436101648481411076
1436101658489069570
1436101676390354946
1436101684606930945
1436101698846658561
1436101700436348933
1436101710146048005
1436101716907282433
1436101739917291530
1436101743901822976
1436101744015155202
1436101746317737986
1436101756358959105
1436101758808379397
1436101769378115584
1436101780312629254
1436101780446842883
1436101832397541384
1436101879386234887
1436101895186169856
1436101903298048003
1436101936047132676
1436101938181967883
1436101938706272259
1436101938895011842
1436101978115948554
1436101989411303424
1436101990422036481
1436101997439197186
1436102018406432773
1436102020537229314
1436102022726627332
1436102036391608323
1436102043198967808
1436102062505439232
1436102071695155210
1436102081320996870
1436102096466726916
1436102102397358090
1436102127739408384
1436102142977265669
1436102158403969025
1436102163072229379
1436102170450042881
1436102171813158912
1436102205006917638
1436102208190287873
1436102226724982794
1436102228612370437
1436102229497352196
1436102235692359680
1436102262108082180
1436102265203568645
1436102269427240961
1436102282677039109
1436102283264241665
1436102300439830531
1436102311835750400
1436102326356414465
1436102341204316166
1436102341699178498
1436102346774351873
1436102348066246657
1436102348678500358
1436102359877304320
1436102372799959042
1436102446133268481
1436102461098446852
1436102480589430793
1436102519986475015
1436102525384630275
1436102530929414152
1436102538894401540
1436102564513206278
1436102571798765569
1436102572742430720
1436102584532705282
1436102590194929671
1436102592392749071
1436102599032311811
1436102616350662658
1436102620029067272
1436102624097484800
1436102626924453893
1436102632230227974
1436102633027162112
1436102661959569408
1436102663054282752
1436102668741758986
1436102692124889092
1436102705626468353
1436102721510182918
1436102754838228992
1436102791697678344
1436102797313859586
1436102803072720898
1436102813503918082
1436102822811119618
1436102847372972042
1436102869665689602
1436102897859715073
1436102909909942273
1436102918432870400
1436102918466383874
1436102921398145037
1436102922417356803
1436102932622045223
1436102940511686659
1436102954151464961
1436102955812392967
1436102969087438848
1436102970920378372
1436102973969641473
1436102976343613442
1436102989186535424
1436103000796409858
1436103008815882241
1436103027426054145
1436103041145614344
1436103065472471040
1436103078172893184
1436103092366450688
1436103100037799942
1436103120929628160
1436103131943759881
1436103132828815366
1436103138184998916
1436103155717230593
1436103156950200320
1436103208536002565
1436103213015502848
1436103217021165577
1436103227376812034
1436103232766545923
1436103239032872963
1436103254211977218
1436103259421384704
1436103277419053056
1436103318418378754
1436103323426435072
1436103368951406594
1436103371707068421
1436103377134444544
1436103407849418835
1436103410261037056
1436103427315089415
1436103453642825729
1436103459598741504
1436103464577376260
1436103491714486274
1436103504737841163
1436103505295679488
1436103507837341711
1436103524610453505
1436103526170628099
1436103547213565952
1436103561088282625
1436103579367059457
1436103580533022722
1436103602221854723
1436103607045271562
1436103608601350145
1436103609423437824
1436103628566286340
1436103636178833415
1436103644143890440
1436103721080037381
1436103721491083267
1436103728306733056
1436103746904379401
1436103761450217480
1436103770493132801
1436103808136921089
1436103818094260227
1436103819323129861
1436103819457400833
1436103836188516353
1436103857998815242
1436103861530464259
1436103868564312066
1436103893235159051
1436103894606639169
1436103918359023617
1436103921953562629
1436103943063474182
1436103959282864129
1436104002043891716
1436104004933767170
1436104019936698373
1436104025146109954
1436104027138371589
1436104032305745923
1436104045584912386
1436104070834626560
1436104073317699584
1436104099536285700
1436104106121302017
1436104115571073027
1436104161737728006
1436104166892576768
1436104169551810563
1436104186295422979
1436104189852196869
1436104246852730880
1436104248933163010
1436104254901608449
1436104263365713920
1436104294407749637
1436104316599873537
1436104317358981121
1436104345641172997
1436104360916930560
1436104380198100993
1436104386309152769
1436104393632489474
1436104395008131074
1436104404646735877
1436104413572120579
1436104421818212353
1436104438083735558
1436104452566667265
1436104467632492549
1436104484330082308
1436104494421512194
1436104497353396226
1436104525874610180
1436104546934218755
1436104549786341378
1436104585718947840
1436104596787769347
1436104604123545600
1436104626265276418
1436104632783319048
1436104635882917888
1436104639569698818
1436104642610487297
1436104645479387137
1436104646528012293
1436104652588732421
1436104677335130115
1436104706594586626
1436104707450318849
1436104746365030404
1436104750538371074
1436104795463503874
1436104807413075975
1436104809472479235
1436104826857959424
1436104844612354050
1436104845317099522
1436104853038813188
1436104867983015937
1436104872114458635
1436104875474100226
1436104877210484737
1436104925738676231
1436104925881282561
1436104953798483971
1436104954507415557
1436104963915231232
1436104981065592852
1436104987726209026
1436105016838873088
1436105037558730754
1436105060266676225
1436105116847951872
1436105129556594688
1436105129913163782
1436105134635945985
1436105153971724288
1436105156588879876
1436105186762702848
1436105197286268930
1436105202365513730
1436105205368639489
1436105214612942851
1436105216622047232
1436105223345524743
1436105224616284160
1436105229708169216
1436105246724530181
1436105290752176131
1436105306602459138
1436105330895769602
1436105338625925127
1436105344426647559
1436105348029591556
1436105349828911111
1436105385534963712
1436105404115824640
1436105415570321440
1436105423715807242
1436105436361641984
1436105459711291395
1436105483711037441
1436105497455824896
1436105499385241602
1436105505731227649
1436105511670272007
1436105514325352455
1436105527986212865
1436105532369158149
1436105533774344195
1436105581824299008
1436105592779812864
1436105614854434818
1436105622387404808
1436105623284948995
1436105648618549248
1436105663831322626
1436105664460435460
1436105680474230786
1436105733100261378
1436105754969350147
1436105783977127936
1436105788456591363
1436105804113907715
1436105809004482561
1436105815447019523
1436105816046718977
1436105822787055619
1436105838297591813
1436105843087495168
1436105844383420422
1436105849089388563
1436105873290575876
1436105874389491718
1436105878822952961
1436105922993025044
1436105924012384257
1436105927501942788
1436105943134134273
1436105966425100289
1436106006921203719
1436106047203254272
1436106059836497923
1436106062650912768
1436106092279472132
1436106094569459721
1436106159220461571
1436106185820811270
1436106204196098064
1436106204737048580
1436106275998380039
1436106295485083651
1436106324786532352
1436106384655929344
1436106395842224131
1436106397477965826
1436106407795900429
1436106418701148160
1436106425126825988
1436106430206066689
1436106470655938562
1436106471259914245
1436106490977325060
1436106501614145537
1436106506517327878
1436106507482017794
1436106520907984903
1436106575932968962
1436106603716096001
1436106607587479557
1436106642882453513
1436106643276709888
1436106646569328642
1436106720682577926
1436106741217992708
1436106749208145926
1436106765171560448
1436106781453950980
1436106800781275140
1436106805982150658
1436106835828871171
1436106851909787648
1436106857467232257
1436106872898179072
1436106873783062532
1436106884826779655
1436106892292542466
1436106924475523072
1436106947552583681
1436106968087863298
1436106981526343683
1436107014871072772
1436107034294996995
1436107049708969987
1436107061587230720
1436107069405417475
1436107092138635266
1436107095489847297
1436107108601245697
1436107144999411712
1436107148157612033
1436107166830796804
1436107171465420800
1436107178658648069
1436107185931624452
1436107193439428615
1436107195700195331
1436107207549104129
1436107212166938625
1436107246061170689
1436107281674932230
1436107287148613637
1436107329183879178
1436107347190067200
1436107410691788801
1436107413996851204
1436107491578978306
1436107506481344519
1436107506850410497
1436107507211067394
1436107593106210818
1436107617391292419
1436107645581156359
1436107660982636550
1436107665491517441
1436107679273996294
1436107689013153792
1436107694331600898
1436107710278381568
1436107727470800899
1436107748392017925
1436107763755753480
1436107771833954309
1436107775856332800
1436107786568482818
1436107788099457030
1436107794407645187
1436107825974063104
1436107828339617793
1436107831502155776
1436107836094877701
1436107846719090689
1436107882018353162
1436107887177355270
1436107898099220480
1436107911781044226
1436107911932125184
1436107912498360321
1436107931972476932
1436107983629467655
1436108004563333128
1436108020270964741
1436108023831875586
1436108096238145537
1436108112495353857
1436108117868257292
1436108133911384070
1436108151271694336
1436108170192199685
1436108197400649730
1436108198541418498
1436108202689585165
1436108222520336386
1436108255034548224
1436108291143315458
1436108310000832514
1436108321501614080
1436108364455493635
1436108425667256323
1436108427705692168
1436108443920777221
1436108457300611072
1436108458877726722
1436108511813976065
1436108546446344193
1436108567464058882
1436108572925038595
1436108603027607556
1436108632211472386
1436108637718650884
1436108644219764736
1436108645528449024
1436108649059991558
1436108655242485761
1436108711400034312
1436108715858534401
1436108732530888710
1436108791376982031
1436108811107020800
1436108835471626245
1436108889846542370
1436108892879065093
1436108907924107267
1436108912923750409
1436108916329418765
1436108970205360128
1436108998147813385
1436109023925964803
1436109027906396163
1436109033493176329
1436109035447721985
1436109048810811393
1436109056805064704
1436109073469030402
1436109110999756802
1436109142842875908
1436109176791523328
1436109178637099013
1436109182026014720
1436109201898721285
1436109202116816897
1436109217149165568
1436109239756500993
1436109246291222528
1436109274292305920
1436109302704623619
1436109304403267595
1436109307683221504
1436109309167951874
1436109370102853645
1436109394958340100
1436109397609041929
1436109400561922049
1436109417242628100
1436109444547596288
1436109476667568129
1436109513954930688
1436109514827259906
1436109529880698882
1436109536339836929
1436109579939627008
1436109589481730060
1436109598268825602
1436109638009827332
1436109682230366210
1436109683333419008
1436109698198081538
1436109699137613824
1436109710684459008
1436109732465553410
1436109734797627396
1436109747997102084
1436109756394053636
1436109773389320193
1436109783040409601
1436109793752715265
1436109826656980995
1436109847964094469
1436109850736578571
1436109882009210883
1436109922559737857
1436109938456150020
1436109951043244041
1436109964775469061
1436109976049643527
1436109977081597957
1436109983117045772
1436109995842621450
1436110013983043590
1436110019083345924
1436110049118728195
1436110052063125509
1436110091221184518
1436110101874622470
1436110128370040840
1436110129900969984
1436110134225346561
1436110144446808067
1436110156937498625
1436110171806261249
1436110175304306689
1436110188340260875
1436110200663117827
1436110210062594049
1436110240739733505
1436110246280405000
1436110249619042304
1436110264483602434
1436110266136150030
1436110288219262977
1436110298847584259
1436110302815346691
1436110330292285443
1436110376937173002
1436110383484391427
1436110388395970560
1436110407517736960
1436110414870417414
1436110415688261634
1436110420469764100
1436110432813584389
1436110454615597057
1436110467337015300
1436110494553759745
1436110495908515848
1436110535595073541
1436110542360432645
1436110551516651523
1436110562367352839
1436110640679198728
1436110653928972289
1436110671905755137
1436110685222670338
1436110701874061315
1436110706005454852
1436110708215799809
1436110717195800576
1436110735411748865
1436110755687014402
1436110765526851586
1436110789220372480
1436110837165535236
1436110849937219589
1436110882573062147
1436110887719481345
1436110899278868512
1436110952676659200
1436110981890035718
1436111009060728833
1436111019244392454
1436111049212768258
1436111070465335296
1436111079814451201
1436111119412781065
1436111125993623555
1436111140606578692
1436111141495885826
1436111174635040774
1436111178737098753
1436111194935418885
1436111217471463424
1436111227239997441
1436111234034806785
1436111238686183434
1436111293518385158
1436111317887299585
1436111384744505349
1436111398824816645
1436111451207487495
1436111483948130307
1436111504366096386
1436111557914734597
1436111600214319105
1436111600692482050
1436111604387549187
1436111615963934720
1436111627884109824
1436111682321981443
1436111698503548933
1436111717566668801
1436111765780246528
1436111767877337091
1436111770700206084
1436111788089790468
1436111790069403648
1436111792695123970
1436111810579546114
1436111823229661191
1436111864681967618
1436111918360666135
1436111946856685573
1436111947905343489
1436111950765830145
1436111951554351105
1436111983925993474
1436111987944079360
1436111995711983619
1436112072316760064
1436112090083770372
1436112094626209793
1436112112015880195
1436112122380005376
1436112154399322119
1436112177362989088
1436112187240628228
1436112204638547977
1436112216823111680
1436112222888075267
1436112255750393858
1436112262880763908
1436112281851543552
1436112285223768077
1436112304542789634
1436112320011309061
1436112325317103620
1436112340764839943
1436112363602731009
1436112374621163524
1436112433601409025
1436112443604979716
1436112447908233218
1436112491302596611
1436112514211790851
1436112518921998338
1436112532608016385
1436112551365029897
1436112570470051841
1436112573531893761
1436112607014969346
1436112648664408066
1436112653756338179
1436112656860127232
1436112662111440900
1436112663277457413
1436112670051155969
1436112680528617474
1436112690968252421
1436112733473214466
1436112749143146496
1436112751177478147
1436112755090763782
1436112767094857730
1436112775449911297
1436112784517906432
1436112790876475392
1436112810228998158
1436112824422522884
1436112839668817924
1436112877434322944
1436112900377112582
1436112951304404992
1436112967112794117
1436112971399405570
1436113033269555204
1436113040857083906
1436113088764329991
1436113088995004423
1436113133681131521
1436113134037704710
1436113140517904390
1436113174240108544
1436113185413664772
1436113192535592965
1436113197405249537
1436113210558590979
1436113223544197124
1436113328233984001
1436113368079904774
1436113392905904130
1436113422379323400
1436113422794510336
1436113423344013314
1436113425562849281
1436113451324264448
1436113461621166080
1436113481682587654
1436113489622441985
1436113503044186115
1436113515685847041
1436113521029361664
1436113590906408965
1436113596308725760
1436113609856323584
1436113623248687105
1436113629020098560
1436113629083013121
1436113639254241282
1436113655943335940
1436113674876461057
1436113679175540736
1436113696669978626
1436113723605856257
1436113793646465024
1436113800663650305
1436113813993148419
1436113816555773952
1436113827922391043
1436113833559535618
1436113845211353088
1436113846800953347
1436113861548158977
1436113871996080131
1436113872931500036
1436113873732620298
1436113894146297859
1436113904711651330
1436113937058107395
1436113949431304197
1436114003156217867
1436114030062616583
1436114035829841927
1436114052489560075
1436114063998734341
1436114070646763522
1436114106801704968
1436114144185491461
1436114159863844868
1436114162581712896
1436114187319713792
1436114194848493570
1436114207947247620
1436114249298976768
1436114260237619200
1436114285172858881
1436114312003731460
1436114316017741824
1436114355863662592
1436114370526945281
1436114389300568066
1436114408606945282
1436114419336073221
1436114432086745090
1436114433764466692
1436114441343541251
1436114456690544642
1436114560591794182
1436114575607336960
1436114579222847492
1436114613788188681
1436114616061468673
1436114756419608577
1436114780096446466
1436114794046758919
1436114819350990851
1436114838653128704
1436114860027400194
1436114918516871168
1436114945733709827
1436114992907051009
1436114996392599556
1436115005573931008
1436115014973329413
1436115022502039557
1436115069310488577
1436115100696518659
1436115108279771145
1436115111454945293
1436115111668817920
1436115129100378117
1436115199967256578
1436115212004909063
1436115216111218688
1436115230388523010
1436115232619958280
1436115236461977600
1436115237598601217
1436115241595809793
1436115276651769858
1436115288655900677
1436115308939513857
1436115397825245193
1436115407635632130
1436115410189963267
1436115414115815429
1436115422982586375
1436115435443924998
1436115443249467394
1436115528112762893
1436115543539527683
1436115550980165639
1436115556382412806
1436115559133835274
1436115608412753924
1436115625890533378
1436115626062491648
1436115690180784131
1436115755427315712
1436115802332274689
1436115807428284416
1436115821990928384
1436115871643185159
1436115893508087809
1436115962328231938
1436115984113410049
1436116115382579206
1436116116422680580
1436116173997936647
1436116179303768068
1436116180608053254
1436116227412447234
1436116235498962944
1436116237289938951
1436116314515546121
1436116423349317633
1436116440957046792
1436116446199914502
1436116449861554180
1436116477204107270
1436116534515191811
1436116537304363008
1436116545718169604
1436116610721402880
1436116611652624384
1436116675217272834
1436116677712826369
1436116694297161733
1436116724722638850
1436116738245074951
1436116742548463616
1436116742712008704
1436116751192887297
1436116770579001346
1436116794230689794
1436116811011997697
1436116852262965250
1436116857019326464
1436116870554398725
1436116910605848580
1436116955325468672
1436116959444312068
1436116961818185733
1436117022614736898
1436117023159988224
1436117025466765316
1436117027668860930
1436117030978166787
1436117059033878530
1436117138260074501
1436117184934203395
