1437544437853442048
1437544442882363392
1437544448817303554
1437544452415967232
1437544468744482816
1437544488424153089
1437544523962400768
1437544526843944963
1437544531357052928
1437544540869627909
1437544554450784256
1437544556929683462
1437544569315418114
1437544591213932552
1437544602211426304
1437544656263421952
1437544656485687301
1437544670037520384
1437544691319328770
1437544693202657283
1437544705970130949
1437544718343315457
1437544728992657414
1437544734466232323
1437544790963462146
1437544803588349953
1437544820944384007
1437544855228530689
1437544858873470977
1437544860614111238
1437544867626954761
1437544869023596545
1437544871963807746
1437544880935407617
1437544884278267906
1437544890213208066
1437544897041608708
1437544901164650496
1437544907149910019
1437544907275636737
1437544911100956674
1437544919107837956
1437544922500976640
1437544931598426117
1437544936409292802
1437544947436167171
1437544949654896648
1437544958404272136
1437544971897380867
1437544979069653000
1437544993036640259
1437544995435786240
1437545000032681986
1437545001873989632
1437545018282160134
1437545044202991617
1437545046925000711
1437545061995143171
1437545075823849478
1437545082337611780
1437545085051224067
1437545089417547776
1437545103950852104
1437545114323324932
1437545123106152455
1437545126398677001
1437545126419652608
1437545132484698112
1437545135303270404
1437545135370342400
1437545150545371139
1437545160943054853
1437545163690291204
1437545174666813444
1437545182908583938
1437545185374769157
1437545198540701697
1437545209525587969
1437545223274565632
1437545224927170561
1437545233122799616
1437545271987216388
1437545298721714181
1437545358024916992
1437545398940442626
1437545404124565505
1437545404564918272
1437545474903379969
1437545486978883584
1437545489679863809
1437545498282504194
1437545523469242369
1437545545829081089
1437545571422806017
1437545601487474692
1437545605354643460
1437545608584249346
1437545630226911236
1437545631883612162
1437545633808793606
1437545648816074758
1437545649659056133
1437545651819237382
1437545653295632385
1437545663131267073
1437545671498797057
1437545676112633858
1437545676792078343
1437545676930420743
1437545703560171523
1437545729539690508
1437545731104153602
1437545731611582470
1437545741044666374
1437545744290955264
1437545756437667840
1437545762456547329
1437545776645873664
1437545778122268672
1437545780441751553
1437545788129873924
1437545793087496194
1437545822665814017
1437545825400500224
1437545852252340226
1437545865783173124
1437545906606387203
1437545906987995138
1437545908162420744
1437545913128525829
1437545922012004359
1437545931000487938
1437546020691394562
1437546041407156224
1437546058544992256
1437546121379856385
1437546127709048841
1437546132356337671
1437546147120361475
1437546149825687553
1437546165231394822
1437546168758714386
1437546173431156739
1437546179546517506
1437546198789992450
1437546199112880130
1437546209707712512
1437546226396848138
1437546248492433409
1437546249436241920
1437546276388753415
1437546285846962177
1437546325038571529
1437546340117004288
1437546355950563340
1437546383641399296
1437546389672767497
1437546397742551045
1437546413768863749
1437546416004550659
1437546424762310658
1437546428159729671
1437546458677485570
1437546462271967237
1437546485944659973
1437546489375567876
1437546506098290691
1437546506702163970
1437546519431761929
1437546530907594758
1437546542550880256
1437546566068449286
1437546569960726539
1437546570111725568
1437546575916589057
1437546580433936387
1437546615649316867
1437546631939993610
1437546643063287812
1437546662038224902
1437546664647069697
1437546675229319169
1437546675518812160
1437546680157495296
1437546681919225858
1437546706036473856
1437546732221566979
1437546737313452038
1437546740517855234
1437546761476845576
1437546774730874887
1437546782385442819
1437546797623357446
1437546798063751168
1437546799468843014
1437546817433096192
1437546833694314496
1437546844326973442
1437546848349298688
1437546869153050627
1437546922093518852
1437546935913680898
1437546938723876866
1437546945627701249
1437546952720257025
1437546953236262917
1437546973519912961
1437546978431447041
1437546981832941568
1437546995175075843
1437547001663692800
1437547027123032064
1437547035763396608
1437547056378351616
1437547062288072706
1437547069347090441
1437547077047922697
1437547086455709696
1437547092541681676
1437547093925695491
1437547099525206016
1437547114746335240
1437547119292862470
1437547120492482567
1437547156727009285
1437547161542139908
1437547193024618508
1437547196677824514
1437547205234204676
1437547205489987596
1437547217112416259
1437547229057798145
1437547256056586243
1437547263572721665
1437547291066478596
1437547313799602182
1437547315271802881
1437547331197489158
1437547335475548160
1437547337803567104
1437547345479098370
1437547354413051907
1437547356971483136
1437547360964464641
1437547361061023745
1437547368728207367
1437547396674822147
1437547406384582659
1437547418351017988
1437547418850054147
1437547433073029124
1437547450764562433
1437547463536152589
1437547470230368258
1437547470364499971
1437547470687510528
1437547497585582080
1437547517068124161
1437547519387504641
1437547522243928067
1437547560575635460
1437547565478813697
1437547581559685126
1437547608596258818
1437547614363398151
1437547649037635590
1437547649981370372
1437547659909271552
1437547665215168518
1437547669564579848
1437547676233568259
1437547677496061957
1437547682902519808
1437547715660075011
1437547724358959114
1437547740339245060
1437547763990937600
1437547765245124612
1437547780063498240
1437547787344916480
1437547809734111235
1437547828574838785
1437547829094912001
1437547835319271429
1437547843468865536
1437547846614536193
1437547859784654849
1437547864692072451
1437547873005092865
1437547878227091459
1437547929787670528
1437547961018429444
1437547972645081088
1437547983923466243
1437548019050766338
1437548029956001800
1437548035844804609
1437548054576603140
1437548055927169024
1437548061388165123
1437548065704103936
1437548069084618755
1437548074839289859
1437548075141287936
1437548098264444929
1437548104069308417
1437548132775116803
1437548138491957251
1437548150307364867
1437548168745570307
1437548170628800514
1437548183375200260
1437548188366483459
1437548205282152451
1437548205575708682
1437548215017037824
1437548216078290948
1437548220176117760
1437548226912129027
1437548246457622533
1437548268779626496
1437548284583813126
1437548301960814594
1437548309451841539
1437548314057129985
1437548315516747776
1437548339051089925
1437548364732813315
1437548368318902278
1437548382353084417
1437548386211749894
1437548401789390848
1437548414846259203
1437548423805288450
1437548424132452352
1437548429102755840
1437548435486486534
1437548435998191622
1437548442042179586
1437548456474779649
1437548468961255429
1437548471196819459
1437548472375422977
1437548493497901057
1437548523134853121
1437548531917721606
1437548545410834432
1437548547818283008
1437548573881741313
1437548579913097219
1437548608748810241
1437548609944358912
1437548620824334337
1437548664185147399
1437548665070145537
1437548678026338307
1437548684930166784
1437548687253778438
1437548694430273536
1437548703980703747
1437548724394369032
1437548733588287492
1437548734410371074
1437548736046055429
1437548739565084678
1437548752580055043
1437548761656528905
1437548763363557378
1437548766840737797
1437548770695290881
1437548797052268544
1437548805474426888
1437548813498175489
1437548832728961027
1437548863792033798
1437548876429471745
1437548891189174280
1437548898185359363
1437548927214104578
1437548928539545600
1437548947522850827
1437548971279491073
1437548980288774151
1437548982855770115
1437548990279659529
1437548993450545157
1437549020541489154
1437549049771606024
1437549058151927816
1437549063289901056
1437549087272882177
1437549090242433027
1437549111490793475
1437549131334045697
1437549148472029190
1437549150439096328
1437549156063760384
1437549160929005568
1437549163084910593
1437549177073020928
1437549178964615170
1437549181581791232
1437549188686942210
1437549206655414276
1437549222237065218
1437549224963477512
1437549242034307073
1437549256261476355
1437549268491964419
1437549294152728582
1437549305225695233
1437549316936241153
1437549357667135492
1437549411870072837
1437549428139773952
1437549439762194441
1437549439820787713
1437549455142686725
1437549460616355844
1437549463841787904
1437549472624545798
1437549497782046723
1437549509060530176
1437549544095551491
1437549549158084614
1437549569135583238
1437549629298597888
1437549641558593538
1437549646973476865
1437549650962223107
1437549652392521736
1437549667693252608
1437549668863553540
1437549671107420168
1437549671317127168
1437549677080088576
1437549683602296833
1437549689780555776
1437549700622729216
1437549702711500805
1437549711926472707
1437549712802992128
1437549714438770691
1437549717240619011
1437549725906096128
1437549742460968963
1437549751155757058
1437549758487351297
1437549787667214339
1437549791873994754
1437549804444323842
1437549805748854790
1437549843568803843
1437549855547830273
1437549864410402816
1437549894579937283
1437549897213939714
1437549904612806658
1437549905199910914
1437549916646252545
1437549921373196293
1437549942646652930
1437549953983909888
1437549958492721161
1437549994853244929
1437550000012206082
1437550014876823553
1437550018530091015
1437550021717676047
1437550029540052996
1437550052088680453
1437550058942066693
1437550065707634688
1437550092874027011
1437550107961004032
1437550124352278532
1437550147878088704
1437550152538066947
1437550161970991108
1437550163321556994
1437550171030704130
1437550198268497920
1437550201372356609
1437550204283232258
1437550212801863682
1437550213431021569
1437550241234964481
1437550254942048256
1437550268586070017
1437550307932786692
1437550308880785424
1437550327335690242
1437550338106695683
1437550342900789254
1437550396948553729
1437550402124369920
1437550419098710018
1437550443127787521
1437550459456311307
1437550474039812103
1437550484022337542
1437550529593360387
1437550530381950982
1437550536350437377
1437550575256809474
1437550580239675396
1437550581124587520
1437550608110784519
1437550620140052489
1437550640012664835
1437550650003542028
1437550656097820676
1437550660787056647
1437550675970383876
1437550678650597376
1437550707079528454
1437550734162137088
1437550742123028480
1437550750066900994
1437550757339967494
1437550761685233664
1437550771873140737
1437550786620313605
1437550805889003525
1437550849203613696
1437550857063706629
1437550866790338562
1437550874868523008
1437550907449827336
1437550919609053186
1437550939397885952
1437550944426856448
1437550964324675586
1437550981739339777
1437550985203814400
1437551020930908163
1437551039239049219
1437551053596250113
1437551080284504068
1437551117550952453
1437551138706968586
1437551168629182467
1437551185964249091
1437551194168303620
1437551194487103493
1437551202158485505
1437551233317879811
1437551261415522307
1437551277500780546
1437551323499614212
1437551326418780160
1437551326511124482
1437551330889977859
1437551374452023296
1437551394232414211
1437551396975427587
1437551400909778944
1437551404147748866
1437551413131894785
1437551417238171648
1437551441342836742
1437551444564000772
1437551458937888772
1437551462687682560
1437551463774007303
1437551471847948289
1437551474175664130
1437551475945787395
1437551477086695435
1437551483592089604
1437551490982367234
1437551500616773638
1437551537992175622
1437551538130591747
1437551555574697986
1437551566593089539
1437551571848601610
1437551572628774915
1437551583991111680
1437551592778174470
1437551592891428864
1437551609215655936
1437551618078257155
1437551633278423052
1437551637707513856
1437551640169615362
1437551643629862918
1437551648126156800
1437551656481271809
1437551662223265799
1437551666740465666
1437551667633868804
1437551670196674575
1437551696130068480
1437551736584036354
1437551743479566339
1437551769182212099
1437551777537273856
1437551782859784209
1437551790036328451
1437551809682448385
1437551814908555266
1437551828443541506
1437551837939372033
1437551846659436550
1437551850149003265
1437551890359848963
1437551927433248771
1437551929962418187
1437551935880630275
1437551935926775817
1437551969472745481
1437551994223353857
1437552013420736513
1437552021087916035
1437552032911609857
1437552044513103877
1437552053874745347
1437552066453442564
1437552067082653696
1437552067732725765
1437552082215706629
1437552090503688195
1437552092223320067
1437552100368601090
1437552117347233801
1437552124976631814
1437552127279239172
1437552180890898435
1437552184355393538
1437552184720199680
1437552204727083014
1437552214730493954
1437552236498984965
1437552243662852100
1437552247324430344
1437552251078389771
1437552261417295872
1437552286096674820
1437552291054333954
1437552305918955523
1437552324759728128
1437552332670111749
1437552350290456576
1437552353553620992
1437552361317224454
1437552367260651531
1437552389389705216
1437552394498367488
1437552415138516997
1437552415759347716
1437552425259479053
1437552473741447171
1437552501511933955
1437552524958085120
1437552526237253634
1437552541366161408
1437552541458391046
1437552546231562241
1437552562337689604
1437552615437516803
1437552637424062467
1437552665148416000
1437552687910989825
1437552706667884555
1437552713563348995
1437552737772871685
1437552746350235649
1437552748464066561
1437552757662232576
1437552784426086404
1437552804797763585
1437552841250463745
1437552843951648773
1437552860418527239
1437552874154831877
1437552895239593985
1437552895344381954
1437552895696809994
1437552936176001024
1437552945495781376
1437552950084243456
1437552974725795844
1437552977531789312
1437553001066123265
1437553015217655817
1437553024273207297
1437553032775020544
1437553039263600646
1437553039678844929
1437553058632847362
1437553071287152643
1437553111942455296
1437553118225604609
1437553137297117190
1437553191328092162
1437553220243558400
1437553228854571010
1437553234932117504
1437553248454561794
1437553263587598340
1437553298182115335
1437553311696265222
1437553314569261057
1437553336128000008
1437553337218519045
1437553337801510922
1437553341790359563
1437553342817914881
1437553350430580737
1437553364615811080
1437553385100689408
1437553394093330440
1437553429497458690
1437553434224472064
1437553440293625860
1437553456059981828
1437553459746779139
1437553485189468165
1437553494467223553
1437553514905997317
1437553540575203329
1437553565711704071
1437553569541013512
1437553642995953666
1437553651371986950
1437553710813622275
1437553721320296463
1437553764576202758
1437553775657508864
1437553794477330437
1437553814253494274
1437553816912769026
1437553829042704384
1437553830342938632
1437553841558462470
1437553855630172160
1437553855680729092
1437553894687707139
1437553913255931910
1437553926488928256
1437553939591880712
1437553987952300036
1437554002321944576
1437554015605346320
1437554021057933315
1437554025923231747
1437554029807214597
1437554035582701574
1437554038761996296
1437554061021040647
1437554065635004419
1437554077169340418
1437554079945961477
1437554092310777856
1437554104855842823
1437554126196457475
1437554137969876993
1437554141157593091
1437554142826881024
1437554186502254592
1437554200054050820
1437554210690699267
1437554220920721412
1437554228105388032
1437554231150587904
1437554239073660928
1437554251866193920
1437554280198725638
1437554345726423041
1437554363623514116
1437554409496526852
1437554418229170180
1437554435111149577
1437554438726635523
1437554444787503104
1437554463380803585
1437554467470299139
1437554487003070471
1437554520863739904
1437554521224491018
1437554536474886149
1437554538442117121
1437554539440263169
1437554562706051075
1437554588199145481
1437554609996902403
1437554636135800838
1437554639583514627
1437554644419497989
1437554705308213249
1437554706461638661
1437554720458035200
1437554746349559808
1437554768306712577
1437554785914429440
1437554789026603011
1437554814066515970
1437554821008080902
1437554830097199104
1437554849311334407
1437554851706281987
1437554863886450692
1437554876800716806
1437554881787748352
1437554897218506752
1437554920585056257
1437554923852505092
1437554926167674882
1437554975014637575
1437554980588822528
1437555012759138305
1437555043071406083
1437555072234369028
1437555084540448768
1437555107755855877
1437555122096070659
1437555154191069187
1437555164446134272
1437555165284941825
1437555168535527424
1437555181781233665
1437555253596065795
1437555295685853187
1437555311917813762
1437555321568993285
1437555322592321538
1437555330104369154
1437555345296171009
1437555381996240904
1437555397842325506
1437555441052028930
1437555441572196356
1437555446890606603
1437555470731026438
1437555475403448322
1437555478351974403
1437555501273960455
1437555512355213313
1437555534215929861
1437555543305068546
1437555563207045123
1437555565950115841
1437555588146286597
1437555593397551113
1437555605724700674
1437555609071718401
1437555628474572801
1437555638293442561
1437555641179119617
1437555651320983553
1437555688121700357
1437555694346149895
1437555699156926467
1437555741217468416
1437555755289354241
1437555823589400582
1437555835383713796
1437555839368318979
1437555864374808579
1437555864911630336
1437555869768634368
1437555956540391425
1437555958603997186
1437555964853604359
1437555966296436738
1437555976287162374
1437556011838103560
1437556012911894531
1437556030989295623
1437556060303278084
1437556076044374020
1437556077806166021
1437556080079429634
1437556093023031307
1437556094168092676
1437556122752258055
1437556126028021765
1437556160555589642
1437556166507122690
1437556169216827398
1437556177920053250
1437556222304137223
1437556228830400513
1437556237990866946
1437556242763952132
1437556245771259910
1437556259931267076
1437556289203326977
1437556301173776385
1437556320249556994
1437556331179806720
1437556332266237955
1437556360485515278
1437556373978591232
1437556426533220356
1437556457935933446
1437556488457818112
1437556500646572033
1437556509739728900
1437556515427209218
1437556564982960131
1437556600248623108
1437556613309739011
1437556654518771719
1437556719320805382
1437556732163674120
1437556744440459266
1437556746176942081
1437556746973630464
1437556760475279366
1437556771988594688
1437556774844915714
1437556788828594179
1437556869527183360
1437556872790282240
1437556874136653832
1437556877588586496
1437556879375454208
1437556903522062336
1437556908299333635
1437556912589967361
1437556922702499840
1437556931380621314
1437556931418370053
1437556936883544067
1437557037462925313
1437557041560686593
1437557062913908739
1437557099718971392
1437557113669275649
1437557115552473088
1437557118094221312
1437557126889607169
1437557167758921737
1437557178215305223
1437557231319502849
1437557248667103235
1437557249661079553
1437557253196980234
1437557264873926656
1437557290152955907
1437557306787565573
1437557308922507268
1437557315469721604
1437557335170371586
1437557344850874373
1437557358276845571
1437557363314237442
1437557387637006342
1437557397330006018
1437557412597272580
1437557425834500097
1437557463650390018
1437557468691845125
1437557471745298434
1437557502334361600
1437557514938236931
1437557518071476227
1437557528141959169
1437557553186152450
1437557584836374533
1437557596307824640
1437557683989663748
1437557690608328706
1437557699034681345
1437557726192750595
1437557729816612868
1437557755724845062
1437557760867110916
1437557766227386371
1437557782421647360
1437557805431640066
1437557814528970753
1437557823181934593
1437557831629148165
1437557860037242887
1437557883277922304
1437557930153361411
1437557965817516034
1437557966526365698
1437557979147128832
1437558002278666243
1437558019160788992
1437558025359921152
1437558033505308673
1437558062538240001
1437558073497997314
1437558119765364740
1437558186987429888
1437558203986939906
1437558223842816004
1437558280533037060
1437558325755924482
1437558333473533952
1437558372736376833
1437558424447893506
1437558425588744199
1437558449127100420
1437558468970520580
1437558485340860418
1437558523345387522
1437558535408214019
1437558579704238085
1437558592299835394
1437558637065551879
1437558645223473161
1437558654593609728
1437558669332389897
1437558696113025026
1437558739251474433
1437558743093415937
1437558789616582663
1437558806540656641
1437558840434827273
1437558842334793728
1437558845128204290
1437558857895759874
1437558863641944072
1437558875071434754
1437558892830109696
1437558900438482946
1437558907556319238
1437558958470873090
1437558977949323265
1437558987944235009
1437559031183429633
1437559035641876480
1437559052830134273
1437559053044129805
1437559060635824131
1437559069842321409
1437559076850896897
1437559078792966149
1437559084534968325
1437559109549805573
1437559120350089216
1437559127123845126
1437559135541813250
1437559161844387840
1437559168752230400
1437559198494171136
1437559211383312391
1437559216374525956
1437559251036168192
1437559268912340996
1437559281499443200
1437559284842237955
1437559300784799755
1437559301711831043
1437559304215834624
1437559310297538573
1437559349199745027
1437559376567488519
1437559379407118336
1437559498596564994
1437559541697241094
1437559561032974338
1437559561741811716
1437559564140953601
1437559569253814272
1437559573188071425
1437559586018443273
1437559608604831747
1437559620474650627
1437559625205825541
1437559639298674692
1437559675113906180
1437559682542022658
1437559719942664192
1437559721842577410
1437559722886979587
1437559730377953282
1437559735566442502
1437559791862304768
1437559803199557634
1437559810535399425
1437559855959658496
1437559868764966912
1437559885093277698
1437559894303969288
1437559912524042241
1437559966567698442
1437560001904758795
1437560020498059267
1437560047857508359
1437560087661400072
1437560101708120065
1437560112613404677
1437560125892530177
1437560176861659137
1437560203399122946
1437560245853818881
1437560251876790276
1437560271212621832
1437560274882600966
1437560316024561664
1437560330914304000
1437560346882068480
1437560376535785479
1437560393195528193
1437560393585635334
1437560427962109957
1437560431158120449
1437560463865360392
1437560470425280512
1437560485101117440
1437560621101457408
1437560643960414212
1437560648611864580
1437560691985166342
1437560703720857613
1437560754958479368
1437560765435809795
1437560769701453826
1437560795290812420
1437560801821331456
1437560862785654793
1437560871174160387
1437560882712793089
1437560887531954182
1437560904476987397
1437560920960548870
1437560935179292678
1437560958377922565
1437560974870032388
1437560976707133440
1437561042133979141
1437561043744706564
1437561086404927500
1437561088179048448
1437561106696847363
1437561124925460486
1437561141056651265
1437561173604438027
1437561176645414916
1437561177781964805
1437561198032179203
1437561241174675463
1437561275039588354
1437561314726060032
1437561334925778947
1437561340172849155
1437561372469043200
1437561373152714755
1437561402441535490
1437561419306766336
1437561427540201472
1437561449497436166
1437561468753436676
1437561470468956161
1437561514009976839
1437561519269720067
1437561537875562502
1437561543663697920
1437561567709745157
1437561581278310402
1437561610747396101
1437561620708855808
1437561665969704964
1437561687633285122
1437561726740967427
1437561751457894404
1437561759578173441
1437561762438582272
1437561818562629633
1437561833234345989
1437561834429685764
1437561851483721730
1437561868009287683
1437561904743034881
1437561963702280202
1437561985449725957
1437562020036022275
1437562059776946179
1437562061588992000
1437562077925761028
1437562079079280642
1437562079616110595
1437562083814645761
1437562212797853697
1437562256791846913
1437562262911340551
1437562281915731972
1437562284478394374
1437562285137043456
1437562302035812361
1437562305760346112
1437562363415257091
1437562375377403905
1437562430599667712
1437562452393275392
1437562592076107777
1437562598656991234
1437562632219906053
1437562635495432198
1437562678642421762
1437562681171582985
1437562709776781313
1437562749979172868
1437562753363980294
1437562762687811584
1437562818119733249
1437562824100876302
1437562852013903873
1437562859949543430
1437562862659153923
1437562874155655171
1437562973522890753
1437562997489143809
1437562999326265346
1437563062706483202
1437563080016281602
1437563083489222663
1437563092376952832
1437563112945819651
1437563114451607555
1437563148249219072
1437563158667927552
1437563230008840195
1437563253127852040
1437563292961083394
1437563304512212995
1437563328646291457
1437563358132178947
1437563377992310786
1437563379779051529
1437563410036756480
1437563411399860229
1437563421122236416
1437563429984813059
1437563448968232962
1437563508514828290
1437563520330174467
1437563534175571970
1437563537392640004
1437563549866512387
1437563561681825794
1437563614894956547
1437563619164762113
1437563655864918018
1437563716929794049
1437563725775527937
1437563794687938561
1437563818150879236
1437563820852002818
1437563824501108741
1437563861968752648
1437563897553330181
1437563926733074432
1437563936057040896
1437563989697961986
1437564045679341576
1437564055389188104
1437564075035222020
1437564093079212034
1437564103950848004
1437564109009076230
1437564118110810123
1437564160594808837
1437564164512395268
1437564173966352388
1437564174205325314
1437564196661743620
1437564234267758599
1437564234842480650
1437564274130493445
1437564291436134406
1437564299036270593
1437564315448614912
1437564328685838348
1437564338328457227
1437564352509497344
1437564368586170369
1437564389918453763
1437564429013499908
1437564432075403281
1437564436647186436
1437564444763099137
1437564502422208513
1437564530540879878
1437564548182122498
1437564567786242052
1437564575797362690
1437564599667240962
1437564610140377089
1437564635364929545
1437564720349863937
1437564744819482629
1437564784208228358
1437564793041428482
1437564806958141444
1437564838096646147
1437564839463948295
1437564887018971138
1437564923786276865
1437564934653624323
1437564977678798852
1437565002622423042
1437565025342873603
1437565035073744897
1437565069630611460
1437565123015725056
1437565123690913794
1437565157018947588
1437565173808746500
1437565216175411203
1437565218641547270
1437565231086161927
1437565251751485440
1437565267425599490
1437565275591913479
1437565322631032834
1437565350204346370
1437565388288634882
1437565415018975237
1437565464004149252
1437565491535654912
1437565495436251137
1437565544337641475
1437565549299605507
1437565557272981507
1437565577858519040
1437565593566187523
1437565616618156034
1437565653330898953
1437565675325861892
1437565676391108609
1437565727893041152
1437565780288163843
1437565828120158212
1437565882591498242
1437565923221704705
1437565951206100993
1437566024593903622
1437566139693928449
1437566142562848769
1437566145398255627
1437566151001841671
1437566200146501632
1437566211928301568
1437566216550461443
1437566216621608966
1437566237060616193
1437566244450881536
1437566289313161224
1437566301808046081
1437566311350128646
1437566315741552643
1437566357588021253
1437566361903976450
1437566400114143237
1437566447002210310
1437566458301718536
1437566489851305984
1437566512261435398
1437566520012513283
1437566552933609473
1437566556305825794
1437566572550365190
1437566574337089536
1437566627432763392
1437566643232808962
1437566654913957889
1437566664372019204
1437566687612743685
1437566707019751432
1437566711079874561
1437566720739315713
1437566743350845451
1437566747800920067
