1442980088035741698
1442980110076768257
1442980111201062912
1442980116301238272
1442980127701233672
1442980131371307011
1442980156293869570
1442980168188968960
1442980183045181440
1442980184148353027
1442980199226871808
1442980234849136640
1442980239232094208
1442980244684558342
1442980246517530631
1442980282374627334
1442980287856594947
1442980293309177865
1442980314247217155
1442980329497796608
1442980332475609090
1442980333419319300
1442980379833425929
1442980385969823744
1442980396241543171
1442980397621694465
1442980409860509701
1442980417250811907
1442980418425442304
1442980434472808449
1442980444618702852
1442980451686117387
1442980454269923328
1442980454898962435
1442980479007813634
1442980482103201793
1442980500180774913
1442980501543784448
1442980508737044482
1442980532485181445
1442980536348200960
1442980537103179776
1442980552122896392
1442980592828616709
1442980595261480962
1442980612369838086
1442980614550921217
1442980628971106305
1442980632573919235
1442980640010366979
1442980649162391554
1442980662311460881
1442980665134182401
1442980672105168896
1442980676920397824
1442980694003568648
1442980703805878272
1442980714031423492
1442980722826874891
1442980726832500736
1442980747405508614
1442980747854237704
1442980768586760201
1442980814300475396
1442980824085843968
1442980827067928577
1442980828296847360
1442980832310808587
1442980847368421376
1442980880352350214
1442980880742600705
1442980883133206535
1442980887012970496
1442980900640337922
1442980916427558916
1442980920928075784
1442980929073410049
1442980963982577664
1442980965341548559
1442980966302031875
1442980971251306505
1442980974489268239
1442980992784814091
1442981005569236993
1442981029036265479
1442981031041249281
1442981036552384519
1442981051433848837
1442981066835480578
1442981068374634504
1442981081687281664
1442981083788693504
1442981091233521666
1442981125635379200
1442981131947741188
1442981164051050496
1442981174805209089
1442981181293674500
1442981189954928649
1442981199820034048
1442981215158640640
1442981225917034496
1442981228517289984
1442981229096325120
1442981251124629511
1442981251686682636
1442981274897899526
1442981278312124421
1442981288160292874
1442981293625692160
1442981298612539394
1442981326987010057
1442981334297858048
1442981334750728193
1442981340840796168
1442981343034445831
1442981387280130059
1442981420268494852
1442981441764093959
1442981447808155654
1442981488136392704
1442981518545080322
1442981534647074818
1442981553345216516
1442981558843969541
1442981559443673097
1442981608441585673
1442981609158811649
1442981613181317125
1442981625080520704
1442981643174699009
1442981644718194692
1442981647343702020
1442981661893816326
1442981662267162628
1442981668294299651
1442981670165139457
1442981692424269826
1442981692495466499
1442981731414396935
1442981746383867908
1442981753929486336
1442981802528976897
1442981807595483137
1442981807893385217
1442981819255820289
1442981825706479626
1442981830399987721
1442981848150200331
1442981869713121286
1442981886280679424
1442981891842445317
1442981923815510022
1442981961442607109
1442981969084628992
1442981993197735936
1442982005851844610
1442982011329646593
1442982043059638275
1442982050022055937
1442982071480246275
1442982078988103680
1442982087016042496
1442982132549304323
1442982133169983491
1442982133782532096
1442982156851195905
1442982163075330061
1442982165445107714
1442982206830518274
1442982215927881732
1442982253819097090
1442982256037875719
1442982256725803009
1442982259896766466
1442982274643812355
1442982281338097664
1442982312027824128
1442982334278430723
1442982381401501702
1442982398485016576
1442982404457590784
1442982430021873671
1442982443703746560
1442982470668804100
1442982489857744905
1442982550457053185
1442982604408492033
1442982633869389824
1442982649484615686
1442982655289540615
1442982683550748683
1442982710058782721
1442982723077902341
1442982760059047938
1442982783123603460
1442982791533137929
1442982799946833920
1442982808490676227
1442982816304795648
1442982837548769283
1442982886928384016
1442982893949571079
1442982906327023616
1442982917236461570
1442982921699094532
1442982926770073606
1442982928049483779
1442982941974355977
1442982949561901058
1442982961041879042
1442982979727355905
1442982980742434816
1442982990875750402
1442983002510868480
1442983057657524227
1442983074258571267
1442983097738448896
1442983116641955847
1442983117313167361
1442983123256369161
1442983196639907842
1442983262066921486
1442983309802283017
1442983317779845126
1442983322829787137
1442983355864125442
1442983390504837124
1442983426122989568
1442983467579412490
1442983523153940488
1442983564597813251
1442983577914945536
1442983609711808512
1442983636769263618
1442983642565791759
1442983644201721856
1442983668507561986
1442983698459156481
1442983718499622912
1442983718684172290
1442983723834642437
1442983727005536266
1442983740762832903
1442983775252533256
1442983795083264005
1442983816449208320
1442983818185543680
1442983838456729601
1442983869834137602
1442983872002658306
1442983884195500034
1442983918777552896
1442983944035704835
1442983988159733760
1442983993486544898
1442983994333745153
1442984039233712129
1442984050814119943
1442984065628467200
1442984074855989248
1442984108477534210
1442984160268677126
1442984162240172034
1442984182699884555
1442984197132460039
1442984208419500034
1442984215960772608
1442984218871664642
1442984235413868544
1442984238870110210
1442984269970690056
1442984275809390593
1442984326849867778
1442984330452553731
1442984355991752704
1442984386622853121
1442984404612222978
1442984411860029443
1442984426569412609
1442984437755482114
1442984446341308416
1442984450258882562
1442984478444597251
1442984567795851264
1442984582891012096
1442984587563577345
1442984590222639109
1442984590243737600
1442984599294857221
1442984603489161219
1442984640793350146
1442984646342594566
1442984689568870401
1442984700365074432
1442984729062617091
1442984742664564736
1442984766467420168
1442984773220114438
1442984777796128769
1442984840731656196
1442984840907923456
1442984888903340033
1442984901335080962
1442984929080459267
1442984941126656002
1442984971828817925
1442984989486993410
1442985046562930698
1442985054695788550
1442985071787479041
1442985102686900227
1442985133821157376
1442985138510467077
1442985169980297217
1442985175583842307
1442985176817180675
1442985187067969540
1442985193489539073
1442985230005059588
1442985241484877826
1442985257876086789
1442985281469173764
1442985284501712899
1442985345100836866
1442985360217161732
1442985427934326787
1442985442182189062
1442985453226008579
1442985514932613124
1442985567411740675
1442985569936621569
1442985618200432647
1442985701297975300
1442985711217512452
1442985732344188928
1442985771934224386
1442985774966771713
1442985815672492034
1442985831376072704
1442985844613255168
1442985871360217097
1442985878461243392
1442985913408131074
1442985916675465216
1442985926548938753
1442985953346265091
1442985953430171649
1442985962892500993
1442985970383540237
1442986004806176774
1442986020732116993
1442986041724612608
1442986080446386176
1442986112130166785
1442986129536528386
1442986130341777408
1442986168203808768
1442986193138839552
1442986196364300291
1442986200609042434
1442986201057693701
1442986245999693827
1442986268485308423
1442986275321962496
1442986321056870405
1442986332867997700
1442986390065713153
1442986430729388032
1442986441043111949
1442986576259207170
1442986591417470976
1442986613093642240
1442986646811594752
1442986707427618830
1442986709113659392
1442986775186755584
1442986779250855942
1442986794098720779
1442986821496053763
1442986853515218950
1442986859446087682
1442986920263385090
1442986933173563392
1442986958775414786
1442986977247186960
1442986986671796227
1442987009090342919
1442987046201552907
1442987048596430849
1442987062853095429
1442987107069296641
1442987119799005185
1442987122328174595
1442987167504994315
1442987186484248587
1442987211645935617
1442987264414416907
1442987270387027969
1442987273700655108
1442987300552511495
1442987330550124548
1442987336632049664
1442987349294534657
1442987351320322048
1442987354365517825
1442987363144134663
1442987398460166155
1442987405401739268
1442987413354147846
1442987417695358977
1442987463048237060
1442987471193714698
1442987480266035204
1442987484799922178
1442987506530541575
1442987527145619457
1442987563413819393
1442987593025691658
1442987594703273987
1442987597786013707
1442987609467260928
1442987624189161477
1442987645311672324
1442987647417290761
1442987654992310273
1442987663691182083
1442987693126807562
1442987760642580487
1442987764065128450
1442987786714427398
1442987795459547136
1442987795937517569
1442987825788489729
1442987872626356226
1442987943761629188
1442987973566287872
1442988001718517762
1442988089735999488
1442988111747698695
1442988112020480004
1442988162259697665
1442988163069190149
1442988170031861764
1442988177891860484
1442988199698178049
1442988212667011078
1442988213694435335
1442988227804213249
1442988229305589767
1442988242698002441
1442988251342675968
1442988255700418566
1442988310226423809
1442988371433824256
1442988418611531777
1442988429210492934
1442988463037370375
1442988469194674181
1442988503474769921
1442988548261486607
1442988556683710465
1442988559410114564
1442988643535130629
1442988667581001728
1442988696144334851
1442988707640971266
1442988767653007362
1442988771323125761
1442988788112928770
1442988815644303360
1442988837714776064
1442988859076263943
1442988974457311234
1442988979444273156
1442988983852621826
1442989015557447683
1442989025707507724
1442989031747358721
1442989037095165961
1442989057466765312
1442989064693579776
1442989126127472641
1442989132842733569
1442989138874142724
1442989152178475009
1442989177939836928
1442989184122167296
1442989203885805570
1442989218402238465
1442989231559806976
1442989252732616713
1442989266179477506
1442989274773606400
1442989289218916354
1442989315013947396
1442989315118616580
1442989327479451648
1442989329517776896
1442989370542370819
1442989382571634691
1442989392700887042
1442989432043233286
1442989473373982720
1442989500381102080
1442989513597353984
1442989642492653571
1442989648943456259
1442989711224565762
1442989720666005504
1442989725548105738
1442989752635039751
1442989820188368898
1442989865369587715
1442989882712887296
1442989883279171588
1442989889562292224
1442989978594660356
1442989979639205890
1442989980498886658
1442989985980952576
1442989990619779074
1442989992913956868
1442990006528839681
1442990008118353924
1442990029312339968
1442990065152573441
1442990089693319175
1442990093711597570
1442990117656961027
1442990168701476864
1442990179095040005
1442990198485303300
1442990199961759746
1442990218898935815
1442990235227459585
1442990241652961291
1442990254466555909
1442990266453921807
1442990280806916096
1442990294702583817
1442990295293988865
1442990306241228807
1442990340714205184
1442990347324469251
1442990349996101633
1442990356057010177
1442990361006141440
1442990386557845507
1442990430463823882
1442990433311854592
1442990445924130819
1442990475124740097
1442990503235104768
1442990515264184324
1442990529000529926
1442990549884014598
1442990598177230855
1442990614468046850
1442990617991290889
1442990634411900928
1442990646332215299
1442990660903219200
1442990674857508869
1442990684366114817
1442990698035286020
1442990709208805378
1442990781137133569
1442990790163066891
1442990843649044485
1442990857464975364
1442990885197680642
1442990902348238854
1442990909218385930
1442990909222789121
1442990939023175689
1442990942844166152
1442991001128378372
1442991004936818691
1442991070053163017
1442991070791356430
1442991116215783424
1442991145953288195
1442991220112773128
1442991247887675392
1442991297153929216
1442991297233489921
1442991315420008450
1442991360626335746
1442991413004849162
1442991492876865537
1442991502393688064
1442991552758878213
1442991610405527555
1442991633977331716
1442991634594021381
1442991674146242568
1442991682069229574
1442991683113730052
1442991701002440705
1442991720812085253
1442991725442527234
1442991742752538624
1442991761094176782
1442991770552446982
1442991776885706755
1442991805251862530
1442991814449893376
1442991878199291904
1442991901003632644
1442991912659521544
1442991936068071425
1442991936818847753
1442991941365424128
1442991964597547015
1442992004204486657
1442992006821670917
1442992022860746752
1442992029613527053
1442992076153569280
1442992136836763651
1442992141744099332
1442992154201055234
1442992185062744070
1442992197461319685
1442992212397084673
1442992223453319174
1442992236128391168
1442992243049046025
1442992251118895104
1442992261764091904
1442992282391625729
1442992282962173955
1442992328940015623
1442992363735973893
1442992407360966663
1442992444912463874
1442992471273783298
1442992471907176456
1442992496858976256
1442992569999310848
1442992592543567872
1442992626840571905
1442992632263700490
1442992642883784704
1442992651637231619
1442992660046917632
1442992673334325249
1442992674592608262
1442992704254664715
1442992718179758081
1442992811628974083
1442992816322490369
1442992873125957633
1442992873721507841
1442992903870029837
1442992904474136580
1442992923482595340
1442992946672922627
1442992979182964738
1442993002381815808
1442993040109473793
1442993069658411010
1442993093423378435
1442993107625119749
1442993190429134848
1442993199295860741
1442993237191495683
1442993327742324736
1442993380821278720
1442993383539085319
1442993394779840517
1442993411561246727
1442993473834127360
1442993502686679041
1442993556457758722
1442993607674408962
1442993611679928324
1442993629547483136
1442993635826487299
1442993761101905922
1442993770505641988
1442993821491425283
1442993836628664328
1442993853305290756
1442993894136893440
1442993904635289601
1442993958561280002
1442993974818447362
1442993987313455108
1442994005998911492
1442994026567766019
1442994044632698882
1442994082704285697
1442994140313112584
1442994141537910790
1442994144662593544
1442994165822865416
1442994230427746310
1442994249700573188
1442994253940985865
1442994279442526209
1442994281866674182
1442994295687028739
1442994317463732228
1442994339076984835
1442994387785379850
1442994415207862274
1442994424984731659
1442994467540066306
1442994495717576707
1442994496803942402
1442994498770853895
1442994516420534272
1442994552009371652
1442994614588166145
1442994642849615872
1442994673702875136
1442994747472166912
1442994757018390534
1442994763754446853
1442994823154192397
1442994851528646663
1442994852300353540
1442994877726281733
1442994879236227076
1442994961826283535
1442994974992125958
1442994978372739072
1442995048099033091
1442995049520775175
1442995089207222274
1442995106072567809
1442995285941227522
1442995330354720768
1442995336662831107
1442995382708023301
1442995422738276359
1442995448633966605
1442995474793832456
1442995485438976004
1442995490023514112
1442995598706319362
1442995618771726340
1442995656516308992
1442995681715650560
1442995687386406916
1442995719581827083
1442995812607291395
1442995858237050881
1442995879330254849
1442995954571878409
1442995963447201799
1442995999094370309
1442996000126242824
1442996032715911179
1442996123099033601
1442996130829062145
1442996202622967812
1442996203185082378
1442996301235253249
1442996308235755520
1442996315802112010
1442996334139777026
1442996337763491847
1442996357657104386
1442996412074000387
1442996413168762884
1442996423956389898
1442996502985461763
1442996514566049793
1442996548175122432
1442996554466422794
1442996590839484417
1442996607448801286
1442996642571980806
1442996710414770176
1442996730761342983
1442996757114228738
1442996794850353154
1442996812844081152
1442996820867633153
1442996847900041217
1442996879952777228
1442996956037410827
1442996964832931840
1442997047821541376
1442997063399084034
1442997077097816067
1442997083200315396
1442997107724595205
1442997168072273922
1442997214402555907
1442997215409033219
1442997276192894980
1442997311303557123
1442997321860407303
1442997333927493637
1442997367700140035
1442997423744430080
1442997429280944131
1442997591193489412
1442997598462251015
1442997622466359297
1442997629512736771
1442997657975222273
1442997701897953297
1442997704016240641
1442997809028943874
1442997954671828992
1442998002537283590
1442998031029133319
1442998114223280134
1442998160142610435
1442998197975126016
1442998210792808458
1442998213317853185
1442998252182204420
1442998298554650627
1442998300341243907
1442998313893220353
1442998582970363909
1442998645540917252
1442998737199009798
1442998750977351681
1442998817217912841
1442998840244654080
1442998862684295171
1442998911212433421
1442999036831801345
1442999076463726594
1442999099012288514
1442999122701676544
1442999211813834754
1442999281250623489
1442999303916589058
1442999327928963075
1442999343263502338
1442999354202099722
1442999453653237764
1442999491083259904
1442999538478952449
1442999554287312901
1442999592711168002
1442999769777983491
1442999771602456579
1442999921422987265
1442999927089479691
1442999933661958148
1443000120950276102
1443000123517284353
1443000166202576902
1443000178756173832
1443000216811188224
1443000360407339011
1443000415218511875
1443000440317112320
1443000484336332808
1443000688439701506
1443000689685323779
1443000778365587457
1443000879028842498
1443000950352867331
1443001046515785732
1443001119261827072
1443001138454827013
1443001168209268742
1443001212249546753
1443001214690492424
1443001246445670400
1443001282843664388
1443001346416840709
1443001387562983425
1443001444588789763
1443001581813710848
1443001584632283139
1443001592794525702
1443001596024168452
1443001682275848195
1443001714559184903
1443001730182959104
1443001830666027010
1443001893412872195
1443001922491928583
1443001928451956737
1443001935125262340
1443002030944096257
1443002170358575109
1443002323945541636
1443002329888968707
1443002339720302596
