1435370066607054857
1435370076073517059
1435370081211621387
1435370086148280328
1435370096973729798
1435370099192565763
1435370110500343808
1435370116301082625
1435370118276685827
1435370119216128001
1435370120541507584
1435370122915495943
1435370145996845056
1435370147632623620
1435370154603556864
1435370179442118659
1435370183732903951
1435370187805634562
1435370191244906498
1435370195585994760
1435370199641960452
1435370204968722434
1435370210601709569
1435370213965455365
1435370214443601923
1435370221636931586
1435370229811621891
1435370233817178115
1435370233854894080
1435370234660147201
1435370240863522818
1435370243875123205
1435370256193699841
1435370266964672513
1435370297541136384
1435370312569430018
1435370315652247553
1435370316864409601
1435370331397623808
1435370342617436168
1435370356857090053
1435370359667240965
1435370363010101248
1435370366743031811
1435370378591969289
1435370399974428677
1435370426264432647
1435370430244786179
1435370442194362369
1435370447529336835
1435370464352800768
1435370465090998272
1435370472854720515
1435370476289863680
1435370480224067586
1435370480341557249
1435370490806390787
1435370491343249412
1435370495264837633
1435370498251239424
1435370498981044224
1435370501317275650
1435370503485730817
1435370508544057346
1435370510792204289
1435370538428518400
1435370543092584449
1435370563686576129
1435370583752126465
1435370609916190723
1435370613296844800
1435370614316011523
1435370617319088143
1435370625015721989
1435370632443842566
1435370643017580547
1435370665750695936
1435370666866487297
1435370667344547841
1435370676601475075
1435370696230805511
1435370715100897283
1435370716065583105
1435370718938738693
1435370729793589257
1435370742837825539
1435370755894751236
1435370759317245952
1435370761217261571
1435370771203903489
1435370774534279168
1435370800757022726
1435370801344176134
1435370815885877249
1435370823892836352
1435370842876256260
1435370843262136321
1435370846504333313
1435370858483273728
1435370866422996997
1435370875906371585
1435370882990477314
1435370886639587329
1435370903643295746
1435370908353536001
1435370910572240896
1435370923151003666
1435370927336968196
1435370927500443651
1435370932672114694
1435370938850291713
1435370943057043461
1435370951412273156
1435370952645283840
1435370959234555906
1435370962795520001
1435370964846579712
1435370987500064776
1435370988800286723
1435370997327306757
1435371022879006721
1435371026041430017
1435371030181208064
1435371030491668481
1435371044974612482
1435371046769766402
1435371048996904964
1435371062473248769
1435371070853419010
1435371080366051330
1435371081079173128
1435371081498611716
1435371089509617672
1435371102562291713
1435371108946124803
1435371119524159488
1435371124599185411
1435371132174151685
1435371134938124294
1435371138738176001
1435371142215311366
1435371146971697155
1435371160007593984
1435371164361179138
1435371185844494338
1435371192802856963
1435371193478139904
1435371207470223363
1435371212939665414
1435371214495784960
1435371221290557446
1435371221563191300
1435371223500865538
1435371260033253377
1435371277972344833
1435371281180991489
1435371284175667203
1435371285828284417
1435371290525847552
1435371290563653634
1435371301854748672
1435371307399622663
1435371308364271618
1435371312323702785
1435371345970352128
1435371349506146307
1435371350537945088
1435371377926807552
1435371378711146499
1435371384151105538
1435371399397396481
1435371401477869571
1435371404732641281
1435371407752445953
1435371421807620098
1435371432142331906
1435371432456900611
1435371434470223872
1435371435703291904
1435371447925583872
1435371452166033408
1435371471291944963
1435371478581747713
1435371481513480192
1435371485028397057
1435371489201643522
1435371489570828291
1435371501767823362
1435371502535315463
1435371509573378050
1435371520239575040
1435371522768711684
1435371525255933963
1435371531710894082
1435371531962621961
1435371536362389507
1435371541638823939
1435371556985790465
1435371559116488707
1435371575826599937
1435371586761154560
1435371591836241921
1435371602259107845
1435371612078026753
1435371612552024067
1435371619782963201
1435371621364248577
1435371632709734400
1435371646106341382
1435371648094515204
1435371651236040706
1435371660178243587
1435371669649039360
1435371672660586500
1435371682844262400
1435371682865324038
1435371684069101569
1435371695305641986
1435371701299294208
1435371707729158147
1435371712598712323
1435371718378409989
1435371721360560130
1435371724401434628
1435371733196943368
1435371755451916289
1435371766940065795
1435371772799602696
1435371780445777921
1435371780642942978
1435371787244740612
1435371787953577985
1435371789538971652
1435371799215280129
1435371803803897861
1435371809432608771
1435371809449422848
1435371823164755977
1435371823466754048
1435371825073201154
1435371826176212995
1435371833142951943
1435371838251704328
1435371841133195264
1435371841418371076
1435371845323272197
1435371856643731462
1435371856740200448
1435371865007067142
1435371865980252166
1435371879238356997
1435371884128972804
1435371887010398210
1435371889958998022
1435371896099508231
1435371903892459527
1435371910418870276
1435371919864438794
1435371932757733377
1435371934854918144
1435371936016748549
1435371940244451328
1435371945722327042
1435371952533819396
1435371953494368257
1435371954685501444
1435371956572983297
1435371957629902851
1435371963678175235
1435371975497629700
1435371987212382208
1435371988919455744
1435371997379317762
1435371997689679873
1435372003821858818
1435372007445696514
1435372014009819141
1435372030849949700
1435372031357427715
1435372049095139331
1435372051804606470
1435372073191448579
1435372074009305099
1435372075678633985
1435372080040751106
1435372083706531841
1435372087829536773
1435372091235356677
1435372097954533378
1435372105072324609
1435372105151963138
1435372109140746243
1435372110696833024
1435372122885533704
1435372125829877760
1435372138794455042
1435372140002426884
1435372146105233408
1435372148353343491
1435372170687963141
1435372174102106113
1435372175071064067
1435372187179958276
1435372191974100995
1435372192724889600
1435372196826959873
1435372202359132160
1435372202468204544
1435372211578212358
1435372243522146310
1435372245543759872
1435372249234690056
1435372252976099336
1435372254515417090
1435372260286779393
1435372261469474818
1435372276359352321
1435372279324680196
1435372288958943234
1435372290129244160
1435372293102915584
1435372300388474881
1435372302435237894
1435372302905053186
1435372305354534916
1435372309515280388
1435372324769914880
1435372329543118850
1435372332693000193
1435372337373843460
1435372381908897795
1435372419414478848
1435372425437405184
1435372425814872064
1435372434014810117
1435372443355566084
1435372454139076613
1435372460006903814
1435372467741200389
1435372473214722048
1435372474137518080
1435372474334654465
1435372490679885825
1435372494454722560
1435372496530939904
1435372504676196353
1435372533910495233
1435372549672681479
1435372557411233793
1435372565997002753
1435372586188349444
1435372587874455553
1435372587874492417
1435372607000530946
1435372610162987011
1435372614474665984
1435372619558264835
1435372620535500800
1435372625031794694
1435372634317938700
1435372646384943106
1435372652806475783
1435372658431078402
1435372659244666883
1435372673337544707
1435372685438164993
1435372722499072003
1435372728178126854
1435372729058873349
1435372749631983623
1435372751456505862
1435372752257564673
1435372758876184581
1435372759975088135
1435372768988643331
1435372769043169284
1435372778610376704
1435372779440852999
1435372793097560070
1435372830200418311
1435372835489386496
1435372852031655941
1435372858390237184
1435372874198552579
1435372882083864576
1435372901243424771
1435372913474080771
1435372922525335554
1435372927797583875
1435372930612047873
1435372958231498753
1435372960089583616
1435372967379210245
1435372969182863364
1435372996387037184
1435373001856495622
1435373007711604744
1435373010098302980
1435373012241559553
1435373015152345093
1435373020411990018
1435373024652431360
1435373032768516096
1435373040301486080
1435373054914351104
1435373060748685314
1435373067568562179
1435373074560561153
1435373085826420740
1435373090926743554
1435373093980082178
1435373106894409735
1435373108081438722
1435373158618501122
1435373162460590082
1435373163328811016
1435373175345487876
1435373177207656451
1435373188272295937
1435373220652371973
1435373226788630532
1435373240659152901
1435373268333117440
1435373279792009216
1435373290382561288
1435373295575179265
1435373311828140039
1435373313690415111
1435373314206281728
1435373331369406468
1435373333927825414
1435373337102983170
1435373355297869826
1435373356090630145
1435373358271672320
1435373366400200705
1435373367377469440
1435373377829617671
1435373380182679553
1435373391641448448
1435373402093654018
1435373424277340163
1435373428920487936
1435373429235097605
1435373460298084352
1435373460872695819
1435373471870115846
1435373475007500290
1435373489117179904
1435373490396438529
1435373492623511553
1435373496310374407
1435373516078071810
1435373535946498051
1435373538756775951
1435373544431661068
1435373574584512512
1435373582641766409
1435373593354018824
1435373595233079296
1435373598999449603
1435373599267901444
1435373600886951939
1435373623783694344
1435373625796927492
1435373635397640196
1435373645271085057
1435373650270687233
1435373656549507075
1435373660135727106
1435373660559265794
1435373679651733504
1435373689688764423
1435373701114081281
1435373703550877701
1435373703995564039
1435373705450905600
1435373728939057153
1435373730046304257
1435373733590585348
1435373743904366596
1435373759918219266
1435373760127934467
1435373760954224642
1435373764456423429
1435373768700989445
1435373786891755520
1435373800309280769
1435373805313183744
1435373819640832016
1435373821226270723
1435373835864379396
1435373838343282691
1435373843674288135
1435373849026174976
1435373865799196672
1435373882672926720
1435373884207927297
1435373899701788674
1435373902256087042
1435373902381846530
1435373903476633609
1435373918190243842
1435373919473704963
1435373920073535490
1435373944727654401
1435373948523397120
1435373951526526977
1435373961077010432
1435373968911917059
1435373974070906880
1435373984078614532
1435374003577831427
1435374004773261315
1435374007180832768
1435374011509264386
1435374022972395520
1435374028508835841
1435374040932306945
1435374051955036164
1435374054551216133
1435374059982925829
1435374069092917248
1435374087442993152
1435374092920758273
1435374112168361992
1435374119294586880
1435374124080287748
1435374130031902725
1435374137531375618
1435374146305789953
1435374175057764354
1435374189645545474
1435374194636820481
1435374198059413504
1435374199611301888
1435374211770560514
1435374218653442048
1435374228841406474
1435374236546342918
1435374237234118665
1435374261804408832
1435374271803633668
1435374276102828043
1435374283878961152
1435374287096004609
1435374310517002243
1435374315256565760
1435374349553446913
1435374358843830274
1435374363453370372
1435374399289503748
1435374403215319043
1435374415357825028
1435374422635040770
1435374426124607491
1435374437491253255
1435374439785504769
1435374458701811713
1435374477395873796
1435374477697822721
1435374501123043330
1435374504285458434
1435374515803013123
1435374533955964929
1435374538523619330
1435374543795892235
1435374561416056838
1435374563660025856
1435374575295025155
1435374576251424771
1435374576259715075
1435374597180993538
1435374602721628161
1435374607280840704
1435374613689688067
1435374619624624139
1435374620950007820
1435374622858485773
1435374632710901762
1435374638561992706
1435374650473820160
1435374660481425417
1435374665623605253
1435374681700306944
1435374686901243909
1435374691376640007
1435374695034064897
1435374703313571846
1435374707461734404
1435374718434037762
1435374721168814081
1435374731574796292
1435374753267822596
1435374754534498312
1435374766907695105
1435374779310219269
1435374818350845953
1435374820447903746
1435374838445641731
1435374859303989248
1435374861929566208
1435374892300611586
1435374892954931205
1435374896624852995
1435374919873859588
1435374926375047173
1435374938303643649
1435374938983129089
1435374939301982209
1435374941210304517
1435374944641290247
1435374947333861376
1435374958738280460
1435374974726979585
1435374975159001089
1435374991206494212
1435374991260930049
1435374991751659520
1435374998361870337
1435375008596086784
1435375011930517506
1435375015109832705
1435375021329952779
1435375049796620289
1435375052644655110
1435375061339447297
1435375064266989571
1435375065437286403
1435375068826193920
1435375070315167749
1435375085670502407
1435375090267475969
1435375094340202503
1435375095049080832
1435375108856635396
1435375114107895808
1435375119287848963
1435375131157729281
1435375136035717120
1435375143661019144
1435375148069236736
1435375171381055490
1435375184408715264
1435375195976572928
1435375197318787072
1435375198316941312
1435375221238816768
1435375226997641222
1435375229438730242
1435375252817711106
1435375255141367809
1435375255225257991
1435375266684194818
1435375278281437186
1435375289215983621
1435375298288263174
1435375298900631557
1435375305988923393
1435375313815576578
1435375324024524809
1435375326964719618
1435375332664696833
1435375346140987406
1435375360003166208
1435375365384458240
1435375368022732806
1435375389451378688
1435375391275900928
1435375395029803014
1435375409013592064
1435375413530873856
1435375424847163402
1435375427325988868
1435375429397909504
1435375437518155779
1435375441972539392
1435375461819944962
1435375494581657605
1435375522180173831
1435375535182553088
1435375546121211908
1435375553973035011
1435375558360240132
1435375566362918912
1435375569324199941
1435375573895979009
1435375582993342469
1435375617588006912
1435375621442572289
1435375625838149632
1435375631160815620
1435375633807327235
1435375648785195009
1435375684755591171
1435375691437064194
1435375705769009152
1435375715114004480
1435375716472918016
1435375720965025794
1435375725205495818
1435375730767106048
1435375733828882438
1435375737675075584
1435375743891030018
1435375750165798916
1435375759397466113
1435375761343619075
1435375769954435072
1435375779177713664
1435375790951182337
1435375799381733377
1435375800266760192
1435375803248881665
1435375804486139909
1435375804561645570
1435375823838662661
1435375833468784644
1435375835159089152
1435375838455812097
1435375839240232960
1435375844009066498
1435375852271906818
1435375858169090054
1435375858655678466
1435375860127776773
1435375860975120386
1435375862526918661
1435375880323338244
1435375881166413825
1435375886262587393
1435375898677682177
1435375902767058944
1435375907787657216
1435375910052638722
1435375932714389508
1435375932949372929
1435375936820625418
1435375942483038216
1435375943154081793
1435375970152759296
1435375971486642176
1435375977102782468
1435375978109456385
1435375986338578450
1435375993951334409
1435375999076732930
1435376004025958417
1435376006685147143
1435376009394728962
1435376011152138241
1435376036271775750
1435376041745395712
1435376050133950465
1435376053481054208
1435376056958136323
1435376061932507138
1435376076386193415
1435376078462279680
1435376082245586946
1435376088079810565
1435376089468133380
1435376098599124993
1435376103850446856
1435376105188364289
1435376110200573956
1435376117440032769
1435376120409559041
1435376124326989825
1435376144358985731
1435376150667317251
1435376163711602691
1435376165322170372
1435376174750896130
1435376176718131203
1435376177145860100
1435376180056793089
1435376207466536961
1435376211228827649
1435376215322468357
1435376221852950536
1435376226823286784
1435376232691085313
1435376250365915140
1435376256426577923
1435376257609474052
1435376257613635585
1435376259291394052
1435376262441222152
1435376274982285313
1435376280606806021
1435376284704681985
1435376300177428492
1435376305508343808
1435376306301161477
1435376310923272192
1435376345178165251
1435376355399634951
1435376367084974084
1435376369421197316
1435376373879693312
1435376388878573569
1435376393500626955
1435376395564290049
1435376401411096579
1435376406150713346
1435376410470854656
1435376425843007491
1435376427109687297
1435376432411205636
1435376439847759874
1435376445673680897
1435376456268460032
1435376459149987841
1435376460622090242
1435376488216399872
1435376514225393666
1435376518449008644
1435376523574403072
1435376523712909312
1435376527005388803
1435376532353073154
1435376545191895040
1435376548123750400
1435376571511185411
1435376579945930756
1435376580755329025
1435376585910140932
1435376592969162756
1435376603484262404
1435376615782076422
1435376619879866373
1435376620240523268
1435376620601290760
1435376657880256516
1435376663395807232
1435376666088517634
1435376667992727554
1435376691166302211
1435376710061547521
1435376711126880256
1435376712917848065
1435376739102990339
1435376739430113282
1435376739727859713
1435376756907708421
1435376757343928323
1435376771629731842
1435376782723723264
1435376785735225352
1435376788998393858
1435376799719038985
1435376849253769216
1435376850142998531
1435376856707043334
1435376869155737601
1435376890995486725
1435376892853489667
1435376899321171970
1435376937548009477
1435376983781912576
1435377004770172932
1435377021186674689
1435377023615217664
1435377026865770497
1435377027545276417
1435377034436431876
1435377049997299718
1435377058797039617
1435377064627081217
1435377067584102400
1435377100228341773
1435377120738529286
1435377126501388288
1435377186379386880
1435377186702233601
1435377237612761089
1435377250501804032
1435377252510875648
1435377254071144454
1435377265139933185
1435377287462113283
1435377304822235136
1435377307833753602
1435377344785653763
1435377356554784771
1435377370412765187
1435377385164222473
1435377408841031680
1435377417569320967
1435377424439648265
1435377443439878144
1435377461341130752
1435377463899607043
1435377470220509185
1435377518631165957
1435377531427950594
1435377544455467009
1435377549186674692
1435377581612806144
1435377597089779721
1435377598645821446
1435377605616799748
1435377610930987011
1435377633777307648
1435377634138116097
1435377643327836163
1435377643600351242
1435377651712200709
1435377653377294336
1435377658557259776
1435377670204895237
1435377687271514114
1435377694817017862
1435377697212051462
1435377708020736001
1435377710386253826
1435377718313508869
1435377725771030537
1435377770155192325
1435377775980994561
1435377779923619841
1435377789650210818
1435377798823170048
1435377801901838344
1435377803797712900
1435377806733627393
1435377810793713667
1435377833648525314
1435377834575421441
1435377844738215940
1435377845119950850
1435377852908773376
1435377874970755074
1435377895225049096
1435377897745883141
1435377952095719425
1435377960773734402
1435377961767735303
1435377962199789568
1435377974619090946
1435377978842787842
1435377981900431369
1435378026875850753
1435378054252187648
1435378070408597509
1435378076616167426
1435378089366892548
1435378092416147461
1435378116331982848
1435378125764976642
1435378128382304260
1435378141514674179
1435378144232488963
1435378150578565121
1435378173223522307
1435378198049656833
1435378203892256774
1435378212905885697
1435378223836237833
1435378225581109251
1435378238281457666
1435378250423934976
1435378257218752513
1435378260238557187
1435378275895939073
1435378292736106504
1435378293147115524
1435378294875172865
1435378302080913411
1435378317272748037
1435378321383206914
1435378327641018369
1435378344619651079
1435378351343087616
1435378367923167236
1435378383169462274
1435378402710761475
1435378413448142849
1435378415062982657
1435378423753592833
1435378429764018182
1435378432196681729
1435378458415222788
1435378459061141515
1435378489885085700
1435378525427671041
1435378530318274560
1435378534269296641
1435378545895825408
1435378546197897218
1435378574660341760
1435378577416011777
1435378594788872198
1435378618625036288
1435378621296881669
1435378628427198464
1435378646378815492
1435378660857597953
1435378679656366081
1435378689949241345
1435378691371114498
1435378695980687360
1435378708869754882
1435378742696742916
1435378743921549312
1435378750636572674
1435378772191158276
1435378835860688900
1435378837869760513
1435378841350987776
1435378847843856384
1435378852348432386
1435378872351170562
1435378886058168320
1435378908862558209
1435378911408427012
1435378916642988039
1435378918698201090
1435378934816903178
1435378981872746496
1435379000898170882
1435379019306909698
1435379046590959617
1435379056858566659
1435379062101401602
1435379066685771776
1435379072994054144
1435379081869135873
1435379101980925958
1435379104824664064
1435379134499377159
1435379141738647553
1435379153377890317
1435379157970702339
1435379164870324229
1435379171081916420
1435379175704125443
1435379200513429515
1435379200874143745
1435379206851018756
1435379229953347589
1435379240082489346
1435379246118080512
1435379264015290368
1435379265080528896
1435379272420626435
1435379274505146369
1435379289017495555
1435379292360282113
1435379301973696515
1435379324916486147
1435379342532653056
1435379352129114119
1435379371678867458
1435379376015695873
1435379389445951490
1435379401408057351
1435379413055676417
1435379423847632896
1435379425349181444
1435379448946307075
1435379476716736519
1435379485998714882
1435379486510419971
1435379499143770114
1435379504525025283
1435379538523996164
1435379540575014916
1435379542667972610
1435379552914640897
1435379567334674433
1435379592806678537
1435379593523908609
1435379602793373702
1435379609101553667
1435379625551667204
1435379626868625411
1435379653137604611
1435379659269607428
1435379662000214024
1435379663275282436
1435379674184564740
1435379712906436608
1435379734620381184
1435379753809326083
1435379760834748416
1435379830162432004
1435379837200388096
1435379854569005062
1435379861053390848
1435379865327443974
1435379887892750339
1435379926878887942
1435379931010195457
1435379950345986052
1435380001596116997
1435380050078093312
1435380058630279169
1435380070210801670
1435380084974706690
1435380093350813699
1435380098782351365
1435380106936135689
1435380186724376579
1435380212280201218
1435380213312106500
1435380219498700801
1435380222430490626
1435380223290355713
1435380233427902465
1435380242802253824
1435380249030799360
1435380299320410113
1435380307755163650
1435380329615855618
1435380336519700483
1435380351405264901
1435380356874653702
1435380367767359493
1435380390605242368
1435380391989456896
1435380423761268742
1435380427511013379
1435380433693388803
1435380446616080387
1435380479407136772
1435380570033434627
1435380589759172609
1435380591235637250
1435380593496371200
1435380607660462082
1435380631249301504
1435380636940963848
1435380646231347204
1435380681434075139
1435380703269638152
1435380733200248833
1435380749570560000
1435380767237021699
1435380769237647361
1435380781782900738
1435380784727269379
1435380803509305344
1435380809993789441
1435380872287502343
1435380872912506881
1435380877945618434
1435380920794685441
1435380927753072640
1435380934136717319
1435380943364272137
1435380952432263169
1435380968441909251
1435380969922564104
1435381008216567814
1435381011697778693
1435381019209830404
1435381027204210690
1435381045369712641
1435381053015875585
1435381071936462848
1435381073060433925
1435381133169070080
1435381149392592900
1435381157709946880
1435381166945804290
1435381224424583170
1435381224793640960
1435381236927762432
1435381253604315138
1435381266904408064
1435381293169135618
1435381293597052935
1435381296952446976
1435381320792817665
1435381320897683457
1435381349842567168
1435381354024296451
1435381421779132417
1435381450119974914
1435381486509830145
1435381499243765765
1435381510958456835
1435381527567904769
1435381529472081929
1435381531812540424
1435381535713243137
1435381544445747203
1435381571117273089
1435381578633519115
1435381584132251656
1435381584409112578
1435381587106045958
1435381593162518528
1435381610598305792
1435381619624452096
1435381623797727234
1435381625672642564
1435381632777834497
1435381638377218048
1435381671394742281
1435381682480222208
1435381719176187904
1435381737928986630
1435381745013207041
1435381786754834432
1435381832934117379
1435381853373018114
1435381862768197638
1435381866350194689
1435381868292104194
1435381875548332039
1435381922872561669
1435381926869835776
1435381929138872329
1435381952518017025
1435381967034454023
1435381970482208772
1435381980804309000
1435381986789629956
1435381998546268162
1435382016686665729
1435382036144037892
1435382048454324230
1435382058151514113
1435382079110500353
1435382092154773514
1435382099507359750
1435382101189304321
1435382101826809857
1435382124014624769
1435382132881436674
1435382179236880391
1435382181799645184
1435382195502428161
1435382196970328070
1435382202427183107
1435382213651095559
1435382226221506571
1435382227827843073
1435382228826140680
1435382233033068545
1435382242155671554
1435382243053162496
1435382262087000065
1435382294668353540
1435382301131780106
1435382327325208579
1435382327883051008
1435382329065811968
1435382338964312068
1435382374754291715
1435382404076683266
1435382404403765252
1435382405511229442
1435382439032021010
1435382441372438528
1435382447861026821
1435382467758895108
1435382505750794242
1435382514827341826
1435382536943845382
1435382545424736263
1435382567314894850
1435382583517450243
1435382587489411080
1435382610298032129
1435382612839829507
1435382618581831680
1435382624160264192
1435382627524042757
1435382667235713027
1435382673804079105
1435382695320752131
1435382715893813252
1435382774127636480
1435382795522740224
1435382805228310528
1435382811775668228
1435382821724561408
1435382830956228614
1435382833808351235
1435382856520458243
1435382859058106370
1435382862753189888
1435382879329169408
1435382896018300932
1435382925432958981
1435382927240617984
1435382930126385154
1435382938401640452
1435382950397452289
1435382957397717011
1435382960451203076
1435382961873035264
1435382969405935620
1435382974657310722
1435382975328313349
1435382975965847557
1435382992097140738
1435382996996169735
1435383001974779907
1435383010577223680
1435383010728325121
1435383016428351489
1435383022925320192
1435383026737983488
1435383029485248513
1435383036565233666
1435383040772030465
1435383041061498881
1435383043611574277
1435383047587827713
1435383060401463300
1435383078134980612
1435383086213177348
1435383094597623810
1435383124301656071
1435383128881864707
1435383129158602756
1435383129385095170
1435383199933378563
1435383202626129922
1435383216098119680
1435383226374230020
1435383261778354179
1435383262017380361
1435383264102043656
1435383270913490944
1435383273849565185
1435383274763956225
1435383284490440710
1435383293525078025
1435383297601835011
1435383336617324544
1435383362974330891
1435383368976326660
1435383372453486592
1435383375309807618
1435383383996121089
1435383398651072514
1435383403004710914
1435383404162387970
1435383409770106883
1435383440346603521
1435383443257544708
1435383446197637121
1435383446944223232
1435383467437662216
1435383485322207233
1435383495979933698
1435383512190922758
1435383515948924930
1435383539248386054
1435383549448888323
1435383557187330049
1435383568952401923
1435383588846018562
1435383591471665156
1435383603052097541
1435383638221283328
1435383639773261827
1435383662846038017
1435383692650758144
1435383693783220228
1435383699156131847
1435383702683590664
1435383743624138756
1435383763161210883
1435383772426510348
1435383778025910276
1435383788436180993
1435383805188182017
1435383807885070336
1435383817045430273
1435383837090004996
1435383867792367620
1435383889611079680
1435383890680717314
1435383902525345796
1435383903250964481
1435383910511300611
1435383935291248642
1435383954677305347
1435383962835296261
1435383963464437763
1435384000399515655
1435384007047385088
1435384013296967682
1435384028585250822
1435384041822433281
1435384049124708356
1435384050370465795
1435384081206980608
1435384107589046275
1435384145857892360
1435384146361208834
1435384155462832128
1435384256197545986
1435384266079281153
1435384293237403651
1435384316050169858
1435384328939257862
1435384356374290441
1435384377110929409
1435384385679802369
1435384390281015303
1435384397675614211
1435384399898492928
1435384419116896258
1435384420027011072
1435384521382408194
1435384551124213767
1435384553330327553
1435384556354408455
1435384590257070083
1435384593490841604
1435384598758928387
1435384605390123008
1435384623173967872
1435384636809654274
1435384645789573120
1435384654253731844
1435384677259436038
1435384685799088131
1435384704786735105
1435384715788292100
1435384716304207877
1435384716513923074
1435384718665650181
1435384722163654661
1435384727180091393
1435384735602298882
1435384739007979528
1435384746016714756
1435384794842636288
1435384823888191491
1435384828367675393
1435384831622455300
1435384832780025859
1435384844217950209
1435384866607140868
1435384869194977284
1435384888945950723
1435384890959278080
1435384892062322694
1435384924756926464
1435384942733758470
1435384947053940736
1435384951839596546
1435384976099397633
1435384980197228544
1435384982894223363
1435384987549933571
1435384993019310085
1435385002783612929
1435385010672967687
1435385026980499456
1435385045871734794
1435385088938844161
1435385103945977857
1435385113421008905
1435385131959783429
1435385151576547331
1435385155514941446
1435385159017193476
1435385163224162308
1435385167166771204
1435385171038060546
1435385186678681602
1435385191950868484
1435385200465391618
1435385202319282177
1435385223852736518
1435385225274699788
1435385231821922305
1435385241661804544
1435385270724177923
1435385276948418563
1435385280706535424
1435385290852556801
1435385299580903431
1435385304257597440
1435385308183515137
1435385324671225860
1435385360473890832
1435385363707699206
1435385367637610497
1435385372146548737
1435385381139197952
1435385410075643905
1435385429193371648
1435385431688982529
1435385461896368128
1435385462445707268
1435385469420834820
1435385478145056768
1435385494423093248
1435385496654565379
1435385533480509444
1435385535665786883
1435385543404179462
1435385562911891461
1435385565785038848
1435385587163402242
1435385608994791434
1435385650400931841
1435385658307227650
1435385716415074304
1435385739173376001
1435385781934338050
1435385794127085573
1435385798405333001
1435385801962139648
1435385803128164355
1435385807951564809
1435385819192348673
1435385853518438407
1435385861319938048
1435385862565548036
1435385864469819396
1435385878403235840
1435385880940777472
1435385885709766657
1435385898405928965
1435385916076531712
1435385925043990544
1435385928185491457
1435385973106479104
1435385984062005250
1435385986167578624
1435386000944021504
1435386025317179393
1435386027200458752
1435386063921553408
1435386078849028108
1435386086600105984
1435386090857373699
1435386092207935488
1435386093008994307
1435386138064310278
1435386148025774080
1435386191428399112
1435386201545003009
1435386227042267136
1435386233056804867
1435386234910740481
1435386274274291714
1435386278288179201
1435386309577789440
1435386329127428100
1435386335800463361
1435386351617183751
1435386383493910530
1435386403676901377
1435386407992926212
1435386428020695041
1435386476158717952
1435386508710748166
1435386509516017664
1435386524405805056
1435386531921993732
1435386549068312577
1435386561869254657
1435386579166638082
1435386609999007746
1435386613476044807
1435386618953801728
1435386637211643908
1435386638910337027
1435386642424942594
1435386646569103362
1435386657432293377
1435386664713695240
1435386668505239566
1435386688117919750
1435386711798951936
1435386725027680256
1435386745026121735
1435386786390450181
1435386788252553220
1435386796364414981
1435386810843156490
1435386813582127106
1435386838483677189
1435386838496260098
1435386871647965187
1435386888966348801
1435386889985568772
1435386890698563584
1435386897577267203
1435386907031048194
1435386917391056898
1435386934692622350
1435386940757528588
1435386943966220295
1435386957346000901
1435386959208321024
1435386978225303555
1435386980251099140
1435386982083952640
1435386998173339650
1435387009003053058
1435387010210992129
1435387037948026880
1435387044906389508
1435387050539327492
1435387061276708874
1435387061310300165
1435387078666227720
1435387096945070083
1435387097788071938
1435387098333388801
1435387101080702980
1435387109595041797
1435387113906786305
1435387115928436736
1435387125332074498
1435387139446001668
1435387148836945920
1435387173956726788
1435387182349434883
1435387212783304706
1435387224095342599
1435387290533212160
1435387291124617218
1435387294991720449
1435387373282631685
1435387378013720582
1435387396032507912
1435387408086970373
1435387455738368004
1435387473622966275
1435387476026273795
1435387495466811394
1435387496314064898
1435387500009336833
1435387509102583808
1435387509337378817
1435387514970324994
1435387542564655106
1435387558234673152
1435387568389070853
1435387574512717828
1435387618062176257
1435387626857635843
1435387645820030976
1435387646646358016
1435387667630395392
1435387676623003657
1435387685145825280
1435387703760130051
1435387713583202305
1435387713994297344
1435387726132563969
1435387753294872582
1435387760001568770
1435387765940793349
1435387779454746629
1435387813835509765
1435387821167202305
1435387826888220674
1435387847922622465
1435387850669895682
1435387863475097603
1435387867430260737
1435387913303384069
1435387926913892354
1435387937580109836
1435387945171701764
1435387965216370688
1435388029456244739
1435388051920928768
1435388068161273857
1435388084795944968
1435388105222201346
1435388105855578116
1435388115112370178
1435388120984346628
1435388121961619459
1435388122678898689
1435388124088217607
1435388130438303753
1435388155704786945
1435388165871788034
1435388171613876224
1435388181424267268
1435388181843742720
1435388198759325696
1435388205117984769
1435388206736936960
1435388213418418179
1435388242874994688
1435388262051368965
1435388327717441542
1435388331202854916
1435388339138539531
1435388382364983297
1435388382880882694
1435388386634870785
1435388390992748550
1435388410781442048
1435388417999785985
1435388427084734468
1435388433208336386
1435388436639256580
1435388450866438145
1435388464757940226
1435388480499200001
1435388493753196547
1435388502611484674
1435388508135383046
1435388513835491328
1435388545338904579
1435388548321058817
1435388551601008641
1435388557695279107
1435388558966145024
1435388584723427330
1435388608035397635
1435388625546584064
1435388628876812288
1435388669200850946
1435388688129609728
1435388688658219008
1435388700301664260
1435388725622714371
1435388732073467906
1435388746963341314
1435388769771851777
1435388774033330179
1435388777267179523
1435388802399416321
1435388819893891072
1435388820678221833
1435388838554345475
1435388849178415115
1435388886277046272
1435388896393715712
1435388907596701696
1435388916719394816
1435388931273539585
1435388953633325056
1435388969999638535
1435388996092407811
1435389009002369025
1435389022780657668
1435389035158163462
1435389039704776709
1435389042221363201
1435389046914748419
1435389047548137482
1435389069907959808
1435389074500689923
1435389087335260164
1435389111913914368
1435389117295120385
1435389124882616324
1435389134919639041
1435389140279910408
1435389144918757383
1435389186593468416
1435389196408082435
1435389213097201665
1435389229211729920
1435389238661599232
1435389242964914178
1435389265006014467
1435389281401462785
1435389311340449792
1435389317363425290
1435389318130974724
1435389362963992588
1435389372271108096
1435389392449835008
1435389409197797376
1435389438817935364
1435389456828272646
1435389470329688065
1435389501803798529
1435389504056086532
1435389520313212933
1435389521626112003
1435389548784148482
1435389552689094656
1435389581977952259
1435389588130914310
1435389590509084673
1435389600923590660
1435389628119502853
1435389645420998661
1435389667856326657
1435389671085903872
1435389673698889729
1435389678056845312
1435389683324887041
1435389728514355200
1435389729999032322
1435389750916096001
1435389762827952130
1435389778338459656
1435389795572883464
1435389801398743040
1435389812018659328
1435389828036808707
1435389844788817920
1435389851751391234
1435389872089485313
1435389882738823169
1435389967312818184
1435389969644892163
1435389972639535105
1435389987697184772
1435389991748870148
1435390000313638917
1435390016516149250
1435390022044295169
1435390027874414597
1435390034581012489
1435390050477428737
1435390071591559172
1435390088276586500
1435390089899749380
1435390101425696774
1435390102088388613
1435390104663695360
1435390126327271431
1435390126616633347
1435390143033118722
1435390143871995904
1435390155444137991
1435390238633889792
1435390257806123011
1435390258401644545
1435390283823390722
1435390291192815616
1435390298792792069
1435390313749700613
1435390359392202759
1435390421178400768
1435390422814273548
1435390449536147461
1435390466795651080
1435390471996678144
1435390536324730882
1435390556096638980
1435390559171063815
1435390577856614404
1435390601147596800
1435390607506255874
1435390627492073475
1435390652712464384
1435390657607184394
1435390659834355714
1435390671184179205
1435390691908194311
1435390713425022982
1435390723252174849
1435390725252845568
1435390731800166405
1435390734836895745
1435390755275689984
1435390765174300673
1435390809210294276
1435390814314717191
1435390817447841792
1435390824473370624
1435390842919915520
1435390880421187585
1435390882933575680
1435390886649778180
1435390909156319232
1435390927003078662
1435390942735998976
1435390958502301699
1435390961266405381
1435390981877153792
1435391052140142593
1435391083874328581
1435391086827081729
1435391149640929280
1435391158168035328
1435391192519299073
1435391203084836867
1435391204347285508
1435391217689301004
1435391224307924993
1435391266481754114
1435391275029630976
1435391313956978692
1435391327672340480
1435391334324523011
1435391338598522887
1435391344101531648
1435391367556083712
1435391377551118340
1435391381510533123
1435391439244910594
1435391463404224515
1435391487043325954
1435391545822392322
1435391553481023493
1435391594178437124
1435391594723692544
1435391597479297025
1435391640055828481
1435391649283182597
1435391660880453632
1435391681352847366
1435391695902978048
1435391704996122628
1435391745286574080
1435391757567631368
1435391770838413323
1435391790891286529
1435391807064580108
1435391833698340871
1435391835908812813
1435391837825536002
1435391852191043584
1435391864182657024
1435391885791670281
1435391887309934592
1435391895983820802
1435391928871362564
1435391933376045061
1435391960718655488
1435392001059561473
1435392070374539266
1435392089051836421
1435392141610602496
1435392160111726594
1435392241569312771
1435392254315741186
1435392287610220546
1435392303988883462
1435392312763461632
1435392339846082562
1435392393541476354
1435392395697397763
1435392411807752193
1435392414924038150
1435392417235185664
1435392432007532546
