1441168176788635655
1441168177711366148
1441168188125843465
1441168190571044871
1441168206752714752
1441168208166219787
1441168229590704133
1441168251858259973
1441168252114247680
1441168255352147974
1441168261844897801
1441168266328563719
1441168266701930500
1441168271684763651
1441168272494186498
1441168282099150851
1441168282598313986
1441168296481591300
1441168298746552320
1441168303183986696
1441168308267409408
1441168314022068226
1441168323333349382
1441168335903727618
1441168355033903106
1441168356263055360
1441168376433348610
1441168377460969473
1441168396310220800
1441168427469598724
1441168429034188801
1441168436516720642
1441168456540319747
1441168476404531211
1441168479621615618
1441168485413838852
1441168486047178761
1441168492124774407
1441168509690544128
1441168513247313934
1441168515654848518
1441168520327221255
1441168528665612304
1441168529777053703
1441168534705360898
1441168540044771329
1441168550127935490
1441168624249552901
1441168626724212742
1441168628997451785
1441168630562099203
1441168632596336640
1441168637918801930
1441168640770981888
1441168643266543621
1441168645858545671
1441168674363256832
1441168689647210496
1441168690247045123
1441168700313272323
1441168704784326657
1441168711013081090
1441168720345239553
1441168720957612032
1441168726318010374
1441168741530755073
1441168750254903297
1441168763550797826
1441168764733571078
1441168773361192964
1441168776159010817
1441168783440109572
1441168785197699072
1441168787898658824
1441168788070625280
1441168791522529281
1441168795951796227
1441168846853787658
1441168865489309707
1441168874414780416
1441168891418320905
1441168896455704578
1441168898947096585
1441168903351123968
1441168906714947584
1441168909378338819
1441168919868452865
1441168920556232707
1441168920736579585
1441168923152453636
1441168931805274116
1441168947118632963
1441168957512183811
1441168961668853761
1441168978508869641
1441168991444144128
1441168992333283331
1441169008959578112
1441169012075925504
1441169014349201409
1441169015938838533
1441169016530235396
1441169023048237061
1441169040525783051
1441169068493393926
1441169075305172993
1441169079646101508
1441169085715435521
1441169087443476485
1441169092472459264
1441169095165050883
1441169104140857345
1441169104568823808
1441169104623132682
1441169106502230016
1441169107957608468
1441169108771344386
1441169112844099584
1441169115066949643
1441169120481873929
1441169139440263168
1441169148998918147
1441169149103902722
1441169149628059657
1441169164974977039
1441169172008882177
1441169175892824068
1441169192846123009
1441169198223351812
1441169201855557635
1441169203449401344
1441169208075710468
1441169272336568331
1441169274790301696
1441169276178685953
1441169278523396096
1441169283367649286
1441169284378603522
1441169286656004098
1441169286823747591
1441169287889125385
1441169289109651457
1441169305408737286
1441169319862292490
1441169337461706752
1441169337520476165
1441169343165784070
1441169348354260992
1441169375319392256
1441169379601764358
1441169390297305088
1441169393593970696
1441169394499870735
1441169399717646342
1441169415530188810
1441169417883176964
1441169419120615424
1441169431464271881
1441169435251785729
1441169440431751168
1441169440561897477
1441169447620734981
1441169461092896768
1441169463533924356
1441169468990709771
1441169482454425612
1441169492655104000
1441169506777198595
1441169507637022723
1441169515052613637
1441169532429627401
1441169535185285125
1441169537726967823
1441169555351498756
1441169555884150789
1441169559290093569
1441169563421380615
1441169584199897093
1441169585332359170
1441169611874054145
1441169616911302664
1441169626700812296
1441169632400838660
1441169671118417942
1441169677682577417
1441169698570256384
1441169715049631751
1441169718107328512
1441169721852846082
1441169731306737679
1441169743193550853
1441169744686505990
1441169752395685889
1441169765469327365
1441169779209867271
1441169799938289665
1441169802567974916
1441169834528493569
1441169843529469952
1441169850861113355
1441169853675569155
1441169874198220895
1441169892976254978
1441169900190404610
1441169906586714119
1441169926266363906
1441169943177928705
1441169964182818821
1441169980150661122
1441169985796075520
1441169993282908161
1441169995690508289
1441170000241250321
1441170017374982152
1441170020403331078
1441170028150231043
1441170080113496069
1441170084043509770
1441170087604461569
1441170088212582406
1441170089940639753
1441170092650209283
1441170106588057603
1441170111683907594
1441170128612192257
1441170141664976897
1441170142394683394
1441170142570840079
1441170175735123972
1441170175852752899
1441170180088999938
1441170185218445314
1441170203526762496
1441170219464998913
1441170220651974664
1441170228554043395
1441170235508330499
1441170239388102656
1441170250330820608
1441170252008620036
1441170268227964939
1441170269331099656
1441170271319179269
1441170284673859584
1441170299555172355
1441170306232557578
1441170321906700295
1441170333508124689
1441170341234020362
1441170342425227269
1441170343431794694
1441170359684780032
1441170408451887109
1441170415934586887
1441170418820386817
1441170419113861125
1441170423182331913
1441170462025736196
1441170480610701317
1441170490643517445
1441170500609187850
1441170502480023552
1441170507643031555
1441170508083462145
1441170519030652931
1441170529172525057
1441170538932490241
1441170540685836288
1441170542178881553
1441170553738612740
1441170558075375616
1441170563767181316
1441170582121291778
1441170607341817858
1441170608931282947
1441170612186091521
1441170614803304460
1441170620356562944
1441170629793775628
1441170631907631114
1441170636173299723
1441170650459037703
1441170665910923275
1441170720416059393
1441170728347267077
1441170742666690562
1441170758584000515
1441170765471109124
1441170766397992963
1441170771443781634
1441170771489951749
1441170784773312517
1441170791912009735
1441170792948002823
1441170804213833738
1441170810878631937
1441170815534317582
1441170815949570056
1441170823457349634
1441170845880180739
1441170846479831041
1441170858995769345
1441170859138240516
1441170873726103562
1441170889941270531
1441170907716751362
1441170908282982405
1441170912858947596
1441170917711699976
1441170950741921802
1441170965962973204
1441170974477586435
1441170978667704320
1441170982018953218
1441171013715173388
1441171023710150659
1441171026595889159
1441171030240755723
1441171032933498890
1441171056446877696
1441171067599343617
1441171073031028741
1441171125824675843
1441171127003398144
1441171134716731392
1441171137518452739
1441171150659260416
1441171153159065600
1441171168367562755
1441171179629334528
1441171184368828419
1441171185190899720
1441171188089114631
1441171200848195585
1441171208578355209
1441171230338469888
1441171238743724033
1441171243500195840
1441171270679232514
1441171270930948098
1441171274613477376
1441171287594856456
1441171306049851395
1441171317449916417
1441171325200920582
1441171327403106304
1441171338702491649
1441171350027001858
1441171357195071498
1441171364681973763
1441171376094658565
1441171384789389318
1441171393899470849
1441171413461651459
1441171413818216456
1441171433078485003
1441171435444060163
1441171445145497604
1441171474581233665
1441171518671638535
1441171522215837697
1441171535620755459
1441171535935377410
1441171536732246022
1441171538103832593
1441171556386836481
1441171564611846149
1441171568902610952
1441171573583400978
1441171576804675595
1441171586178895880
1441171609130311682
1441171610036097025
1441171616092803073
1441171625081139217
1441171630076661761
1441171635826946053
1441171642055462916
1441171651048050691
1441171656966242312
1441171669742080007
1441171675861585921
1441171682434052098
1441171701836890119
1441171730488180740
1441171731184422913
1441171742697959426
1441171758623625219
1441171768606015490
1441171786411003916
1441171788457594887
1441171790659686401
1441171791993610242
1441171812377788419
1441171825220730891
1441171828286771200
1441171855654621185
1441171878886854656
1441171880795201549
1441171884431720456
1441171885811634184
1441171929616973826
1441171944318005261
1441171945706434561
1441171956343078918
1441171957945233416
1441172005445791750
1441172025582702594
1441172028921290756
1441172050463191044
1441172052107427841
1441172058801532934
1441172063323045888
1441172093253656583
1441172093471625223
1441172094360776714
1441172104674643982
1441172107157598216
1441172116422873097
1441172143417352193
1441172145002872834
1441172147330686979
1441172155689959431
1441172156574953479
1441172172110655491
1441172179924799489
1441172215689531394
1441172219418189833
1441172238086991881
1441172256852377607
1441172263894618118
1441172274308993038
1441172279405125638
1441172279421849604
1441172311655084038
1441172313450459136
1441172320102453249
1441172320224104457
1441172322069598211
1441172324250685440
1441172327211831307
1441172327325126656
1441172330160480257
1441172356370771968
1441172366684418059
1441172370362802176
1441172373126975488
1441172382253666313
1441172388423503878
1441172396329750532
1441172410527625216
1441172412549242884
1441172413039874050
1441172424494440454
1441172438742540291
1441172439552172034
1441172439765905409
1441172445629587458
1441172446292283397
1441172465548283908
1441172472473309184
1441172472997371909
1441172473727258629
1441172492630958086
1441172499358572545
1441172522687467520
1441172534234267650
1441172538047008769
1441172548780130308
1441172587858436102
1441172590656057348
1441172596641320963
1441172602874056705
1441172616060936197
1441172632620068865
1441172658519887876
1441172664283013121
1441172689876574208
1441172700014149633
1441172723229597706
1441172726064975876
1441172733132304388
1441172738001997825
1441172744012402688
1441172748068212737
1441172752921026565
1441172789507940354
1441172836165427207
1441172843027333120
1441172860345597955
1441172893337997315
1441172909276364800
1441172910761148416
1441172924577169413
1441172928582799361
1441172938028457989
1441172939827650564
1441172946551119889
1441172963714375680
1441172969363968002
1441172985759469573
1441172989098315777
1441173040583229446
1441173044047745033
1441173054852268037
1441173070790598657
1441173088427675650
1441173097265209345
1441173106060562432
1441173133826875392
1441173147986784259
1441173159839821831
1441173160091652097
1441173162306138117
1441173162847178753
1441173174037594114
1441173182275223555
1441173186708525056
1441173187279028225
1441173194535157763
1441173200784683008
1441173206019235841
1441173210918264833
1441173228903276546
1441173254580817922
1441173285845155850
1441173293550039047
1441173314961960960
1441173316845277191
1441173317617020932
1441173356116525065
1441173361594339329
1441173374462533633
1441173375724916737
1441173375972352003
1441173397694779393
1441173418154475526
1441173424299130886
1441173431077142531
1441173431244910592
1441173446520713218
1441173461183832067
1441173492041355270
1441173495635922946
1441173505018449925
1441173507648356365
1441173524081635330
1441173572672638985
1441173573960224774
1441173577412145156
1441173579995889664
1441173586350415876
1441173593166163971
1441173606055153665
1441173615999787008
1441173625491496961
1441173625848139776
1441173627768958976
1441173635088011271
1441173648337899522
1441173652955811851
1441173663550689284
1441173673411440647
1441173673692389380
1441173698849873927
1441173699709734918
1441173708668739593
1441173711810224139
1441173717846003712
1441173735470362627
1441173752352428036
1441173756882288645
1441173762922082306
1441173763744227329
1441173798321938437
1441173806488428549
1441173815023702029
1441173840088817664
1441173844299898881
1441173850843013128
1441173891385151490
1441173896036696068
1441173896439369735
1441173896905072642
1441173902378496001
1441173919516401665
1441173926940393472
1441173932988506113
1441173934179696640
1441173938613063681
1441173976924004354
1441173977209081860
1441173986210054146
1441174018904793091
1441174024009043971
1441174025124794369
1441174029012856835
1441174040937308160
1441174061866905607
1441174075066359822
1441174075963891716
1441174081936580613
1441174103692435460
1441174108952141828
1441174108989919239
1441174111519064067
1441174135804137472
1441174138643632133
1441174157077606409
1441174157488705536
1441174162165358594
1441174166997110786
1441174176665112576
1441174181362552838
1441174223154724866
1441174230733766665
1441174234970087424
1441174262321082373
1441174270491639808
1441174280432091137
1441174290309677058
1441174309741862923
1441174313848037384
1441174319212548104
1441174332202315778
1441174339848572937
1441174351194193933
1441174361185079296
1441174365249310721
1441174372413317122
1441174376179658754
1441174379929346049
1441174399814496257
1441174405971791875
1441174413718679553
1441174415484538880
1441174415501262855
1441174415551643654
1441174426028888065
1441174460761968646
1441174460921524228
1441174463844732931
1441174471650336771
1441174497218863113
1441174526633525251
1441174532975316996
1441174537274494978
1441174551077920777
1441174565674119182
1441174576835153924
1441174589350895625
1441174604630818824
1441174609240285195
1441174613858291712
1441174617809371152
1441174621076668417
1441174631130484736
1441174658535985157
1441174668828766217
1441174690416918532
1441174694502158340
1441174717298200578
1441174739381194755
1441174739649761280
1441174765256024065
1441174773816516608
1441174791990489091
1441174818653556737
1441174822201925636
1441174822390681600
1441174853156052992
1441174859698954245
1441174879026429953
1441174882990047232
1441174900308275206
1441174913092501512
1441174915072286721
1441174920386338818
1441174921153896455
1441174921271394313
1441174957480988672
1441174987772252163
1441174999113498627
1441175042637774858
1441175058982916100
1441175059758927873
1441175064821395467
1441175074711773185
1441175087554523148
1441175103358713869
1441175123122262022
1441175138221838336
1441175144676790282
1441175146820091918
1441175159029649421
1441175164243247114
1441175173982421001
1441175197441134593
1441175201300025345
1441175255901294595
1441175261651763214
1441175264835211265
1441175284267450384
1441175285357899778
1441175285999804419
1441175288512069637
1441175296221147140
1441175305855684608
1441175306396524544
1441175334875922441
1441175336700375042
1441175363707617282
1441175369806069765
1441175374709198854
1441175375300734976
1441175391360589831
1441175417826824194
1441175424122318857
1441175430413705222
1441175431147892736
1441175442736783361
1441175458284982274
1441175475636822016
1441175479717933056
1441175483970822151
1441175486638419972
1441175495966543876
1441175524106145803
1441175531139919872
1441175552518352902
1441175585242365954
1441175592624275465
1441175614245933056
1441175625130147842
1441175634483589122
1441175646852378630
1441175648299409418
1441175656771907585
1441175666049703946
1441175676262883328
1441175691916046350
1441175696576065537
1441175706734637056
1441175718264598538
1441175788590702593
1441175830147723269
1441175847466008585
1441175848082546690
1441175850347417607
1441175862582386688
1441175909105487880
1441175941359628296
1441175945289912320
1441175954550923264
1441175954638794757
1441175968320823298
1441175976742776833
1441176004291039240
1441176011949830153
1441176030174056454
1441176065704144899
1441176066186362885
1441176069558595586
1441176072976928772
1441176074327506952
1441176088399343624
1441176092061024259
1441176110054526982
1441176123480576004
1441176135048519680
1441176139058143237
1441176172201578496
1441176186009178113
1441176239297818624
1441176259736731650
1441176269278773252
1441176282172170240
1441176290866855942
1441176295187025921
1441176296264929282
1441176308415807494
1441176329282412547
1441176352502296577
1441176363742810118
1441176367463235595
1441176383468670980
1441176389487579142
1441176394961141760
1441176395766325249
1441176449919053828
1441176472614539266
1441176491560079369
1441176494097588225
1441176496203198464
1441176497205571593
1441176514565840911
1441176530801942532
1441176531015921665
1441176532983156737
1441176546102886401
1441176564813611009
1441176566747189248
1441176572174680064
1441176583092334598
1441176593473302530
1441176595075514371
1441176613215879175
1441176626977390596
1441176644081881096
1441176661861543937
1441176664352907266
1441176678554689537
1441176681272598536
1441176686385532932
1441176691271815173
1441176695659139077
1441176696086941703
1441176696267362304
1441176746749939724
1441176748717068294
1441176750839500800
1441176753943232515
1441176788252733441
1441176788642717696
1441176814810927108
1441176834398322694
1441176851947220992
1441176859840946181
1441176860948324353
1441176871366901764
1441176881554878480
1441176895035518976
1441176898579619840
1441176929432838144
1441177007900053505
1441177015567077379
1441177040191778817
1441177052326080513
1441177055001931781
1441177055543050240
1441177072664133636
1441177074610282497
1441177095351144449
1441177104578592770
1441177106436673540
1441177109196509188
1441177114980478988
1441177137373798402
1441177138212704264
1441177149000454154
1441177156994822154
1441177181254606854
1441177210891636737
1441177216419725319
1441177227618619394
1441177245251375113
1441177251521994754
1441177252499230727
1441177262619959305
1441177280349310983
1441177287966314503
1441177289635471366
1441177309336113157
1441177312888868864
1441177328210505734
1441177350729650188
1441177353216937985
1441177358002651140
1441177365212581893
1441177373785853953
1441177375174119425
1441177389346615300
1441177409873715202
1441177453938937862
1441177457172774913
1441177465590886401
1441177469902458889
1441177482703503366
1441177489112383489
1441177529843335169
1441177534578585600
1441177561069875204
1441177564194738176
1441177574189666306
1441177607572127744
1441177609673404422
1441177635950927873
1441177641441243136
1441177642523246597
1441177653017399299
1441177656825810951
1441177657941508113
1441177674706300930
1441177678539788290
1441177686710177798
1441177697749651458
1441177716078698499
1441177718436110336
1441177720646365194
1441177736203014149
1441177745489162241
1441177753735208960
1441177797397913604
1441177857221402624
1441177862468407297
1441177863907016709
1441177885084168194
1441177895636930567
1441177915324973056
1441177939823919108
1441177940885073932
1441177947314929676
1441177954201915400
1441177961625907205
1441177962523602944
1441177979048976392
1441177979241914384
1441177997294276612
1441177997982142465
1441178008350609410
1441178016760033285
1441178040667553794
1441178067867553797
1441178090273755136
1441178092765024257
1441178094975418371
1441178095516471298
1441178099266179079
1441178107403067399
1441178108946620425
1441178131256119302
1441178133491638281
1441178137258127370
1441178177380831236
1441178178349793283
1441178183521374213
1441178184913874944
1441178185731690502
1441178186511835148
1441178187191529475
1441178188491722755
1441178189938577412
1441178190680973316
1441178226475294721
1441178237162307585
1441178245722828810
1441178247870304259
1441178274638581760
1441178293072326662
1441178294984998917
1441178296058716161
1441178300156506117
1441178300659896327
1441178302543110144
1441178304183250944
1441178307026841616
1441178309639946242
1441178321727803399
1441178333081964546
1441178336638783488
1441178358302134280
1441178365184987136
1441178367940653062
1441178369442267136
1441178384072065025
1441178394255781895
1441178425423654913
1441178435791904777
1441178457149378574
1441178462211899392
1441178464598433802
1441178492033404930
1441178497657933834
1441178555988287488
1441178560832720896
1441178568319373316
1441178580600467456
1441178597004247041
1441178655703502852
1441178660610797571
1441178681670451209
1441178684447092746
1441178692248498177
1441178718051835906
1441178734891913219
1441178749936963587
1441178765959176200
1441178774477832193
1441178777762123780
1441178827221135371
1441178882434998273
1441178916257873923
1441178925355331587
1441178940069003264
1441178956804227078
1441178976903327744
1441178985002536960
1441178985141002241
1441178987326181386
1441178987972087809
1441178991847620620
1441179010189467648
1441179021711081490
1441179045660479497
1441179053923266561
1441179058025287680
1441179088975065092
1441179092762697728
1441179109934055429
1441179118826139648
1441179121963257868
1441179127290023938
1441179132071579664
1441179137859731460
1441179208206610445
1441179223486513152
1441179224417742848
1441179234718810115
1441179243438817282
1441179249377898499
1441179249474367491
1441179267199500289
1441179275319648257
1441179279685947395
1441179281720217600
1441179286480719878
1441179287344746496
1441179295280476160
1441179296471654402
1441179314465107968
1441179321918533632
1441179350758526976
1441179373306929158
1441179376880472067
1441179417078861824
1441179422023831556
1441179448280326144
1441179456719101954
1441179464331825153
1441179468865818632
1441179510343340034
1441179523643445256
1441179537207873536
1441179544518479881
1441179554609971200
1441179555172175872
1441179558665801735
1441179568065298446
1441179569977892869
1441179600990707712
1441179601112342529
1441179614383017994
1441179640421228547
1441179642728226816
1441179645840445441
1441179674390908935
1441179677024997378
1441179681210847238
1441179685879091208
1441179688634920963
1441179700496195592
1441179711598649344
1441179720964521984
1441179726446428168
1441179732649955328
1441179733534801922
1441179734755332097
1441179747237519366
1441179755559235585
1441179778271236100
1441179828225380357
1441179841462607881
1441179852036472832
1441179913952792576
1441179917870370817
1441179934265802764
1441179945250836480
1441179948195237888
1441179956134899715
1441179961092558851
1441179963953123331
1441179981120372742
1441179993074143233
1441180011130675200
1441180012330176512
1441180046610374657
1441180062506651661
1441180080030437377
1441180086544187403
1441180086590324738
1441180093418598409
1441180162595328000
1441180165216747524
1441180179389468672
1441180185433296898
1441180201694597125
1441180217549070343
1441180222959734786
1441180228269735946
1441180232455581696
1441180238264864768
1441180239673970693
1441180245667713027
1441180247832121344
1441180268266545158
1441180287661137923
1441180293340168202
1441180299207983111
1441180318518550541
1441180319311282179
1441180321420963844
1441180356158189569
1441180383177965570
1441180401309863942
1441180405965545478
1441180413955743747
1441180417546092549
1441180443399766025
1441180445266251780
1441180445685604354
1441180454800052224
1441180471375773696
1441180521002790913
1441180553915547649
1441180563713368070
1441180564858441732
1441180577550389248
1441180587889500160
1441180588858245127
1441180595036426240
1441180599448920065
1441180630012760072
1441180633187844105
1441180634555183107
1441180637562478596
1441180647968542723
1441180650141323264
1441180652376768518
1441180658924236800
1441180666247499776
1441180679333728258
1441180692440698880
1441180693036474370
1441180695053971463
1441180699013308416
1441180702930735109
1441180703505334274
1441180716163686412
1441180726838239234
1441180733951856651
1441180747017060354
1441180749219053581
1441180783998164997
1441180788922351620
1441180827182788608
1441180844073181190
1441180846883422211
1441180916315869190
1441180922473181184
1441180961148784640
1441180984120991751
1441180989078839299
1441180989779103757
1441180990446006272
1441180993994432512
1441181018900234248
1441181035882893324
1441181045211074564
1441181068334227459
1441181082070577157
1441181116451287057
1441181137083133955
1441181167978438656
1441181200878432258
1441181203617488897
1441181208755335173
1441181275948142593
1441181279521677316
1441181300765835270
1441181314757971968
1441181343208001539
1441181346114641932
1441181379853651969
1441181391144710150
1441181412367863811
1441181414565634062
1441181417778475008
1441181426175528960
1441181428931125256
1441181432278241283
1441181446538883078
1441181457943199747
1441181473273356299
1441181484677681154
1441181515128266752
1441181523391090688
1441181604257296389
1441181616521482246
1441181637312540680
1441181664898584576
1441181666114871296
1441181669327654914
1441181688030183425
1441181694409596928
1441181706443231234
1441181708880007177
1441181732481343495
1441181742224711687
1441181745668231175
1441181751653519360
1441181789519683596
1441181853541548038
1441181863662346251
1441181866199969797
1441181870746525704
1441181875284840455
1441181878468235267
1441181886433271810
1441181895979454468
1441181943391870978
1441181953902796807
1441181956432007174
1441182043002396679
1441182048530489349
1441182059146321923
1441182091367038976
1441182117862408196
1441182133125623808
1441182144420790272
1441182177471856645
1441182230487781383
1441182249001668612
1441182253594251269
1441182292802633739
1441182333575446543
1441182340361830401
1441182377015791619
1441182402328424456
1441182427200700419
1441182450944671747
1441182482418724871
1441182482775232514
1441182492929626113
1441182552694218758
1441182563821707276
1441182589050445824
1441182603223224324
1441182649242972161
1441182658839465990
1441182665760116738
1441182697821454337
1441182713914875909
1441182714439213058
1441182813709946884
1441182863626436615
1441182934229131264
1441182937102184449
1441182969889112066
1441182970841219083
1441182977787002881
1441182986230120448
1441182986540441602
1441183005851095041
1441183019981688834
1441183059672457217
1441183061849214980
1441183065481494535
1441183071278043140
1441183118631768066
1441183183043641354
1441183184591360001
1441183259774181380
1441183262060081152
1441183275217612811
1441183303680335873
1441183310173016067
1441183356239192074
1441183375662804993
1441183418813984769
1441183435255476226
1441183452083019783
1441183453286912000
1441183454826151939
1441183456671584258
1441183485301952512
1441183500447543296
1441183527463096330
1441183566608551941
1441183572333928448
1441183633130225669
1441183634665312258
1441183647340498944
1441183647831191562
1441183648246484992
1441183664197431298
1441183670212050961
1441183701946208257
1441183721906847752
1441183724167581699
1441183792446640128
1441183808552783882
1441183816639401985
1441183818610733062
1441183844103819267
1441183886428426245
1441183888802390019
1441183908524003328
1441183974546681856
1441184039927431169
1441184070948593664
1441184124404781056
1441184178247135234
1441184186077892614
1441184226611642375
1441184238062092297
1441184244508811265
1441184297860403201
1441184343754375169
1441184354420420608
1441184357582999556
1441184358031925251
1441184365061476353
1441184366923681797
1441184367452192780
1441184373143785478
1441184391091294210
1441184433797664769
1441184441972531200
1441184513304903689
1441184560314716162
1441184565662388232
1441184658402721792
1441184669051940865
1441184669119119368
1441184712437866497
1441184738534821895
1441184743261753348
1441184751641980934
1441184841307869185
1441184883888455691
1441184888464367617
1441184902821470216
1441184967204110340
1441185017040834570
1441185056110829569
1441185069524131844
1441185079821144065
1441185082891546626
1441185090072023047
1441185106714980357
1441185177665953793
1441185238135279621
1441185244883738624
1441185283689443332
1441185287552397312
1441185294837899285
1441185305076273152
1441185313926287360
1441185348457885703
1441185358914285569
1441185387578155009
1441185469879005185
1441185486328918016
1441185493132070917
1441185514799829005
1441185559200731144
1441185567409016836
1441185615358345216
1441185617161846787
1441185626120802307
1441185640385691654
1441185716604739585
1441185735109857288
1441185737400098816
1441185774754357252
1441185783348547603
1441185789279277057
1441185789946130442
1441185803581939712
1441185872850788360
1441185875493224454
1441185884217487365
1441185888948555779
1441185913703264263
1441185967579099141
1441186023157886980
1441186067072307200
1441186083287490560
1441186184202309636
1441186200451051526
1441186236064993283
1441186267052474369
1441186271397773320
1441186287457751044
1441186289189998593
1441186345486102528
1441186389702283272
1441186420174069760
1441186424141717506
1441186426905784325
1441186437492211719
1441186444807008260
1441186450288955393
1441186535215452165
1441186551027757062
1441186599426007041
1441186599912415248
1441186600952610819
1441186627607359492
1441186628937011203
1441186642664906753
1441186660721446925
1441186664496304132
1441186714450415628
1441186735317262336
1441186737628200967
1441186748122370050
1441186784113790976
1441186809061560322
1441186871153856513
1441186905215823875
1441186964351307776
1441187041497153538
1441187063160664072
1441187141665632256
1441187142340804614
1441187143632580610
1441187147923566594
1441187189895929856
1441187198997467147
1441187257873051650
1441187289699336193
1441187349254139906
1441187353456877576
1441187362977968140
1441187399795576834
1441187411455774720
1441187424374120449
1441187426748141575
1441187484738547725
1441187494137978880
1441187523074486276
1441187547330220037
1441187549968359429
1441187565738991620
1441187567785824258
1441187581203525633
1441187625444937737
1441187648232583177
1441187691580862467
1441187708668313601
1441187773986193409
1441187817787314183
1441187825253294080
1441187837504802816
1441187920224817153
1441187933122224134
1441188013917163523
1441188025967448066
1441188030899834880
1441188124885913601
1441188141105180675
1441188146155192321
1441188208381857792
1441188212441944074
1441188254078881792
1441188283896057856
1441188293018730498
1441188315286364160
1441188349155241989
1441188372433686532
1441188375801831426
1441188399117848588
1441188419376406528
1441188420194168836
1441188468193996806
1441188476095909900
1441188494387212292
1441188496010620928
1441188531720757251
1441188543460610058
1441188552356757507
1441188561399603203
1441188604156551172
1441188619146838016
1441188650054717441
1441188658346930176
1441188739636547589
1441188743331794958
1441188743939956740
1441188749082198034
1441188751951204352
1441188763250483212
1441188775024005121
1441188782557040640
1441188791050334215
1441188854753480707
1441188894632931331
1441188912341282826
1441188953990701065
1441188972516966403
1441188989440958466
1441189039025971201
1441189066435792900
1441189101915590657
1441189122115133443
1441189179371646983
1441189185600167944
1441189277866475528
1441189316999274506
1441189329791901701
1441189358074167298
1441189385978875917
1441189400327589900
1441189414823153664
1441189449157812224
1441189480593952769
1441189505017413636
1441189549527298053
1441189606943252482
1441189677461958659
1441189712786444288
1441189723913867271
1441189724937351170
1441189739390853122
1441189775935897600
1441189784253198347
1441189823805599745
1441189828721135622
1441189873755455489
1441189911034425349
1441189918605070347
1441189920555499521
1441189986976550912
1441189996606619652
1441190025874403336
1441190032103018500
1441190050981564418
1441190100054929412
1441190140295143429
1441190142136373250
1441190291478876160
1441190333895757829
1441190336278171649
1441190339205742601
1441190408499777541
1441190420223041537
1441190452502302720
1441190480063107072
1441190609059041281
1441190627664744448
