1247312992636743680
1247312544307580929
1247311016159051776
1247311010828083203
1247311007401349122
1247310644803747840
1247310359192576001
1247309522743549953
1247308899331563521
1247308728900222976
1247308519277240321
1247307419128078338
1247306678082600963
1247306286494027778
1247305966212845569
1247305851590905859
1247305573286150146
1247305410245263362
1247305052915720198
1247304969084166146
1247304925232709632
1247304773566595073
1247304741773860868
1247304367205691403
1247304341092028418
1247304123147522048
1247304027702001671
1247303780200321024
1247303444731494401
1247303379505819648
1247303297792380934
1247303004623159298
1247302989649457152
1247302703300120581
1247302275221118977
1247302253628792835
1247302252769017859
1247302095545479169
1247302038154854400
1247301949789278217
1247301655680475142
1247301312871628801
1247301182718164993
1247301042494222342
1247301020528644097
1247300742957989888
1247300357673402370
1247300317328429057
1247300270507393025
1247299580850511874
1247299539339563020
1247299484851339264
1247299475951046657
1247299291523297281
1247299055237107713
1247298921438810118
1247298807982960640
1247298696049459200
1247298428553572353
1247298188660350978
1247298170712928256
1247297822065655808
1247297566666080256
1247297439406739456
1247297418787520514
1247296824425226240
1247296603523874817
1247296258403950595
1247295672149295105
1247295656022114305
1247295529786245120
1247295336302940163
1247295239884324872
1247295128944939008
1247295090898460672
1247294968143712256
1247294943946838016
1247294792930820104
1247294692829659136
1247294666065797121
1247294650265853953
1247294391972233218
1247294376285556738
1247294341204381696
1247294303241732101
1247294066464882688
1247294031828221952
1247294024853139459
1247293942649020420
1247293781470261258
1247293483066499076
1247293402070294528
1247293312941338630
1247293272432824321
1247293224013701120
1247293178727849984
1247293017716920320
1247292957964873728
1247292632822398977
1247292560806154241
1247292443466305538
1247292042583199746
1247291951591940096
1247291741792763909
1247291734096306179
1247291546476728320
1247291440880922624
1247291379564318720
1247291228137324557
1247291111493767168
1247290994959269889
1247290965125148678
1247290960503083011
1247290904085397506
1247290713487835137
1247290496105566208
1247290397237415937
1247290328551391239
1247290225312903170
1247290183059410944
1247290127287758862
1247289772801961990
1247289733358723072
1247289704820637698
1247289662500212736
1247289660981854209
1247289631441391617
1247289367682527235
1247289349164740609
1247289162891493384
1247289065243901954
1247288935941726208
1247288574397091842
1247288493505744902
1247288354439335938
1247288324815011847
1247288321434357767
1247288217474338816
1247287945528295426
1247287887814692869
1247287658214305792
1247287632620650498
1247287340692836352
1247287339325538304
1247287234933522439
1247287075373801472
1247286984076296201
1247286799690539009
1247286384261566465
1247286273188007943
1247285877132398592
1247285817137078272
1247285685314256903
1247285666821672960
1247285527595925505
1247285468292476928
1247285383743918086
1247285175291129862
1247284913533005824
1247284903974232065
1247284857824251905
1247284843668484096
1247284832880787463
1247284686671544322
1247284663942557699
1247284615406063616
1247284447713648643
1247284434342199297
1247284411097387012
1247284234441629700
1247284189222887424
1247284145467899909
1247284085451612160
1247284060508033024
1247283773219074048
1247283579866025984
1247283532633948164
1247283470348554240
1247283429441523713
1247283285392330760
1247283226596474881
1247283202215022592
1247283165095436293
1247283139887747075
1247283126067433489
1247282948086345734
1247282942314938368
1247282776908406784
1247282542568407040
1247281993039085568
1247281745243889667
1247281541933338624
1247281412383879169
1247281398467231747
1247280871427768322
1247280854050668556
1247280767169937408
1247280709062086656
1247280641881841664
1247280556066459654
1247280552526348288
1247280408028471297
1247280355113152512
1247279660687376391
1247279615409827842
1247279335402287105
1247279322035085312
1247279230662180869
1247279180364034054
1247279130552516608
1247279043877142529
1247279024142987269
1247278933642534920
1247278896363560962
1247278893402390528
1247278892987101186
1247278791262642178
1247278719464546304
1247278705237544960
1247278678318501889
1247278649100906498
1247278539923230723
1247278493035106305
1247278431664066560
1247278362701238276
1247278249245396996
1247277838283259906
1247277808029761537
1247277663846350859
1247277407310143490
1247277362791792640
1247277310006431745
1247277250220826625
1247277221259227140
1247277096860291074
1247276974889938946
1247276796619501575
1247276787756908546
1247276688528101390
1247276552200630277
1247276524144861186
1247276522978848768
1247276515747921923
1247276437767368704
1247276347317260307
1247276282049634306
1247276247882883073
1247276242144985089
1247276098590736384
1247276079074684930
1247276060909207552
1247276052516388865
1247275974703620096
1247275926871736325
1247275888296804354
1247275797091504130
1247275581395415042
1247275444170260480
1247275350721277952
1247275350188609536
1247275308480442368
1247275220790116367
1247275196114972673
1247275096856842241
1247274974466932737
1247274426762178566
1247274375814041601
1247274221836926979
1247274051078406157
1247273900163190785
1247273859704856582
1247273852343812097
1247273702296825856
1247273648601346049
1247273577453420545
1247273364961583108
1247273206504972290
1247272961717022720
1247272934865088514
1247272831643197442
1247272818020159489
1247272770892947458
1247272768028246018
1247272738399686656
1247272555200856068
1247272516667748355
1247272514331574272
1247272485101461509
1247272456257187841
1247272421553516544
1247272317174067203
1247272116619223041
1247272112756273154
1247272079759638528
1247272051808837632
1247271534433120256
1247271443529969669
1247271330916990982
1247271311350661122
1247271298935463943
1247271187769634816
1247271170463936517
1247271135496081408
1247271112662278144
1247271074728939522
1247271065669308416
1247271062007660546
1247270908206682112
1247270885418991627
1247270815986593793
1247270781127659521
1247270759942238209
1247270757241061387
1247270576793812993
1247270561325223937
1247270538365603844
1247270536138371073
1247270089138884610
1247270005634408449
1247269926609485824
1247269888961413121
1247269879918534661
1247269856229146628
1247269850520657924
1247269750662627328
1247269650334978048
1247269520621867018
1247269483334578177
1247269469212336139
1247269421674041344
1247269319593070592
1247269293290643460
1247269223568748544
1247269115380871172
1247268749914378246
1247268739608961026
1247268730935160835
1247268712949977088
1247268711335112706
1247268690069946369
1247268627616849921
1247268514102206470
1247268456841580549
1247268290596126722
1247268248913096704
1247268217942351877
1247268210996625408
1247268110270423041
1247268089990909953
1247267926656376833
1247267822486642689
1247267805361311744
1247267804988035073
1247267653506433025
1247267580735299589
1247267550905479168
1247267547097042945
1247267378985086983
1247267376460189696
1247267227549814787
1247267111870836740
1247267096255488010
1247267082414284804
1247267013275328514
1247266984498212870
1247266968522162183
1247266950637596672
1247266933323554819
1247266925627035648
1247266915011252226
1247266903275507713
1247266832698015745
1247266665798172675
1247266646181494784
1247266624530505729
1247266561561440257
1247266520071274496
1247266514740424712
1247266490807705601
1247266430585843712
1247266386273095682
1247266343394652169
1247266252827041794
1247266199232286721
1247266047612370944
1247265943149035524
1247265839256141830
1247265777138499588
1247265680443035652
1247265659630821387
1247265607621509123
1247265528688803840
1247265519641735175
1247265500159148033
1247265496996761600
1247265465086480385
1247265407322468352
1247265351030706177
1247265343057334274
1247265171107708931
1247265034738286593
1247265033580613632
1247264903007780874
1247264886515798018
1247264860028665856
1247264809927786496
1247264798552850437
1247264628964577281
1247264533925806081
1247264332335009795
1247264315113119744
1247264306204495874
1247264274738827276
1247264096929619970
1247264096229232640
1247264048674213888
1247264045373304834
1247263919929995264
1247263855505481728
1247263772076638209
1247263669035175936
1247263648919191552
1247263588051488768
1247263543159898115
1247263327622963200
1247263189584220160
1247263177785724930
1247262888726859778
1247262885841076224
1247262840374865923
1247262823383695365
1247262704135438343
1247262563307585536
1247262550116446208
1247262253298130945
1247262183945392130
1247262160427892736
1247262025786576897
1247261930638790656
1247261758760407040
1247261731497422848
1247261571413348353
1247261503335563269
1247261470754328577
1247261433307553795
1247261278890012674
1247261237165068295
1247261198648819721
1247261142411509760
1247261026476851201
1247260999897538561
1247260999369007106
1247260934877392904
1247260898168909829
1247260874743730176
1247260740542771200
1247260682862673925
1247260584963379202
1247260580685262850
1247260469318103040
1247260353504989191
1247260229152190468
1247260101309857793
1247260100059897856
1247259978911690752
1247259906262159361
1247259858912583681
1247259839111352322
1247259553730887690
1247259531438100482
1247259455655424000
1247259358490230788
1247259165581611008
1247259112452349952
1247259110493560833
1247259105322024961
1247259087051595776
1247259064989618176
1247259062271709184
1247259039777652738
1247258910668578816
1247258824316194817
1247258770704646144
1247258763867938816
1247258518442426373
1247258415598100480
1247258383553638410
1247258293174755329
1247258012626149376
1247257975900733441
1247257848519823363
1247257840101834757
1247257831641952261
1247257794530742272
1247257525533147141
1247257517677256705
1247257471682514944
1247257455828119553
1247257261577207809
1247257020970995712
1247256800241557504
1247256736253313026
1247256687049834502
1247256658197262344
1247256337656025089
1247256214263795712
1247255955898859520
1247255825040781315
1247255395837632512
1247255363730190337
1247255290816466950
1247255227809566721
1247255158897217537
1247254842030112768
1247254780344401920
1247254711734018050
1247254685247057923
1247254671472963585
1247254637381595137
1247254506775216138
1247254395575771137
1247254330962587649
1247254262029025280
1247254243070939138
1247254224628600834
1247254191871078400
1247254174225641474
1247254166734622724
1247254153933598722
1247254143997227010
1247254120035213315
1247254055300345856
1247254049176649731
1247254029304029185
1247253619025555460
1247253600499380225
1247253540000673796
1247253435029893122
1247253353941401600
1247253235292913670
1247253230356180992
1247253193735708672
1247253019613429761
1247252872686981121
1247252815837364228
1247252799777320960
1247252758371196933
1247252741849632768
1247252467827474432
1247252198335156226
1247252164742918145
1247252148305514496
1247251978457100288
1247251957343047684
1247251956571295744
1247251938598674434
1247251876665573382
1247251871070388227
1247251870915145734
1247251835699826689
1247251803873345542
1247251636856160256
1247251588852461568
1247251556841467914
1247251541490315265
1247251507080241152
1247251498477772800
1247251474754781185
1247251336674107393
1247251270689316864
1247251204142510080
1247251152405762048
1247251092381073415
1247251060386922499
1247251051117494276
1247250880690257930
1247250763593760769
1247250398764838913
1247250398202802176
1247250381446565888
1247250283157245954
1247250242187284482
1247250213435248640
1247250183982919687
1247250150524891136
1247250097261498369
1247250049266069504
1247250035085135874
1247249903128018945
1247249894454308870
1247249882202681352
1247249826514898950
1247249671078240256
1247249622919254016
1247249587087310851
1247249364067721216
1247249359110053893
1247249328428797952
1247249309298577408
1247249231896813571
1247248995929464834
1247248845865717761
1247248667041566722
1247248644752932872
1247248377160642560
1247248365760495622
1247248350556143616
1247248238794747906
1247248237741977608
1247248202224541696
1247248141042229256
1247248049883230209
1247247784241246208
1247247783435911170
1247247733125152773
1247247691781980165
1247247628171165703
1247247595262676993
1247247331436740610
1247247210460459008
1247247206127734784
1247247162922147843
1247247117715935240
1247247060182728704
1247247011553972229
1247246980134457344
1247246967115321345
1247246674545848322
1247246644623675393
1247246420123570178
1247246215806431232
1247246151969103875
1247246110940434432
1247246065105059842
1247246006858760193
1247245927045357573
1247245716302503937
1247245583355691008
1247245504557322242
1247245446428479490
1247245407043891200
1247245389788598272
1247245245227597826
1247245010459938818
1247244972111417347
1247244944932249600
1247244909016383488
1247244869581619203
1247244818356547593
1247244697602592768
1247244590865883136
1247244498301865985
1247244450797170691
1247244316927569921
1247244244919648257
1247244234715004939
1247244020209930242
1247243983748644864
1247243948525072391
1247243945907757058
1247243931416506368
1247243888991100929
1247243667393458176
1247243613903491074
1247243585197674497
1247243525193977862
1247243368150769664
1247243326606229506
1247243267290411008
1247243234197331970
1247243182284423174
1247243155096973313
1247243153368911874
1247243058233651200
1247243009617526787
1247243005226094592
1247242891170365441
1247242800598573056
1247242629408055296
1247242389527375877
1247242322045292545
1247242279858962432
1247242141815971845
1247242096727162881
1247241975063097344
1247241870159290369
1247241755206062080
1247241731067830273
1247241720946974720
1247241490998472704
1247241432013905920
1247241418424365061
1247241385524289537
1247241354473766921
1247241332252381185
1247241134776233985
1247241076467007488
1247240820912201731
1247240758421323778
1247240725487661057
1247240713978462210
1247240663378407424
1247240486794006528
1247240332313575425
1247240307831386117
1247239949289697282
1247239892553412610
1247239880918392834
1247239832037994502
1247239726693744641
1247239685019250691
1247239526331940864
1247239386384805889
1247239366986129408
1247239307909357568
1247239212551884803
1247239076090187776
1247238964429434881
1247238886184624133
1247238851590045697
1247238844325470208
1247238695427747847
1247238645800673280
1247238441995288578
1247238285975588864
1247238137476194306
1247237988964319238
1247237742666362885
1247237740443336704
1247237656142110722
1247237633694150660
1247237573690474496
1247237553826258945
1247237480891498498
1247237475828994059
1247237453792137222
1247237414785028097
1247237386247045121
1247237374335164419
1247237269842472960
1247237090921852928
1247237032314839041
1247236954309230597
1247236751103537154
1247236730043932672
1247236599101960194
1247236441454915594
1247236364539699201
1247236354901037056
1247236274060251141
1247236273393340424
1247236258541326337
1247236246361067520
1247236069709557767
1247236030891245568
1247236010825715712
1247235999408754690
1247235917812768768
1247235783934849025
1247235776859045893
1247235752439808001
1247235461137006592
1247235460004564992
1247235438915567617
1247235411178635265
1247235310871883777
1247235301954801672
1247235292383391744
1247235135344455680
1247235104533028864
1247235090117255169
1247235047138230282
1247234948681080833
1247234873150124032
1247234776798572544
1247234768154099713
1247234743600644096
1247234569625112576
1247234555880394752
1247234523634511877
1247234334723096578
1247234293828653059
1247234072482582528
1247233998335741952
1247233956367552519
1247233714297475072
1247233541232099333
1247233461909434371
1247233460059717633
1247233330564694019
1247233261107122176
1247233077295943681
1247233047025651718
1247232932999241731
1247232794813779970
1247232768343506946
1247232718510882825
1247232664526041102
1247232659828457473
1247232580434513922
1247232510947471367
1247232478894526466
1247232217941753856
1247232194466189315
1247232023367909377
1247231960575025156
1247231940002004993
1247231929889566720
1247231917746987010
1247231861765660672
1247231860532555778
1247231754236243968
1247231710368063488
1247231653128347655
1247231343311892481
1247231292846080000
1247231284469956612
1247231280040816643
1247231236915019776
1247231106568642566
1247230984447315971
1247230943435337728
1247230886896193539
1247230877844807686
1247230683073961984
1247230423899480064
1247230386175979520
1247230381381898240
1247230324729356290
1247230128020652032
1247229976606396419
1247229901717090304
1247229723647848448
1247229513454534658
1247229394252423169
1247229361285148672
1247229315848208384
1247229271573135360
1247229170914131968
1247229137376415744
1247229126060244999
1247229073245515777
1247229003745894407
1247229002495987718
1247228873269555205
1247228835579527169
1247228818378670081
1247228580834283520
1247228563138531328
1247228482003832833
1247228304257581057
1247228237278830597
1247228118869389312
1247228038238146561
1247228036212195328
1247228033985056768
1247228009960144896
1247227979736010752
1247227946428964865
1247227904494391302
1247227677544677378
1247227650030084096
1247227592329113603
1247227528252739586
1247227485680435204
1247227485584068615
1247227478667669510
1247227413005848577
1247227335318949891
1247227293145145353
1247227190338621443
1247227153697079305
1247227149121212416
1247227146545881089
1247227090124050434
1247226915242618888
1247226906027663361
1247226780911636486
1247226725899083776
1247226703665127425
1247226599516364802
1247226598606110720
1247226595410051073
1247226594839736321
1247226593522724871
1247226589668139008
1247226542314356741
1247226315285106689
1247226220649025536
1247226201992617984
1247226184817152002
1247226085345038338
1247226062561587201
1247226040138817538
1247225961873051649
1247225932986843136
1247225906772484102
1247225886870515714
1247225808508379136
1247225597241237507
1247225325039374336
1247225324384989184
1247225323789434881
1247225323160309760
1247225322183016449
1247225317216989187
1247225213621846019
1247224922990088192
1247224789594406913
1247224762906152960
1247224607570092034
1247224579745034244
1247224554579267584
1247224540297678849
1247224370860343297
1247224285426524163
1247224038952505345
1247224038390484993
1247224037723574272
1247224037073436672
1247223935906844673
1247223701189386242
1247223688681926664
1247223502278742016
1247223427938897926
1247223053068558337
1247223007967404032
1247222805101502467
1247222762642591755
1247222437323964416
1247222414615941121
1247222316301520897
1247222228271403014
1247222184822673412
1247222047278796800
1247222026521268230
1247221989284118529
1247221775504740361
1247221769452339202
1247221761638367232
1247221689580163074
1247221667966996480
1247221659213365250
1247221426010103810
1247221212532662279
1247221195466067969
1247221046027194368
1247220996937003008
1247220960413048833
1247220933263273987
1247220921921867780
1247220846827057155
1247220610851356674
1247220532329746433
1247220491200475138
1247220449882386437
1247220407410843648
1247220211838865408
1247220049598910464
1247220018141634560
1247219940396077058
1247219811391864836
1247219777569017859
1247219776776220673
1247219462236966919
1247219431773818881
1247219428648988679
1247219411527831552
1247219363083624448
1247219202571845632
1247219201166761984
1247219153955586048
1247218733912899589
1247218594397720577
1247218562177150981
1247218350075379713
1247218273424412672
1247218267086872576
1247218264020791297
1247218014048698368
1247217824034103297
1247217642362023937
1247217602772025344
1247217593733320706
1247217526880325632
1247217513395617792
1247217434098098177
1247217295061114883
1247217276216135680
1247217046691217409
1247217009764511746
1247216993012453376
1247216912125304832
1247216812879687687
1247216772987658240
1247216771934957571
1247216659783434243
1247216639596208139
1247216490392236033
1247216446977052678
1247216245138735106
1247216226453127175
1247216158727684096
1247216088053678080
1247215878418116609
1247215570476556289
1247215525962428420
1247215442994872321
1247215395880284160
1247215370567651328
1247215357988941825
1247215254670577664
1247215244356788227
1247215076462989314
1247215068753911813
1247215021236654082
1247214979654258690
1247214972175888387
1247214935073075200
1247214854714331136
1247214716503707655
1247214537679540227
1247214400580341761
1247214245726638080
1247214195558559744
1247214185001385986
1247214143817625606
1247214092072423424
1247214082949816320
1247214070454984705
1247214036594253826
1247214031728934912
1247213998531117056
1247213927164936193
1247213888460017669
1247213862769827847
1247213763117428743
1247213756658171905
1247213709438615554
1247213620100042752
1247213536356507650
1247213534028730369
1247213527288463361
1247213527200382977
1247213493641711620
1247213434766319618
1247213417053786117
1247213414654631937
1247213378558361602
1247213273436520448
1247213239181639682
1247213120323452928
1247212983593373697
1247212923858169862
1247212853419036676
1247212698460467200
1247212531741065218
1247212531430690818
1247212464481189898
1247212432277340165
1247212422693339137
1247212411209355264
1247212310621495296
1247212302627201026
1247212230556422144
1247212229826613248
1247212166454939649
1247212057629544451
1247212045361168391
1247211901211344903
1247211845435502593
1247211677734633474
1247211647887867906
1247211453196746752
1247211384577941506
1247211279082762240
1247211258623021059
1247211247847772161
1247211231057981445
1247211175261036549
1247211156852400134
1247211035154579458
1247211022039080960
1247210996751577089
1247210860008923137
1247210681914531842
1247210669449056256
1247210626121961473
1247210600062566400
1247210597927837696
1247210500615737346
1247210477438058499
1247210419103633408
1247210348869976069
1247210185631969280
1247210024352600065
1247210000264593412
1247209967599472646
1247209681875095552
1247209553684463619
1247209068558790657
1247208924803186689
1247208862425460738
1247208834038292481
1247208821983936513
1247208811686920193
1247208549983322114
1247208536045768712
1247208535827628032
1247208527057338368
1247208423286091777
1247208237050597377
1247208212350341121
1247208133052809216
1247208052815773696
1247208016576946176
1247208007974477826
1247207992531058690
1247207960855617538
1247207930950115336
1247207855477882882
1247207835999653889
1247207828521189377
1247207804882030592
1247207699500216325
1247207672966979597
1247207649529278465
1247207583326355457
1247207543719550977
1247207261379928064
1247207226152038402
1247206924472500224
1247206879572484096
1247206849943941122
1247206849142837250
1247206709363343361
1247206675246964741
1247206642166489089
1247206525438955523
1247206444635742213
1247206439527079937
1247206394429833216
1247206391791656964
1247206314108956674
1247206261793394690
1247206166884749312
1247206153462956034
1247205807399276546
1247205764365791233
1247205701069537280
1247205663756947458
1247205564037369864
1247205514146185216
1247205507187818498
1247205490070900747
1247205431929438210
1247205336387391491
1247205323917742088
1247205237477322753
1247205208498847747
1247205207752269825
1247205096758415363
1247205057847865350
1247205053548703745
1247204959294304259
1247204892353183744
1247204891329773574
1247204820110409729
1247204663201595396
1247204631610081282
1247204590283632640
1247204456061636609
1247204402902990852
1247204282455199752
1247204270077861889
1247204243964145665
1247204153908252672
1247204119623938050
1247204034844536837
1247204033133150209
1247203981329383424
1247203968910077954
1247203968524136450
1247203934055301121
1247203825452224513
1247203716039671813
1247203619516157952
1247203613660889089
1247203612511678465
1247203605632991244
1247203444164829184
1247203420882247680
1247203408228093952
1247203390779785224
1247203278468853761
1247203118015709185
1247203086961119239
1247203069370273793
1247203032779063296
1247203015511212032
1247202983923920900
1247202962264514563
1247202928785580034
1247202890248269825
1247202792520941570
1247202773998993413
1247202703962406915
1247202669632139264
1247202656797556738
1247202536047722498
1247202496021499904
1247202490724110338
1247202486177476608
1247202437024206848
1247202342258302978
1247202300499763202
1247202080751828992
1247201920747368448
1247201899742453760
1247201879907418113
1247201856788541441
1247201854892781568
1247201843559743488
1247201757719138307
1247201669600944129
1247201629302128640
1247201578525904898
1247201513073754112
1247201477334097926
1247201458489118726
1247201447147601921
1247201352658419715
1247201317954752512
1247201316612554752
1247201216175714312
1247201206394650624
1247201191777521664
1247200909827936256
1247200903293276163
1247200888567083008
1247200866135871496
1247200858942701575
1247200817486102528
1247200807604367361
1247200803321978881
1247200722325774337
1247200694773460993
1247200646652219395
1247200510861549574
1247200476107587584
1247200438895681537
1247200385456013312
1247200359694688257
1247200348848128000
1247200331097952257
1247200233710325762
1247200228295540736
1247200214806671360
1247200187812139009
1247200146124931077
1247200110364299265
1247200109483483137
1247200066072444929
1247199944747954176
1247199944437567491
1247199899629662208
1247199825797545984
1247199766846586881
1247199765215019013
1247199756536905731
1247199731165642752
1247199494376239106
1247199396715991041
1247199382564417536
1247199350771585026
1247199341074354176
1247199310929891328
1247198977025626112
1247198912861126662
1247198890945896453
1247198833353863169
1247198794028122113
1247198737916706823
1247198566436810752
1247198509859835905
1247198429807366146
1247198429173907458
1247198428091879424
1247198390586413056
1247198248395255809
1247197999882739712
1247197863660175360
1247197860996747264
1247197859553869824
1247197797717245953
1247197773386129413
1247197770831859717
1247197715643142145
1247197670097268738
1247197567605227520
1247197547057332225
1247197530728869888
1247197516581535755
1247197459429969920
1247197450177306630
1247197431487434753
1247197298783858688
1247197293704593409
1247197276650516480
1247197274901565440
1247197257847279617
1247197251438612481
1247197242529808384
1247197209839448069
1247197193863299074
1247197046941069314
1247196990431264768
1247196961515716609
1247196946512609281
1247196704211972097
1247196626080485381
1247196595885613057
1247196537047977986
1247196481653805057
1247196467229532167
1247196454466322435
1247196405896286208
1247196318000451590
1247196305899900928
1247196250698547211
1247196242637197313
1247196219157426181
1247196213495169025
1247196209594413058
1247196205618286592
1247196194708893704
1247196098252374018
1247196075297067009
1247195997685583879
1247195989628391430
1247195852000694272
1247195762045444097
1247195748959244289
1247195740599914496
1247195595539992576
1247195529685106688
1247195504154460173
1247195410604703745
1247195376437866496
1247195239405715457
1247195227422707712
1247195202961510401
1247195069054095361
1247195061982552070
1247194866121129985
1247194717395304449
1247194679269101568
1247194595844374535
1247194497269850117
1247194345100447745
1247194259876450304
1247194254281244672
1247194208840146944
1247194183909113857
1247194162040094723
1247194160706322432
1247194154351935490
1247194124320739330
1247194067626340353
1247194034281549825
1247194011171008512
1247193991629725696
1247193847496613890
1247193836524273664
1247193791431409664
1247193742173442050
1247193720602181638
1247193698397454336
1247193682681397250
1247193661546344448
1247193648762171392
1247193605959225344
1247193602469568513
1247193581124751360
1247193558651723778
1247193499180687361
1247193474975371264
1247193432663248898
1247193360235933697
1247193303457714183
1247193237938475015
1247192997999054856
1247192916805779456
1247192862636244999
1247192824128385024
1247192801403637760
1247192736891052041
1247192641210593280
1247192505982091271
1247192484935086081
1247192457525280768
1247192437027733505
1247192396640727040
1247192389661360135
1247192250259509249
1247192143858487296
1247191949498617857
1247191942204731395
1247191853289607168
1247191850273902593
1247191837145812993
1247191785069215746
1247191783886422018
1247191701376172033
1247191691024633856
1247191640151920640
1247191605003550720
1247191585969889281
1247191573101719552
1247191508551438337
1247191439337013254
1247191386979545090
1247191068044558336
1247190985488175107
1247190938805571585
1247190902046482432
1247190858291650566
1247190765505134592
1247190764343431169
1247190715442102280
1247190642679328768
1247190604192395264
1247190549406375938
1247190369512587266
1247190356229337090
1247190336427954177
1247190302739304451
1247190150372823049
1247190095356100608
1247190063508787200
1247189989407981585
1247189929475612676
1247189784671531013
1247189661975547904
1247189631684218882
1247189609626378242
1247189591330820097
1247189409033859072
1247189338137526274
1247189268423991299
1247189123624042499
1247189053491032064
1247188953754722304
1247188913313251335
1247188861660418048
1247188824247209985
1247188779686920193
1247188746803597314
1247188724833759234
1247188634433990657
1247188516917972994
1247188331902926850
1247188240022622208
1247188205536980995
1247187995876298755
1247187981586268162
1247187967078260737
1247187966520446984
1247187828699791361
1247187801797545984
1247187765697142786
1247187740476743680
1247187676345831424
1247187504127762432
1247187384455872513
1247187330139553792
1247187248010932226
1247187217421930497
1247187151646851078
1247187137117794305
1247187094511980544
1247187042339106818
1247186884192854026
1247186796607348738
1247186768597856258
1247186671126405120
1247186609851764743
1247186580944621573
1247186576242868226
1247186543711830018
1247186428217393152
1247186341324038144
1247186252224442369
1247186224919515136
1247186209195077633
1247186199543984136
1247186199460151297
1247186174747312130
1247186109492334595
1247186064294514688
1247185998800392194
1247185975857610755
1247185896056725505
1247185585120456704
1247185533975044096
1247185483173703681
1247185480082432004
1247185356971106305
1247185327451766784
1247185279959601152
1247185255016038401
1247185137395253248
1247184855688982528
1247184852300042244
1247184790547128327
1247184738160443392
1247184717021052930
1247184688772452352
1247184649832595456
1247184618337468416
1247184585789788160
1247184464792469506
1247184421373034497
1247184420098002944
1247184333737201668
1247184219668914176
1247184216795811840
1247184127301992456
1247184045575987200
1247184033680953344
1247184006602424320
1247184005100863488
1247183982875283457
1247183909789589504
1247183895080185862
1247183886989299712
1247183846052966401
1247183794756620293
1247183776758878216
1247183673688031232
1247183669271433216
1247183664427012103
1247183437942927361
1247183420851175426
1247183391902089217
1247183242614235142
1247183222552788992
1247183205997907968
1247183133088387072
1247183117686898695
1247183094983077888
1247183024011296769
1247182945040961536
1247182940783685633
1247182934949408769
1247182821992562690
1247182791906910208
1247182770272698374
1247182711510519808
1247182711216840704
1247182672675459074
1247182652286947334
1247182618053017604
1247182577368207362
1247182571605295107
1247182564718247938
1247182507956670464
1247182500004274178
1247182490026086402
1247182471600488448
1247182439308541953
1247182432614395904
1247182418035068928
1247182390096809986
1247182351970504704
1247182331707830273
1247182309054349316
1247182191261552640
1247182005755875328
1247181993281978370
1247181949799665665
1247181907210776578
1247181897542795264
1247181853968261120
1247181806866178051
1247181799572344833
1247181742391336965
1247181730324328453
1247181610509836289
1247181421443252227
1247181341189386240
1247181244057649152
1247181187367555074
1247181097072459777
1247180893237673984
1247180883351789568
1247180791421054976
1247180670117478407
1247180649162846208
1247180646063247360
1247180549246136325
1247180444745023494
1247180427678400515
1247180385819209728
1247180254361325568
1247180227333230593
1247180205246091267
1247180170567585793
1247179965449285633
1247179948646957056
1247179895031107584
1247179862042959876
1247179804501250049
1247179803876380672
1247179803557576704
1247179757315403778
1247179693046071298
1247179691871678467
1247179670484910083
1247179629514969088
1247179529434644481
1247179409204928512
1247179381686112256
1247179348618219521
1247179312656273408
1247179242099617797
1247179189305868290
1247179175351529473
1247179158322581505
1247179114924118018
1247179084519653377
1247179047555215360
1247179037082075141
1247178967049809920
1247178671066144768
1247178656302194689
1247178631035715584
1247178593664409601
1247178550496681984
1247178532654022656
1247178503382077441
1247178491126300673
1247178402374856707
1247178339443302402
1247178295998808064
1247178162989129728
1247178048639770624
1247178020919619589
1247177987973398528
1247177986396303361
1247177949712965633
1247177931778072577
1247177738156474369
1247177726760452097
1247177691058618368
1247177677720768514
1247177674159685632
1247177668728164352
1247177667511754753
1247177627909021696
1247177597265551361
1247177531813515266
1247177512402276353
1247177334479892481
1247177281358958594
1247177233111924739
1247177231148998656
1247177076806909954
1247177025464524800
1247177000554553344
1247177000395198465
1247176911836635136
1247176808354766849
1247176805599064067
1247176748774699008
1247176539021680640
1247176332523552768
1247176298738454530
1247176227623972865
1247176008891011074
1247175983620390912
1247175880906018817
1247175773032714240
1247175762945376256
1247175666811969537
1247175634377465861
1247175462108962816
1247175448129396738
1247175439182897153
1247175396900196353
1247175298996678658
1247175290440335360
1247175282521489409
1247175279526785026
1247175174824353793
1247174607871803392
1247174418356408328
1247174327012917250
1247174225477148673
1247173838045171712
1247173650333290497
1247173512248397831
1247173448494911488
1247173295872622593
1247173257255694338
1247173141719326721
1247173123226689537
1247173116901634054
1247173088929878019
1247173079702347776
1247173059628412929
1247173042704461826
1247172997657608192
1247172996428636161
1247172938215849990
1247172934608846851
1247172930330677249
1247172821983399939
1247172763078492162
1247172725191344128
1247172713380073473
1247172660716584960
1247172644052570112
1247172573068214272
1247172514930995200
1247172431393030151
1247172413030359041
1247172395653357571
1247172321779073027
1247172281622769666
1247172218091638787
1247172186571509760
1247172052500582405
1247171585141886976
1247171521421946885
1247171512270041089
1247171341544980482
1247171327569670144
1247171283751763968
1247171232681910272
1247171079564595203
1247170696649879553
1247170372325249027
1247170077058895872
1247170004933640192
1247169872804659202
1247169736577880065
1247169539382456321
1247169392821051397
1247169248021164033
1247168908131315714
1247168755597074438
1247168392928223237
1247168392399855618
1247168329451798528
1247168293120561153
1247168104230055936
1247167880116002817
1247167796137488386
1247167690797510657
1247167683021299714
1247167491245137927
1247167459733303296
1247167397246590976
1247167375511678977
1247167199833280532
1247167162101272578
1247167121639047168
1247167033097121802
1247167012637302790
1247166912334708738
1247166694398636038
1247166674702200838
1247166605865320449
1247166289631563777
1247166260493746176
1247166227518111748
1247166189811318785
1247166135121788930
1247165820607664134
1247165819085148160
1247165818888007680
1247165665712017410
1247165581133885441
1247165496497074186
1247165012767956992
1247164860548304897
1247164851392110594
1247164849408409600
1247164826733940737
1247164689563308032
1247164552812179456
1247164513016676355
1247164512311992327
1247164493714481152
1247164458801049601
1247164444221661186
1247164377247010823
1247163987940134913
1247163916754415617
1247163908286226438
1247163866078830592
1247163831538683905
1247163661740675074
1247163591687618560
1247163471277502464
1247163428268937216
1247163347650244609
1247163256206020608
1247163249113444355
1247163207875166208
1247163207111737347
1247163145723895808
1247163116921573376
1247163048558821377
1247163007982952450
1247162881277231107
1247162861119393794
1247162730559221760
1247162560371019777
1247162505488556032
1247162436961980423
1247162333505306629
1247162332519727104
1247162293428695040
1247162293122551809
1247162246804860929
1247162189515051009
1247162186272608257
1247162034275270658
1247162019620544512
1247161959717285888
1247161946287165445
1247161822114746371
1247161792666583040
1247161790204502019
1247161534624776197
1247161127181615105
1247161034185433089
1247160793671421953
1247160551727218688
1247160327512473600
1247160280313782275
1247160163460460547
1247159887227846664
1247159842558455811
1247159750065655808
1247159740460744710
1247159684265644032
1247159677374230540
1247159674090041349
1247159624203034626
1247159597229436937
1247159463980617728
1247159391024852993
1247159363384434690
1247159257453096961
1247159246820540417
1247159213899616256
1247159064657707014
1247159016687460354
1247158900538793986
1247158854137380869
1247158853692612610
1247158700973801476
1247158599006081024
1247158414406569986
1247158323805224960
1247158256671195138
1247158101439967234
1247158066413318148
1247157977087275009
1247157861093765122
1247157808769925120
1247157717094952960
1247157343994904576
1247157334100541440
1247157288621637632
1247157259278454784
1247157244644356102
1247157077501337602
1247156980906520576
1247156947012313091
1247156754271490048
1247156692736831488
1247156599636078597
1247156512084164608
1247156476159733762
1247156451384197121
1247156276510871557
1247156256919310337
1247156246546808833
1247156093978984448
1247155894653050884
1247155885434118145
1247155762922762240
1247155628256067584
1247155137367416832
1247155103246610432
1247155095042744320
1247155027543646214
1247154969125543936
1247154960086622212
1247154879165952009
1247154843359178752
1247154740577746948
1247154689835012098
1247154649246793728
1247154413543673856
1247154413225103360
1247154177303691266
1247153993496723457
1247153986593054721
1247153961661939712
1247153959531417600
1247153905261150209
1247153860055044096
1247153676759838720
1247153618484002816
1247153572732682241
1247153553602379776
1247153523499962368
1247153249829994497
1247153225750302723
1247153099547926528
1247153080895823874
1247152978953261058
1247152936653934592
1247152917192327170
1247152845641658369
1247152797121798149
1247152745578192897
1247152705229017094
1247152688912982017
1247152585103962112
1247152516384477185
1247152464379482114
1247152440975265792
1247152356980113415
1247152272024485888
1247152255280832513
1247152227682222086
1247151943761289218
1247151943245594624
1247151879198355458
1247151846231117824
1247151792431005696
1247151678555471879
1247151675867086849
1247151654803300353
1247151628177813504
1247151546069966850
1247151528961609729
1247151511790071809
1247151304599838721
1247151276158259200
1247151245229527041
1247151236572471296
1247151206994247680
1247151196873392129
1247151176325279744
1247151138538950663
1247151117307383809
1247150885580480514
1247150881507889160
1247150838134583296
1247150727283310597
1247150660228874248
1247150577022361605
1247150566993801216
1247150557082669056
1247150493337636864
1247150475599904768
1247150446969569280
1247150358343942145
1247150037811056640
1247150029632126978
1247149945376911361
1247149792456777729
1247149734655143938
1247149693097951232
1247149565612097537
1247149459189923848
1247149375979208704
1247149342974230529
1247149340214394889
1247149306928418816
1247149226200621056
1247149201798160385
1247149012756639747
1247148886755590144
1247148777426780160
1247148741854990341
1247148597491257344
1247148509666717699
1247148414741159941
1247148381580988416
1247148359321890818
1247148244104331265
1247148136633688067
1247148099690258432
1247148056962834432
1247147969117290497
1247147905787494400
1247147820743684096
1247147683116130304
1247147631018680320
1247147562898829313
1247147550718726144
1247147532611923968
1247147490857664513
1247147437346770945
1247147376466370564
1247147323941179397
1247147241867010048
1247147169435529216
1247147163819413504
1247147024799195138
1247146834117656577
1247146758511222790
1247146740618342400
1247146650424020993
1247146641876037635
1247146570694512640
1247146558166007808
1247146423101149184
1247146418151849990
1247146418101530624
1247146411889590273
1247146383762694147
1247146333196124161
1247146150098075650
1247146137385078784
1247146039292944386
1247145988004904963
1247145979356360704
1247145906899693569
1247145890420318214
1247145804688744449
1247145656029974528
1247145606428188672
1247145568733999110
1247145549209501696
1247145544050491392
1247145538379812865
1247145457261871105
1247145349522903043
1247145290773278722
1247145159747387394
1247145155477585926
1247144934064431104
1247144906872819712
1247144795845296138
1247144735313219584
1247144695060447232
1247144673308745728
1247144650667941890
1247144600223055873
1247144581013164032
1247144539720212482
1247144442429128706
1247144317568851968
1247144304906305546
1247144278834515970
1247144273717399552
1247144260325060608
1247144246693580802
1247144205396389890
1247144176874958848
1247144113801179138
1247143991998664707
1247143817188425728
1247143779909488640
1247143777858392067
1247143732777906176
1247143575521026051
1247143489802063872
1247143463075885057
1247143402866704386
1247143317227343880
1247143274847989761
1247142990428147714
1247142888439496704
1247142826804162560
1247142756750893056
1247142746164350977
1247142635329982465
1247142631810805760
1247142577058525187
1247142553004183558
1247142547362889730
1247142539276292103
1247142499669475330
1247142485287219200
1247142390500143104
1247142351673442304
1247142306291032064
1247142187621638144
1247141574175272960
1247141526251147266
1247141358072193029
1247141323720851456
1247141217843974144
1247141212403970050
1247141179235479553
1247141176458739712
1247141107852591104
1247141052290600962
1247141008145616896
1247140903992647682
1247140897638289408
1247140824623841280
1247140754050494465
1247140675575037953
1247140638312869888
1247140575205343232
1247140565734641664
1247140508893356036
1247140423732256769
1247140413292589057
1247140382007267329
1247140335865692160
1247140247005204482
1247140194157019137
1247139883648462848
1247139864644063238
1247139753922789376
1247139737078505475
1247139719122751488
1247139696116928513
1247139668728184833
1247139575732060160
1247139564965302272
1247139546585804800
1247139534745239552
1247139520430182400
1247139425513062403
1247139422245728257
1247139200438358016
1247139175943544832
1247139053402763264
1247138993722011648
1247138937090592768
1247138906832846848
1247138828168593409
1247138781809041408
1247138780257140743
1247138685700710400
1247138671360389120
1247138502300643330
1247138498785816576
1247138491491811330
1247138331496009728
1247138327570063360
1247138084241760256
1247138019200643078
1247137952263745537
1247137904733847552
1247137872114847752
1247137709434511360
1247137694322475015
1247137688911785984
1247137682234499072
1247137675112591362
1247137663003635713
1247137642086629378
1247137615838576640
1247137511274688514
1247137506488918024
1247137499081736193
1247137401362878467
1247137401186770945
1247137243183095812
1247137175264727041
1247137145254555650
1247137143073497088
1247137109363785728
1247137083476631553
1247136986588155905
1247136935073722368
1247136927964434435
1247136816962187265
1247136793255907334
1247136773085564928
1247136757457575936
1247136630386933765
1247136600473120771
1247136537831264256
1247136476120469504
1247136465068478465
1247136383111700480
1247136288425287680
1247136239846920194
1247136061672882177
1247135732361310215
1247135706641764353
1247135567885864960
1247135557718867969
1247135441515618306
1247135385253302272
1247135159931060230
1247135108802531330
1247135075692666880
1247134893907345409
1247134865432227840
1247134834545344513
1247134782905081856
1247134747844804608
1247134561860976641
1247134546149212160
1247134486325800960
1247134460472168448
1247134453979365376
1247134385784135680
1247134312400633856
1247134119278100481
1247134102547030016
1247134100705730560
1247134085501370369
1247134083211317249
1247134001745276928
1247133884619337734
1247133866583867393
1247133841745207296
1247133722111086592
1247133679731826688
1247133430674001921
1247133421564026882
1247133332976140291
1247133324130295809
1247133224972812288
1247133151920603142
1247133133268488192
1247133022023008261
1247133009792372737
1247132985310294017
1247132885657804801
1247132829013676033
1247132789524385792
1247132604366819328
1247132489346363392
1247132375034859526
1247132369229885442
1247132352616239107
1247132234773127168
1247132075066568704
1247131969005158400
1247131860544749568
1247131849249492992
1247131824897363970
1247131783621115906
1247131731200745472
1247131701714845697
1247131569342513153
1247131543988064258
1247131483829161985
1247131483585855490
1247131350559338503
1247131340232933378
1247131327402512385
1247131326345547776
1247131277750341632
1247131264592871427
1247130984476299265
1247130890569908226
1247130847297392641
1247130756201287680
1247130588403970049
1247130559215816706
1247130545118760962
1247130534599327745
1247130408614948865
1247130327027458048
1247130258924584961
1247130183875919874
1247130180591611904
1247130140964007936
1247130075075686401
1247130044029374465
1247129914005954565
1247129745214619648
1247129741620060161
1247129675421437954
1247129646119993345
1247129596383854593
1247129513185677313
1247129510585217026
1247129407766048769
1247129381463613442
1247129235388497922
1247129231630520321
1247129212768718848
1247129125686476800
1247129029448208385
1247129016282296322
1247128942911381506
1247128882349735936
1247128785427795968
1247128591302868993
1247128505290293249
1247128492963237889
1247128484209713153
1247128483395928064
1247128462457999360
1247128424835153925
1247128322770964480
1247128313040175105
1247128245969072128
1247128228805914629
1247128075701231616
1247128007455768577
1247127809417453574
1247127798092894209
1247127721941106688
1247127594169962496
1247127320139304960
1247127250786496514
1247127208860307458
1247127119727034368
1247127017096691712
1247126973895278592
1247126923622395904
1247126910141976578
1247126854928039936
1247126828457877504
1247126801354305536
1247126577076473856
1247126526358929408
1247126471971344386
1247126443794075648
1247126360352587776
1247126358704230400
1247125980688404481
1247125942495051776
1247125885636968450
1247125839709421568
1247125796445212672
1247125788517896193
1247125788127891456
1247125723036385288
1247125650936344576
1247125565490057216
1247125455548887040
1247125354013212672
1247125280587685892
1247125229530427392
1247125161842745345
1247125032188481536
1247124832736641024
1247124765485281281
1247124747940499456
1247124653635768321
1247124572140228608
1247124514913353731
1247124507728523265
1247124444180631552
1247124441412390913
1247124296213897216
1247124151724150785
1247124146519183360
1247124140324241408
1247124038863945728
1247124018249031680
1247124015677915138
1247123850887925760
1247123813600501760
1247123754272071681
1247123656729407489
1247123649674567681
1247123612890431488
1247123569806540800
1247123511359004675
1247123494065917954
1247123486348320768
1247123362989723648
1247123294794498049
1247123262729007104
1247123006255763457
1247122943857111040
1247122881303248896
1247122881043202048
1247122827590893568
1247122810746609664
1247122806153924608
1247122680656080897
1247122654655590401
1247122637526007817
1247122627237421057
1247122518445621248
1247122465052123137
1247122464817192961
1247122445162745857
1247122430868537344
1247122403878199297
1247122389240090624
1247122385691688961
1247122380511641602
1247122319975297024
1247122192854384643
1247122109899431936
1247122074033889281
1247122035907670017
1247121973785907202
1247121946288029699
1247121881720918016
1247121875840512006
1247121863387512832
1247121813676740608
1247121713923588096
1247121634789597185
1247121586748096513
1247121490400677893
1247121425158344705
1247121291028635654
1247121282967183360
1247121263283310625
1247121242030845954
1247120941575962625
1247120916951314432
1247120802673242115
1247120775720493056
1247120728937422849
1247120715704344579
1247120616127442945
1247120608397312007
1247120566374596608
1247120526188953605
1247120522468524033
1247120427010359296
1247120386745159680
1247120357204676608
1247120349730398208
1247120262044225538
1247120195325435907
1247120176568578048
1247120175893282817
1247120129927909376
1247120122533167104
1247120117688930305
1247120082121220096
1247120040358555648
1247119956405293056
1247119893914439685
1247119863241465856
1247119772212277249
1247119732295241730
1247119637675982848
1247119619283980289
1247119580776075264
1247119514560577538
1247119420859863040
1247119393672368129
1247119361699086338
1247119066373984256
1247119013626380289
1247118976263622657
1247118908596854789
1247118802166448128
1247118693882048513
1247118605113843713
1247118487220297728
1247118475941814272
1247118359990321153
1247118300062113792
1247118280541773832
1247118212459892736
1247118196869562369
1247118128376668160
1247118077344583681
1247118068582625280
1247117990308519937
1247117936940273664
1247117933253402625
1247117932666269697
1247117895139758083
1247117867256025090
1247117836511830019
1247117799568420865
1247117734866870273
1247117731188654083
1247117687249080320
1247117679632289792
1247117666814496768
1247117665258418176
1247117650444025856
1247117612754051073
1247117593602920448
1247117580218830849
1247117561013112832
1247117533192368128
1247117519363682304
1247117504843067392
1247117448496721920
1247117347221049344
1247117344335413249
1247117296042205184
1247117243529469952
1247117224151855113
1247117166501076995
1247117128710402048
1247117082053001217
1247117080136232960
1247117077615390721
1247117001799147521
1247116928734433280
1247116885499564032
1247116872052543488
1247116867220705280
1247116835536941056
1247116820198367233
1247116787344453635
1247116690887933953
1247116668817625097
1247116662068989953
1247116582289104896
1247116578560380929
1247116542468403200
1247116512785248256
1247116471672725504
1247116414277861376
1247116382065635328
1247116308065529856
1247116306614190081
1247116296875098112
1247116241929732097
1247116133305548800
1247116072689512450
1247116041051877377
1247116032654954497
1247116007736594432
1247115869550977024
1247115819265470464
1247115775070154755
1247115728358002690
1247115690760339457
1247115673551200257
1247115641498341376
1247115593116942338
1247115522703011840
1247115485021437953
1247115388212654081
1247115308235665413
1247115287662604294
1247115268276604929
1247115182096224256
1247115132456636419
1247115123606650885
1247115112852398080
1247115086705184770
1247115039489888258
1247115023702470662
1247115013191602178
1247114963853938690
1247114917657837568
1247114874435624962
1247114830936449024
1247114773352808450
1247114694176972800
1247114683716374530
1247114642348015618
1247114611859611648
1247114596936298502
1247114585636773889
1247114568285007873
1247114532071366656
1247114428392316928
1247114404006711297
1247114384620519424
1247114384217964544
1247114346129473543
1247114341712834560
1247114332095287296
1247114324549816320
1247114316580622337
1247114215984369664
1247114170648141824
1247114074766422017
1247113929635106817
1247113906318958592
1247113835120648193
1247113804435140608
1247113778019422210
1247113762781478912
1247113730925760513
1247113640173543425
1247113604954021889
1247113581717590016
1247113498355732483
1247113473563209728
1247113449517322240
1247113434057097216
1247113427895664641
1247113425899204608
1247113365970989060
1247113263801946117
1247113224807428097
1247113161460920320
1247113083262296064
1247113001662111744
1247112974931824641
1247112961669443584
1247112904836612096
1247112823077048320
1247112808053039105
1247112703321260034
1247112658740019200
1247112577055887360
1247112573809500160
1247112531656822785
1247112377134391296
1247112355315625986
1247112312735125504
1247112267654672385
1247112232309264384
1247112230350577665
1247112168182550529
1247112164026056704
1247112132711366669
1247112073659777024
1247112043804663808
1247111994030915585
1247111948082335745
1247111708860133377
1247111669660221441
1247111570427195393
1247111550638456832
1247111520066113537
1247111480656498690
1247111185914355713
1247111163382583296
1247111134794178561
1247110985820901376
1247110963867914244
1247110831789223936
1247110813757947906
1247110791888805888
1247110761358462976
1247110711358164994
1247110661689278464
1247110605418442753
1247110579879317504
1247110548417843200
1247110422546841603
1247110350660567048
1247110303323652096
1247110155919134721
1247109804096729090
1247109755472134146
1247109731593990146
1247109573074354176
1247109406568992768
1247109294945861632
1247109272724557825
1247109133549080578
1247109007426412544
1247108835099193344
1247108810319290369
1247108726122741763
1247108686222417922
1247108620011085829
1247108360970829825
1247108288220737541
1247108283770580992
1247108256604061696
1247108211267772416
1247108198038937602
1247108168125202433
1247108167558934534
1247108164811702279
1247108142753894400
1247107931201396736
1247107821826695174
1247107811416379392
1247107762741555201
1247107741103071235
1247107714909712386
1247107703333322752
1247107623972999169
1247107611973029888
1247107606231089152
1247107602363961344
1247107592901537794
1247107513331396608
1247107443705950208
1247107417822736384
1247107340555427841
1247107331760029699
1247107327699955712
1247107290995425280
1247107151723728899
1247107126734082049
1247106989135663105
1247106988212879363
1247106982655516674
1247106964972240896
1247106891664195584
1247106785875505158
1247106743865401344
1247106726169640962
1247106701066678273
1247106672339845124
1247106638726729730
1247106527825141762
1247106473727057920
1247106394685399041
1247106383989915649
1247106277479780353
1247106266859810816
1247106246072832001
1247106212031803392
1247106129336897536
1247106125847289857
1247106067252854785
1247105975091449856
1247105974424518658
1247105957299191808
1247105926991155200
1247105874038009861
1247105790797889536
1247105492234784774
1247105357861847042
1247105308301950976
1247105295341551616
1247105283555540992
1247105283257561088
1247105248679903236
1247105048011837441
1247105009797472257
1247104980491911168
1247104934044143616
1247104882575900673
1247104850686619648
1247104625888673792
1247104600789979139
1247104301375393793
1247104224879677440
1247104068016840704
1247104041009676293
1247103896612483074
1247103856951070720
1247103785010368512
1247103754555535361
1247103654626234368
1247103641648943106
1247103640214499328
1247103592156233729
1247103253000540162
1247102896786870272
1247102730319147011
1247102579651289089
1247102523607003137
1247102451871813638
1247102427955945473
1247102423421931520
1247102353939017728
1247102345621786625
1247102255855214594
1247102213882810369
1247102213446664192
1247102208501579776
1247102082756292610
1247102071855292417
1247102003660103681
1247101919866347520
1247101905387520000
1247101857404780546
1247101694296633347
1247101583269265408
1247101582744915970
1247101555356110848
1247101296651501569
1247101270017654785
1247101038496296961
1247101034142609408
1247101020708179968
1247100980182822913
1247100573280862212
1247100490950868994
1247100362407936010
1247100277569748992
1247100008446464000
1247099980168527872
1247099855379587072
1247099682729361415
1247099593390788609
1247099571588784131
1247099556753481732
1247099427824812032
1247099307062366208
1247099225986469888
1247099022185283585
1247098652356677632
1247098596756987904
1247098475285606400
1247098441496395776
1247098284923129856
1247098136897695744
1247098051975680000
1247098015409635328
1247097975500750849
1247097968542593030
1247097945658449921
1247097921813823488
1247097886208393218
1247097873478672384
1247097806936068096
1247097648039026688
1247097614719488002
1247097541549842432
1247097531923865600
1247097454329200640
1247097403196551170
1247097393713238016
1247097338365124610
1247097333357203456
1247097303611170818
1247097300113121283
1247097260573446146
1247097200582238208
1247097117564448769
1247097106713792512
1247097100426493952
1247096971250282496
1247096833534558209
1247096684062150656
1247096626075836418
1247096578847973376
1247096509486817280
1247096488498466818
1247096454524612608
1247096441983643648
1247096419237888000
1247096377605267457
1247096323301670912
1247096269010583552
1247096212777578496
1247096206666412032
1247096173862715392
1247096163725082631
1247096034297249793
1247096000755519488
1247095955167547392
1247095934493868032
1247095802130051072
1247095676695126018
1247095672010084352
1247095658022141955
1247095649629286401
1247095596453957632
1247095595002662913
1247095224448532481
1247095161269690368
1247095108664786944
1247095106659909633
1247094899180273665
1247094883451637760
1247094874270302209
1247094822604849152
1247094681932005382
1247094633613660162
1247094597051957248
1247094590349414406
1247094458996404224
1247094407142223872
1247094387567443970
1247094250531102720
1247094243165954049
1247094113390002176
1247094099674628096
1247094081718759424
1247093924906381314
1247093898377408513
1247093821936218115
1247093804676546561
1247093760779071488
1247093747554439169
1247093735822897152
1247093637399396353
1247093630608781315
1247093520902602752
1247093447917477893
1247093363804983297
1247093271555432448
1247093248935460864
1247093244598669314
1247093152323944448
1247093070128128000
1247092908433584128
1247092890876198913
1247092890012172288
1247092876275785728
1247092846424985600
1247092829421264896
1247092799222185984
1247092638957867009
1247092539515187201
1247092529897635840
1247092478777458688
1247092435706052609
1247092265975271425
1247092153924419584
1247092108365881345
1247092073825787904
1247092049989513218
1247092032159571974
1247092006222016512
1247091979747569664
1247091958172041216
1247091915377594368
1247091880740958208
1247091833102008321
1247091832116436993
1247091803280547841
1247091757348802562
1247091601354211328
1247091599429025792
1247091478108737536
1247091460580794370
1247091367895076864
1247091329068412928
1247091272524992512
1247091190199173122
1247091036352110593
1247090975840894976
1247090974125436928
1247090952948375552
1247090793011183621
1247090765324566530
1247090753572155393
1247090753312116737
1247090695438991363
1247090640359489536
1247090629995347968
1247090627533250561
1247090576861868033
1247090504703053825
1247090487946772480
1247090400394915840
1247090388688666624
1247090355532640257
1247090314046844928
1247090264864366592
1247090133343571969
1247090113861103616
1247089907786559488
1247089854766252032
1247089685509349382
1247089434065080320
1247089312694493186
1247089171241582592
1247088969675874304
1247088798577709056
1247088692163948549
1247088674648530944
1247088579819581440
1247088565013614594
1247088549301751808
1247088405118402562
1247088401788141568
1247088380124561408
1247088255037825024
1247088199278698497
1247088190323855362
1247088169960583169
1247088113320636416
1247088107998056449
1247088099492061185
1247088016994316288
1247088009671041029
1247087994743468033
1247087838279143426
1247087815969648640
1247087763352170496
1247087691478568961
1247087580614660097
1247087565582336001
1247087427614883840
1247087373516709888
1247087302452658178
1247087301043335171
1247087289278164997
1247087162539073537
1247087059485024262
1247087053877190656
1247087018607345665
1247086867083821056
1247086759231488000
1247086685327941633
1247086674758324227
1247086674552774657
1247086549344321536
1247086300135653377
1247086292212551681
1247086135156842501
1247086134909448192
1247086090881830913
1247085994937069568
1247085912879702016
1247085826170851329
1247085795288244229
1247085743731810304
1247085742133637120
1247085645589250048
1247085527037284355
1247085506820804609
1247085503331151872
1247085484712607747
1247085431772123136
1247085392794284039
1247085309373886464
1247085256764805123
1247085219112509440
1247085166893379584
1247085032138838017
1247085020071813120
1247084890010480641
1247084827670700033
1247084721525399553
1247084662301888513
1247084647466573825
1247084637828063232
1247084557788217349
1247084536359501825
1247084384634785793
1247084381849767937
1247084378888552449
1247084365953171456
1247084278556635136
1247084277013110785
1247084116643917826
1247084109811376128
1247084103742164994
1247084001535430656
1247083895704649729
1247083841308839938
1247083768294395913
1247083605203042304
1247083429671440384
1247083357906898944
1247083138276302848
1247083112288444416
1247083092952485890
1247083086443151360
1247083064704086017
1247082960655994880
1247082402956169216
1247082401437802501
1247082339336945664
1247082304381554688
1247082296026574849
1247082152208011264
1247082083853484033
1247082083396259840
1247082025280057344
1247082011510128641
1247081956808032256
1247081940127277057
1247081891074801665
1247081875664969728
1247081857977630721
1247081737936650240
1247081732307849217
1247081731792003073
1247081612384374784
1247081491433127936
1247081452564594689
1247081433451180034
1247081420486594560
1247081239972139009
1247081225468215298
1247081208372174849
1247081167364505600
1247081143012376576
1247080961730318341
1247080946979012609
1247080941278957574
1247080766401585152
1247080698906849285
1247080672226836481
1247080608075046912
1247080574424096780
1247080318252826626
1247080308031344640
1247080229375479810
1247080221393784833
1247080174392242178
1247080173708681217
1247080048206675968
1247080009317130241
1247080009300422657
1247079978761584644
1247079952706666496
1247079912281866241
1247079876567412742
1247079860180303873
1247079829809364992
1247079821395603457
1247079800411492353
1247079415688896513
1247079293483716609
1247079201758490624
1247079143436681217
1247079058267086849
1247079030937051136
1247078997554597888
1247078944786059265
1247078850980458496
1247078850829398018
1247078695296262144
1247078691278118912
1247078629831409664
1247078605441695745
1247078511514394624
1247078503465582598
1247078502408622082
1247078480535314432
1247078425501859840
1247078380392067075
1247078281003831297
1247078279930052609
1247078184593641472
1247078080503578624
1247078070273675264
1247078000669200390
1247077997003321345
1247077935250620417
1247077885426446336
1247077864173973504
1247077859535007744
1247077827578560512
1247077821849231360
1247077797832654849
1247077754438397952
1247077746003423234
1247077660284551168
1247077608602382337
1247077529376174080
1247077290556743682
1247077023522213890
1247076985039400961
1247076875454812160
1247076871965196288
1247076835105689601
1247076668419776513
1247076479147692039
1247076414676963328
1247076383056109568
1247076352295079937
1247076295885848582
1247076260473430016
1247076196023705600
1247076120912171011
1247076113752436738
1247076110891917312
1247076065140453376
1247076033842548736
1247075904729370624
1247075754023796737
1247075705625677825
1247075695764951040
1247075661287690240
1247075632011456519
1247075583768637440
1247075555687698432
1247075469540892672
1247075425102282753
1247075339769184257
1247075243073691649
1247075152606769153
1247075059170193409
1247075003285352449
1247074944472756224
1247074911933411328
1247074843696267266
1247074828361883648
1247074816710098944
1247074716046721024
1247074655548125184
1247074592528752640
1247074404896563200
1247074394922520576
1247074377495187456
1247074336206401536
1247074203582562305
1247074148163166208
1247074079884050432
1247073889412399104
1247073881594245120
1247073649934376960
1247073429527953408
1247073326201212928
1247073322376089600
1247073283884953600
1247073199369699329
1247073189882212354
1247073163244122114
1247073077273509889
1247073068574539776
1247072933647994886
1247072895181996033
1247072818128457729
1247072726633897986
1247072726344400896
1247072604965556227
1247072602830577664
1247072578042298371
1247072486056955904
1247072425713356802
1247072411524235270
1247072377235800070
1247072308877025282
1247072294507352066
1247072251985494017
1247072243714273281
1247072237443833856
1247072206653399046
1247072158750257154
1247072156321808386
1247072109324455936
1247072074046353409
1247072063560564737
1247072057977864198
1247071930584313858
1247071906609627138
1247071670642278401
1247071541868855297
1247071528602263552
1247071506678591494
1247071360226078723
1247071227828715520
1247071156122910726
1247071123470254082
1247071084911800320
1247070995674017792
1247070921233510405
1247070871300210688
1247070757131374593
1247070686839005185
1247070679624814592
1247070649589342208
1247070648570175489
1247070612390055936
1247070535831506945
1247070419334713346
1247070419246632960
1247070405287972866
1247070400602873856
1247070179785392129
1247070114291290113
1247070058364522496
1247069997236699137
1247069974763626497
1247069931046424582
1247069890470711296
1247069834925559809
1247069576011091969
1247069214743105538
1247069147474919429
1247069053136535552
1247069013227831296
1247068976565403651
1247068957351260161
1247068933598990340
1247068859397541890
1247068685250027521
1247068587149406208
1247068586641952769
1247068531516194816
1247068388880535554
1247068349655330817
1247068296299585536
1247068287336398849
1247068120314978305
1247068101134422016
1247068082947964933
1247067985224794114
1247067847001587712
1247067846489899008
1247067804714569729
1247067623252164616
1247067620706222082
1247067588959645696
1247067531141091328
1247067481681920000
1247067223178596353
1247067203343654912
1247067197542981632
1247067149434314758
1247067034971758592
1247067020522328072
1247066983046221826
1247066889282617344
1247066818835087360
1247066784378884098
1247066674521681920
1247066665562537989
1247066656750403585
1247066647648768000
1247066644750503937
1247066564484005889
1247066536495513600
1247066449132302337
1247066423173799936
1247066139085148161
1247066110488387585
1247066014472339461
1247065910013280266
1247065853885120512
1247065805143117824
1247065788999237633
1247065755813806080
1247065701652799490
1247065668203184129
1247065636494290945
1247065557872062464
1247065551895236608
1247065485121855488
1247065420491886593
1247065255634702338
1247065035765157888
1247064891179053056
1247064842382520321
1247064795481812993
1247064760744587265
1247064694428520448
1247064693941899264
1247064684882210817
1247064671892488192
1247064568309993473
1247064547564937219
1247064509166112768
1247064502065082369
1247064500592758785
1247064480514813952
1247064468577755137
1247064453444755458
1247064409006116869
1247064403784208385
1247064399304679425
1247064369097256960
1247064278307405824
1247064275870416897
1247064241913266177
1247064224184053762
1247064214667173889
1247064030562451457
1247063983103840258
1247063902539657216
1247063866154061824
1247063817265307649
1247063634620166144
1247063571458076674
1247063515107647488
1247063322727460864
1247063259347390464
1247063171480903680
1247063126517977093
1247063043462266881
1247062999124316161
1247062992354770945
1247062923492626433
1247062921944891394
1247062869621047303
1247062808077963270
1247062666327273472
1247062482289655810
1247062389159272449
1247062364140253184
1247062315343785985
1247062144878772224
1247061979484901376
1247061861717213184
1247061736798056449
1247061660512260096
1247061557537800193
1247061538936160256
1247061464747294720
1247061405506904064
1247061255426367488
1247061011091402752
1247060966539493377
1247060901779378176
1247060872192757761
1247060832049074176
1247060729871642625
1247060716969955328
1247060716219174912
1247060691900665856
1247060588846555136
1247060575345131520
1247060554994286595
1247060452644925442
1247060421338636288
1247060037987635200
1247060008262668288
1247059885654790144
1247059876548939778
1247059857427050496
1247059848799322118
1247059841652264962
1247059831313309697
1247059826196336640
1247059747645403142
1247059734668161025
1247059467247792134
1247059459748347905
1247059404597403649
1247059370950737920
1247059314478628865
1247059302818418688
1247059177245204481
1247059176750284805
1247059139303440384
1247059137269305345
1247059134182305792
1247058925062586368
1247058860743045120
1247058795567755264
1247058601895759872
1247058544932917250
1247058118355439620
1247058024340107264
1247057969184989184
1247057855770963971
1247057830462533632
1247057787240079360
1247057781968027648
1247057729660878848
1247057613201776640
1247057610941104131
1247057588480618502
1247057555421106178
1247057525637341186
1247057467969855489
1247057465222606849
1247057295856500736
1247057212104568833
1247057196145311744
1247057163748507652
1247057081980592128
1247057044177371136
1247057015085707264
1247056957355196419
1247056768498315264
1247056681101602816
1247056625002860554
1247056602080980994
1247056330340421634
1247056292809670657
1247056189793460224
1247056102921035776
1247056094540836864
1247055713358282752
1247055663064367106
1247055644861116418
1247055580843442176
1247055495678091264
1247055490330374144
1247055444021043200
1247055431937282048
1247055428833415168
1247055417936617472
1247055370666807297
1247055311267147776
1247055253662564359
1247054945515376640
1247054914527932416
1247054744977149956
1247054716359581696
1247054715596214272
1247054645542952961
1247054476315369474
1247054287697580032
1247054200707657730
1247054038639788034
1247053957136072704
1247053944355983361
1247053692316069891
1247053453429440513
1247053396244299776
1247053306465263616
1247053012104855554
1247052989703077889
1247052925085630465
1247052639831044096
1247052554040741893
1247052242928033792
1247052212188123137
1247052164658233345
1247052011918569473
1247051935003430912
1247051532278943746
1247051200069058560
1247051187276431360
1247050995210825728
1247050958800146443
1247050948884795393
1247050935483932672
1247050917330980866
1247050842835992584
1247050790340001792
1247050747105116160
1247050618293948416
1247050499083448323
1247050497103716352
1247050422164107267
1247050411162427392
1247050340295376899
1247050338269626368
1247050256216469504
1247050254844821504
1247050224788549632
1247050168127586304
1247050090293932034
1247050010858061825
1247049989781626880
1247049950774657027
1247049908202463237
1247049885062438915
1247049837662666754
1247049813771812864
1247049783728058369
1247049750114979841
1247049571055919104
1247049553649512448
1247049528047472640
1247049510003621889
1247049491594776576
1247049489900343296
1247049477166424064
1247049476960903169
1247049474075131905
1247049236442681347
1247049068984950786
1247048986944507904
1247048922738147329
1247048860402409478
1247048723919757313
1247048517249576964
1247048455970848768
1247048354695168001
1247048334046638080
1247048259438292995
1247048245148176385
1247048244867272704
1247048102554546177
1247047820844163072
1247047578014924800
1247047161969344513
1247047107179155456
1247047052359610368
1247046937465032704
1247046849330057216
1247046811711426560
1247046742962470912
1247046550762774529
1247046532370780162
1247046440788115457
1247046423553748993
1247046420789637120
1247046405648244736
1247046046552817665
1247046008829345793
1247045799827120134
1247045707623813122
1247045547329978368
1247045374482792448
1247045201941663744
1247044811443654656
1247044661551783937
1247044612017082368
1247044589598408704
1247044408614232065
1247044380927631366
1247044365828214784
1247044340834336769
1247044214799716353
1247044111988899843
1247043821092954116
1247043687173033984
1247043402836967424
1247043324214722562
1247043249568657413
1247043177334353920
1247043169574944768
1247043078818607106
1247043070971056128
1247042923293814784
1247042790862786560
1247042788207792128
1247042756066840581
1247042509508919297
1247041920473403392
1247041881646796800
1247041825321504777
1247041194955284480
1247040935256612865
1247040089424879622
1247039637538910209
1247039342717145089
1247039200056262656
1247038894882897921
1247038586626674689
1247037882088542208
1247037664462864388
1247037418697641984
1247037391044575237
1247037359243157504
1247037231132545025
1247036815107698689
1247036652880527360
1247035974066024449
1247035881879412736
1247035610898055168
1247035295666786309
1247035011666247685
1247034681230610432
1247034540780146689
1247034499193622528
1247033920400560128
1247033797041946627
1247033326290034691
1247033258837237761
1247032341702344704
1247032196508127232
1247032076022493185
1247031957164302336
1247031945130840064
1247031684521955332
1247031636937637889
1247031418104033286
1247031211962388480
1247030858374135808
1247030725511188480
1247030619797966848
1247030488713347078
1247030018150203392
1247029923648360449
1247029716269305856
1247029588829573121
1247029414782734337
1247029394335506434
1247028155807825920
1247028154302152704
1247028152800509952
1247028097746112512
1247028013411307524
1247027939528642560
1247027917051301889
1247027874470793217
1247027629133193217
1247027546052575233
1247027521788444672
1247027468290195462
1247027208046235648
1247026769548529665
1247026595887448065
1247026587796717570
1247026576501493767
1247026525729361921
1247025885028315136
1247025819588886528
1247025569688170496
1247025254691635201
1247024901346770945
1247024868136226817
1247024862016737280
1247024210532356096
1247023990268452864
1247023715319193605
1247023471537917953
1247023426377785345
1247023192134295552
1247022869311303681
1247022755717005320
1247021762036011008
1247021645467959296
1247021637821698049
1247021540840964098
1247021267984822272
1247020932503396352
1247020229022101504
1247020185858564097
1247019689722732544
1247019583598465025
1247019498785382402
1247018273637576709
1247017283760926721
1247017282028613632
1247016765042896897
1247015868401356801
1247011700961955840
1247011661426368512
1247011534540333056
1247010655586189312
1247010012045737984
1247008210361495555
1247008135602221057
1247007374717657088
1247005417747742720
1247005405701644291
1247002851089448963
1247002377745465350
1247001873221066753
1247001872667459585
1247001871816032256
1247001320353140739
1246996530957090817
1246993292820131841
1246992495545851904
1246990780742459401
1246989068371623936
1246984818191224832
1246984333627469824
1246984144367882241
1246982857291173888
1246981753627201544
1246981164482600961
1246979951942946824
1246979933940985857
1246979730190086145
1246979039740526592
1246977047571959809
1246976297554845699
1246976296988663813
1246976296128851969
1246975986148806656
1246975400682696707
1246975012097216512
1246975011304456194
1246975010255900683
1246975009379278849
1246974409191165952
1246972727719800834
1246967424756453383
1246967023218962434
1246966530748944384
1246966474255880200
1246965329873358849
1246965092014587904
1246965041305395205
1246964651130314752
1246964432317579270
1246964339959103490
1246962423136956423
1246962370615877635
1246961979253817345
1246961218130190337
1246960707696025600
1246960340010774533
1246960135597174791
1246959576018309120
1246958598850314240
1246957778444455937
1246957770500382721
1246957557366824961
1246956842389037058
1246955465386479621
1246955464430096385
1246954174618746886
1246953777632067588
1246953662833995778
1246953620408541184
1246953606219214848
1246953547368890368
1246953138738941953
1246953029494071296
1246952993968226304
1246952766964146177
1246952579667496960
1246952449514123265
1246951740857094147
1246951521704710155
1246951452888764416
1246951444307152900
1246950890151579648
