1246588346836664321
1246587810724839431
1246587617124237314
1246587451348484102
1246587086079176705
1246587030869508100
1246587030294929414
1246587029594537985
1246587029036695553
1246587028483059713
1246587027363160065
1246587026801135628
1246587026247385088
1246587025219862529
1246587024636874752
1246587023802142725
1246586443348217856
1246585820540215298
1246585677355143175
1246585339365515265
1246585076957184006
1246585021881888774
1246584933130387457
1246584745372332032
1246584398671228931
1246584192462401536
1246583982994739200
1246583665703911425
1246583655696338946
1246583632787095558
1246583590265200640
1246583213016985601
1246582922502639621
1246582648417456128
1246582608420638720
1246582267318800384
1246582167913652226
1246582050385207296
1246581651129470977
1246581343183609862
1246581271788228609
1246581105135955973
1246580541572419585
1246580398504783875
1246580273652924417
1246580081230843905
1246579977291730950
1246579951438041089
1246579916914786305
1246579492568645633
1246579170873835526
1246579121670574085
1246578934579441664
1246578786713337856
1246578684523417601
1246578505284038659
1246578299981217797
1246577878097113092
1246577863043747840
1246577695556882434
1246577572802179073
1246577477075509255
1246577391545266176
1246577369223135232
1246577161722572801
1246577124871454727
1246576949868232710
1246576920361394181
1246576835414163461
1246576802241413123
1246576707378782213
1246576445612318720
1246576001716498435
1246575965553266690
1246575716763926528
1246575682555166720
1246575545976066049
1246575537927131142
1246575506150928384
1246575416116215808
1246575286113783811
1246575276030603270
1246575255348535296
1246575178496253953
1246575103586045952
1246575031221653505
1246574749817454592
1246574698927972352
1246574655969902598
1246574581676232705
1246574548453068800
1246574308488630272
1246574246828138502
1246573634942119936
1246573601446387715
1246573545335009280
1246573277042085889
1246573269970493441
1246573226819497984
1246573149082222592
1246572994505445377
1246572976792842240
1246572630406303745
1246572414886187009
1246572370485264386
1246572353435418626
1246572264973316097
1246572120622104576
1246571941055606790
1246571876840857601
1246571623265832960
1246571593528152072
1246571556303704066
1246571454470205441
1246571266875637760
1246571212442124288
1246571139008212994
1246571133564043264
1246570980534816773
1246570783893315585
1246570212574613504
1246570146325504000
1246569944894058497
1246569796436725761
1246569717814493187
1246569694531911682
1246569558779052033
1246569361265111045
1246569287940177923
1246569233439502337
1246569163453280262
1246569136630743041
1246569066657132544
1246568817461014528
1246568816076873729
1246568741657346048
1246568329734754310
1246568204220207111
1246568175615062021
1246568156879097856
1246568023625957380
1246568001752743936
1246567994878197762
1246567967128772608
1246567857711976448
1246567720809910272
1246567373957746688
1246567285558521856
1246567025977294848
1246566963276644353
1246566786394456074
1246566391500754947
1246566297112100865
1246566141314707459
1246565768852103168
1246565738749493249
1246565485921161217
1246565378119139328
1246565267284668416
1246564889063231488
1246564718728314880
1246564572959571969
1246564416432324609
1246563938474643456
1246563898154770439
1246563576086659076
1246563185320251392
1246563151384100865
1246563107163561986
1246562914024259593
1246562551493689347
1246562538164236289
1246562343984795648
1246562211360899074
1246562085603086336
1246561889917849600
1246561887489310722
1246561718978908162
1246561712435855361
1246561705192312832
1246561653430398976
1246561277138386950
1246561268523307014
1246561091439779841
1246560914586951681
1246560873394638852
1246560791853174785
1246560702707499010
1246560652652613634
1246560601658269696
1246560467889389569
1246560340718112769
1246560311718678532
1246560218919641093
1246560208912089089
1246560053521453060
1246559936768880645
1246559826811006978
1246559703901048832
1246559659378585601
1246559655628886016
1246559455141138439
1246559440440111105
1246559371221483523
1246558985957838849
1246558978634584065
1246558611242975232
1246558437875634178
1246558378618478596
1246558338441232387
1246557973348069377
1246557922487930884
1246557915923779584
1246557770658336770
1246557719936544772
1246557672675123200
1246557613648744452
1246557337168510979
1246557317577035777
1246557017860452352
1246556936377634816
1246556928853127168
1246556908934266880
1246556878903132162
1246556868819988486
1246556734275141635
1246556721868406784
1246556662388928512
1246556654419808256
1246556545640513536
1246556539764293636
1246556158523052034
1246555986485264389
1246555962808426499
1246555905023451136
1246555904398458884
1246555743106617347
1246555601494249472
1246555537073934337
1246555520187740162
1246555316000624642
1246555177160671232
1246555153718747137
1246555013331255297
1246554796737396740
1246554661236232192
1246554361058254850
1246554296746942465
1246554275809038336
1246554250060193792
1246554148428013573
1246554065515040768
1246554042416824320
1246553843929952256
1246553826745860096
1246553555265376257
1246553498839375873
1246553289124184064
1246552867521134593
1246552859988164609
1246552841289904129
1246552799128805376
1246552794565312514
1246552778186600449
1246552591108059137
1246552522300575744
1246552365769113600
1246552314812522496
1246552158713102337
1246552097304260612
1246551996137639938
1246551979318525952
1246551960486019080
1246551619652718593
1246551570000629760
1246551531882717185
1246551530045661185
1246551221630091266
1246551213136625664
1246551121960865796
1246551111781187591
1246551030160150529
1246550954041901064
1246550887184642051
1246550654790914049
1246550644032442370
1246550415484817413
1246550413257646081
1246550329380003846
1246550303538909184
1246549815506407426
1246549676788256768
1246549614288830465
1246549586904256518
1246549551361789954
1246549517673082881
1246549399590887425
1246549355143839744
1246549305252622336
1246549207810482178
1246549171856969729
1246548725503275012
1246548649502552064
1246548554832896000
1246548492430053377
1246548433562894337
1246548310275633153
1246548238494244864
1246548194131095552
1246548111931121665
1246548044050464770
1246548026916769794
1246547840542924803
1246547650851323904
1246547566969475072
1246547442985771013
1246547381228900353
1246547322017808385
1246547292351598592
1246547102441840648
1246547086159593472
1246547078718926850
1246547064621858817
1246546852364857344
1246546660349493248
1246546651617071112
1246546582050353160
1246546523497906177
1246546436734488576
1246546415435776001
1246546403020734465
1246546241481252865
1246546234694946816
1246546230055964672
1246546156605317120
1246546155238023168
1246546108316372992
1246546098564579330
1246546057284259845
1246546000313036801
1246545978020298754
1246545886676684802
1246545723434336260
1246545715616153600
1246545636847226882
1246545474477346816
1246545465904152577
1246545328137998337
1246545218272473088
1246545205584637952
1246545145291554819
1246544942387933187
1246544813626920960
1246544617182560257
1246544571858923520
1246544399011586058
1246544336449417217
1246544223874289665
1246544198003802113
1246544196074459139
1246544193159397382
1246544032865685507
1246543990696148998
1246543956109856770
1246543858894344192
1246543834261139458
1246543787784101889
1246543754753957888
1246543722042601472
1246543527082897408
1246543415803817988
1246543267941974016
1246543264339111936
1246543237675921408
1246543187495325696
1246543184496377859
1246543168025366529
1246543117362311169
1246543029726588932
1246542958633066496
1246542706261872651
1246542681209212928
1246542676809453570
1246542606034763777
1246542601936941057
1246542592231251968
1246542545053777926
1246542426522693637
1246542425516060674
1246542338878509056
1246542102122594304
1246542051325497345
1246542013828390913
1246541953170395138
1246541780583145472
1246541572478570499
1246541557622243328
1246541553096679424
1246541340667777030
1246541302025551873
1246541273890271237
1246541245100498945
1246541170752307206
1246541094361464832
1246541091513532418
1246541058177208326
1246540640260960260
1246540499718148098
1246540484304162816
1246540426032676866
1246540416058613761
1246540236253024265
1246540175636905986
1246540064806633477
1246540049648418817
1246539914277195784
1246539681824718854
1246539566452006913
1246539441633705984
1246539372243177475
1246539293008498689
1246539270816489473
1246539198934507521
1246539019925716992
1246538989546475521
1246538853521010689
1246538768124989440
1246538723610767362
1246538600122105856
1246538523454451712
1246538400250966017
1246538397902045185
1246538380160221186
1246538343913062401
1246538328264134668
1246538312988479490
1246538285926752260
1246538030074265601
1246537946506952705
1246537865770815488
1246537709386072069
1246537698665472003
1246537698158030850
1246537619879661568
1246537239733112834
1246536923394519042
1246536542228799489
1246536422976368641
1246536235998461953
1246536172605669377
1246536170911260676
1246536148958285832
1246535737488654337
1246535715015602178
1246535699261722628
1246535695746940929
1246535690957004810
1246535589660418050
1246535509465276416
1246535457422430209
1246535320713285633
1246535320243441664
1246535295371264010
1246535268334739458
1246535212605018117
1246535158968262658
1246535137459929089
1246535126579904514
1246535068539072512
1246535051652857856
1246535039996878849
1246534988763467777
1246534952843436038
1246534638425825283
1246534586768797696
1246534573284089857
1246534539993890823
1246534420636602375
1246534410570252289
1246534340865122305
1246534272367853568
1246533942611718147
1246533933875056645
1246533820494602242
1246533792531177485
1246533756283953153
1246533730266685449
1246533707705483265
1246533691280707584
1246533614352977922
1246533608199856129
1246533592316022787
1246533575836676096
1246533562473603073
1246533479371804674
1246533440335417345
1246533352208941059
1246533343358959616
1246533278787604480
1246533264090845184
1246533191118307329
1246533141076086787
1246533084339671040
1246533031583776769
1246533003955843074
1246532990655700993
1246532882581127168
1246532827992272897
1246532803539468288
1246532757284704256
1246532735218454530
1246532700200210432
1246532672278724614
1246532658915692544
1246532326085005313
1246532265699655682
1246532209626005505
1246532114255876097
1246532089257897985
1246531983569805313
1246531918134497287
1246531891655847939
1246531869107204097
1246531864266969088
1246531731416584203
1246531670754328580
1246531468316356610
1246531395448602624
1246531341673533448
1246531141101924359
1246531097510502403
1246530929838915584
1246530922704494593
1246530902265597952
1246530730416582662
1246530651572047875
1246530604964941824
1246530565425283079
1246530514007273477
1246530493321023489
1246530443324907522
1246530429768826884
1246530296088059905
1246530126915022848
1246529865215610883
1246529741995343873
1246529727365603334
1246529694125752321
1246529693114826757
1246529433923719178
1246529357318950912
1246529294941196288
1246529291812311052
1246529277560045568
1246529207808770054
1246529148421574660
1246528967420579843
1246528896633393153
1246528857630543872
1246528845055963138
1246528655058231302
1246528624578170887
1246528441844981763
1246528387289616385
1246528273317756928
1246527933495287808
1246527905552875521
1246527864591261696
1246527863127445504
1246527804751187969
1246527759276552192
1246527730423869442
1246527712807788547
1246527576979525634
1246527511279869954
1246527506305482754
1246527469097816064
1246527441042116609
1246527205951365121
1246527143636582400
1246527133251334144
1246527111122354180
1246526612209885187
1246526604811141120
1246526601904492545
1246526433666744320
1246526433113133058
1246526396022829056
1246526367027658753
1246526312640139265
1246526271410130944
1246526254502809603
1246526196734660608
1246526173632499712
1246525849920249856
1246525848599093248
1246525785910980608
1246525608164818944
1246525542519705600
1246525528498110470
1246525419161104396
1246525116076511242
1246525075563651073
1246525072489267202
1246525047482789891
1246524918306611200
1246524899864334336
1246524446162194434
1246524370345959427
1246524350284644363
1246524186052513794
1246523933123371013
1246523896049868800
1246523682610126848
1246523641308819457
1246523466695749642
1246523400639692800
1246523003950817282
1246522990835220481
1246522656498896899
1246522605454188547
1246522537145782273
1246522512848142337
1246522364298485768
1246522287202930688
1246522075302506496
1246522047246807040
1246522020222906368
1246522006574698498
1246522001189208066
1246521967848624130
1246521898600628226
1246521882054180874
1246521858440249345
1246521737111535616
1246521707508236288
1246521534879064065
1246521478083944448
1246521369757614080
1246521333237911555
1246521316192247811
1246521315017682944
1246521260575768576
1246521072289222659
1246521025535377409
1246520945860390921
1246520759771676672
1246520639764250626
1246520587603886080
1246520586601476103
1246520541403643905
1246520514799120387
1246520464203186176
1246520294535299075
1246520066738466824
1246520014938820611
1246519958433075200
1246519929932779526
1246519846101299206
1246519783702626305
1246519600709320704
1246519588491341826
1246519507528622086
1246519234001240069
1246519193891221504
1246518959572242432
1246518524341870602
1246518524262207489
1246518419429773314
1246518388383416321
1246518152529403907
1246518031796318209
1246518006928343045
1246518001760862214
1246517933259591681
1246517932148088834
1246517593466429440
1246517495302885376
1246517427971788804
1246517411307761664
1246517377577242625
1246517304625635334
1246517267757744132
1246517243225280513
1246516973397213185
1246516834226110466
1246516769814204418
1246516664029642754
1246516658199461889
1246516642034696193
1246516440959799302
1246516437470019584
1246516228249837569
1246516035890667521
1246515789420691457
1246515744130641920
1246515585955041281
1246515429222363142
1246515402009726978
1246514972823257090
1246514844947406848
1246514813884403713
1246514344969502721
1246514272336859137
1246514132712636419
1246514122843357188
1246513937794957314
1246513811898667009
1246513781762674692
1246513360268677125
1246513178814689291
1246513067552276482
1246513028541165570
1246513017216479233
1246512806280622082
1246512762232156160
1246512720402419713
1246512717554487296
1246512360996642816
1246512345024737281
1246512328000131079
1246512274224881665
1246512265769160711
1246512223540953089
1246512183661510661
1246512165282091008
1246512138979590145
1246512111964106753
1246512026312151040
1246511934704365568
1246511932036788226
1246511688939188226
1246511603752882179
1246511541970710530
1246511469556043778
1246511401381789696
1246511229323161602
1246511227129548802
1246511099790462978
1246511090617417729
1246510996518252544
1246510967783141377
1246510915421429760
1246510804062687232
1246510770051076097
1246510750258036736
1246510659019452416
1246510657123618817
1246510602287276032
1246510598915076097
1246510448763195392
1246510370203799554
1246510268412280832
1246510226569932801
1246510222597898241
1246510183519588354
1246510153706471424
1246510131837382659
1246510124031709185
1246510076871036935
1246509952555982855
1246509679112589314
1246509640017424385
1246509590671433728
1246509460878700546
1246509440787976192
1246509347833774082
1246509300316594176
1246509218632531968
1246509112248205315
1246508974947676167
1246508745577967616
1246508719699083266
1246508710412857347
1246508668058841090
1246508654657929216
1246508626136743941
1246508467738816514
1246508043581509632
1246507993962872833
1246507988212383749
1246507925516038145
1246507831932653568
1246507827990069253
1246507791239577604
1246507783681454080
1246507717709225984
1246507565657329666
1246507204125097990
1246507190212583430
1246507166003015681
1246507097602371588
1246507089054371840
1246507043776802817
1246507033341431815
1246506966857506822
1246506821285748736
1246506707020320768
1246506672924889091
1246506637524963335
1246505973264650240
1246505954172112897
1246505727725916161
1246505703910641669
1246505561723731968
1246505556006907909
1246505464722046978
1246505382102675456
1246505130343763968
1246505104666214400
1246505010764173315
1246504992472731649
1246504957618147328
1246504571700228096
1246504570257321990
1246504540205133824
1246504528289153024
1246504412765396992
1246504399381442567
1246504370688098304
1246504367412428805
1246504324022145024
1246504288328843267
1246504255265136642
1246504041921855489
1246503995679682560
1246503934170193920
1246503846182035458
1246503786237100032
1246503765240360960
1246503594028908544
1246503448406904838
1246503337161379840
1246503312356265988
1246503169082953728
1246503159507402752
1246503026862559234
1246503008785047552
1246502978963615744
1246502943500746756
1246502933576982528
1246502923556790272
1246502913003921408
1246502893672374272
1246502877583024131
1246502766345846784
1246502687870464001
1246502499193950212
1246502457913544706
1246502383301132290
1246502226329243648
1246502181693521922
1246502146641661957
1246502134767587329
1246502090907824134
1246501719279894534
1246501384373112835
1246501315217371139
1246501270434742273
1246501143812943872
1246500867550916608
1246500856532537351
1246500846348701699
1246500785292271618
1246500733702287366
1246500686537396224
1246500447801749506
1246500425261596674
1246500310035636225
1246500302020399107
1246500021396279297
1246499773487747072
1246499670488231938
1246499640465219585
1246499302563811331
1246498770633797640
1246498748471095305
1246498747829424128
1246498747246358528
1246498745530925059
1246498593114140673
1246498421814579200
1246498182789574661
1246498127571533824
1246498097146089474
1246498002983956484
1246497994695999493
1246497972587823104
1246497946650247168
1246497865154867203
1246497765653389314
1246497753787707397
1246497628759699456
1246497576544866306
1246497573382377479
1246497565467725824
1246497382658904068
1246497356004175874
1246497239230558209
1246497109840400385
1246497088378220545
1246497031755116546
1246496947634089985
1246496616598720513
1246496554686590982
1246496485107208192
1246496439854915591
1246496341016141831
1246496330928861184
1246496300482400257
1246496266307145729
1246496190008524813
1246496103148613632
1246496092021297153
1246496042662666240
1246496040666177537
1246496013227040770
1246495960555032576
1246495912874172416
1246495876148846595
1246495852790775808
1246495817210486785
1246495719911014406
1246495403308191748
1246495337499500550
1246495197980229635
1246495189415407631
1246495145299791872
1246495116329713666
1246495039993327616
1246494916005498880
1246494847390945281
1246494782769201153
1246494776800808960
1246494692759367681
1246494680763764741
1246494570449448961
1246494425217466370
1246494305029705737
1246494082693816321
1246494007485759488
1246493799582511105
1246493696809406464
1246493482161786880
1246493356060008453
1246493287596339201
1246493270512939009
1246493224455331842
1246493222592970755
1246493046969073664
1246492901275774981
1246492529576546305
1246492400987656195
1246492310319267840
1246492241604075521
1246492142719172609
1246492133374263297
1246491955858747392
1246491814288293888
1246491702849867778
1246491257280565248
1246491088174624770
1246491069619068928
1246491008017281026
1246490892833378307
1246490860776296449
1246490838735224834
1246490826378797056
1246490728643145729
1246490570740174858
1246490512053460992
1246490433468981257
1246490391232348162
1246490331434168322
1246490317697748992
1246490201284915203
1246490171354370049
1246490146163380229
1246490119214960643
1246490086214004741
1246489798954684417
1246489589612777472
1246489391633240064
1246489299895361536
1246489085763555328
1246489075160408064
1246489069128953862
1246489028075102208
1246488746087854085
1246488506676981765
1246488485801926656
1246488414951821313
1246488298249490433
1246488153076240389
1246488033186193414
1246487960008130560
1246487801987817472
1246487620600975361
1246487412131401728
1246487355273416707
1246487177783017474
1246487089169993728
1246486955715690497
1246486896743759875
1246486868377698304
1246486710332030985
1246486629059043328
1246486587183169536
1246486579780124673
1246486558804508672
1246486552609542147
1246486526785204227
1246486433675837440
1246486180679598082
1246486161331089408
1246486127130935298
1246485957320347652
1246485903234797576
1246485826273501186
1246485763967115272
1246485643095572482
1246485222201360384
1246485163892183040
1246485048326586368
1246484920685531138
1246484862288175105
1246484682184818689
1246484673078996992
1246484551582601216
1246484449828786176
1246484233767567364
1246484162246213637
1246483992867737602
1246483990422454272
1246483706216427521
1246483454625185792
1246483394797678592
1246483363730468865
1246483262073167872
1246482849114533890
1246482767053049858
1246482691199062018
1246482589029933063
1246482579919863808
1246482568641478663
1246482494242897922
1246482459073695744
1246482273853231106
1246482120563924992
1246482119448199169
1246482029962723331
1246482029329420288
1246481932956905474
1246481773523087360
1246481616895123456
1246481408186617856
1246481377232650240
1246481103273316352
1246480923891204096
1246480915221696512
1246480786708205568
1246480618499825666
1246480614406135809
1246480600485298178
1246480413977174016
1246480146695061504
1246480106123599873
1246479760588517376
1246479573581271041
1246479523769659392
1246479469004705792
1246479432807784448
1246479428395335685
1246479410829709316
1246479299642896384
1246479157653114890
1246478947749068800
1246478769826738177
1246478686745956352
1246478637177716738
1246478286970028032
1246478237443796992
1246478214194757632
1246478202924666880
1246478157219270658
1246478122201092096
1246477979418583041
1246477810044198913
1246477769007157256
1246477767220310021
1246477735330971649
1246477699113246722
1246477597418102787
1246477477029064705
1246477442354524160
1246477244169629697
1246477137445621760
1246477049960828931
1246477005299818496
1246476871459459072
1246476806481379329
1246476804375941120
1246476690362118145
1246476676252475393
1246476508031524866
1246476479669710853
1246476472405110790
1246476445465051136
1246476369950900225
1246476345720348673
1246476333456281601
1246476134927065088
1246476079063273473
1246476078585184258
1246476043176853504
1246476029423693824
1246476004635422720
1246476000969580546
1246475646160773120
1246475603534123011
1246475596030529537
1246475497778876416
1246475435879403527
1246475375682523137
1246475345622155267
1246475230870155266
1246475227716075520
1246475121231048704
1246475118731280385
1246475059222458369
1246475054952714240
1246474820935725059
1246474619726565376
1246474592853655552
1246474455263727616
1246474352608063489
1246474197079130117
1246474045241077761
1246474042711965697
1246474029789253632
1246473982666313734
1246473931453878272
1246473818937360385
1246473756572352525
1246473607557111808
1246473598732304384
1246473548895604737
1246473466334806019
1246473415848050688
1246473312890470400
1246473294729052162
1246473259756982272
1246473161748762625
1246473105129771009
1246473075627081735
1246473001345875970
1246472606150246401
1246472598353063937
1246472444300451842
1246472246161481728
1246472088778674181
1246472025440432128
1246471986534068232
1246471923963486215
1246471835325272065
1246471794049060865
1246471653011439616
1246471533989695489
1246471468549988352
1246471432487473156
1246471381149073423
1246471067046215683
1246470858157240320
1246470794865192962
1246470726036619264
1246470714527547393
1246470685494558720
1246470635716579328
1246470616238129153
1246470614321332226
1246470510709440512
1246470423346393091
1246470418715815937
1246470244656386048
1246470193041334274
1246470146908213250
1246470045984841731
1246469928863051783
1246469835632099330
1246469749841723394
1246469678286897152
1246469621760344070
1246469620317458433
1246469604513386498
1246469404717703169
1246469283691069441
1246469226015207424
1246469080779014144
1246469021152743425
1246468938030026753
1246468819020808194
1246468776679350272
1246468753296064514
1246468739094196224
1246468611444793345
1246468502426472450
1246468487217807362
1246468485330481152
1246468460177129476
1246468353876725761
1246468322687885313
1246468317151473665
1246468248134135811
1246468225598177281
1246468222745968641
1246468152545947649
1246468063601602561
1246468035059343360
1246468023306895360
1246467933909417985
1246467917178449921
1246467882168594432
1246467757048303616
1246467724756254721
1246467664664580096
1246467632594923522
1246467569080393730
1246467556543791104
1246467464831123464
1246467455926632448
1246467349806551042
1246467314553425920
1246467191966490625
1246467167727628288
1246466950806601729
1246466946968805379
1246466926542495745
1246466834712363011
1246466738629292034
1246466698628268041
1246466686603145218
1246466525017620481
1246466480075661312
1246466463554310144
1246466325381349389
1246466302568366080
1246466215956099073
1246466166257848320
1246466080257781761
1246466032618913793
1246466001992126464
1246465978499809282
1246465938083340288
1246465853194936325
1246465817925074951
1246465741018234882
1246465619370876928
1246465585740996609
1246465570842738688
1246465446783705090
1246465412411338753
1246465360485851142
1246465354966196229
1246465338516156421
1246465329544540162
1246465319843004416
1246465272816566273
1246464996663537666
1246464934927650816
1246464916787277824
1246464816987996160
1246464736763482117
1246464707378262016
1246464701468459010
1246464645864534016
1246464626017042439
1246464448979755010
1246464442029785089
1246464438926008327
1246464292561526785
1246464273682968576
1246464169345536001
1246464157756555265
1246464042622947328
1246464040739770368
1246463743506202626
1246463716461359105
1246463639718113280
1246463599188508672
1246463554842132480
1246463521807876096
1246463497904537600
1246463332296593408
1246463271676362757
1246463247651405826
1246463179183587329
1246463105644797953
1246463086518841344
1246463028079529984
1246462996009963521
1246462957543985154
1246462925956501504
1246462828447444998
1246462637824708610
1246462623337635840
1246462547403956225
1246462540705599488
1246462486943076354
1246462405472849925
1246462314393612289
1246462313391104000
1246462149008019458
1246461953301757954
1246461834556846081
1246461744979087363
1246461714712977408
1246461631183421443
1246461595506671617
1246461490435145733
1246461437582684160
1246461431962353664
1246461305168572416
1246461062632914945
1246460984320983041
1246460981271760899
1246460781480288261
1246460768708694017
1246460721677942786
1246460693450231810
1246460628518256646
1246460589720973312
1246460589196611584
1246460391548432388
1246460350788239361
1246460332425596928
1246460313534373890
1246460290515992577
1246460271733989384
1246460224833237000
1246460171511042055
1246460160010268672
1246460112459497472
1246460028468461570
1246459861937897474
1246459764252475392
1246459752542097414
1246459736876351490
1246459672003072000
1246459579053064192
1246459577308254209
1246459575525613570
1246459573726253056
1246459571536789505
1246459569091620864
1246459566818242561
1246459492423868417
1246459455950249991
1246459352422199296
1246459260642394112
1246459234298011649
1246459230661619713
1246459223027875842
1246459221769674757
1246459173640048640
1246458968551153664
1246458806290300929
1246458577323200513
1246458564463464448
1246458535430500353
1246458433987129348
1246458349270556672
1246458324406669312
1246458313254076417
1246458078486290434
1246458052406054912
1246458043912654849
1246458036601753606
1246457920193286145
1246457901927063552
1246457770129403904
1246457764357885952
1246457689955274752
1246457548800233473
1246457501098422273
1246457477111128064
1246457456894631936
1246457415505268737
1246457378817613829
1246457331677827073
1246457285028823040
1246457278569549826
1246457151016624129
1246457134117683201
1246457101444157440
1246457001464541184
1246457000181092352
1246456882929287169
1246456618000228357
1246456604783935490
1246456589378355205
1246456525075492865
1246456523896885249
1246456516422615041
1246456378039951366
1246456343768293377
1246456331709681666
1246456172883869698
1246456067044802563
1246456022895603720
1246455804443668481
1246455722856120324
1246455595890356229
1246455588114046977
1246455586360868864
1246455569512378368
1246455524301905923
1246455511647576064
1246455511408672771
1246455465577451525
1246455465317449730
1246455459038539776
1246455406894944258
1246455361353236483
1246455342571159555
1246455303689900038
1246455226405658625
1246455038240841730
1246454984746700802
1246454965121540096
1246454936944205826
1246454869000704001
1246454837488861186
1246454769016848385
1246454732757049347
1246454679648768002
1246454600951095297
1246454545225592832
1246454389155475458
1246454322482872320
1246454318049505281
1246454301012213760
1246454262844076032
1246454061223809024
1246454047734935553
1246453988486193155
1246453890041688064
1246453863491809284
1246453838393081857
1246453773641437184
1246453733438955520
1246453684273381378
1246453634990309379
1246453415292567553
1246453407084425218
1246453369209847810
1246453367314042887
1246453254193590272
1246453188837937153
1246453106164064257
1246453069380038657
1246453003839844352
1246452942091231233
1246452908381671426
1246452863464886272
1246452847610417152
1246452791134040065
1246452781881479169
1246452678831624195
1246452617716420609
1246452570467569665
1246452541686194176
1246452067906072577
1246451975945949187
1246451796324859904
1246451767870701573
1246451752041414657
1246451750292410375
1246451688346734593
1246451687331676160
1246451659263430657
1246451566003060737
1246451540564627456
1246451496994181120
1246451476786012160
1246451455030067207
1246451376722493442
1246451098346545153
1246451083209293824
1246451079862157318
1246451029798981634
1246451021947326464
1246450836340957185
1246450805110124545
1246450623387701250
1246450582979829760
1246450556283031552
1246450527329796096
1246450509973803009
1246450480928129024
1246450476733906949
1246450318155681794
1246450276367773698
1246450198345396224
1246450182872498178
1246450168301522946
1246449986352689154
1246449908313468928
1246449830043492353
1246449819167711233
1246449686740901889
1246449644764348416
1246449609133756416
1246449585700118529
1246449542666563586
1246449496357318659
1246449457232859137
1246449443240542208
1246449397744926720
1246449241876283392
1246449199450898433
1246449061500157953
1246448939320180736
1246448912715657216
1246448890926243843
1246448876078465024
1246448849763405827
1246448822391365632
1246448796994883585
1246448736739434501
1246448662059913216
1246448463866445825
1246448450654416896
1246448436397948928
1246448388033445891
1246448182214656000
1246448176766357504
1246448151009071110
1246447983375331329
1246447884205260801
1246447783567130629
1246447752462176258
1246447700767375360
1246447614192730113
1246447578557931520
1246447571528232960
1246447547230703616
1246447497880444936
1246447467534651400
1246447452942721025
1246447430301822977
1246447429211303936
1246447407837122560
1246447190375104512
1246447104932937731
1246447098440101903
1246447098016522242
1246446960623718403
1246446900640919553
1246446731258146822
1246446703911284738
1246446701206024192
1246446681748647938
1246446641839845376
1246446640724131840
1246446602799263745
1246446457999294465
1246446367154884609
1246446331981451264
1246446321881550851
1246446222031884296
1246446179996577801
1246446102347464712
1246445943710461952
1246445907370967041
1246445851502940163
1246445846771773447
1246445812525252609
1246445808305790979
1246445763338608640
1246445726617436160
1246445654886551554
1246445640672034818
1246445524187844610
1246445413227470848
1246445182071046144
1246445124374192130
1246445100135337986
1246445070188007431
1246444902113857536
1246444899148464128
1246444890441093126
1246444853447274499
1246444835977887744
1246444816340320257
1246444763986964481
1246444671498362880
1246444579081109506
1246444570734452736
1246444417025740800
1246444415700393987
1246444301619470342
1246444253544316930
1246444222322008064
1246444163895304197
1246443974480535552
1246443966645637122
1246443900258172929
1246443892062511104
1246443738123173888
1246443723896033282
1246443709404778496
1246443702442250240
1246443474725081088
1246443467548524544
1246443455993315328
1246443391971405826
1246443310706765824
1246443299201847296
1246443188899979265
1246443170617057280
1246443128107737089
1246443087246868486
1246442981923700744
1246442917511733250
1246442759499788293
1246442743624278016
1246442690063065088
1246442671398424577
1246442574216409093
1246442501780766720
1246442309362880517
1246442133093048321
1246442067691175938
1246442050905669633
1246442005779136512
1246441989266169863
1246441872538636288
1246441748169207808
1246441711867437058
1246441585362993152
1246441309436608512
1246441296027361280
1246441219988828162
1246441163822895106
1246441141819641857
1246441140980789248
1246441133447708673
1246441120940396544
1246441097754222593
1246441091173437440
1246441076690485249
1246440948139200513
1246440915805208577
1246440915721318401
1246440914530103297
1246440892413640710
1246440857508732929
1246440770372079616
1246440602553778176
1246440574783229952
1246440504591626246
1246440482756005888
1246440476749815812
1246440327294193664
1246440273103573000
1246440271803322368
1246440269756551168
1246440266417963008
1246440255160549381
1246440210780565505
1246440153347813376
1246440151045160961
1246440082074218496
1246440024096243712
1246439932685619200
1246439845075005440
1246439832320126976
1246439822165671936
1246439756659142656
1246439733800165377
1246439675088306176
1246439405922979841
1246439286137860103
1246439210728468482
1246439201786204160
1246439087848009728
1246439008902819840
1246438923301158912
1246438859417714688
1246438851352113152
1246438809501343745
1246438734242942978
1246438702148202496
1246438654190522374
1246438564344332290
1246438516210442248
1246438468303106054
1246438435474280452
1246438369770471425
1246438311180238848
1246438309225783298
1246438227013238784
1246438205945241601
1246438201943785475
1246438180850749447
1246438047891193856
1246438041759166464
1246438029549502465
1246437994099281920
1246437982363701250
1246437930199105536
1246437920447356929
1246437835869126658
1246437765253869568
1246437735642140672
1246437723461877766
1246437705237630976
1246437702075023360
1246437682085089281
1246437471006621702
1246437467210895360
1246437432125542400
1246437296720748545
1246437294686560257
1246437108622995456
1246437026045534208
1246437005313130496
1246436969200201729
1246436946584485888
1246436911520141312
1246436829789814786
1246436731752153089
1246436722218602505
1246436709270683648
1246436700403924994
1246436672411185152
1246436607630217217
1246436453967704064
1246436383063003138
1246436376729595907
1246436320546820103
1246436309176066049
1246436280059256832
1246436268759814144
1246436256160120838
1246436252750151681
1246436234915983360
1246436195334270976
1246436099418918912
1246436057413029889
1246435985493278720
1246435967256399874
1246435935782305792
1246435932087242753
1246435920976510977
1246435846364028935
1246435823005978627
1246435815544238081
1246435744828264448
1246435674062032897
1246435553723199488
1246435551353372674
1246435549742759937
1246435487491010561
1246435471829368833
1246435391546306563
1246435278228795393
1246435253197115393
1246435252874162182
1246435165196283907
1246434859851173893
1246434855069646849
1246434821603315716
1246434803165134848
1246434757761798144
1246434744088309762
1246434623095259136
1246434597967138816
1246434569131372544
1246434559144726529
1246434553197199360
1246434460909940737
1246434436209573889
1246434355838357505
1246434304789557251
1246434269096001538
1246434230235795466
1246434180742946816
1246434105014857728
1246434029634805764
1246434012274610179
1246433962664308737
1246433921098756096
1246433869580165121
1246433864945487872
1246433785459154944
1246433735379206144
1246433685299134465
1246433657939689472
1246433593901174785
1246433593724993537
1246433590692331521
1246433583570575360
1246433581636947969
1246433559008751616
1246433558509637633
1246433548720132096
1246433517271232514
1246433512019951617
1246433428691734528
1246433397964226560
1246433395183321097
1246433355148791809
1246433341139755009
1246433256267972608
1246433158926667779
1246433140832374785
1246433094191767552
1246433024708935680
1246432962473844736
1246432928235741186
1246432868886286338
1246432863995789315
1246432784366927877
1246432763370242053
1246432714712064004
1246432683368099840
1246432630863732737
1246432618603741184
1246432615340662784
1246432583895916545
1246432559459958784
1246432517848215554
1246432512416665600
1246432482519658498
1246432367952236545
1246432365813039107
1246432361056800769
1246432348356382720
1246432275228745728
1246432272615645184
1246432101093834753
1246432046748184579
1246432008395522051
1246431956872474624
1246431952992944133
1246431937683755014
1246431766040260608
1246431742359109638
1246431693311000580
1246431665146167296
1246431616756518913
1246431612511780865
1246431550591426560
1246431515380199425
1246431485936140289
1246431385591730177
1246431378704601088
1246431332374380545
1246431328482050049
1246431300292149248
1246431178430861312
1246431162018430976
1246430998679732224
1246430940534050821
1246430929100451841
1246430907759767553
1246430873966297089
1246430857881178117
1246430797021810690
1246430772069883907
1246430768060080129
1246430671410692096
1246430593283391488
1246430586186731528
1246430557623418880
1246430458478571520
1246430408297844736
1246430355797704704
1246430336000692224
1246430302756634627
1246430202286276608
1246430195407560705
1246430137144524801
1246430131742261250
1246430125002043394
1246430068748017668
1246430027706761217
1246430010568826881
1246429999651053568
1246429957829640192
1246429941312319489
1246429875868774401
1246429731358212096
1246429700823662592
1246429684948250625
1246429668951162880
1246429635988127749
1246429553205088258
1246429499446747138
1246429491456606208
1246429468694061056
1246429400301744128
1246429352272826368
1246429219850194945
1246429196290793474
1246429045635588102
1246428967705489410
1246428874747117571
1246428665191301120
1246428617581756421
1246428524279410689
1246428365038460931
1246428352958935040
1246428343001649153
1246428276844879872
1246428258268299265
1246428225091198977
1246428225045061634
1246428196288987136
1246427873713557505
1246427857158635522
1246427855359217664
1246427813575524352
1246427776925794310
1246427668725354497
1246427649116962819
1246427426428719105
1246427422418968576
1246427377598636032
1246427368085913600
1246427320526811138
1246427266172813313
1246427249559121921
1246427062979776513
1246426988971282432
1246426987440279552
1246426985938780161
1246426948244561926
1246426915541602304
1246426912655884296
1246426895547338753
1246426880728870913
1246426696473067521
1246426589635776512
1246426368512012290
1246426358642872320
1246426135036133378
1246425923202748416
1246425867234017280
1246425759952113665
1246425551499407360
1246425513700229120
1246425457605718017
1246425297983082496
1246425286566125568
1246425276457914368
1246425233411710977
1246425217540460544
1246425191850401797
1246425081720516609
1246425057821425667
1246425049160192000
1246425017073782789
1246425003370917889
1246424968612757504
1246424957430702081
1246424949847441409
1246424797535522819
1246424507641929735
1246424405049323520
1246424341820162048
1246424313407975424
1246424266813440001
1246424245908930560
1246424232067768321
1246424184663822337
1246424178502389761
1246424143811219456
1246424048839667713
1246424043315695617
1246424035635986433
1246424033996005376
1246424004212244481
1246423999187505154
1246423984645824512
1246423949971460096
1246423939829637122
1246423839199854593
1246423828978446337
1246423785059880962
1246423772137172993
1246423681687003138
1246423593954803716
1246423472487706625
1246423337422794752
1246423267147223040
1246423244133015559
1246423174482464772
1246423090617356289
1246423046304468994
1246422974124773376
1246422880805625857
1246422854004019200
1246422788614893571
1246422755244990465
1246422571463200768
1246422561535201282
1246422482334224385
1246422402659213312
1246422345708953602
1246422275349516288
1246422248703000577
1246422135704301569
1246422073234395136
1246421996721836032
1246421982272512001
1246421962278256640
1246421881219166208
1246421875510689800
1246421871840702466
1246421757013233665
1246421612645285889
1246421314266636288
1246421296881287169
1246421287548989441
1246421248462094336
1246421192711573505
1246421172956418048
1246421172302086152
1246421130342068224
1246421129625047040
1246421019440697345
1246420957906046978
1246420905217200131
1246420888276344834
1246420795041120256
1246420754968739840
1246420744827015173
1246420724056809472
1246420690754035713
1246420657224781824
1246420653588258817
1246420355725570049
1246420333923577856
1246420300214009857
1246420291905032192
1246420262842662914
1246420241858662400
1246420229304926208
1246420214163570690
1246419897854447616
1246419806267596808
1246419780300570624
1246419743231311873
1246419690811002882
1246419547135119360
1246419148663595008
1246418917070962690
1246418828088795142
1246418825307992065
1246418804948811777
1246418719569580032
1246418681971781633
1246418676191985666
1246418654918565889
1246418561192677377
1246418553751973889
1246418548563550208
1246418472269217793
1246418432213606401
1246418373493260290
1246418298822168579
1246418296741732355
1246418278374916097
1246418247504855040
1246418238273093634
1246418218958434306
1246418107494739970
1246418083776024578
1246417972295602176
1246417938934108162
1246417897947348993
1246417824765050887
1246417808336003072
1246417795564388352
1246417768028745729
1246417679889707008
1246417670750248962
1246417622129917952
1246417612780769286
1246417602282500102
1246417585127723009
1246417509567410178
1246417414411243522
1246417414209888256
1246417387185999876
1246417362854842369
1246417129429180416
1246417121757847554
1246417076648108034
1246417072847978497
1246417008079638528
1246416997732229122
1246416984260165637
1246416978748850178
1246416964874100736
1246416885631062017
1246416874201649152
1246416859597099008
1246416859534102529
1246416792718901248
1246416717611483137
1246416710594420736
1246416618965676033
1246416614330896384
1246416472890580992
1246416438212079618
1246416410747830272
1246416338261872640
1246416291071754242
1246416219994980355
1246416202362216448
1246416151892103171
1246416096305057792
1246416082287636480
1246416067888644096
1246416025018667009
1246416022216687617
1246415997344628736
1246415907011903489
1246415735779471360
1246415717722980355
1246415665235480576
1246415520867520513
1246415506917281794
1246415495416483840
1246415434548641793
1246415353229512709
1246415347579789318
1246415346900381696
1246415305456443394
1246415231959662593
1246415210602168320
1246415139982716928
1246415139483586560
1246415092394196998
1246415091844644864
1246415044566560769
1246414971124277253
1246414955257217025
1246414677724352516
1246414584732360704
1246414575098122240
1246414569150525440
1246414565115641856
1246414561571463169
1246414418034003968
1246414369648508933
1246414361788284928
1246414359288524800
1246414337243336705
1246414323754455044
1246414221593718786
1246414210889891844
1246414183194820608
1246414080702849024
1246414076604973057
1246414044229185539
1246413992198836227
1246413965703426049
1246413931758968832
1246413878164062208
1246413838708285440
1246413797071470596
1246413772543201280
1246413650065268737
1246413648538619905
1246413532700213254
1246413483421433856
1246413476073017344
1246413095716761602
1246412966775398400
1246412959175380992
1246412900941561856
1246412821900001281
1246412775250894850
1246412769265672194
1246412720553046016
1246412719621799937
1246412686063292416
1246412682045128705
1246412463987441665
1246412459298238464
1246412414976917504
1246412296802484226
1246412194436300800
1246412177386475520
1246412175046041600
1246412137020432384
1246412133912502277
1246411869713305600
1246411827266891777
1246411821898240000
1246411792831713282
1246411762443976706
1246411684178202627
1246411649990496257
1246411581501702144
1246411576573399041
1246411436810735616
1246411427415502848
1246411399967977474
1246411327335288832
1246411323887534087
1246411299896033285
1246411269399359490
1246411167213510657
1246411167033184256
1246411129787572225
1246411115602628608
1246410994479439873
1246410856260304896
1246410855908065281
1246410640702484481
1246410625384939520
1246410619747786752
1246410572968624129
1246410571236466688
1246410508699344899
1246410440948748289
1246410332584771584
1246410330470846464
1246410278276943873
1246410273059110914
1246410270307749888
1246410248006643716
1246410245724876801
1246410199314948096
1246409979327909888
1246409961707655168
1246409951381200897
1246409903717208065
1246409853205204994
1246409784577974272
1246409764101373952
1246409705649516544
1246409580504068101
1246409571968704514
1246409494562824192
1246409465542385667
1246409359183265795
1246409288718958597
1246409283425755140
1246409185878835200
1246409071961559047
1246409060410368002
1246408987181862912
1246408968769089543
1246408946954522624
1246408852708433921
1246408810585116672
1246408734324162565
1246408709372329984
1246408683464122369
1246408679290818561
1246408626669064193
1246408586793795587
1246408576475807747
1246408533261930496
1246408498000343040
1246408386473754630
1246408349375176704
1246408338230960128
1246408317561339906
1246408214868090881
1246408187051466752
1246408182710382594
1246408075612950530
1246408033695084544
1246408022555004935
1246407973578170374
1246407892711940102
1246407854485053442
1246407851939115008
1246407774860443649
1246407729712898048
1246407620329693184
1246407618219958272
1246407556056125440
1246407521570639873
1246407478151127042
1246407435398582275
1246407406260805632
1246407352682766337
1246407348266110978
1246407346001268736
1246407296160333824
1246407190770057216
1246407139226255365
1246407136302772225
1246407118120509440
1246407108377149440
1246407018300215298
1246407015473319936
1246406960112635904
1246406928353427456
1246406920170283010
1246406919637602305
1246406864121868288
1246406836137402368
1246406698060972036
1246406499414540288
1246406457966370817
1246406411648733184
1246406404497453056
1246406368237674496
1246406323878715394
1246406177803681794
1246405965408284672
1246405948597587969
1246405875914416129
1246405816493780993
1246405804380565504
1246405799750107139
1246405787209080832
1246405696092098561
1246405682766675968
1246405673363136517
1246405507071512576
1246405442819014657
1246405352503095299
1246405352255639553
1246405345146273792
1246405231249940480
1246405229895180289
1246405164489158662
1246405057324756992
1246404984079605760
1246404943411589120
1246404900709437440
1246404721646219265
1246404666700845056
1246404662015770624
1246404614343331840
1246404433241690112
1246404393408356357
1246404360835391488
1246404295152582658
1246404266417405958
1246404266316759042
1246404237455753216
1246404196120870912
1246404178404085760
1246404161870213120
1246404149056602113
1246404138994487296
1246404131285327873
1246404094035664902
1246404018827657216
1246403934035554304
1246403911688347649
1246403887285899265
1246403848438194177
1246403804377079808
1246403784215011329
1246403781211930624
1246403671551815681
1246403595790094336
1246403590559870976
1246403573967175680
1246403561585598464
1246403532707762182
1246403520796000256
1246403519722262529
1246403509077098496
1246403506250166272
1246403495324012544
1246403466576224256
1246403396988534784
1246403389820411904
1246403215651999744
1246403134215389184
1246403024488194048
1246402981945380864
1246402926815457284
1246402890857689089
1246402876248854528
1246402805579034625
1246402726919057409
1246402708296400898
1246402685697495041
1246402584363118594
1246402550091390978
1246402519665958917
1246402493208289280
1246402456768131076
1246402353571430400
1246402349737873408
1246402312748371968
1246402305932562432
1246402305618051072
1246402279084904450
1246402258893516800
1246402138105876483
1246402098796912643
1246402097928720385
1246402072100175872
1246402011811192832
1246402005553348609
1246401972141543425
1246401888649711616
1246401887601070085
1246401870278483969
1246401847964905472
1246401767396593666
1246401733439479808
1246401731975688193
1246401676975771649
1246401672966017031
1246401626706980864
1246401557639421953
1246401537926201344
1246401502371033088
1246401502052323329
1246401498948481024
1246401482154483712
1246401443403309061
1246401441130057728
1246401413284061185
1246401371974352902
1246401348712706053
1246401304567611392
1246401295193341952
1246401289833058305
1246401267439714305
1246401261630619648
1246401255683117059
1246401238675193857
1246401213836529667
1246401184547692545
1246401011125796865
1246401008588259328
1246400923016089601
1246400821853655040
1246400771689676800
1246400760314617856
1246400690127278083
1246400601250037761
1246400589606633473
1246400545411207170
1246400515254165506
1246400478189101058
1246400440503283712
1246400278917677058
1246400223515115524
1246400107848794112
1246400078694277123
1246400055575273474
1246400025124638721
1246400014466846721
1246400002055909377
1246399919461748736
1246399871592038400
1246399798082748417
1246399783083835393
1246399758404661248
1246399734710968321
1246399647440044037
1246399625428434945
1246399623947747330
1246399565688983552
1246399555400273920
1246399486877929473
1246399478531338240
1246399475498856449
1246399430665830405
1246399362969845762
1246399325397188609
1246399320938741761
1246399314953453569
1246399235676921856
1246399211387727876
1246399206874591238
1246399206400671745
1246399178730807297
1246399157818085376
1246399141846097920
1246399102302199809
1246399043993055233
1246399036132921344
1246399035696693248
1246398970357841920
1246398957036736520
1246398937537413120
1246398897943203840
1246398883879624706
1246398785565179904
1246398759581384705
1246398734910578688
1246398726836453376
1246398582489378817
1246398543092486144
1246398489208262656
1246398466114367489
1246398360015310849
1246398269267345408
1246398217878679552
1246398138740547584
1246398134130884608
1246398133568929797
1246398127726346241
1246398124605747200
1246398108843507712
1246398049011879936
1246398046830825474
1246398026727526401
1246398004438929409
1246397999628062720
1246397949745266689
1246397947237019649
1246397929012768769
1246397885039681538
1246397769952231424
1246397749517582336
1246397724817272832
1246397677526540288
1246397672703041536
1246397668982755330
1246397663865602051
1246397641409409024
1246397624183291905
1246397618621689859
1246397605808082951
1246397595330785280
1246397581040779264
1246397562334183425
1246397555027648514
1246397553903652872
1246397544239947779
1246397539173138432
1246397531883479042
1246397518478524418
1246397498048028672
1246397490833903616
1246397442960089088
1246397439378182144
1246397398651473922
1246397395409264641
1246397357555691520
1246397345551527936
1246397329554407424
1246397314194956288
1246397308071301120
1246397295580663808
1246397294976647169
1246397289452707841
1246397273103310848
1246397271400382467
1246397246821859328
1246397184221814792
1246397155033612289
1246397126185271298
1246397042441805830
1246397010250530817
1246396959247732736
1246396907192291328
1246396826313469952
1246396779588988928
1246396766427189251
1246396526903152643
1246396495168970753
1246396486860103680
1246396480350572546
1246396433877647360
1246396431545569280
1246396392278495232
1246396327149404161
1246396242625781761
1246396227757002753
1246396043559911424
1246396024060592128
1246396019321044994
1246395983849828359
1246395833639198720
1246395831718158336
1246395830392754177
1246395828610228235
1246395768644272129
1246395729926672384
1246395625354285057
1246395523713638400
1246395169106255872
1246395000398778368
1246394729853575168
1246394594834763776
1246394540384272385
1246394538727538693
1246394525100257282
1246394523980304385
1246394270619176960
1246394212481994752
1246394151412871170
1246394081015746560
1246394033955647490
1246393944369397763
1246393893970739200
1246393848336539648
1246393789079523331
1246393671085326337
1246393615263436801
1246393380206252032
1246393275348668416
1246393259238227968
1246393231195193344
1246393228242403328
1246393113918177280
1246392928748163073
1246392883445477378
1246392823563378688
1246392818773512192
1246392808333881344
1246392633334935552
1246392501684051969
1246392372566593537
1246392292908376065
1246392276798013441
1246392263229476898
1246392147219226624
1246392005917376517
1246392004260564994
1246392003409166336
1246391859158618112
1246391855069253632
1246391802049048576
1246391755907399680
1246391733153398784
1246391717332426752
1246391689868124160
1246391508468666368
1246391157187399680
1246391033602195456
1246390833198358528
1246390799211859974
1246390706786185216
1246390613144219648
1246390492406910977
1246390434080927747
1246390377344577536
1246390357799120896
1246390211417968640
1246390187917262851
1246389977208029184
1246389908786348033
1246389793380093963
1246389780847513600
1246389755367034881
1246389747452391425
1246389728703897600
1246389701742866433
1246389601884872704
1246389394359140352
1246389365724643328
1246389222581420033
1246389101122682880
1246388985817169921
1246388935481311233
1246388760931192832
1246388691494408192
1246388680178180098
1246388613287424000
1246388548019916800
1246388455250243584
1246388421465116672
1246388353710403585
1246388305974808576
1246388304922038273
1246388304850776064
1246388278972080129
1246388259414052865
1246388173019721729
1246388140207673346
1246388112525230082
1246388078798876672
1246387996338860034
1246387975514177536
1246387818638737408
1246387809654648835
1246387785671589890
1246387701697429505
1246387671552774144
1246387661679534080
1246387616192376837
1246387571409764352
1246387568087896067
1246387549020413952
1246387415222272000
1246387333693419520
1246387314810552320
1246387224037462022
1246387178944499712
1246387161487851520
1246387159185186818
1246387107897249794
1246387072610566145
1246386970793828353
1246386958592606210
1246386943560163329
1246386940427079680
1246386752320950272
1246386471847804929
1246386465669623809
1246386459608788992
1246386383972950016
1246386374191861760
1246386302351814657
1246386261058711554
1246386122500046854
1246385969365946368
1246385929499086848
1246385876172759040
1246385749253066753
1246385600560758790
1246385599751376896
1246385586082066432
1246385464954753024
1246385391319515136
1246385390031962112
1246385274386558978
1246385273518403584
1246385198259789824
1246385120291979264
1246385105343582209
1246385038322696193
1246385017170821120
1246384887428534272
1246384855337795584
1246384846106230784
1246384789244055554
1246384789076226048
1246384760873680896
1246384708361097216
1246384684084461568
1246384620389781504
1246384569764458496
1246384099633348608
1246384026992218114
1246384026748928000
1246384020302299136
1246384013364932610
1246383993022447619
1246383991789363200
1246383869881913346
1246383826609360896
1246383789942718465
1246383656194605056
1246383634715729921
1246383591006916609
1246383578616823813
1246383526196412418
1246383497192890368
1246383486208028673
1246383413017423872
1246383373595160579
1246383324307783680
1246383273057673216
1246383195395891202
1246383064869146624
1246383024499036161
1246382766641631235
1246382758659854336
1246382746437648389
1246382691907502080
1246382637033365505
1246382572298473472
1246382544494395392
1246382538505019392
1246382487854514182
1246382447878692864
1246382389837864960
1246382356933545984
1246382355293638661
1246382350084329472
1246382341775392768
1246382221654732800
1246382183553605632
1246382172124127232
1246382162800238592
1246382149718151169
1246382126280433666
1246382085708877827
1246382046022418432
1246382003924107265
1246381937851273216
1246381913222402048
1246381786785091585
1246381786642493441
1246381762110001154
1246381737250369537
1246381732745658369
1246381540734623744
1246381526515941381
1246381461097324544
1246381451354013696
1246381439379275776
1246381381221068801
1246381358693470209
1246381325923356672
1246381196482879489
1246381144012095491
1246381133362855937
1246381114857607169
1246381086730604544
1246381022352113665
1246380961064988672
1246380958284165121
1246380904366379008
1246380876721795072
1246380681602772993
1246380678264041472
1246380641949757440
1246380586505244672
1246380507165794304
1246380493928566784
1246380475872096256
1246380469555548160
1246380409736384512
1246380393584082945
1246380385195495425
1246380370490265600
1246380325443375105
1246380303846965249
1246380249807499265
1246380236855554048
1246380107096301568
1246380094362390528
1246380050687176706
1246379963776983040
1246379922656026624
1246379919111794688
1246379843920551936
1246379749951373312
1246379730191953920
1246379595114348544
1246379550336049153
1246379401450860547
1246379399118798849
1246379387999735809
1246379367984443394
1246379338439823360
1246379316780433408
1246379218235252737
1246379164145516545
1246379148337127425
1246379118486315008
1246379007978942464
1246379001876287490
1246378893495488512
1246378892027400192
1246378868325441536
1246378858326171648
1246378855721467904
1246378855117598727
1246378842412978176
1246378825191170049
1246378728319574016
1246378684178739201
1246378666575134721
1246378598702944256
1246378580034179072
1246378485427437568
1246378230589927424
1246378122435534853
1246378115842150400
1246378091901050891
1246378044094324738
1246377945855385600
1246377931414405122
1246377899864854533
1246377852284649474
1246377791274332160
1246377625947377667
1246377494443368449
1246377481688342528
1246377466433863680
1246377222170120193
1246377186271076352
1246377176968179712
1246377113319550980
1246377018234675205
1246376967185633280
1246376966011457536
1246376955391414272
1246376899296837632
1246376877134090240
1246376864593166340
1246376801871564801
1246376713187135488
1246376629687013376
1246376612129583107
1246376513508986880
1246376458777505792
1246376452657946624
1246376433678782470
1246376144208908288
1246375994056982528
1246375897160171522
1246375879502172160
1246375823877300224
1246375781766438912
1246375631753039877
1246375313371729920
1246375273983025152
1246375268392022016
1246375224838365184
1246375219037691906
1246375188696051712
1246375180659810310
1246375171809738752
1246375134249857024
1246375062267203585
1246374994919272448
1246374834508050433
1246374613287866368
1246374497760002048
1246374461349167105
1246374448984440833
1246374448737005569
1246374259729010688
1246374226556260352
1246373971098042368
1246373933097652224
1246373905817886720
1246373900474372096
1246373864516530176
1246373749500379136
1246373578972573697
1246373570609123329
1246373533703458816
1246373459946541057
1246373441390985216
1246373330661396481
1246373243398885377
1246373204991471616
1246373150646063104
1246373147684868096
1246372822819233792
1246372776618967040
1246372735716130816
1246372651255443457
1246372640169889792
1246372557315624960
1246372502353383424
1246372468924841984
1246372448359952386
1246372445306716160
1246372418706452482
1246372344626663425
1246372321658646529
1246372289182142464
1246372266314739712
1246372223209877504
1246372215446175744
1246372198178324480
1246372194982277122
1246372171385122817
1246372153781608448
1246372142989656064
1246372072890101763
1246371976605810690
1246371971702624256
1246371665149227009
1246371644907683841
1246371614998114304
1246371591149293568
1246371569062031361
1246371556642734081
1246371537495756800
1246371492549537792
1246371475378049024
1246371408671883264
1246371396709744640
1246371333887451137
1246371311384956928
1246371099841085440
1246371095093133312
1246371079775498240
1246371053183647744
1246370979753922560
1246370967036858368
1246370934044360705
1246370900389363714
1246370895750365184
1246370878092455937
1246370764447723521
1246370739596472320
1246370623984713728
1246370497786523649
1246370242974056448
1246370095288516609
1246370048702320642
1246370024840978434
1246370011012370433
1246370006000115712
1246369989394866176
1246369869454598144
1246369867990814722
1246369766874460161
1246369686163505155
1246369675681894400
1246369583763804163
1246369504709525504
1246369449751478273
1246369449667592193
1246369448547753984
1246369243186302976
1246369240787148801
1246369161095319561
1246368857251553280
1246368853837447168
1246368760811978752
1246368708781539328
1246368703140302850
1246368574199009284
1246368526413303808
1246368519937294340
1246368332963614721
1246368097956659201
1246368036522790912
1246367951227420672
1246367949268582407
1246367807689895936
1246367625170628608
1246367603662172160
1246367497663774721
1246367434417864704
1246367251843944448
1246367213851942912
1246367187587260417
1246367170973614081
1246367120457453569
1246367045987508226
1246367033631150081
1246366947698188289
1246366935400493056
1246366793586925568
1246366790428459008
1246366778055426049
1246366592017014784
1246366536421519360
1246366418540605442
1246366139996868609
1246366081184346112
1246365961864785922
1246365958245154816
1246365936040411136
1246365934530564096
1246365894240088066
1246365878041620480
1246365837923147776
1246365816355946497
1246365607194394626
1246365499052752896
1246365499044347904
1246365412767514624
1246365387119353856
1246365353938206720
1246365190637191168
1246365074224222213
1246364999691440128
1246364786138505216
1246364782137085952
1246364656748367872
1246364578306502656
1246364564368826368
1246364499776622592
1246364462099111937
1246364286651375617
1246364229659222016
1246364218489798657
1246364172406919174
1246364040202539008
1246364019243573248
1246363791115333632
1246363611339030529
1246363543764701185
1246363465154990080
1246363286934892544
1246363286880301057
1246363222657118208
1246363104855887877
1246363036367060993
1246363001277558784
1246362971443470338
1246362903516774401
1246362891139325952
1246362835019595778
1246362692295823360
1246362675950559232
1246362643906138112
1246362610217316352
1246362509021413376
1246362500955877376
1246362483826348032
1246362476410781699
1246362462745767936
1246362392382103552
1246362378008244224
1246362355178639361
1246362275788787713
1246362235536134144
1246362191302926336
1246362089964396544
1246362083308027905
1246361955713105920
1246361863803342848
1246361702666506242
1246361692977672193
1246361613575356416
1246361550094512129
1246361517794131970
1246361489751052293
1246361411456024576
1246361386592153600
1246361355885608960
1246361325502115841
1246361318166323205
1246361311912570880
1246361248549220352
1246361240663928832
1246361169453101056
1246361054264938496
1246361024720240641
1246360850341990400
1246360800488546304
1246360798563352576
1246360791114297344
1246360673740894208
1246360493750697984
1246360333238796289
1246360234291015682
1246359870200254467
1246359843386142721
1246359841406357505
1246359786792288256
1246359653816111107
1246359631364067328
1246359552360173574
1246359508319981569
1246359473373024261
1246359447305404416
1246359386060095493
1246359357564035072
1246359293756047360
1246359291424133121
1246359263414452226
1246359107096977409
1246359067616051200
1246359019196944385
1246358962930356224
1246358912594522113
1246358866226483200
1246358799558103041
1246358705374924801
1246358610348781568
1246358595928756224
1246358459337056258
1246358446636535815
1246358353632165889
1246358275580473344
1246358258450907136
1246358165005971456
1246358161625415680
1246358078213296128
1246358064716021765
1246357971015172097
1246357947074174977
1246357824319508481
1246357788479143937
1246357692479868928
1246357553262534656
1246357516369514496
1246357479526629376
1246357346647003137
1246357309586112512
1246357291311468544
1246357175024451585
1246357144393388032
1246357096062468096
1246356889748811777
1246356867800076288
1246356730415583232
1246356593618419714
1246356502790787072
1246356323454914561
1246356315557027840
1246356145146650624
1246356138137919489
1246355695634612229
1246355694783205376
1246355687787180032
1246355522418245632
1246355459071774722
1246355348367249410
1246355258470776837
1246355171891970053
1246355138442395650
1246355096453160960
1246355077989896192
1246354828768481280
1246354809063714816
1246354792919601153
1246354751622651904
1246354615437791232
1246354423321944064
1246354407270350848
1246354381383106560
1246354376039583746
1246354365990014976
1246354323862441984
1246354318695051264
1246354306263126017
1246354297228382208
1246354174473895936
1246354164810162176
1246354063274520576
1246354018357649408
1246353808814456832
1246353765747298305
1246353677100744705
1246353632401985537
1246353593206259712
1246353568090726400
1246353565758771200
1246353555021234176
1246353334220361728
1246353331443740672
1246353147397799937
1246353137352531970
1246353117052010496
1246353071409594368
1246353018687234048
1246352871182000128
1246352788390543366
1246352652679725058
1246352616705179648
1246352602457149442
1246352573663232001
1246352568353271808
1246352566864183298
1246352454331047936
1246352382000275456
1246352320390148098
1246352281391554560
1246352242858434560
1246352190597410816
1246352109768970242
1246352027799752707
1246352018412900353
1246351885776424961
1246351810001899521
1246351705895317504
1246351661901262849
1246351615457705984
1246351610898456576
1246351589004251136
1246351549439315969
1246351537426792449
1246351142168285184
1246350939231006720
1246350883669016578
1246350780862550016
1246350761287696384
1246350737317203973
1246350658783019008
1246350565770223616
1246350547621462017
1246350427999756288
1246350405916860417
1246350298345431040
1246350263524511744
1246350157714731009
1246350131869421568
1246349996628344832
1246349800116826112
1246349759251701760
1246349699797393408
1246349676544221185
1246349655820120065
1246349421199216641
1246349417994760192
1246349356615303168
1246349269818388481
1246349240571441157
1246349230769348609
1246348964867256321
1246348829735124992
1246348799469072384
1246348765327433728
1246348660968914944
1246348609366474752
1246348550654525440
1246348533151776771
1246348384518234112
1246348370173722624
1246348246559141888
1246348131576487938
1246348078862524417
1246348032662216704
1246348013733380097
1246347973790961664
1246347965431787525
1246347963431104512
1246347936310554626
1246347910696091649
1246347847114653696
1246347803242254336
1246347751182475270
1246347683620622337
1246347593749278722
1246347551869218816
1246347113753186306
1246347076549648389
1246346992797786112
1246346639763267586
1246346483156344832
1246346392928428038
1246346386884435969
1246346321901969408
1246346261122482176
1246346255850254337
1246346244148080641
1246346232647290881
1246346172983398400
1246346080255696896
1246346072546357248
1246346066821287942
1246346029009702912
1246345994448633856
1246345879616962562
1246345827766935554
1246345756774146048
1246345752386945029
1246345600431505408
1246345598820913152
1246345428985135104
1246345404070998022
1246345384542318594
1246345363692322818
1246345300530343936
1246345130837250048
1246344955825721349
1246344949257338880
1246344935059709952
1246344914184613888
1246344906919968769
1246344839953879045
1246344835952500736
1246344835876954112
1246344723092160512
1246344717220052992
1246344628141506565
1246344623125139457
1246344491860209664
1246344460054728706
1246344457978630144
1246344443764133888
1246344433785847811
1246344426814832645
1246344381122129926
1246344292630659072
1246344183658528768
1246344160640143360
1246344096958087168
1246344085159510022
1246344034899103745
1246343953131220992
1246343892762533889
1246343749430624256
1246343687770169344
1246343550167588864
1246343461252595712
1246343246193852416
1246343129130840065
1246343053633355777
1246343004547317766
1246343001879662592
1246342985438109696
1246342836473270272
1246342831427457024
1246342818232184834
1246342707351629827
1246342701529870337
1246342653354160128
1246342501453180928
1246342380682457088
1246342269906665472
1246342253246853120
1246342243423858688
1246342233609175040
1246342218182529024
1246342192815321088
1246342148552884224
1246341998950449153
1246341958475436032
1246341904846983169
1246341884215275520
1246341781903605761
1246341689209425921
1246341684964855809
1246341654463819778
1246341145535418368
1246341135380987904
1246341020570333184
1246340743687540736
1246340661332316161
1246340574715797504
1246340535004082176
1246340465953251328
1246340382180466688
1246340288722984960
1246340260147183616
1246340249221058560
1246340223019220992
1246340140651462656
1246340102680428544
1246340079280443397
1246340040533463041
1246339960892018693
1246339674718822401
1246339486277160960
1246339473220292609
1246339437413445632
1246339393805340672
1246339369532784641
1246339329481478146
1246339251035418624
1246339040221302786
1246339030746378240
1246339009313472512
1246338926887022593
1246338796926439424
1246338723110928384
1246338682325475330
1246338657197400066
1246338657075843072
1246338602616926208
1246338389391138816
1246338283669458945
1246338274152628224
1246338266292465665
1246338032585801730
1246337952399187968
1246337944358653953
1246337943448498176
1246337733687205888
1246337725558591488
1246337461602656257
1246337456829607936
1246337407521304576
1246337373778186240
1246337196510064644
1246337145754746880
1246336932545691648
1246336871812259840
1246336858910588929
1246336824622092293
1246336623664562178
1246336607768195072
1246336571873189888
1246336440197353472
1246336306222895104
1246336215491764224
1246335927196278784
1246335826725875713
1246335684010442752
1246335680789307392
1246335592079732737
1246335562036006913
1246335485947109378
1246335373468467201
1246335346536779776
1246335300433043457
1246335258678759424
1246335237669429248
1246335051945648130
1246334884467159040
1246334836417142784
1246334806662754304
1246334720931233793
1246334708184686592
1246334436733566977
1246334427996852224
1246334420866478082
1246334294446006273
1246334189009547269
1246334121804169216
1246333959321145345
1246333836713234432
1246333716533841921
1246333563542306816
1246333519447699457
1246333493010972672
1246333380393865216
1246333231378698241
1246333144132980736
1246333092731781126
1246332900347387905
1246332860258279424
1246332820353662976
1246332695740809217
1246332553897877504
1246332350977499137
1246332191543627776
1246332169166950405
1246332149567049728
1246332148950466562
1246332082864951297
1246332015236038663
1246331988233109504
1246331865394548736
1246331789372805120
1246331728177672192
1246331725157974016
1246331717205594113
1246331710389866496
1246331695781023744
1246331668660617218
1246331599395962882
1246331547122311169
1246331522757660678
1246331117751488513
1246330979700088832
1246330934292611072
1246330808631267328
1246330679262154753
1246330671779516416
1246330534902595584
1246330532436287488
1246330531337420800
1246330410742710278
1246330393890041856
1246330305797070848
1246330213878894592
1246330114218045440
1246329976451993600
1246329847615565825
1246329749422723083
1246329632783294464
1246329448137359360
1246329447738900480
1246329441388765195
1246329349088968705
1246329288586072070
1246329281275400197
1246329272937086977
1246329255719587840
1246329123431157761
1246329092393189376
1246329060713795584
1246328976215326721
1246328810217357314
1246328773873721345
1246328695851106304
1246328652205359104
1246328642541674497
1246328560291393536
1246328488715603970
1246328421967421441
1246328374387249157
1246328332834287616
1246328319982919680
1246328216593346565
1246328070761525248
1246327785683070977
1246327519340568576
1246327441242705922
1246327313639317504
1246327293812912128
1246327281188044802
1246327276179947520
1246327262393270274
1246327189282398213
1246327083883810823
1246326930590388231
1246326647416119297
1246326567174901760
1246326470781349888
1246326250123276288
1246326089364000768
1246326044430393344
1246325708546244608
1246325639625539586
1246325597724434432
1246325591231561729
1246325505374269440
1246325336339623936
1246325230588637184
1246325081321672704
1246325080000512000
1246325027269758976
1246324704241049600
1246324635899052032
1246324351735119872
1246324313789272064
1246324307292229633
1246324086785146880
1246323889870864384
1246323818865610752
1246323786871386113
1246323786317692929
1246323534911213574
1246323381064077312
1246323306770452481
1246323232388628480
1246323170380058624
1246323025911394305
1246323006269542400
1246322985625100289
1246322904100417541
1246322801969188867
1246322484309344261
1246322428600619008
1246322425811349505
1246322407905910785
1246322383360798720
1246322102774509568
1246321961560653824
1246321868132552704
1246321796959387648
1246321794992275457
1246321789929734144
1246321750692036608
1246321647126282241
1246321141465198592
1246320557072711683
1246320534012469250
1246320264662724608
1246319908574695424
1246319738403381248
1246319540826447873
1246319355312340992
1246319319161679874
1246319293144367104
1246319274576302080
1246319154275258368
1246319055662911489
1246319004253388800
1246318997815078914
1246318809281069056
1246318691773489152
1246318622240378881
1246318599792361472
1246318415503130628
1246318404799168512
1246318160183283712
1246318108404518917
1246317905773498369
1246317802572701698
1246317799611432960
1246317748185174017
1246317625296203776
1246317574935269376
1246317506433822720
1246317416029859850
1246317352838402050
1246317324380131328
1246317276141359104
1246317263965339648
1246317203701608448
1246317176589619200
1246316961442791426
1246316918094598145
1246316809352957952
1246316710782787585
1246316700603219968
1246316696790601729
1246316646614122496
1246316393148157952
1246316336172711942
1246316233361948672
1246316003878985729
1246315931887960064
1246315838585651202
1246315773456498689
1246315717663887360
1246315715415674883
1246315493180481536
1246315451346571265
1246315189441630208
1246315050538844162
1246314974504529921
1246314763203891201
1246314584736256000
1246314568357425154
1246314497683476480
1246314326492839939
1246314323506606080
1246314252455067648
1246314027866865665
1246313825902657542
1246313710127403009
1246313613800996864
1246313354035167239
1246313307407032320
1246313106529271808
1246312714428956674
1246312710444322816
1246312327424729088
1246312320214712322
1246312233547763712
1246311755107762177
1246311684370829312
1246310749451898881
1246310549778030594
1246310516894642176
1246310514298404864
1246310497827332096
1246310291429896193
1246310288426700801
1246310142158589952
1246310048466456577
1246309910650015745
1246309547993632768
1246309545967865862
1246309033834721280
1246308624475082752
1246308623925444610
1246308508871639040
1246308266747011072
1246307908188622848
1246307834582761474
1246307503794786305
1246307116178198534
1246307102844497924
1246306665294594050
1246306567408025605
1246306177887154176
1246306112267313153
1246305960035041280
1246305937591341056
1246305762995036160
1246305570937864194
1246305494429585409
1246305116027748352
1246304642071433216
1246304495702859776
1246304489038065665
1246303826241519616
1246302866232483852
1246302561017217024
1246302225917448192
1246301653877260290
1246301576307838976
1246301454714970113
1246301348397629440
1246301340105674754
1246301271054782465
1246300990191669248
1246300652613111819
1246300259086733318
1246300107118645253
1246300065817341952
1246299963463815168
1246299847478652928
1246298943635554304
1246298817911312384
1246298394961862659
1246298372593631232
1246297914076475394
1246297662657368064
1246297653186453504
1246297388081467394
1246297277439905796
1246296547064795136
1246296172282761228
1246296004573487106
1246295882720518146
1246295794027823104
1246295746837651457
1246294647971942402
1246294556062220295
1246294406447202304
1246294066167504896
1246294041588834305
1246293702902976512
1246293263507734528
1246292791799484422
1246292703433949185
1246292082379108352
1246291785170771968
1246291757169553409
1246291419620429825
1246290814919213056
1246290647633530881
1246290320767229952
1246290221148315649
1246289494665498624
1246289374066757633
1246288625899384832
1246287641949229056
1246287138531966978
1246286907903897601
1246286495629139968
1246285997563883520
1246285734539145225
1246284056507092993
1246283737568026625
1246282350062960640
1246282278252265472
1246280973022625793
1246280182501122048
1246277216671055872
1246276452720562178
1246275310640914432
1246274765020704778
1246274504088838145
1246274264149438467
1246273750183493633
1246271881902092289
1246269292963823616
1246268940617121793
1246268047951826944
1246263919192223746
1246263320304398336
1246261766398631937
1246261731464302593
1246261405524819974
1246261012279549952
1246259415239602182
1246258982026706944
1246258735519084545
1246257367290974208
1246257289805299712
1246257245299580928
1246257112348594176
1246257071848337408
1246256308430364672
1246254290454360064
1246252816479531008
1246251810299555844
1246251730410577920
1246251688052363264
1246251541427716096
1246251340873052161
1246251281485901826
1246250162982453249
1246249955381182474
1246247416640294915
1246246759220862979
1246246563741159424
1246246185691754498
1246246000831987712
1246245833269542912
1246245181306875913
1246245059311403008
1246242613474320385
1246242371622383617
1246242276352962562
1246241889201897473
1246240954945806336
1246239401342046209
1246237975765225472
1246236718598164482
1246236505997271040
1246235210901053441
1246235159411785728
1246235025068232704
1246234841777135616
1246234590173372421
1246234520560566273
1246233208447959043
1246232502215356417
1246231581519462402
1246231380725465088
1246231258381910019
1246231072649744385
1246230943607721986
1246230925052010497
1246230318023159808
1246230292555333632
1246229785887625219
1246229539782615041
1246228332263374848
1246228159684542464
1246228021679398912
1246227496695214082
1246227337244487690
1246227330038718470
1246226682182340608
1246226532852514817
1246226528356179969
1246226452292534276
1246226301503102977
1246226260898037760
1246226029980651522
