1253473477140627456
1253473018258522119
1253472323035947010
1253472279280996355
1253472275170562050
1253472220904595459
1253471972044017664
1253471941350043653
1253471919451574273
1253471519952580625
1253471464243843073
1253471453992882177
1253471280373944320
1253471185356025857
1253470548048384001
1253470522052132865
1253470411351830528
1253470246301831170
1253470224629878785
1253469470514917376
1253469444636057600
1253469313245339653
1253469246547472384
1253469233461280773
1253469134077267970
1253468921124081670
1253468824281722881
1253468802215526400
1253467820819652609
1253467428727767040
1253467420594970626
1253467204055699456
1253467051672379398
1253467010266251264
1253466969069817856
1253466670951272449
1253466368630034439
1253466338971938816
1253466072063361030
1253466070075269120
1253466020406333440
1253465981307039745
1253465837727604736
1253465641291522049
1253465601663787009
1253465578565664769
1253465539151908866
1253465536542973952
1253465223249436678
1253464637758201857
1253464379808456704
1253464377036017669
1253464215425335296
1253464087868182530
1253464038606098432
1253463362064744455
1253463100826804231
1253463030110830592
1253463008589877248
1253462895763079171
1253462735830081536
1253462695707324417
1253462692813209600
1253462502337282053
1253462208912273408
1253462129996378113
1253462050745061376
1253461995250167818
1253461913960316928
1253461769143701505
1253461641993338881
1253461633776652288
1253461510564859906
1253461395569618944
1253461159312670721
1253461153100988417
1253460639630217216
1253460622886526976
1253460512546926594
1253460192974573568
1253460112712269826
1253460001643008000
1253459894386245633
1253459789021093893
1253459565640851458
1253459414318755847
1253459359629279233
1253459256944275457
1253458952622428163
1253458651836276738
1253458509146046473
1253458323682332679
1253458275565211651
1253457952566018050
1253457942290055170
1253457936074113029
1253457836635566083
1253457639184400385
1253457360795901956
1253457349756563463
1253457233578463233
1253457072538206210
1253457044436287489
1253456882624278533
1253456743998337027
1253456729326616577
1253456684766330888
1253456538016104453
1253456436077703168
1253456286601134082
1253456277914738690
1253456221392297984
1253456045256687617
1253455977111846916
1253455881670361089
1253455815484325890
1253455787751608328
1253455767878938633
1253455719526993922
1253455705476157442
1253455703441899526
1253455559900172289
1253455545102712832
1253455521639796736
1253455516275290112
1253455415532191745
1253455248712241152
1253455178759434240
1253454836147912707
1253454813888733188
1253454697727492096
1253454637182656519
1253454608388718592
1253454531817541638
1253454495067131907
1253454494513467392
1253454490918965249
1253454487345401858
1253454440759164928
1253454265072451585
1253454086957129728
1253454069424893954
1253453995705851917
1253453963304882176
1253453935714672642
1253453839975489540
1253453693715955719
1253453646924300291
1253453556562251777
1253453439499210753
1253453426790367233
1253453410319446021
1253453285912203266
1253453280333660162
1253453266257575938
1253453265804693506
1253453220619395079
1253453218794876929
1253453114432262150
1253453090520535042
1253452911033622529
1253452801411252224
1253452728212369416
1253452719018463237
1253452676152647682
1253452408857952256
1253452392651198464
1253452267338022912
1253452184320192513
1253452009673457664
1253451888734986241
1253451872859496451
1253451846221312000
1253451709873037318
1253451415533629441
1253451214987067397
1253451123727482880
1253451112562253826
1253451084951162880
1253450880172675075
1253450845594812420
1253450373819518978
1253450156252508161
1253450008709521408
1253449946554085376
1253449645822484480
1253449613245394951
1253449560514584576
1253449446140059648
1253449443019554822
1253449172872814593
1253449107911442432
1253449087023792128
1253449047131795456
1253448991368523776
1253448936527888395
1253448868706091009
1253448858266460162
1253448803664920577
1253448666255327242
1253447928821297152
1253447886693634049
1253447774764498950
1253447766807842816
1253447728908156932
1253447699657039872
1253447669227421700
1253447650931871749
1253447612449071110
1253447608984580098
1253447585802715136
1253447556169904128
1253447540290306054
1253447281556275201
1253447249192980480
1253447183921266689
1253446941146562562
1253446688234246146
1253446395312443392
1253446359719579648
1253446265918062600
1253446226189615107
1253446159303131139
1253445896337006593
1253445894621532162
1253445847473426438
1253445786660212738
1253445762433810435
1253445749200781328
1253445697141198848
1253445672692518912
1253445453686943745
1253445407016919040
1253445359583531009
1253445291619110912
1253445265832521728
1253445206181130241
1253445110458658816
1253445066271703040
1253444955126804487
1253444902597406725
1253444718006022149
1253444650255466500
1253444559645925379
1253444474828709888
1253444361343438848
1253444286340874242
1253444273527291907
1253443975777849346
1253443898443169792
1253443842621296644
1253443784911785995
1253443694214238208
1253443126351593473
1253442957946085376
1253442954431266818
1253442953563037697
1253442839675109377
1253442781370032133
1253442494202814473
1253442356352897024
1253442281790636036
1253442107051773952
1253441896053170178
1253441555471437825
1253441482956120066
1253441311648120833
1253441224398311425
1253441206660579335
1253440965806665728
1253440919006830595
1253440904670650368
1253440832113344512
1253440726253346820
1253440650269335561
1253440620762468359
1253440555394220034
1253440363576115214
1253440054481104902
1253440004522737664
1253439938030374915
1253439838566649856
1253439783554162688
1253439771097079808
1253439597452890113
1253439578372857856
1253439464535404555
1253439319961939968
1253438959838998528
1253438887084490753
1253438746239946752
1253438682259951616
1253438505092632576
1253438500353069056
1253438496049467392
1253438293355749379
1253438171813052417
1253438160626909184
1253438153953812481
1253437937188028417
1253437491421433862
1253437419988246528
1253437371762323456
1253437274202820608
1253437260705304579
1253437183874211840
1253437148298010626
1253437131147538439
1253437056606326784
1253436990793510914
1253436797255929857
1253436476567646211
1253436438453948416
1253436385064706057
1253436338021392384
1253436075428675584
1253436051571347461
1253436010463203329
1253436005362753541
1253435813997805570
1253435800328400896
1253435799623753731
1253435761044541447
1253435711786676226
1253435701330243592
1253435693604298755
1253435680505511946
1253435618773700609
1253435617444167680
1253435614478733319
1253435516084580352
1253435484702830594
1253435452226330628
1253435449890099200
1253435264568971271
1253435258998894592
1253435163519959040
1253435146281205761
1253434937266458626
1253434861219573761
1253434824158666752
1253434817846206466
1253434804638322688
1253434787508793347
1253434730030063620
1253434608122597378
1253434606004473866
1253434582872932355
1253434346855251972
1253434316547219456
1253434273433976832
1253434225446891521
1253434176667152386
1253434136678694913
1253434083696357376
1253433932726407169
1253433750517682177
1253433646343573507
1253433449534197761
1253433444048097280
1253433425073184768
1253433405397626882
1253433398124843008
1253433365283237891
1253433314083401729
1253433256994717704
1253433162664783878
1253433137096318979
1253433010831032322
1253432832761802753
1253432817628745734
1253432452804034562
1253432448953626628
1253432427126460416
1253432229931347968
1253432221228101635
1253432209626656769
1253432206808117248
1253432153322344448
1253432150759600129
1253432077967519744
1253432018840346630
1253431898937847811
1253431825222918146
1253431776027922434
1253431635778789376
1253431612601032716
1253431607295270915
1253431500399206400
1253431445797761027
1253431442660405250
1253431338872344576
1253431321243738112
1253431307364782080
1253431300553244673
1253431258341756928
1253431228478283776
1253431198098964480
1253431007681732608
1253430988740284433
1253430878757285893
1253430864689520642
1253430863477436421
1253430852555427841
1253430544664158210
1253430522128166912
1253430501748031492
1253430396630364160
1253430351050895360
1253430276857839619
1253430274500640770
1253430086088327169
1253430070191906819
1253429996451803148
1253429833708658691
1253429807989141505
1253429783230214144
1253429740796407808
1253429721234157568
1253429634022006792
1253429561879957504
1253429370338729985
1253429346796056576
1253429254269702146
1253429156332703753
1253429118915342344
1253429063512809475
1253429033917804547
1253428996810739713
1253428976803971073
1253428858520432643
1253428831144177666
1253428597257146368
1253428564805865472
1253428562603814915
1253428514369310726
1253428508312788992
1253428504948961283
1253428363533807617
1253428294709477377
1253428291236540421
1253428090748858371
1253427966803013633
1253427841489747968
1253427735596199936
1253427505312051201
1253427483258454017
1253427419886743556
1253427409296060420
1253427239242231811
1253427210360250368
1253427074859061259
1253427070673154049
1253426976703963137
1253426838321283073
1253426790803992577
1253426608121057280
1253426515464712201
1253426417179619329
1253426390302486536
1253426305053257731
1253426208974368770
1253426167127793664
1253426116775145473
1253426003302440961
1253425888286240768
1253425819256422400
1253425809743699969
1253425766433304576
1253425702226915328
1253425679296679938
1253425650150436866
1253425633444507654
1253425526124851203
1253425487512100864
1253425461230661636
1253425182053502977
1253424986108260352
1253424956077035522
1253424887944765441
1253424883377168391
1253424819523088386
1253424799486898177
1253424686773362689
1253424646982008846
1253424467549712386
1253424403364245504
1253424274590720000
1253424259835158542
1253424180940292096
1253424098199261185
1253423934021627904
1253423845211439115
1253423610389082115
1253423585508462598
1253423569981173760
1253423569901465604
1253423516851953664
1253423512682852353
1253423438787604480
1253423285104029705
1253423276954509316
1253423206045609985
1253423089494355970
1253422896665391106
1253422813593001984
1253422798447341569
1253422795268124673
1253422692385951744
1253422685054398470
1253422677592694784
1253422664594542593
1253422580289044487
1253422563247583232
1253422558180868096
1253422375523106826
1253422272745881603
1253422189912580096
1253422101194661890
1253422063299125249
1253422061508157440
1253421896390991879
1253421876010823680
1253421840401235969
1253421765608345601
1253421685857906688
1253421677335023617
1253421634972561408
1253421518740000771
1253421391686193157
1253421384568471559
1253421349575376897
1253421315983200258
1253421307460345863
1253421302179717122
1253421251512594432
1253421196227432454
1253421077482532869
1253421068686987271
1253421016316964865
1253421009245401090
1253420965943369734
1253420924654587907
1253420791326052354
1253420746312781829
1253420681418530818
1253420615966486532
1253420587906547713
1253420417462620167
1253420409996718081
1253420392762335234
1253420332158861313
1253420281802047488
1253420269533687810
1253420114424115200
1253420047881474049
1253420047332073477
1253419993510760452
1253419928561975296
1253419926536114178
1253419888611225602
1253419885180227586
1253419809984835587
1253419800392417289
1253419784298876932
1253419686571565062
1253419607815188480
1253419537132744711
1253419439111864328
1253419414013132801
1253419357469724673
1253419302968979456
1253419174610653187
1253419132386635778
1253419042251042817
1253418964891267074
1253418672481136642
1253418619448377356
1253418609042321414
1253418343874260997
1253418288429719557
1253418258146811905
1253418181055504384
1253418146502832130
1253418078999769089
1253418047043334148
1253418008900284416
1253417968655974404
1253417936766644225
1253417903547748352
1253417867564904450
1253417822388019201
1253417732214648834
1253417714854449152
1253417641949016072
1253417630972534784
1253417617022312451
1253417593882304512
1253417385890967556
1253417308669665281
1253417212297179141
1253417134526361601
1253417099428458499
1253417075936096256
1253417062757625863
1253416984424796163
1253416944373383176
1253416920478449665
1253416890631745536
1253416881714683904
1253416851574382596
1253416744787406849
1253416741218029579
1253416712046706689
1253416607382028290
1253416506324475907
1253416489077469185
1253416459050422274
1253416447474204674
1253416384308015105
1253416365685305344
1253416361008566274
1253416233703112708
1253416209174806535
1253416207316746251
1253416111539777538
1253416052056158209
1253416041255825409
1253415997559590913
1253415966140100608
1253415849483894784
1253415787055833090
1253415777379610632
1253415723579236352
1253415718667694088
1253415577114140673
1253415372629237760
1253415308850630661
1253415168744124418
1253414882977824772
1253414879400128518
1253414807329357829
1253414737200611330
1253414705084809217
1253414703381934083
1253414645081108480
1253414528391372803
1253414049452134402
1253413837723729924
1253413733105143809
1253413675597049859
1253413659310620672
1253413651861528578
1253413404494008325
1253413399620227072
1253413340971331587
1253413276756500482
1253413169558515712
1253413086494470144
1253413073479557121
1253412943208697856
1253412799868334080
1253412739625521157
1253412648894386177
1253412648319774720
1253412609417601027
1253412494262984705
1253412478140076032
1253412447399972864
1253412293171273737
1253412255128928256
1253412224908980224
1253412198187012100
1253412122580541442
1253412106654724099
1253412085947490311
1253412015281856512
1253411997930016768
1253411752550608899
1253411684296744962
1253411629263249411
1253411526263730177
1253411510639984646
1253411499269222400
1253411490616369157
1253411490444439552
1253411430998532096
1253411415240486917
1253411386836742144
1253411336719003648
1253411332117807113
1253411316032606208
1253411278770434051
1253411264098795522
1253411172428046337
1253411170230267904
1253411145223831552
1253411097396121602
1253411080472129536
1253411006589464582
1253410964080259072
1253410927862407168
1253410917007540224
1253410889190961154
1253410854613037057
1253410849504391170
1253410846287392768
1253410831439519744
1253410818806312960
1253410818227441664
1253410800405897216
1253410789232267272
1253410770282397696
1253410745133355008
1253410733578088449
1253410625432154113
1253410617123172353
1253410493944848384
1253410287828430848
1253410283709591554
1253410204382715904
1253410202625306624
1253410138825691137
1253410074384429058
1253409967547142144
1253409935108370432
1253409924492615682
1253409889113653249
1253409880280412160
1253409875595423744
1253409849741729794
1253409718103490561
1253409611371016195
1253409541644931072
1253409506907680768
1253409310224158725
1253409226380193792
1253409225130139648
1253409188421799936
1253409124903075841
1253409088957898752
1253409087007584257
1253409014861332482
1253409004878872576
1253408756009857032
1253408688146190344
1253408610995982336
1253408533124493313
1253408387053662208
1253408183613222912
1253408094408728576
1253408054583996416
1253408047721930752
1253407952486055938
1253407775092207616
1253407761246945282
1253407694959988737
1253407656997343233
1253407544254648321
1253407529209479170
1253407444866420737
1253407333012525056
1253407300720775168
1253407186455330816
1253407053168738305
1253407052761911296
1253407002992222209
1253407001146798080
1253406926660124672
1253406869118496770
1253406856149643267
1253406767272407041
1253406759538040835
1253406625550999559
1253406598598451200
1253406563550846976
1253406528926859269
1253406519590375424
1253406471787855873
1253406413638033408
1253406343836336128
1253406343496679425
1253406182368325634
1253406153763143687
1253406144288210947
1253406140563632140
1253406134297333762
1253406052617457664
1253406040802168833
1253406038973394948
1253405878075695105
1253405874657386499
1253405806118174728
1253405774153424896
1253405769329979392
1253405744428441608
1253405716360167424
1253405642330693632
1253405499384631296
1253405461510066183
1253405389292535808
1253405263941505030
1253405228663275522
1253405139362353155
1253405061595705345
1253405023721177089
1253404663862513664
1253404643570393089
1253404633881509889
1253404599312138243
1253404425470775296
1253404397352169473
1253404375759847426
1253404309066219526
1253404251902148609
1253404238023188481
1253404204070289411
1253404178086604800
1253404095827922944
1253403874481909771
1253403854928044034
1253403752901550081
1253403745511235585
1253403678675021825
1253403626971762689
1253403577953005569
1253403502103138313
1253403491034374145
1253403483388157952
1253403472105558020
1253403398340259842
1253403377146478592
1253403352458833921
1253403279427604484
1253403218660528132
1253403143175626752
1253402904934977536
1253402798508724226
1253402655365488640
1253402644518969344
1253402601766387712
1253402601519013889
1253402526516469761
1253402436875825158
1253402403925299205
1253402276410130432
1253402271087562752
1253402192658210821
1253402071166001153
1253402067982594049
1253402007072841736
1253401958657986563
1253401924189257729
1253401895277912066
1253401862675599362
1253401815653244930
1253401631296761858
1253401555908341762
1253401519514419201
1253401515877961730
1253401433313067008
1253401416657522698
1253401264613982209
1253401063631343619
1253401062591074304
1253401002449002496
1253400969557225472
1253400909826207744
1253400906042925061
1253400858320146433
1253400856445227008
1253400742091804677
1253400635246030849
1253400630179348480
1253400623162232834
1253400571698126849
1253400209788334080
1253400184807186432
1253400110735798274
1253400068473962496
1253400012744245250
1253399976748687365
1253399951184445440
1253399941982171139
1253399937129349125
1253399881496039434
1253399809341480960
1253399769508184071
1253399674842681344
1253399669176250370
1253399601928962056
1253399565245526016
1253399537168912384
1253399514884513793
1253399486220697600
1253399413051068416
1253399371749773317
1253399337180303362
1253399258067329031
1253399114441785345
1253398993792622593
1253398890436583425
1253398798153416708
1253398775714009091
1253398734983041040
1253398687293886464
1253398632105152515
1253398584088813570
1253398501976834048
1253398497828777984
1253398338696892416
1253398293142536193
1253398240948563978
1253398154361344002
1253398134828478464
1253398104864423941
1253398086254198788
1253398005140656130
1253397982403350528
1253397888933285888
1253397877235355650
1253397871539433473
1253397867630407681
1253397841634037761
1253397647416795138
1253397619205984257
1253397491581628421
1253397403492810754
1253397371876229130
1253397261628964865
1253397237373206529
1253397168100184071
1253397140652675072
1253397095228354562
1253397030543806465
1253396960586973185
1253396799198461955
1253396791099301890
1253396776033423365
1253396573645680643
1253396536173760512
1253396501218447364
1253396389649883136
1253396388555218945
1253396319001096193
1253396280082128897
1253396248650035202
1253396137316429825
1253396130504806400
1253396074355662852
1253396074301095937
1253396056869679105
1253396006919704576
1253395930444902404
1253395861930946561
1253395845317382145
1253395792137719809
1253395737766846465
1253395555675508736
1253395501950603264
1253395416374272006
1253395340339941376
1253395114061443073
1253395067429101568
1253395055035002880
1253395053613023232
1253395021430165509
1253394853150502913
1253394836440391680
1253394821781303302
1253394583683313666
1253394544990793729
1253394460345589760
1253394446718205956
1253394412807348225
1253394388727857155
1253394351968980993
1253394252119322624
1253394233920274432
1253394177989238784
1253394145047203846
1253394093155237893
1253394086146564096
1253393998510768131
1253393997806153728
1253393988264099843
1253393957381341184
1253393954281795584
1253393950687268864
1253393732080152581
1253393676086185986
1253393667135614977
1253393589993906181
1253393565759176705
1253393510067208195
1253393394099007491
1253393375866257408
1253393359265300480
1253393239933140992
1253393162887806976
1253393131623587840
1253393064648982532
1253392976702771203
1253392872432427008
1253392798126047233
1253392764718526464
1253392698788192257
1253392562334941184
1253392534719561729
1253392523797692417
1253392522979704832
1253392382932013064
1253392340938604547
1253392252241620993
1253392222860476416
1253392183023013888
1253392113020043266
1253392097023078402
1253392062591963136
1253392061216296961
1253391951061291009
1253391913920745472
1253391878067826690
1253391857238884354
1253391716524179458
1253391677433274369
1253391660572082177
1253391609405767686
1253391503986167809
1253391450512986114
1253391417818439680
1253391372054380544
1253391330165903362
1253391171902222336
1253391111697190913
1253390977894621184
1253390929643417601
1253390750148157441
1253390614089084929
1253390474833952768
1253390278427361281
1253390275805720576
1253390272727261184
1253390264913268741
1253390227554603008
1253390175864074240
1253390130229972993
1253390023350792192
1253389959064702976
1253389839594147849
1253389785688944641
1253389724070354945
1253389675131273216
1253389650313560064
1253389649399160838
1253389554553323522
1253389245458366467
1253389225699037184
1253389219617214467
1253389093557473281
1253388965048180736
1253388942621245444
1253388935272767494
1253388857837588481
1253388826946482176
1253388796114149376
1253388761737633799
1253388734436970497
1253388718490243074
1253388559035359233
1253388558146179072
1253388197586964486
1253388131446988805
1253388015931666434
1253387961401585665
1253387747907297281
1253387697667833857
1253387665220743168
1253387619431522305
1253387543082676227
1253387410945323011
1253387288836481035
1253387229831090181
1253387179381927936
1253387030161002496
1253386844600971265
1253386843451621376
1253386834224259074
1253386785918529536
1253386581483929601
1253386552400625665
1253386500634562561
1253386441037676545
1253386184400801792
1253385963172225024
1253385953672138756
1253385885044924416
1253385727368404993
1253385674436345856
1253385674012663809
1253385627292192768
1253385593746309120
1253385553623597056
1253385549777436672
1253385547537620994
1253385504445411330
1253385492873318406
1253385410413236224
1253385403375157249
1253385294277218308
1253385004861788163
1253384889359089664
1253384856702246914
1253384781657587712
1253384738481504260
1253384695238311936
1253384545891766273
1253384532306378753
1253384485812518912
1253384474378874883
1253384461602955265
1253384425875951619
1253384336843460609
1253384287245799424
1253384245927706630
1253384145767628801
1253384106861264897
1253383976963768320
1253383938812317698
1253383751452823553
1253383679851847680
1253383597463134214
1253383519537115136
1253383347591675907
1253383308920197120
1253383300686766080
1253383287223058437
1253383166590480384
1253383151163830272
1253383062597050368
1253383009069342722
1253382988647280640
1253382984511762432
1253382897341468673
1253382699143835651
1253382665178353664
1253382641174413316
1253382575311241218
1253382572555591685
1253382522353967105
1253382489055334400
1253382271954038784
1253382169835319300
1253382131071492096
1253382069666951169
1253381907208904704
1253381887151783937
1253381547765399552
1253381436494708736
1253381357348233222
1253381333369458690
1253381310430744580
1253381306085527558
1253381293355741189
1253381202624548865
1253381191715225600
1253381179631456267
1253381155795218432
1253381155187015681
1253381036433702914
1253380949808689157
1253380936189837322
1253380891801460737
1253380838420557825
1253380754983325697
1253380676553932800
1253380659881611266
1253380659801993216
1253380643351941120
1253380611261239296
1253380496089927684
1253380477748162562
1253380387247656962
1253380365047209989
1253380332096806917
1253380249401909248
1253380234042380289
1253380206523559943
1253380172205752321
1253380128081678336
1253380118401159170
1253380116941504514
1253380077661966338
1253380064042987521
1253379781997080576
1253379710119292930
1253379687235158016
1253379651566780418
1253379370351308802
1253379344375918593
1253379298037284865
1253379269889228802
1253379191229349891
1253379001088966656
1253378932579205121
1253378863100542978
1253378852673503235
1253378743315431424
1253378668316983302
1253378562310025216
1253378514423857152
1253378483897720832
1253378338200211457
1253378307703181313
1253378178577563648
1253378171568783362
1253378130523406336
1253377902248439809
1253377854483714048
1253377761974067202
1253377732991385604
1253377647457042435
1253377636560252928
1253377628800724992
1253377611029504005
1253377509170786307
1253377492183928832
1253377450781872128
1253377414589186048
1253377361028005888
1253377242429820929
1253377211786244100
1253377177602519040
1253377145377824769
1253377105716490242
1253377049722523648
1253377037156462594
1253376966574706689
1253376934828019714
1253376931829092353
1253376925642489857
1253376866527989762
1253376863084445702
1253376786039267335
1253376676307877888
1253376609568075784
1253376477262942208
1253376416076488704
1253376368144003072
1253376296069091329
1253376167148650497
1253376099624595459
1253376092972384258
1253376092725022722
1253376032385761282
1253375900453920769
1253375889833963523
1253375887971680259
1253375877330743297
1253375845110108160
1253375785462902785
1253375700314316800
1253375692131258378
1253375687899123712
1253375684728233995
1253375670429847552
1253375648346902528
1253375621796954113
1253375595444162560
1253375247438483458
1253375216274870272
1253375213162692608
1253375026973245440
1253374942839820289
1253374935361257472
1253374921864085505
1253374879447080963
1253374819065909249
1253374778209157120
1253374730742177796
1253374650484129793
1253374592393101312
1253374570813407232
1253374558368927744
1253374433403772928
1253374230013587462
1253374213043478529
1253374052267364361
1253373935514779648
1253373853058957313
1253373809551343620
1253373796083544064
1253373626310627329
1253373583717355525
1253373573932240899
1253373532249169924
1253373512250728448
1253373455749300229
1253373421620166663
1253373324291440642
1253373321351172101
1253373297225539584
1253373094682595336
1253373085132046337
1253372915808112640
1253372858992074756
1253372749738901505
1253372742759481344
1253372735717347330
1253372705962954752
1253372679266152449
1253372575629094914
1253372504309104641
1253372495735992321
1253372488240807936
1253372481374748675
1253372278147932165
1253372247156371456
1253372107674836993
1253372060774076417
1253371941848670209
1253371910659997696
1253371818334777345
1253371787993403397
1253371641255559168
1253371587866345472
1253371557537353731
1253371556883038208
1253371488167657475
1253371409688137730
1253371352578490368
1253371342830866434
1253371245082611715
1253371175813742594
1253371127562481667
1253371098642690050
1253371091747299332
1253371033589092353
1253371017642283010
1253371004581294082
1253370889711816704
1253370760057573376
1253370693149958150
1253370623805591553
1253370605438713858
1253370508864892929
1253370473200726024
1253370331064139781
1253370241624805383
1253370135496228865
1253370071747100674
1253370035445411841
1253370006617849858
1253370003413438464
1253369942201774082
1253369880956538880
1253369789705342978
1253369752971599872
1253369704359563268
1253369693664092160
1253369672583581696
1253369651649748993
1253369581638488064
1253369528140136448
1253369511706791936
1253369504631066625
1253369383814037504
1253369284144832512
1253369093673156621
1253369081270546434
1253369063679631363
1253369051155496963
1253369018465112070
1253368931252948992
1253368905646645252
1253368883106414592
1253368872746582018
1253368817700536321
1253368797525835777
1253368793465790464
1253368766219649026
1253368744962899970
1253368726692540421
1253368724406534145
1253368723261534211
1253368664524500993
1253368623135166464
1253368521293287424
1253368494403596293
1253368422014074881
1253368353223258115
1253368249439395840
1253368190853357570
1253368165700177920
1253368120447840256
1253367975010349059
1253367961408221187
1253367960728633344
1253367955846553601
1253367902713131008
1253367872828715016
1253367802691497986
1253367750589849612
1253367737063268352
1253367659003105282
1253367614736384000
1253367612911824897
1253367589516050434
1253367568678748166
1253367557672833030
1253367523808096256
1253367520255492106
1253367519882162177
1253367468443283457
1253367467780575232
1253367429411069952
1253367409551040519
1253367357055082502
1253367346724560899
1253367346628046853
1253367300524257286
1253367293670756362
1253367262012153856
1253367187382898691
1253367182781751296
1253367143242125313
1253367070290558979
1253367054083805185
1253367002720276481
1253366972571680769
1253366917231976455
1253366882993872896
1253366755357011973
1253366638063149056
1253366547944550400
1253366541032325125
1253366403761135617
1253366367346216964
1253366289688600576
1253366227755585536
1253366216414179328
1253366215306870784
1253366205303455750
1253366150139981832
1253365967847129088
1253365959332712453
1253365913073713160
1253365749399400453
1253365698660728833
1253365558906695681
1253365540174696448
1253365532704866306
1253365526849437696
1253365456704081926
1253365423187386368
1253365293075836932
1253365288801837056
1253365281784766467
1253365279230394370
1253365275367485448
1253365252600860674
1253365199605809152
1253365189610811398
1253365158954631174
1253365106039193603
1253365094714613764
1253365056135454727
1253365009327030279
1253364933766545408
1253364932453769220
1253364839419981824
1253364779852365829
1253364733480185856
1253364704950603776
1253364696469643265
1253364690647945216
1253364662260858880
1253364634570063872
1253364572054065153
1253364539741143043
1253364513694457860
1253364508715888640
1253364449420943362
1253364361562918917
1253364306382594049
1253364274505940992
1253364270294806530
1253364267815927808
1253364263160369154
1253364259200745473
1253364239865204742
1253364230901899264
1253364178708037633
1253364168012546050
1253364146533515264
1253364142922248192
1253364134827130886
1253364025141977089
1253363922352181248
1253363897140236292
1253363829066653696
1253363790726529024
1253363747437109248
1253363643892334593
1253363619418554369
1253363481816039431
1253363467882545153
1253363467614072832
1253363399737704449
1253363303901995009
1253363257479516160
1253363209316315137
1253363153913745409
1253363068685488129
1253362969418829824
1253362906676301825
1253362863881818122
1253362832101474305
1253362800447164417
1253362795665600513
1253362789223202818
1253362749016543234
1253362711716560898
1253362648470761473
1253362643408207879
1253362595605684224
1253362470703583234
1253362444107464704
1253362323814785025
1253362278994501632
1253362234262196229
1253362160111157249
1253362155933577216
1253362072043298824
1253362062182486018
1253362014556164102
1253361979617693705
1253361978413846531
1253361872167936001
1253361869953347584
1253361779658416129
1253361722230034432
1253361690302910465
1253361571084075008
1253361529615003654
1253361511814311937
1253361403697737731
1253361396370362370
1253361318641500162
1253361233408991234
1253361169919881218
1253361152484085761
1253361087334027271
1253361084951650307
1253361031885344768
1253361000977510400
1253360998314119169
1253360945071611910
1253360848292249603
1253360762409664513
1253360756961300481
1253360723025068032
1253360660827836416
1253360643023032321
1253360580901175305
1253360566325981185
1253360555592765440
1253360554317619201
1253360551046111234
1253360537292943361
1253360474453872646
1253360456691040261
1253360421219840000
1253360395181588480
1253360367113297921
1253360298964201472
1253360198187659270
1253360161248489473
1253360143624003584
1253360115761254406
1253359970583805953
1253359966972522498
1253359907593687042
1253359902086631426
1253359864526573568
1253359843630596096
1253359781886205952
1253359739607678981
1253359706447454208
1253359516294537216
1253359393313357827
1253359306919026690
1253359257388531714
1253359246370123776
1253359236530278402
1253359216804446208
1253359214044631040
1253359142745579522
1253359046884720640
1253359031315509248
1253358979385823232
1253358869830610946
1253358860993265666
1253358828957073409
1253358822179196931
1253358774485766144
1253358729526943745
1253358703954321408
1253358625034305536
1253358579085651969
1253358489013039104
1253358438983311360
1253358434604498944
1253358427465674752
1253358413553246208
1253358295047380993
1253358247102251016
1253358231033962499
1253358196519063552
1253358171663499264
1253358166533963777
1253358115694706691
1253358065224728576
1253358049101787136
1253358020056289284
1253358002872205312
1253357977861591042
1253357951835869184
1253357855345913857
1253357669672517641
1253357651918041089
1253357629570797574
1253357579251703808
1253357501866795008
1253357496808415232
1253357461014274048
1253357455540654081
1253357424926437378
1253357401421631489
1253357387685277696
1253357378097033219
1253357353044447238
1253357306131161089
1253357251643019264
1253357153890570240
1253357150996488193
1253357080808960000
1253357045203505155
1253356976362397697
1253356923740721154
1253356832523014144
1253356754328588288
1253356738906075136
1253356638402199552
1253356408931786754
1253356399666618369
1253356221513568259
1253356211250003970
1253356187887730690
1253356160142508033
1253356158557007880
1253356148197113857
1253356051367432193
1253356039887609858
1253356027778601094
1253355922535129088
1253355798291513347
1253355731757211648
1253355640480727046
1253355595270361090
1253355505864638470
1253355301128024068
1253355270723506182
1253355268043345922
1253355255007510528
1253355198954774530
1253355099344289793
1253355006176178178
1253354986257428485
1253354983296323584
1253354558111309830
1253354462237921280
1253354451940892676
1253354378653810688
1253354205512978432
1253354175351701505
1253354115318546433
1253354048809566210
1253354011262058506
1253354010209333254
1253353931683639300
1253353895172231168
1253353847914987522
1253353572529561601
1253353522747277313
1253353275438620673
1253353217817300992
1253353160883789825
1253353143603249153
1253353032848375814
1253352892628688897
1253352817789632519
1253352541259210754
1253352472485208067
1253352303698026496
1253352224987787269
1253352222576054274
1253352208118296576
1253352082276528128
1253352078774239233
1253351900818419713
1253351439621074945
1253351413121454088
1253351276735315968
1253351156232978438
1253351044144340998
1253350899784744961
1253350808680349698
1253350750245322752
1253350720377688073
1253350708105142276
1253350694284820482
1253350647136690176
1253350585404928001
1253350556317495296
1253350400129982465
1253350377971466240
1253350355754156034
1253350301744193538
1253350288221769732
1253350208018268161
1253350161734160386
1253349983094521857
1253349963389636608
1253349947631681537
1253349943861039105
1253349785169469441
1253349778961940482
1253349532890468352
1253349532592680961
1253349522790637568
1253349451160334338
1253349425931603970
1253349421514985474
1253349400765779969
1253349347384836097
1253349327663235088
1253349306662256642
1253349193785245697
1253349181445623808
1253349179759439872
1253349138890141702
1253349128756703234
1253349094334107651
1253349052877594624
1253348918215262212
1253348876062425089
1253348872388296708
1253348839618236419
1253348829530918916
1253348731157712898
1253348612190408707
1253348479046483969
1253348416941445120
1253348325665001472
1253348294165659649
1253348005006192640
1253347931572375553
1253347906129670145
1253347622238158851
1253347610544558082
1253347586901184513
1253347518982782981
1253347489283014656
1253347481301266433
1253347366209499137
1253347324048429056
1253347252682309635
1253347150815248394
1253347047048175618
1253346848347172865
1253346840512204802
1253346799882035200
1253346787391397896
1253346785872969733
1253346682282090497
1253346394758414336
1253346359647834118
1253346285568045058
1253346242194812930
1253346156438003714
1253346074573647878
1253346068458283010
1253345891064451077
1253345856696221701
1253345799951585280
1253345793018339328
1253345744976842753
1253345714324811776
1253345710407405568
1253345692275421185
1253345689779740672
1253345660868452353
1253345571496214530
1253345557352939521
1253345552709890048
1253345529087565825
1253345470518300672
1253345445146959873
1253345311583584256
1253345280793116673
1253345274434654208
1253345164854284288
1253345038903521282
1253344997174321157
1253344803955388417
1253344741925752838
1253344674359771137
1253344662900875264
1253344629107437570
1253344507548127241
1253344457363271680
1253344350676963329
1253344014096613376
1253343940666961922
1253343890737946625
1253343867631554563
1253343859482013696
1253343853765169152
1253343853064708099
1253343831120056325
1253343814112219137
1253343788388532226
1253343700501106694
1253343621547462656
1253343438436798465
1253343431998484481
1253343242583711744
1253343131996696576
1253343039176806402
1253343033799651328
1253342970000093185
1253342958151176192
1253342956821475328
1253342917474877440
1253342861409599488
1253342735106560000
1253342722439733249
1253342708640382977
1253342639149051905
1253342553061183488
1253342506726686722
1253342494609334273
1253342466083680257
1253342426380382210
1253342389542031360
1253342186004865026
1253342014357114880
1253342004202868736
1253342003682631686
1253341984602931202
1253341887966015491
1253341817074061314
1253341814402297857
1253341757233721344
1253341724316823553
1253341720345038848
1253341698500857856
1253341687868342288
1253341669208068096
1253341646676164608
1253341541143179266
1253341525553172480
1253341431932076034
1253341426965831686
1253341417461571589
1253341394200145920
1253341339607056386
1253341310854918144
1253341309798174720
1253341056302710784
1253341048585154561
1253341004213731328
1253340997695631361
1253340964006948865
1253340914950365184
1253340738634477574
1253340729843216384
1253340711350460418
1253340675698917379
1253340567297089536
1253340441031790598
1253340334920069129
1253340278938722305
1253340256625016835
1253340229001306112
1253340206213804033
1253340191130963968
1253340144469344263
1253340097195372548
1253340075146055680
1253340044154204163
1253339944342433793
1253339916949323778
1253339907625369606
1253339805787684876
1253339773852213249
1253339737315672065
1253339602712014855
1253339592264056835
1253339509359427586
1253339503021850626
1253339462207016961
1253339403306414089
1253339393877671938
1253339361942241284
1253339283441606657
1253339111299022848
1253339090029699073
1253339062133387266
1253338977261641728
1253338974359138306
1253338917773795330
1253338903542501377
1253338897834102786
1253338863377846282
1253338803277664256
1253338692380266497
1253338679172452353
1253338612248096770
1253338479343226888
1253338460326227972
1253338440768253952
1253338420337729538
1253338390256222211
1253338321159286788
1253338278742200323
1253338188136845313
1253338130389716992
1253338124593184778
1253338079256932359
1253338019651715078
1253338019244826624
1253338001314201600
1253337960516214784
1253337945685102595
1253337919646953479
1253337912646627328
1253337884586729473
1253337748523503616
1253337736854945803
1253337678809985033
1253337659214184449
1253337659193257988
1253337654864703495
1253337537281617921
1253337529656283150
1253337350534389773
1253337322935824385
1253337123563769858
1253337004760109057
1253336997713678340
1253336963723100172
1253336930420355075
1253336863667941377
1253336784290738176
1253336700903776256
1253336640988131331
1253336574974029832
1253336515662376960
1253336510784364546
1253336498406973440
1253336445088968704
1253336296086372353
1253336251777732609
1253335995887452160
1253335954300956672
1253335939075596288
1253335865562025985
1253335785593430029
1253335720745295874
1253335683474706436
1253335590130483200
1253335559340036097
1253335484383682564
1253335482655637505
1253335419359383556
1253335391534366720
1253335346017824779
1253335311305695233
1253335295308648450
1253335243228016647
1253335241910964227
1253335219844730882
1253335175448018952
1253335107332526088
1253334996330283011
1253334885294436352
1253334828646187011
1253334755539431426
1253334678838185985
1253334658965622786
1253334642469429252
1253334606733959173
1253334525016301569
1253334425158352897
1253334396368646150
1253334299299872771
1253334297596948486
1253334211450114048
1253334123495567362
1253334121696264196
1253334024178655240
1253333937226579969
1253333885737299978
1253333859950686214
1253333767629860874
1253333730686468096
1253333687845834752
1253333613346615301
1253333463836450818
1253333447747072009
1253333329329352708
1253333287826632706
1253333258139394050
1253333245359341571
1253333241924169728
1253333195182858241
1253333178422423554
1253333145501368321
1253333141734846465
1253333119664447488
1253332997492756480
1253332857029705729
1253332830542680064
1253332817288630273
1253332797982248961
1253332719846567936
1253332531388116997
1253332523838345217
1253332478091071495
1253332448978460674
1253332370742099968
1253332339054096387
1253332272289214467
1253332219176747016
1253332149907812357
1253332144929161219
1253332091393081346
1253332059134681100
1253332015920766978
1253332013085372418
1253331999789481989
1253331951328432128
1253331939328548866
1253331934492557318
1253331932949053443
1253331891505119235
1253331871657672705
1253331870059687940
1253331817630887937
1253331808390770690
1253331721933647874
1253331670238785536
1253331559379165186
1253331443872264194
1253331421009022976
1253331374360064001
1253331355686977537
1253331318877720576
1253331272727883779
1253331222824009735
1253331181950480386
1253331149939544071
1253331148219899907
1253331143417450499
1253331113281327105
1253331094427987969
1253330967902556162
1253330909249429504
1253330788273160192
1253330657503096834
1253330650389594112
1253330562934116353
1253330540909883395
1253330491517702149
1253330459603263488
1253330308188913672
1253330295081730049
1253330228459352064
1253330179033718785
1253329977677770753
1253329968722927623
1253329947323543562
1253329913752379400
1253329887294681096
1253329797234581506
1253329740770861064
1253329731652485126
1253329699532488704
1253329669966839808
1253329645774098433
1253329620608225280
1253329492359049216
1253329454727757826
1253329381826543618
1253329368425717771
1253329110014681089
1253329049096605710
1253329029211385858
1253329027718234117
1253328950115221506
1253328908990115840
1253328891269099524
1253328876131848194
1253328799711682560
1253328743428288513
1253328721110429697
1253328601878892545
1253328422006210561
1253328365701881864
1253328071249149952
1253328067939844096
1253328003959934978
1253327955024986115
1253327880378937352
1253327782123200513
1253327772073656327
1253327659561439235
1253327647976730625
1253327608898412546
1253327595006857223
1253327564052901891
1253327555760754690
1253327487343321101
1253327445903552513
1253327412818898944
1253327301321736192
1253327220661080066
1253327172544028679
1253327167087230977
1253327144488321026
1253327142781251585
1253327095234621444
1253327073453633538
1253327043216805890
1253326889587863553
1253326857912463366
1253326806637150209
1253326786118602753
1253326727335432192
1253326621076946946
1253326597630746627
1253326534309408769
1253326531637604353
1253326492601180167
1253326490130763777
1253326487517720579
1253326323616854023
1253326279639617537
1253326213449265154
1253326041898082305
1253326015528448001
1253326006380834816
1253325878655737856
1253325867599622144
1253325813878931457
1253325629426036743
1253325627484078081
1253325505622728706
1253325410030325761
1253325389285359618
1253325346281152513
1253325203825778689
1253325186029387778
1253325001756794880
1253324869195853825
1253324825604448256
1253324798039449600
1253324667403726854
1253324634948165644
1253324618779115522
1253324578698301441
1253324575414185985
1253324539573878784
1253324520514961414
1253324492778033153
1253324466240712705
1253324452160401410
1253324433852297217
1253324131736514562
1253323973082796032
1253323936198045697
1253323916396752900
1253323866727952384
1253323860516241408
1253323849707315201
1253323795453997063
1253323601341636609
1253323554575183875
1253323550275952641
1253323396437250049
1253323388455497731
1253323326929334277
1253323143604629505
1253323079297703937
1253322978361630722
1253322846912184324
1253322830936076291
1253322822048313352
1253322740519616512
1253322740230049800
1253322716465119239
1253322569400238082
1253322520888922112
1253322468095168512
1253322467956846593
1253322417281232898
1253322409299415040
1253322354492489730
1253322314738839552
1253322098182889472
1253322074392653831
1253321953928032259
1253321953798045696
1253321877080010755
1253321830464540675
1253321827100704771
1253321777482104834
1253321723291693064
1253321706963456000
1253321680040144896
1253321657403404294
1253321650528940035
1253321534036303875
1253321493330538498
1253321477027270656
1253321474892533760
1253321414905524225
1253321406613524480
1253321354251603969
1253321316834238464
1253321308907212800
1253321220407230467
1253321205358026755
1253321203600637953
1253321167261192199
1253321141684297730
1253321059194949632
1253321047333466119
1253321012076326912
1253320956245757954
1253320923739942914
1253320919893733384
1253320856803012614
1253320806064521220
1253320796644102144
1253320717367566339
1253320715735949323
1253320613868920836
1253320610328932355
1253320578217332738
1253320536739860481
1253320530330914829
1253320377008222209
1253320373241708545
1253320294372044801
1253320229989433354
1253320131893067778
1253320109768077312
1253320011571007488
1253319950229311490
1253319915425038338
1253319901625962496
1253319876157964289
1253319871414169602
1253319737670393858
1253319574767845376
1253319490940530692
1253319472254865414
1253319374624026633
1253319312326172672
1253319220533686273
1253319151424323584
1253319119773949953
1253319021576871937
1253318897257705474
1253318744106917888
1253318732522217480
1253318670404554755
1253318591442812928
1253318579853770752
1253318576402059264
1253318400274825216
1253318278484639747
1253318220255072258
1253318179721367553
1253318173899714561
1253318150398996480
1253318149115527168
1253318030806757376
1253318009231339520
1253317944282505219
1253317894068305920
1253317858177757184
1253317838296592384
1253317836283318274
1253317743610171393
1253317697284251650
1253317674207023104
1253317641910927360
1253317624903204864
1253317618703818757
1253317617592360962
1253317451342688257
1253317447517528068
1253317387501404160
1253317384057700352
1253317372607414272
1253317307004223488
1253317304735035394
1253317169569398790
1253317128435847169
1253317095455985664
1253316980032978950
1253316977562550273
1253316928434630661
1253316874663796738
1253316792921047040
1253316782472916993
1253316749153366016
1253316682740895747
1253316579221106688
1253316493053313027
1253316474288197633
1253316423402881024
1253316361754947584
1253316358659506176
1253316298081107970
1253316160520458241
1253316153977364481
1253316144313688064
1253316059689390088
1253315849756250112
1253315833587044352
1253315720965996544
1253315642205167617
1253315636966506498
1253315598085492736
1253315547086884864
1253315440165740544
1253315396158939138
1253315270677950465
1253315114415140864
1253315101207093248
1253315098304634880
1253315078943899648
1253315075626205185
1253315055271067649
1253315000057225221
1253314994512461824
1253314976082735104
1253314813058355201
1253314697895559168
1253314665481789441
1253314615238447105
1253314551837310977
1253314546590244870
1253314461273735172
1253314445729828865
1253314308257316865
1253314266859356160
1253314112555298817
1253314058553622528
1253314053067292672
1253313994451976194
1253313903783825409
1253313895860776961
1253313877640720385
1253313794064998400
1253313720266219531
1253313709264515072
1253313664511348736
1253313654713434112
1253313629010776066
1253313622673182720
1253313532210356224
1253313527944818694
1253313522525777920
1253313358109040645
1253313301594898432
1253313288399720448
1253313225531158531
1253313174008467456
1253312957104246784
1253312937076428802
1253312910304182273
1253312870240137216
1253312782063329280
1253312668368338945
1253312624625885185
1253312567767941120
1253312514324037637
1253312477221322752
1253312459089350656
1253312296295809027
1253312096625987584
1253312089403375617
1253312077449629697
1253312070856081414
1253312026669133831
1253312020289654785
1253311944003596288
1253311939679260672
1253311878849273856
1253311799467945988
1253311630517075968
1253311618798301192
1253311509310160898
1253311480637857792
1253311313444589568
1253311265226788866
1253311187938353153
1253311143403302914
1253311079083622402
1253311065334693889
1253311056883208194
1253310947365720066
1253310923231694848
1253310908497104898
1253310677416017931
1253310594490474497
1253310589239255040
1253310478874546176
1253310349559939073
1253310273227837441
1253310159029514240
1253310021838012416
1253310020508356608
1253310016309911552
1253309850152579074
1253309808561860608
1253309746804854784
1253309619377778688
1253309557247561731
1253309460682018820
1253309385201405952
1253309366587002881
1253309365798518785
1253309354369003520
1253309253886054400
1253309220025442305
1253309100299096073
1253309006870917121
1253308903225544705
1253308897080811522
1253308862083596289
1253308860170895363
1253308833801347074
1253308811575730176
1253308625575202817
1253308570357190656
1253308547871490054
1253308539491278848
1253308433207570433
1253308382561394688
1253308379193278464
1253308297609908225
1253308240009539585
1253308210716475395
1253308182379757568
1253308150465196033
1253308146371756032
1253308140336099329
1253307974765944835
1253307893723672576
1253307892704436226
1253307873519702017
1253307847040999428
1253307845946363904
1253307833099132929
1253307792250863616
1253307776966811648
1253307770004213761
1253307758042112002
1253307752908304386
1253307725787860996
1253307684180373506
1253307525488836609
1253307514285969414
1253307489375981569
1253307447004954624
1253307418362228744
1253307390914695169
1253307315828264961
1253307305149575168
1253307299533389825
1253307168402571264
1253307110785458177
1253307090317316097
1253307089889476610
1253306989066752000
1253306815372288005
1253306778554638338
1253306713387732992
1253306670257786881
1253306619158544385
1253306594005340165
1253306544239902721
1253306428506456064
1253306424651919365
1253306420113612801
1253306378526920704
1253306319542669312
1253306258297323526
1253306206405513218
1253306128458559491
1253306107847675904
1253306056878567424
1253305965849575428
1253305903857754112
1253305801839648768
1253305784038981633
1253305739948503040
1253305704221421569
1253305679936475136
1253305651033518088
1253305632536608768
1253305631513206786
1253305577025024002
1253305572222517248
1253305555839602690
1253305541750919169
1253305513787392000
1253305452907069442
1253305438596202496
1253305375425789954
1253305358690529283
1253305242151780352
1253305161583337473
1253305028007337985
1253304978535444480
1253304977071706113
1253304832875692033
1253304819571441664
1253304782627930112
1253304683172593664
1253304665703358465
1253304588272316417
1253304462493564930
1253304415672360960
1253304226647867394
1253304222734565384
1253304202086043650
1253304151414538241
1253304126903136256
1253304113300987910
1253304012562206726
1253303989606776832
1253303934858465282
1253303916667834371
1253303841996619777
1253303750871187459
1253303721724989440
1253303693329432576
1253303667698143233
1253303653244510214
1253303640472911872
1253303630473703424
1253303513494536194
1253303509107314690
1253303473229172738
1253303418199867392
1253303328328605698
1253303326197850112
1253303231779868673
1253303222430826500
1253303155766550529
1253303128432279552
1253302895568662529
1253302870985846784
1253302827876671491
1253302742476623874
1253302731940532225
1253302702303576066
1253302681256501250
1253302646099914754
1253302616815214594
1253302584393322497
1253302541816926210
1253302538465685505
1253302489220251651
1253302434824368129
1253302411420196864
1253302404822548483
1253302399588093954
1253302301839822848
1253302292822056963
1253302288770314241
1253302237641748483
1253302192309706754
1253302009794527235
1253301999485018112
1253301879158734848
1253301776922611713
1253301687684661249
1253301597226110982
1253301544449118212
1253301423825129473
1253301415361085445
1253301258909372417
1253301211685675010
1253301194723819520
1253301143591157762
1253301042294349827
1253301024422596609
1253300998589775873
1253300907133095943
1253300810466971648
1253300796395053056
1253300764073754624
1253300749104267264
1253300709631680513
1253300650043011072
1253300638244655106
1253300623900119040
1253300422879608832
1253300417137709057
1253300351916281858
1253300297826545665
1253300287307223040
1253300240322572290
1253300228586983424
1253300225462210562
1253300222932873218
1253300152800075776
1253300104720769030
1253300090162360321
1253300087926726659
1253300077348741121
1253300061435580416
1253299995576545282
1253299985891934211
1253299857458151424
1253299840613863425
1253299780924702721
1253299774360563713
1253299773270036480
1253299723580198913
1253299671025541120
1253299663169622026
1253299515848867840
1253299500761772038
1253299470370050050
1253299469795438592
1253299459762634754
1253299384227332096
1253299378569261056
1253299300727246850
1253299184461139968
1253299134913826818
1253299110611992576
1253299069532897282
1253299060208996352
1253299045013037056
1253299032665006080
1253299014734417920
1253298991229534209
1253298987798577152
1253298981817507841
1253298968425086976
1253298708122341376
1253298633937649665
1253298624571850752
1253298606133649408
1253298559581110273
1253298552589213696
1253298541860175872
1253298442861981696
1253298431579295744
1253298411740241921
1253298384816893953
1253298291145617408
1253298255070363648
1253298244505001987
1253298186707501056
1253298096022437889
1253298081032003585
1253298051877347331
1253298023901339648
1253298019904237569
1253297908813832193
1253297890493190147
1253297879420108802
1253297820934823936
1253297776848441345
1253297732028190721
1253297704463224832
1253297650335694849
1253297609395109888
1253297504369684480
1253297255014191105
1253297239998562305
1253297237909700610
1253297177197260800
1253297157039362054
1253297032518930435
1253297009555111936
1253296854110011392
1253296792852140034
1253296685427679234
1253296589185179651
1253296584445616130
1253296479936090115
1253296467814617091
1253296375892230146
1253296252894273536
1253296241473204226
1253296200792576002
1253296089471635457
1253296059616563201
1253296051546619904
1253296024250191873
1253296021666480128
1253295989911322625
1253295922173415425
1253295882344202245
1253295870189211649
1253295859007184904
1253295695525580801
1253295693961342977
1253295686898106368
1253295666253778944
1253295629612339200
1253295603045580800
1253295581537198080
1253295549048139778
1253295537689956352
1253295498569699329
1253295454906966019
1253295389287088128
1253295385835118592
1253295369196371968
1253295329862180869
1253295321318334468
1253295316885024769
1253295309255577600
1253295289047408641
1253295259506954241
1253295199222104066
1253295197817012225
1253295175859929091
1253295035136835587
1253294932929978370
1253294903297298432
1253294899924959234
1253294850050588672
1253294793523892231
1253294702683729920
1253294692307021824
1253294680349069314
1253294670148513792
1253294651479654400
1253294588808265734
1253294515974266881
1253294449343582208
1253294436718710785
1253294403030048768
1253294343357640705
1253294302358274048
1253294291818070016
1253294210201116673
1253294121063759874
1253294107402870784
1253294104664031237
1253294084921405440
1253294042089209861
1253294015270789120
1253293968856698881
1253293873062871041
1253293868646387713
1253293811905724418
1253293763214139393
1253293746273337346
1253293702535053312
1253293691365720064
1253293681324457985
1253293672935890944
1253293669500751873
1253293640950177793
1253293636579733504
1253293586310971392
1253293577070919680
1253293420069748738
1253293414424154112
1253293266017177600
1253293250422673411
1253293164334628865
1253293106188910593
1253293094914719745
1253293030637010946
1253293023687049216
1253292988308037632
1253292974928207875
1253292949892464640
1253292947237490688
1253292818765877253
1253292792740294656
1253292677304651776
1253292548535267331
1253292403508854785
1253292359028178944
1253292317840195587
1253292122012372992
1253292077741375488
1253291993297543168
1253291836476665856
1253291789215076352
1253291777324449794
1253291729689759744
1253291522893778944
1253291413527298048
1253291254949064706
1253291075759996929
1253290984617754624
1253290881236557824
1253290778039894016
1253290756510531584
1253290713938362368
1253290665389293568
1253290647571836928
1253290625698615296
1253290502390235136
1253290498401468417
1253290411994603523
1253290325512204288
1253290278150197248
1253290275759325184
1253290207945936897
1253290182264197120
1253290012336103424
1253289979134033920
1253289974222422016
1253289923697938432
1253289905951817729
1253289880144265216
1253289871113928707
1253289802604122117
1253289783796826113
1253289661100949504
1253289652439658496
1253289427838918656
1253289343344619520
1253289330153586689
1253289287761657857
1253289053597978624
1253288887574835203
1253288867576283136
1253288781396000775
1253288780662018048
1253288747048804354
1253288722491203584
1253288686302695424
1253288658905509888
1253288491074629632
1253288452726173698
1253288423693172736
1253288273692233730
1253288152187404288
1253288096470368257
1253288045148811272
1253287998390784000
1253287989062651906
1253287966010720256
1253287889858899968
1253287763413254145
1253287748502458368
1253287632798392321
1253287617808019462
1253287564296978433
1253287553819688961
1253287522739904512
1253287457619148802
1253287455660408833
1253287430817488896
1253287394436153344
1253287319806840832
1253287306305380352
1253287241973215234
1253287234431782914
1253287206560698368
1253287178219782144
1253287174532890624
1253287170711879683
1253287075849416708
1253287049060384768
1253287009399050243
1253286963148455936
1253286872153014277
1253286825860481024
1253286798048014337
1253286793845374977
1253286658390228992
1253286470917423105
1253286387794825217
1253286262485782528
1253286246857744387
1253286213315964928
1253285956871913472
1253285931873902594
1253285850919718912
1253285806384570369
1253285732162179072
1253285709634510848
1253285640969564160
1253285594169511936
1253285523579449345
1253285518886031362
1253285448463548421
1253285431761829892
1253285375654670337
1253285340611305472
1253285255169130499
1253285253235572736
1253285237087506434
1253285227000143872
1253285186621538309
1253285110847352833
1253285019700924417
1253284904751726592
1253284883511861248
1253284842042769408
1253284770336968704
1253284597200289792
1253284560189743104
1253284540862410753
1253284484130246656
1253284427297325056
1253284378664452096
1253284319130509312
1253284250130026499
1253284212179963907
1253284139995926529
1253284067811962882
1253283982722117633
1253283953945055232
1253283915470704640
1253283907321110528
1253283901419782151
1253283877055070208
1253283803243651074
1253283796973162505
1253283755348889600
1253283748038283265
1253283696184090624
1253283569830674432
1253283528885899264
1253283524548931584
1253283495062974465
1253283490981752832
1253283459344318464
1253283446941777920
1253283430005121025
1253283425609560064
1253283425445990402
1253283408563798018
1253283392843649025
1253283187280826368
1253283162630873089
1253282949153390592
1253282865002971136
1253282793435652099
1253282732605497345
1253282683482001411
1253282499024871425
1253282369731276800
1253282346922541056
1253282254522023936
1253282242245414912
1253282227686985729
1253282176222756864
1253282139350732801
1253282099089616896
1253282079166603270
1253282017283903489
1253281954331574273
1253281928423395329
1253281885691805698
1253281842205265920
1253281806335475712
1253281620678840322
1253281602915971075
1253281553783848961
1253281426029662210
1253281399085445121
1253281396635979778
1253281349324038146
1253281293963493376
1253281278994104321
1253281275965734914
1253281252683264000
1253281197049950213
1253281178108465152
1253281177844228097
1253281143803305984
1253280853695873025
1253280659952537601
1253280649064177665
1253280636430962688
1253280598262775814
1253280531648839680
1253280527748120576
1253280522144448513
1253280509406445573
1253280475344404480
1253280456537243648
1253280435292995589
1253280426505973763
1253280417521827840
1253280395463995392
1253280383829004288
1253280229621202944
1253280030471446529
1253279952834908160
1253279924355502081
1253279796223709184
1253279779740098560
1253279453234499584
1253279441410809857
1253279350214012935
1253279346606948353
1253279263102578690
1253279257079566336
1253279164926504961
1253279116872294400
1253279059930427392
1253279037428031493
1253279027776958466
1253278996873314310
1253278981970972677
1253278884252049408
1253278865675423745
1253278703989161985
1253278680895422465
1253278647672352769
1253278581930721280
1253278545822048256
1253278535239831560
1253278502700437509
1253278475538116610
1253278400002785281
1253278349922836480
1253278344231235584
1253278331795116032
1253278302317490178
1253278219735875584
1253278215189278720
1253278213574402050
1253278109354340353
1253278043197636609
1253277943251505153
1253277884522860547
1253277864926961664
1253277738120753157
1253277719808421889
1253277652422742019
1253277603424882690
1253277589961089026
1253277566770851840
1253277539117731845
1253277532859838464
1253277523472986114
1253277487389446144
1253277484113592322
1253277467940458496
1253277385291632640
1253277185357611009
1253277173319979009
1253277167187824646
1253277033205051394
1253276969514434560
1253276909401706496
1253276835011575808
1253276691436371969
1253276622951776264
1253276620682661890
1253276423697190912
1253276412280176642
1253276383163363330
1253276346148675594
1253276337181200384
1253276285884944385
1253276248601759749
1253276231585366016
1253276075989307395
1253276035816329216
1253276030967709697
1253275959928684544
1253275685096996864
1253275631133036545
1253275596521713667
1253275382993862656
1253275360097112065
1253275328958681088
1253275263108071424
1253275257290571776
1253275202634612736
1253275175774302210
1253275064528785408
1253275063715012608
1253274981322182656
1253274967476707328
1253274959541161987
1253274928243146752
1253274921385562112
1253274860295503872
1253274838640271361
1253274822655819776
1253274746713767937
1253274694830231554
1253274516140306438
1253274500776562688
1253274383688388608
1253274359894085637
1253274350943338497
1253274132596359168
1253274038669135873
1253273983392366592
1253273981832093696
1253273964979335169
1253273693138141185
1253273624519282688
1253273520349622275
1253273513236017154
1253273437977620483
1253273413667430406
1253273405673082880
1253273377877393409
1253273331572367360
1253273323586424833
1253273291525181443
1253273260785008640
1253273222918930433
1253273222256168960
1253273152848871425
1253273120271671296
1253272911793750018
1253272890411286534
1253272831841968128
1253272807015886848
1253272759666434048
1253272635884007424
1253272506372423682
1253272478803202049
1253272455399059458
1253272344283529216
1253272293545070593
1253272108995665921
1253272103664656384
1253272079312568320
1253272052158672896
1253272023226294272
1253271860726431744
1253271819433451521
1253271784734023681
1253271783672872967
1253271751259312132
1253271657881485312
1253271561689333760
1253271446631088128
1253271415869984769
1253271270667493378
1253271052404363271
1253270990781644800
1253270936662482948
1253270897206669317
1253270876407189504
1253270733834407936
1253270676045287424
1253270655245697025
1253270651747655681
1253270558982184961
1253270554292957184
1253270447510208513
1253270432234553345
1253270347970945026
1253270305608470530
1253270264810557440
1253270249195147265
1253270166819004417
1253270156391911425
1253270152516448259
1253270106022522880
1253270062108114944
1253269999361445888
1253269995074793474
1253269991849439236
1253269796592005121
1253269729063702529
1253269668267245568
1253269662269427715
1253269575027875840
1253269554563895297
1253269480383356930
1253269418899103745
1253269331867316228
1253269253467320320
1253269223889141762
1253269166167031809
1253269162882990080
1253269090078253061
1253269017428705280
1253268980174856192
1253268964878278656
1253268928924704769
1253268874260332544
1253268867197087745
1253268854664499201
1253268775136301056
1253268729389101057
1253268703631851520
1253268603484463104
1253268594303139840
1253268552704024577
1253268523322871808
1253268508928020484
1253268484227825664
1253268478372515840
1253268445069803520
1253268444193185792
1253268426497409024
1253268358985912321
1253268242468007936
1253268228861825025
1253268203834347521
1253268184687403009
1253268178253291520
1253268114101452800
1253267931452059648
1253267899382468608
1253267773976973313
1253267728942747649
1253267724379308032
1253267695212134401
1253267678682386432
1253267668305575938
1253267560751136769
1253267543739043841
1253267528199045122
1253267476508553216
1253267467075493888
1253267414323793920
1253267286720499712
1253267180331958273
1253266996168462336
1253266961280258048
1253266921061040128
1253266878300139522
1253266662075379712
1253266654957637632
1253266501324410882
1253266418138824705
1253266395095326720
1253266375960924162
1253266367412871174
1253266360173502466
1253266144854708224
1253266121593143297
1253266059945283584
1253266026587992064
1253266024276856833
1253265989904543747
1253265988654714880
1253265966353592320
1253265954924101633
1253265743426314240
1253265734437867520
1253265673557626880
1253265592024530945
1253265462382690304
1253265398008553472
1253265394762240000
1253265387376070662
1253265385400475649
1253265373241184256
1253265340437540864
1253265333932249088
1253265216462368768
1253265109146898435
1253265103115489280
1253265094018039808
1253265045380882432
1253264993702871040
1253264932684136448
1253264927395119105
1253264910559182849
1253264893781987334
1253264827537072129
1253264784759365633
1253264709446492160
1253264704308461568
1253264699401162752
1253264657319628800
1253264614889947137
1253264600642007041
1253264577191649281
1253264549567922176
1253264548360052736
1253264539484905473
1253264507515871232
1253264473537773571
1253264468651499520
1253264437160574977
1253264387244199937
1253264361088524288
1253264338762244097
1253264290519437313
1253264184541880321
1253264155429285889
1253264108776042496
1253264066405109760
1253264031147843590
1253264028186615808
1253264004895645696
1253263959202955264
1253263951724503040
1253263901988466691
1253263891192258563
1253263886641500163
1253263855544946698
1253263798586261504
1253263717011259393
1253263562035863553
1253263546164617223
1253263527248384005
1253263462328827904
1253263435493670912
1253263360424054784
1253263359803297792
1253263358930944001
1253263338362097664
1253263325011509248
1253263317176586240
1253263295735365632
1253263174259871744
1253263100171747328
1253263081918119936
1253263077509865479
1253263072610914304
1253263068668321793
1253263005040730112
1253262993317662721
1253262946848968706
1253262917094572037
1253262887646306305
1253262866741854209
1253262725440057347
1253262667726364679
1253262544980115463
1253262524029566981
1253262520246247426
1253262502529466368
1253262452868997121
1253262374649442306
1253262352193073153
1253262339136077825
1253262326590996480
1253262209863634944
1253261939775594496
1253261909077491712
1253261894800064513
1253261869273550848
1253261823866032129
1253261815674474496
1253261811715096576
1253261794816208896
1253261742580391937
1253261722204483586
1253261713287282696
1253261659147247616
1253261625265729537
1253261625026588677
1253261614435962881
1253261575181533188
1253261562166546432
1253261534350004224
1253261531141324800
1253261510656262144
1253261484513267712
1253261475474542592
1253261465055825921
1253261420222914560
1253261377692672000
1253261328967438336
1253261318079029248
1253261317668065280
1253261273300598784
1253261250932465665
1253261216329404416
1253261202186211328
1253261199472570368
1253261143503757314
1253261126906843137
1253261100902232064
1253261036930707456
1253261008858202113
1253260912431071233
1253260880596393985
1253260845511041032
1253260838623830016
1253260824392740864
1253260817203630081
1253260796337012736
1253260710395731968
1253260682612682752
1253260674656014341
1253260668196839424
1253260657211904000
1253260650073202689
1253260644213755906
1253260551528079360
1253260524705456128
1253260499204128768
1253260385026793473
1253260353435131906
1253260334992896001
1253260321084628992
1253260285407834112
1253260273454141441
1253260261311602689
1253260246795067395
1253260233046216705
1253260230567383040
1253260222497468416
1253260165773656064
1253260150921666560
1253260114179559424
1253260080507650049
1253259956998090752
1253259918364364800
1253259916564889600
1253259866065551361
1253259864618532870
1253259714563059712
1253259712788914176
1253259666722873344
1253259666458632198
1253259663874949122
1253259656048361473
1253259654039318530
1253259651505950720
1253259570056769536
1253259535357284353
1253259483041665025
1253259475269455872
1253259437806170112
1253259424174673920
1253259371678773253
1253259345237860352
1253259339974000640
1253259330473857024
1253259266934349824
1253259246843592704
1253259212379115526
1253259211540017152
1253259187368480768
1253259186626088961
1253259166736621568
1253259111757733888
1253259099115884545
1253259099078184960
1253259052274143233
1253259033353560064
1253259026919555072
1253258982631800833
1253258975128272897
1253258966043439104
1253258953074638848
1253258902122254337
1253258874683080706
1253258845620588549
1253258675248128000
1253258630155186177
1253258617932963842
1253258605173882881
1253258564354924545
1253258557400715264
1253258547170881536
1253258528476848129
1253258439897333760
1253258342358712322
1253258322213560322
1253258321097883649
1253258317771702272
1253258301158064136
1253258054130376704
1253257914686623749
1253257823271747584
1253257820562219012
1253257812618219521
1253257800228261889
1253257799884210178
1253257785539690497
1253257686818394112
1253257664378875904
1253257633953452032
1253257574142656517
1253257569969360896
1253257567884713984
1253257521193791489
1253257515845980162
1253257502600433664
1253257500163477504
1253257475064770560
1253257452109402112
1253257451023093760
1253257439920652288
1253257407125434368
1253257339668496385
1253257334379425792
1253257307120680960
1253257277752082435
1253257273717272576
1253257248454959104
1253257163390226433
1253257130288742400
1253257119035469824
1253257047694553089
1253257025951326208
1253257025875738624
1253257017331941376
1253256871106002944
1253256862507687938
1253256781406633984
1253256737823641601
1253256737215438849
1253256732006121475
1253256668068171777
1253256551927894016
1253256504905551873
1253256485892771840
1253256417831772160
1253256389482491905
1253256307391545345
1253256284138283011
1253256264550924288
1253256200394813440
1253256172506841088
1253256145529114625
1253256094727786498
1253256069536612352
1253255987135381504
1253255980068098050
1253255884416974853
1253255877676740608
1253255876145745921
1253255856294158336
1253255853114875909
1253255833707859968
1253255825776410624
1253255731215728640
1253255719996006400
1253255711645147136
1253255697053159424
1253255676161339393
1253255625229959168
1253255600617775108
1253255566610386947
1253255551988965376
1253255492593385478
1253255392643211264
1253255390692872192
1253255309663100928
1253255299533885440
1253255171410481152
1253255077432786946
1253255055257620480
1253255033560412160
1253254985174921216
1253254982834565120
1253254806178803713
1253254776072142853
1253254682790768640
1253254622707429376
1253254622308904961
1253254521553334278
1253254518709592064
1253254515974905857
1253254437637959680
1253254414774816768
1253254364816384000
1253254364275318790
1253254363612471297
1253254362954153984
1253254362392117249
1253254361792368645
1253254361200951296
1253254360659869696
1253254359808462850
1253254211787264000
1253254178186702848
1253254143101239296
1253254117251854337
1253254093658873856
1253254033499992064
1253254013467983872
1253253968882552832
1253253928457777153
1253253923642671104
1253253872581214211
1253253807015751681
1253253733615579136
1253253723356377088
1253253707665416194
1253253665013600256
1253253650681602048
1253253637033406464
1253253573321916416
1253253566078291969
1253253543533961216
1253253542762217485
1253253510797410307
1253253487217049600
1253253459790508032
1253253400348721152
1253253370359545856
1253253341318123520
1253253334531784705
1253253316903124992
1253253291548512256
1253253272644784128
1253253268333047808
1253253257700544512
1253253253036457984
1253253244052287489
1253253219519791105
1253253209075994625
1253253144697614336
1253253128063004674
1253253111935885317
1253253105556357120
1253253093371887616
1253253047322578948
1253252987708997632
1253252976388517888
1253252969061113856
1253252943345844227
1253252905055989760
1253252902015184896
1253252890073935872
1253252872638103552
1253252813020368896
1253252777264009216
1253252766467862528
1253252764576120832
1253252761384366082
1253252744716201984
1253252702261391360
1253252611127554048
1253252604047634442
1253252551132274688
1253252549500698624
1253252532291416064
1253252518467047424
1253252481188012033
1253252472694550532
1253252348421562368
1253252324056858625
1253252265084891136
1253252248156725251
1253252234613346305
1253252224232370177
1253252215868755969
1253252106695389184
1253252087204458496
1253252053960458240
1253252047719354369
1253251901132615680
1253251817686867968
1253251814952251392
1253251767653064704
1253251758618554369
1253251748807860226
1253251707880046592
1253251668168380416
1253251626263031808
1253251527927619584
1253251525054541824
1253251520952446976
1253251495677562882
1253251470813810688
1253251466413977600
1253251303570059269
1253251271303274497
1253251234166902785
1253251228630429702
1253251197936549890
1253251138117414912
1253251135307165702
1253251107134099456
1253250898597314561
1253250855501004807
1253250827759824896
1253250798634614786
1253250766443347969
1253250749250842631
1253250743106252800
1253250686655004672
1253250658045657089
1253250651506839552
1253250636046630915
1253250580874657792
1253250541355962368
1253250507927322626
1253250400888774663
1253250315761192961
1253250196399632385
1253250195485265920
1253250148639145984
1253250073363963905
1253250069823971328
1253250042594570240
1253249976047714307
1253249916991913984
1253249804777525253
1253249748158554118
1253249648233525248
1253249640654344193
1253249553316360193
1253249544340606976
1253249516305887232
1253249501449670656
1253249455861661700
1253249367559090176
1253249332637315073
1253249288446119937
1253249169592061952
1253249126873038849
1253249086930784258
1253249016613212162
1253248909851451392
1253248825113874432
1253248747452215296
1253248729370558464
1253248507307327490
1253248499258470401
1253248404290969605
1253248298091188225
1253248168571146241
1253248019266404352
1253247906699763713
1253247781759746049
1253247704144191488
1253247685035003904
1253247682598051841
1253247229453914114
1253247146746433536
1253247050399068161
1253246987484508161
1253246969767702528
1253246968136110083
1253246745582149632
1253246705136525312
1253246675008847872
1253246565793370113
1253246453180444675
1253246388969918469
1253246363556601856
1253246339644821504
1253246313896042496
1253246304362409984
1253246289871089664
1253246188180180994
1253246159650521089
1253246077576380416
1253246049831002113
1253246044588191745
1253245973641510913
1253245752576532480
1253245693587750913
1253245607516540929
1253245499743838210
1253245459851816960
1253245453828788224
1253245391027482624
1253245371175837697
1253245314984804353
1253245219748941825
1253245170260357121
1253245165776633858
1253245163864043522
1253245120662642688
1253245114882895878
1253245107639324673
1253245103344410626
1253245076320530432
1253245010528567301
1253244969701253121
1253244851828785154
1253244729258586112
1253244665496842248
1253244592851484672
1253244537935405059
1253244426513788930
1253244338919952384
1253244312294502401
1253244176956895235
1253244136301395969
1253244083474219008
1253243970706198528
1253243929811656704
1253243906122289152
1253243871917719553
1253243834047266816
1253243815076466688
1253243752132546565
1253243687993249792
1253243642145386499
1253243577150382080
1253243546364186624
1253243534485921793
1253243511266213889
1253243498553360384
1253243492027031552
1253243386401882112
1253243279338090497
1253243212636004352
1253243183464689665
1253243082193219584
1253243016539766784
1253242970670870528
1253242968330436608
1253242842052300800
1253242825011007488
1253242650972561409
1253242616935788545
1253242589370880000
1253242480813846530
1253242433216921600
1253242373875871745
1253242344931037185
1253242271346102272
1253242223971512320
1253242212160282625
1253242204988084225
1253242100252127233
1253242098637291520
1253241938280669184
1253241923529252864
1253241806902431745
1253241778796404737
1253241744315072512
1253241736522055680
1253241687184486400
1253241529671524357
1253241395353133057
1253241137793564672
1253241090066591744
1253241074467909632
1253240966775025665
1253240850508808192
1253240838567661568
1253240826567839744
1253240779033792513
1253240655427616768
1253240593897213953
1253240566319636480
1253240527258103808
1253240463743737857
1253240426183757824
1253240236626378752
1253240231823904769
1253240203462029312
1253240070833942534
1253239968878571524
1253239840453386240
1253239698962726912
1253239685188550657
1253239594159661057
1253239524106305537
1253239469190320128
1253239373342093313
1253239366119419907
1253239347803049986
1253239274125889537
1253239190227169281
1253239135923560449
1253239112036909058
1253239105477058560
1253239104692785153
1253239104151662592
1253239103602204674
1253239103065382913
1253239102213967874
1253239061445312517
1253239056068235264
1253239043942428674
1253239041501417472
1253239012606779392
1253239005270900737
1253238995494076416
1253238953764888576
1253238880628867072
1253238861234343937
1253238845245710336
1253238747849732097
1253238668145426433
1253238588713717762
1253238562570502144
1253238538876981248
1253238534254837760
1253238527875260416
1253238379472392192
1253238337273581569
1253238307758186497
1253238243480539136
1253238154682863617
1253238083266531328
1253237860301508609
1253237836767207424
1253237835211116548
1253237834691031041
1253237833923473408
1253237826776416257
1253237822347190274
1253237805024784384
1253237773542338560
1253237768005783553
1253237700087472130
1253237667497676800
1253237615731621888
1253237595850629120
1253237524904005635
1253237514070081536
1253237481534873601
1253237442053910528
1253237429017993216
1253237386617720832
1253237372105428992
1253237356011847682
1253237330414100480
1253237225485189120
1253237222423384065
1253237206917025792
1253237198780084232
1253237166035140609
1253237074532204545
1253237057742417920
1253237052243619841
1253236939026767875
1253236657735827457
1253236627008356352
1253236572109103105
1253236571563864064
1253236571014402048
1253236570490101760
1253236570464948225
1253236569609244672
1253236556682362885
1253236508678656001
1253236498327093248
1253236484741742592
1253236423458766854
1253236277064974338
1253236238590582786
1253236184626724864
1253236092897316864
1253236043714871297
1253236002828795904
1253235992439459840
1253235904413609984
1253235833571807232
1253235771303231488
1253235683612901376
1253235642986790912
1253235630009696262
1253235562762375169
1253235332948033536
1253235240820248576
1253235110767452161
1253235050637938692
1253234993758904320
1253234844663939074
1253234620302340096
1253234442732212224
1253234271780823040
1253234267204849664
1253234139152744448
1253234129958731777
1253234095469015042
1253234063349030912
1253233961737879552
1253233671974326273
1253233601895940097
1253233504114167810
1253233494517526531
1253233361168076800
1253233327265525760
1253233305660596225
1253233269270872064
1253233089020657664
1253233046737883136
1253232795654160385
1253232751337246720
1253232597817327618
1253232561108762626
1253232544134451201
1253232484655009794
1253232261509509123
1253232240429015041
1253232229872021510
1253232204248997888
1253232204018262016
1253232138327134208
1253232110573363201
1253232081028681730
1253232044848660481
1253232040440406016
1253231983771213829
1253231953979092992
1253231929635360768
1253231748009377792
1253231595663876098
1253231531050635267
1253231525828734976
1253231525719654400
1253231472590368769
1253231458786869257
1253231452852011009
1253231389354401793
1253231389098545154
1253231314020564994
1253231309507440642
1253231255862284294
1253231107820175366
1253231097795788805
1253231047334080512
1253230976110661632
1253230965671055360
1253230864575664128
1253230836998115335
1253230820682326016
1253230814491443200
1253230639484227584
1253230639404535808
1253230619250659330
1253230590154940416
1253230432461742083
1253230428787560453
1253230393916043265
1253230196322447362
1253229937697251330
1253229887651041280
1253229860501291008
1253229820319862785
1253229774371160069
1253229721250410497
1253229708587696129
1253229644209324032
1253229635053195264
1253229465011998720
1253229430845161476
1253229424625029120
1253229391007580160
1253229380261646336
1253229374721142787
1253229310900604930
1253229267418263552
1253229182278139904
1253229048672800769
1253229043157254145
1253229012886962178
1253228939088183296
1253228870322528257
1253228869957623809
1253228831869210624
1253228827880423425
1253228743814008832
1253228716571930624
1253228694790963200
1253228692706394112
1253228671080583173
1253228629326209026
1253228620648251398
1253228575832055808
1253228504919027712
1253228498359128064
1253228496035500032
1253228401533599746
1253228397209272320
1253228158553411586
1253228153306329088
1253227997148123136
1253227922175021056
1253227910690897920
1253227874485768198
1253227860816429056
1253227849701642240
1253227845717032960
1253227788166991873
1253227787407761408
1253227691651870720
1253227682495692801
1253227591923904512
1253227568972603393
1253227550857482240
1253227485610889216
1253227445421039621
1253227378412859393
1253227257956634624
1253227256434081792
1253227253586165760
1253226989923774464
1253226810697035783
1253226802845229057
1253226773258665987
1253226747664961537
1253226725837811717
1253226724999004160
1253226716958322689
1253226658947125248
1253226618996260866
1253226581272735750
1253226458752921605
1253226335658487809
1253226172110065665
1253226128963182598
1253226069559259136
1253225822552559617
1253225800519897088
1253225760011288576
1253225607615348736
1253225566825844736
1253225466388938754
1253225431936925696
1253225371933302785
1253225342673793024
1253225314584539137
1253225307521376258
1253225211085946885
1253225045654151168
1253225025622224897
1253224986233487360
1253224984593473537
1253224972597764098
1253224748433256448
1253224742707961856
1253224676282810368
1253224624461983744
1253224615989530625
1253224601326440449
1253224573673373696
1253224497425022979
1253224489510490112
1253224478714322944
1253224375161106433
1253224313655787521
1253224285369503744
1253224281636589568
1253224268390895616
1253224239370567680
1253224220307456000
1253224188669767680
1253224169476685824
1253224121078611970
1253224067668348934
1253223989616545794
1253223983262191616
1253223734758068225
1253223693842550785
1253223668995559425
1253223666009210880
1253223568940425216
1253223535792869377
1253223461733961728
1253223435997765632
1253223336584323073
1253223330133442561
1253223305181646853
1253223232456593413
1253223133223489537
1253223013224456192
1253222962838351877
1253222940637835264
1253222913760731136
1253222911365787648
1253222767488569344
1253222618213371904
1253222506539945984
1253222410964422657
1253222382237515782
1253222348213215232
1253222309311242240
1253222077626232835
1253222077257089025
1253222065957564417
1253222053278334976
1253221944721375232
1253221900098158592
1253221888886800385
1253221768220889088
1253221642299457536
1253221582325059585
1253221375231381505
1253221219224227840
1253221089012060161
1253221061551894529
1253221045970051073
1253221035534618626
1253220738548539395
1253220604788051968
1253220453918875648
1253220422797180929
1253220397765611521
1253220259647062017
1253220247995367425
1253220106345287680
1253220082328702976
1253219981984137216
1253219910068703232
1253219862131941376
1253219852246016000
1253219780083044352
1253219766271164417
1253219628245045248
1253219533256568834
1253219497655382016
1253219452000370688
1253219388486017025
1253219375026405377
1253219313340813312
1253219275306864640
1253219244843634688
1253219193970982912
1253219112135901184
1253219104741306371
1253218942321078273
1253218935396282368
1253218873031131136
1253218871542255616
1253218771365515264
1253218749253115904
1253218743104217089
1253218729711865856
1253218563453747205
1253218414031757312
1253218211480375298
1253218130698084352
1253217793052467201
1253217616073822208
1253217569550610435
1253217409474928641
1253217374263742466
1253217372854517760
1253217369004093440
1253217303388393474
1253217192176386048
1253217182999289857
1253217029315874816
1253216947245920256
1253216826978373634
1253216801057574918
1253216748762955776
1253216704781602823
1253216662825979904
1253216640306733058
1253216507926102017
1253216467203624962
1253216457397284865
1253216421049446400
1253216416096026624
1253216375998427136
1253216259036119042
1253216244259532801
1253216235619319808
1253216228681883648
1253216075216564224
1253216025472098305
1253215958367338496
1253215957083926528
1253215918756421635
1253215869724917760
1253215824338399232
1253215795649413120
1253215725180932096
1253215650677391360
1253215561686962176
1253215528660938753
1253215515218268160
1253215506246533120
1253215420255002630
1253215383831695361
1253215380249640960
1253215377041096704
1253215356258312194
1253215314822729729
1253215243163090945
1253215213974949888
1253214940896296963
1253214847728259073
1253214757429170176
1253214751527710720
1253214651355103233
1253214502331592704
1253214494400151554
1253214471323037697
1253214321468981248
1253214175565877249
1253214091080015872
1253213993826648066
1253213859365761024
1253213788779790336
1253213779980161024
1253213763777581056
1253213753191079936
1253213693208395777
1253213661851717632
1253213597309730816
1253213520679796738
1253213468506886144
1253213312239767553
1253213303217717249
1253213281164177408
1253213267713044481
1253213241909694464
1253213022690127872
1253212992147243008
1253212953987493889
1253212944789393413
1253212937243840512
1253212773456261120
1253212726769471488
1253212695555461120
1253212689289170945
1253212614534062080
1253212566739988480
1253212552554741760
1253212548725383169
1253212528852828160
1253212459374129152
1253212458635927554
1253212265832230913
1253212263781203968
1253212251475058688
1253212246341226496
1253212220168777729
1253212139466219520
1253212117743927296
1253212033132175360
1253212015046397952
1253211991365357568
1253211935782379520
1253211862398832640
1253211760192094208
1253211717435379713
1253211695192965120
1253211694039523328
1253211675366494214
1253211546928451585
1253211416078749697
1253211412471693312
1253211283047972864
1253211152605200384
1253211141297377280
1253211140429144064
1253211019171762176
1253210950385229825
1253210878662578177
1253210852708298752
1253210703378472960
1253210623732854785
1253210601112862721
1253210502483886085
1253210312452571145
1253210143111761920
1253210105425821696
1253210064913084419
1253210002577375232
1253209987574370305
1253209948156198912
1253209776894423040
1253209762763849728
1253209754559791104
1253209699975081985
1253209538729332736
1253209491966963713
1253209373196849152
1253209371452071936
1253209240753393664
1253209137925758976
1253209058703806464
1253208942970392578
1253208889845260288
1253208881171435521
1253208754884997126
1253208751496138753
1253208735813636097
1253208489859493888
1253208469685112832
1253208419433172992
1253208243016544256
1253208242081144833
1253208217540313091
1253208193964048385
1253207962891571201
1253207884030148608
1253207756040998912
1253207743256821760
1253207736461950976
1253207654954078208
1253207579460845570
1253207547760324613
1253207538201436160
1253207524813258753
1253207454357356544
1253207440125984768
1253207385990148097
1253207374086713345
1253207292771786753
1253207259213107200
1253207245980082176
1253207221615431682
1253207211289063425
1253207205081464832
1253207177231302656
1253207165462028290
1253207137863503872
1253207135493726209
1253207095467524096
1253207069928370176
1253206880349978624
1253206879133741056
1253206876923334657
1253206817469083649
1253206798573715457
1253206761135378432
1253206742558744577
1253206723374059520
1253206670567768065
1253206643606786050
1253206634018541568
1253206631057436672
1253206521208594432
1253206498664222722
1253206455672541184
1253206369454473216
1253206362588426240
1253206360965120005
1253206344737460224
1253206239867265024
1253206203490066432
1253206191355944961
1253206094341685248
1253205998896111616
1253205980436971520
1253205942663077888
1253205892016766982
1253205878871863297
1253205862195363840
1253205853118685186
1253205792909656065
1253205719928750086
1253205705378668544
1253205660419928064
1253205598696427520
1253205547370807296
1253205496510795776
1253205489963409410
1253205430991499266
1253205364457250816
1253205183229804544
1253205164204478464
1253205148102426625
1253205125239377925
1253205113658843136
1253205077722087424
1253205024504758272
1253205011921801217
1253204994980970497
1253204989067120646
1253204983677423623
1253204968263335936
1253204677396701184
1253204562766442496
1253204535503355904
1253204503282810880
1253204457321627650
1253204447024631809
1253204330859151360
1253204294066675714
1253204271610413056
1253204242376077317
1253204031121567746
1253203782370037769
1253203582083457024
1253203470330540034
1253203429406789632
1253203315145523202
1253203190268473347
1253203150896496640
1253203079819821061
1253202830023892992
1253202792174563329
1253202772360560640
1253202716559622144
1253202656971104256
1253202611764944896
1253202606605950976
1253202567284379648
1253202386627198976
1253202352569548806
1253202350140993537
1253202292742000641
1253202261951594499
1253202220151078912
1253202167697149952
1253202090408710144
1253202048256028673
1253202046892769281
1253201992794718208
1253201957243813894
1253201956925059072
1253201790004277250
1253201731263086592
1253201663378239488
1253201447677804544
1253201367994445824
1253201347807268865
1253201300868775936
1253201295382642688
1253201280341868547
1253201188339810311
1253200898886717440
1253200845275123713
1253200835682676736
1253200801440370690
1253200778988322817
1253200766984245249
1253200629981425664
1253200553200496641
1253200438817697797
1253200352104656897
1253200334694031362
1253200283720695808
1253200230004203520
1253200174425559040
1253200029470384138
1253199916517806081
1253199887027572737
1253199854727245829
1253199854073008128
1253199708916518913
1253199524744527872
1253199523125571590
1253199512014860289
1253199482759634944
1253198787998334978
1253198658763440128
1253198611204255745
1253198530774212608
1253198439569141761
1253198375249461249
1253198338050195458
1253198284027543552
1253198249428766720
1253197913171394560
1253197850755956736
1253197739464278016
1253197701761679361
1253197573273333760
1253197517623304193
1253197161828888577
1253197156078493696
1253197130271010817
1253197115376967681
1253197106354978816
1253197050432413697
1253196975295602688
1253196945746690049
1253196859998375942
1253196751420436481
1253196496780038144
1253196365171249152
1253195962878767109
1253195927046819842
1253195844930752512
1253195840883167235
1253195509944193024
1253195422862114818
1253195347331072001
1253195254871842816
1253194962105221120
1253194953779548160
1253194900792803328
1253194617429938176
1253194488966787072
1253194348721770496
1253194163400605696
1253193985465692165
1253193555411165184
1253193501833146369
1253193466844270593
1253193437991571457
1253193285130207233
1253193270110363648
1253193171045097472
1253193129559306240
1253193129433485316
1253193086915751937
1253193035808153600
1253192953843068928
1253192856602390532
1253192714797056000
1253192673336451074
1253192402996781068
1253192396290043904
1253192321107181568
1253192314618601472
1253192204257984513
1253192047613353985
1253191945310134272
1253191861197574144
1253191826397372416
1253191669404614657
1253191476487618560
1253191455042043904
1253191302419591168
1253190915776221184
1253190834893225984
1253190793759584256
1253190680098283520
1253190677296545793
1253190534778191873
1253190511667658752
1253190278472663040
1253190218297024513
1253190206288736257
1253190149657243650
1253190045613330433
1253190003124875265
1253190003112308736
1253189921877233664
1253189848783032320
1253189806542258177
1253189724098920450
1253189700795408387
1253189543634907136
1253189299501174784
1253189297060098048
1253189190839402497
1253189086933848066
1253189014129192960
1253188980985802754
1253188894201384966
1253188886148403202
1253188807094087681
1253188728408997888
1253188237746671617
1253188084189061120
1253187979016908800
1253187971328720896
1253187882434600962
1253187867733626884
1253187816940544001
1253187760023834624
1253187749315780610
1253187286642167810
1253187271240683526
1253187246896959496
1253187140881711106
1253187093896937473
1253187008505286656
1253186842477944832
1253186576827514880
1253186574206017541
1253186465460293632
1253186419507544065
1253186353111732232
1253186337378906113
1253186086131707904
1253185955344908288
1253185797970448384
1253185419379978241
1253185328535539715
1253185218611118081
1253184994090061825
1253184877396140032
1253184859704561664
1253184705962414080
1253184600542605312
1253184587011952640
1253184575439810560
1253184476861136896
1253184366899052545
1253184364256661506
1253184355926761473
1253184337899589635
1253184229011271692
1253184085918470144
1253183900609806337
1253183736226754561
1253183611567656961
1253183127834578946
1253183041217925120
1253183025346732034
1253182528267137024
1253182484071792641
1253182404606517249
1253182322599505920
1253181906943979526
1253181906599976961
1253181746125905921
1253181571806330882
1253181559814979584
1253181154787823616
1253181033736003584
1253181000378724352
1253180795897995265
1253180774469246976
1253180153666121728
1253179951907471360
1253179683753078785
1253179436180164610
1253179408514453505
1253179348745625605
1253179037431869441
1253178696686600192
1253178377676230657
1253178065343184897
1253177562915901440
1253177482599116800
1253177376462254081
1253177164150816770
1253176886966001668
1253176819731308544
1253176767659094016
1253176637694369794
1253176446065000451
1253176307065794566
1253176269556064257
1253176155403964418
1253175723478540288
1253175143989481474
1253174378512158722
1253174305220943872
1253174131408941062
1253173735991005186
1253173318078869504
1253172181191794688
1253171898411778049
1253171809324863488
1253171740328562692
1253171520723202048
1253171519888543744
1253170933591924736
1253170861017911296
1253170766461505537
1253170646164672513
1253170330719395840
1253170207083937792
1253169655134531584
1253167399349768193
1253167275789758466
1253166981643190273
1253166446991085568
1253166371430641665
1253164539983642625
1253163431051644930
1253163167263440898
1253163044919795712
1253162621014028293
1253161962013409287
1253161922859610113
1253161518881034241
1253160507999162376
1253159448085921806
1253158272594518017
1253157866644680704
1253157596422459393
1253157439521935360
1253157302552670209
1253156983512932352
1253156381319933953
1253155984807206913
1253155667126468615
1253155663666085888
1253154859928506378
1253152936311521280
1253151501587005443
1253151153350676482
1253151097071386626
1253150839591636993
1253149743854817280
1253148782650327040
1253148708033658880
1253148646184570881
1253148555860197378
1253147952635359234
1253147916170035201
1253147289624993797
1253147216564420608
1253147187715981314
1253147072250904577
1253146537330425856
1253145583604375553
1253145069282045957
1253144385287598085
1253143447801925633
1253142751878828038
1253142422172860416
1253142327356506112
1253141762207555585
1253141248271167488
1253141242399072258
1253141223394680835
1253140883471577089
1253140832208605186
1253140292326350849
1253140285942530051
1253139426135486464
1253138580173656067
1253138574016344064
1253138465195094016
1253138347456901122
1253138277265108992
1253136980533284866
1253136501900292097
1253136211188858880
1253136034256302080
1253135742097858561
1253133924320120835
1253133317844729858
1253132839391985669
1253131873066213377
1253131759048445954
1253131462225903624
1253131284169228288
1253131249662726145
1253130337095483396
1253129511278968832
1253129014119718913
1253128545985011715
1253127713847676929
1253127322452078597
1253126772754874371
1253126357250445314
1253126186357739521
1253125895864356869
1253125684853190656
1253125283529490437
1253125110090907650
1253124973402750981
1253124970525396998
1253124445021093888
1253124291798990854
1253124259196665862
1253123741988642816
1253123685642309636
1253123181738680320
1253122460423241736
1253122128708337668
1253122093731938304
1253122084080963584
1253121582287015937
1253121568965832704
1253121152911912962
1253121042362494977
1253120919809273857
1253120895607947264
1253120889236992002
1253120756197752841
1253120729798905856
1253120648169295872
1253120390769016833
1253119973351972866
1253119916317818885
1253119742979665920
1253119434706890755
1253119312719732736
1253118956048658432
1253118806458806275
1253118488656445442
1253118294011379713
1253118123248582656
1253117968365555713
1253117772734836741
1253117447915343874
1253117087955988480
1253116967604584448
1253116399335223298
1253116255218925577
1253116114361634816
1253115616975863809
1253115573904515076
1253115146366529536
1253115142813908996
1253114889293479937
1253114834528473094
1253114044275240960
1253113337824641029
1253113095674900481
1253112902535569411
1253112706212810756
1253112606493212672
1253112534284058632
1253112287801507840
1253112207484817408
1253112201549881346
1253112124425076736
1253112085707448320
1253112052614299650
1253111987292311552
1253111921592721419
1253111846040633351
1253111769150742528
1253111675978493953
1253111663936634882
