1294422363392692226
1294422227291705344
1294421946449494023
1294421869605670913
1294421622523334657
1294421226228797441
1294420482264006659
1294419204473532416
1294419134407757825
1294418845470461953
1294418014910263296
1294416847408967682
1294416804153036805
1294416408357548037
1294416359598821377
1294416156388974595
1294415957994110976
1294415079082020865
1294415037793292288
1294414739074940928
1294414643797151757
1294414615347105795
1294414392919040000
1294413904802729984
1294413492393582594
1294413014997913600
1294412743869685761
1294412546993197056
1294412399223754756
1294412259960258567
1294411838936023041
1294411777334181895
1294411665434464256
1294410999840333831
1294410889546936321
1294410789667954688
1294410596281192450
1294410547073626112
1294409748746567680
1294409731386351616
1294409436728045568
1294409432668024833
1294409381916954626
1294409333422399489
1294409202522365955
1294408966013964290
1294408927438872577
1294408484755320835
1294408476152811520
1294408353448431616
1294408225610182658
1294408134744854529
1294408119179718659
1294407947649515520
1294407871673913344
1294407745442066439
1294407630883041280
1294407568580849665
1294407517808857088
1294407463022792704
1294407453430480896
1294407349491372032
1294407281271021569
1294406984020762624
1294406911748702211
1294406811165106176
1294406714461216780
1294406540984758272
1294406482616868864
1294406255902154753
1294406159919702016
1294406147479412738
1294405957896867842
1294405723036831750
1294405640148914176
1294405475027623937
1294405433906606080
1294405307037253633
1294405175122309120
1294405100434317314
1294404901171273728
1294404864907370502
1294404682320936960
1294404641564905472
1294404353315528715
1294403902612344832
1294403769321639942
1294403722420932621
1294403658793328641
1294403616552488966
1294403381218414597
1294403170689589249
1294402972819095559
1294402826697871360
1294402785153294337
1294402768707489794
1294402712570822657
1294402681944055809
1294402588851539973
1294402562708443142
1294402411654787074
1294402186076655622
1294402168477437953
1294402013204303872
1294402005696483328
1294401826062848000
1294401750632468483
1294401741090365441
1294401551495303168
1294401502241591296
1294401493903331328
1294401378920603658
1294401364974608389
1294401337271222275
1294401293474320386
1294401066742820869
1294401013064105984
1294400987147501569
1294400924098666501
1294400795962560512
1294400716417761282
1294400605746802688
1294400562629357570
1294400469566185472
1294400261558067200
1294400116158345223
1294400039578722304
1294399906787065860
1294399839246090240
1294399755481735168
1294399678730174465
1294399422210744320
1294399390845743106
1294399377809846272
1294399347409518597
1294399240018567172
1294399113468010506
1294398979703267329
1294398841769398279
1294398648336474124
1294398398989324293
1294398309893799936
1294398097351757824
1294397919534166018
1294397818732531716
1294397801221292032
1294397741750198272
1294397676528820224
1294397670073786368
1294397645167919105
1294397616344662019
1294397560086564864
1294397459146444800
1294397452540420097
1294397406730170368
1294397257123606528
1294397132833685509
1294397074532958209
1294396825823318016
1294396684122951686
1294396680545144847
1294396459178221569
1294396355440521218
1294396107397697536
1294396101852901376
1294396057342836739
1294396009326563331
1294395977281961987
1294395788890603527
1294395764035055617
1294395474087223297
1294395288061435904
1294395224848990211
1294395216775053313
1294395179965853700
1294395098613063685
1294394851434336256
1294394764557783040
1294394760745164803
1294394619111841794
1294394486764625921
1294394406003408901
1294394250029924360
1294394232887803906
1294394122376224768
1294394075584634882
1294394075035181056
1294393951244431364
1294393797028253699
1294393696910180355
1294393668678418438
1294393603964403714
1294393565783756800
1294393433516376064
1294393394828107779
1294393366189309959
1294393252427313155
1294393232617504772
1294393130951811083
1294393001217855490
1294392998508273664
1294392791762644995
1294392497326751745
1294392407430246401
1294392294901252098
1294392271622877184
1294392263192215553
1294392256217198592
1294392203683540992
1294392055637123074
1294392053741363202
1294392031222136833
1294392014570692614
1294391967208660992
1294391945696022534
1294391866243325952
1294391742402310145
1294391722152255488
1294391684764241921
1294391591461953539
1294391252474003456
1294391214138167296
1294391200586375169
1294391145393532928
1294391130780569603
1294391111230906368
1294391078100115456
1294390925242793984
1294390893617831938
1294390876345700352
1294390860352819202
1294390853826424832
1294390745357602817
1294390570610286594
1294390413659439104
1294390413231611904
1294390406021611520
1294390402666180616
1294390179562696704
1294390128631259141
1294390049694515200
1294390029771571200
1294389815887134720
1294389720777187331
1294389712724070401
1294389654024839168
1294389578187628549
1294389525972688897
1294389469748043779
1294389391922810883
1294389388445655047
1294389354270461963
1294389158404927488
1294388981665275904
1294388887595491329
1294388829739257862
1294388694250663940
1294388626063855616
1294388520447082497
1294388503858622467
1294388497978208257
1294388460262961152
1294388422396829697
1294388383242948613
1294388354717560834
1294388294890004481
1294388196864921600
1294388117567418369
1294388099984785416
1294388068443729920
1294388019647176705
1294387940089647105
1294387679203864576
1294387503638687746
1294387482595856392
1294387480049876994
1294387382360383493
1294387367801954304
1294387290714800129
1294387218103128069
1294387205377531904
1294387172435533824
1294387081922383872
1294387071445082120
1294387050444201987
1294387018290671616
1294386985159843841
1294386760043110400
1294386658239029248
1294386590979162112
1294386574554206209
1294386539213062159
1294386489686622212
1294386373898768384
1294386365703102464
1294386079164960770
1294386071963344896
1294385967399350274
1294385939981176832
1294385813028048911
1294385771206541314
1294385713602072576
1294385691091177475
1294385677770031107
1294385671302459400
1294385572165845004
1294385559465492481
1294385486530781191
1294385338601943047
1294385325779955713
1294385321585647617
1294385244490137603
1294385233236840448
1294385112973553664
1294385111258083328
1294385052344823808
1294385048423206913
1294385022795907072
1294384797435953153
1294384788347006976
1294384691840253954
1294384539356233734
1294384530296639493
1294384529482960897
1294384431466192898
1294384374411034629
1294384363094913026
1294384338428207104
1294384331180441602
1294384277203951621
1294384137776832512
1294384056306675712
1294384042754871298
1294384029710594048
1294383987343990784
1294383915352956928
1294383892259053568
1294383794028523527
1294383331963031555
1294383255785963523
1294383243534438401
1294383142745317380
1294383141835112452
1294383106250727436
1294383036541423618
1294382912452857856
1294382896980074498
1294382836217270280
1294382708764876800
1294382610639204352
1294382576849780736
1294382576006832133
1294382416635854848
1294382240873545729
1294382100276289537
1294381946441805825
1294381861867859977
1294381792837935105
1294381752300036097
1294381724978339845
1294381671907819520
1294381602018078720
1294381571932401665
1294381553460613121
1294381551451602945
1294381499333120002
1294381424901054473
1294381405028470786
1294381367015481344
1294381335923105793
1294381332655726602
1294381320878120968
1294381258122854402
1294381197242576897
1294381113151021063
1294381090745057285
1294381051092115463
1294381049154351108
1294380992568975360
1294380912709271552
1294380800646025216
1294380720018817024
1294380567056834561
1294380437255729155
1294380361271652355
1294380170229559297
1294380121449734145
1294380038834524161
1294379749469495297
1294379699754479623
1294379651230584833
1294379620452708354
1294379572029521920
1294379514286313472
1294379486608273408
1294379387119337472
1294379359353135105
1294379309537406982
1294379254709354496
1294379241346404353
1294379179396550656
1294379134815219715
1294379087729958914
1294378948550438917
1294378948470738947
1294378745743187969
1294378631507202050
1294378587907411972
1294378402909237256
1294378102857097216
1294378030840897543
1294377971004973057
1294377783225974785
1294377733896777729
1294377672643149826
1294377637645881347
1294377552304312321
1294377528291926016
1294377474650976267
1294377459463401472
1294377421765070848
1294377346045227008
1294377322565505030
1294377271457984512
1294377222732763137
1294377150288728071
1294377038661517314
1294376994310848513
1294376984307552257
1294376928338677761
1294376917341278208
1294376862676901889
1294376833715240963
1294376815079940103
1294376797535178752
1294376786952966148
1294376779478634496
1294376712348852225
1294376694552428545
1294376653536231425
1294376523949051905
1294376313143414802
1294376290208940032
1294376105152045056
1294376027628732418
1294375993537368065
1294375917616279556
1294375862528335879
1294375747910537219
1294375694659723265
1294375523032891394
1294375498131349507
1294375478472708097
1294375453617270785
1294375427616710657
1294375399695233030
1294375346855383048
1294375315289116674
1294375295617830913
1294375238856314882
1294375199819923457
1294375185206960138
1294375130504798214
1294375109919223808
1294374973956653057
1294374823003660295
1294374770071535622
1294374721052651528
1294374581118160897
1294374575933972485
1294374515275964417
1294374336158203904
1294374237243879427
1294374235717148673
1294374204524179461
1294374204230508546
1294374130603773954
1294374116745773057
1294374097225486336
1294373880048635911
1294373870430859264
1294373733965148161
1294373576703913987
1294373510165536772
1294373496768868359
1294373470671966208
1294373402363465729
1294373366921453568
1294373357417385992
1294373348412215296
1294373302060945408
1294373251154681857
1294373194896478214
1294373070141100036
1294373018358231048
1294372925378891778
1294372838758064132
1294372838607147008
1294372837311078401
1294372738132582403
1294372714107600905
1294372583241064451
1294372546633256960
1294372460574445568
1294372430945947649
1294372346938232832
1294372328701407233
1294372304286355457
1294372277291749378
1294372265677684736
1294372242126704642
1294371939163799553
1294371878115651590
1294371799485034505
1294371689736929280
1294371545616396299
1294371541195591681
1294371477773520901
1294371403328892929
1294371254674362370
1294370320674103300
1294370279158886401
1294370229741588480
1294370180701868036
1294370160351084544
1294370119334887424
1294369800823734273
1294369680069726209
1294369665792258051
1294369025359785986
1294368937371742208
1294368927624114176
1294368731301388292
1294368593728229376
1294368433501544449
1294368393357918208
1294368379382435841
1294368343709941760
1294368290282840064
1294368013626613760
1294367657307897856
1294367626446147587
1294367508590465038
1294367497261588485
1294367166033272833
1294367108126695424
1294367054108262407
1294366931370287111
1294366880036196356
1294366829205426177
1294366617560809472
1294366523130339329
1294366446890496007
1294366199942438912
1294366046120488961
1294366041825521664
1294365833968463873
1294365773323014146
1294365767744585729
1294365526764990464
1294365522906275841
1294365464605466624
1294365449975730177
1294365355104706560
1294365255674585088
1294365116847325184
1294365025143005188
1294364990091284482
1294364943362527235
1294364927302541313
1294364759282851841
1294364645982167041
1294364620493410304
1294364460736536576
1294364447289618434
1294364442214498304
1294364247229698048
1294364209942343680
1294364037241868296
1294363964063834115
1294363951124434944
1294363858715521025
1294363838863769600
1294363720513134593
1294363630192996358
1294363558818570245
1294363544251760640
1294363369013760002
1294363296573927432
1294363296360005636
1294363068370161667
1294362936106872832
1294362924543291393
1294362900233162753
1294362792313659399
1294362724395253760
1294362722591821827
1294362672721428487
1294362592782278656
1294362308244901889
1294362152124514305
1294362064572633089
1294362048760086529
1294362029189410818
1294362023757742080
1294362011011350530
1294362003562258434
1294361900256550913
1294361892287283201
1294361858858786817
1294361800012705794
1294361658895237121
1294361628776038402
1294361610958626817
1294361573390155783
1294361552448032769
1294361473775435785
1294361406561751041
1294361329151737856
1294361242614861824
1294361134926094338
1294361108363595776
1294361079376740360
1294361052453441537
1294361034170535936
1294360959557996554
1294360892092678144
1294360790955368449
1294360783875264513
1294360684034220032
1294360641784946691
1294360478911803402
1294360440324141057
1294360409034694658
1294360324032942084
1294360313157095434
1294360241577000960
1294360218932060161
1294360167786713088
1294360136216121345
1294360038396563456
1294359957765337095
1294359827179876353
1294359812843733003
1294359806166421505
1294359690013478912
1294359689577345028
1294359661546700800
1294359565895643142
1294359471389581312
1294359441383608328
1294359392289198082
1294359375029645313
1294359356419579904
1294359330284875776
1294359102978699271
1294359017444315138
1294358946669572101
1294358786153623552
1294358706105143296
1294358664166420483
1294358648794370058
1294358588375392259
1294358582033633280
1294358566841864197
1294358501301669898
1294358366815494146
1294358216005033986
1294358047620464644
1294358016968531969
1294357926904299520
1294357601417928704
1294357527770157056
1294357507155070976
1294357329534529537
1294357207086247936
1294357190099304448
1294356929935007744
1294356752989933569
1294356646878208000
1294356624946200579
1294356607669866496
1294356554737688576
1294356528837931009
1294356521330057218
1294356434046652418
1294356398009196544
1294356390694260736
1294356320246796291
1294356125798862852
1294355971142287360
1294355923125895171
1294355879878434818
1294355859993251842
1294355844130373634
1294355825209876480
1294355689217953793
1294355610130153473
1294355391648849924
1294355382417215488
1294355380353617920
1294355225592115200
1294355181468110848
1294354966069600256
1294354922226561024
1294354871295057921
1294354869088911363
1294354796258955264
1294354718437900291
1294354683520339968
1294354637219299330
1294354631980650499
1294354593380524035
1294354356683321349
1294354264349986818
1294354223438733314
1294354141884682240
1294353955892461572
1294353932001648649
1294353772827873280
1294353581240463362
1294353370233204736
1294353281402241024
1294353271658885127
1294353247742971908
1294353239857606657
1294353230269419525
1294353210895994885
1294353207058210817
1294353140179968000
1294353072102285312
1294352920935366657
1294352908939677696
1294352854891757568
1294352840002076672
1294352750805954560
1294352734494380034
1294352537794031617
1294352525693530113
1294352508270387200
1294352486686490625
1294352448077934592
1294352391567966208
1294352376120455170
1294352333506215936
1294352193290752005
1294351950318833675
1294351911144087554
1294351768197963779
1294351650103197698
1294351575729790980
1294351566674309121
1294351552627572737
1294351502631489537
1294351498747551746
1294351462009626634
1294351298834444288
1294351279498633216
1294351278319992832
1294351274058616833
1294350992746700802
1294350988753739776
1294350986488811520
1294350798105776130
1294350728098713600
1294350634511147010
1294350613870977024
1294350475781984261
1294350380021710850
1294350363760484353
1294350277789782019
1294350258181410816
1294350095081758728
1294350067701350400
1294349995164995588
1294349900675788801
1294349852487426049
1294349838751010816
1294349506876715008
1294349488577019904
1294349477919285248
1294349456276684800
1294349447334367234
1294349396650401792
1294349306133188608
1294349241469538309
1294349218447065089
1294349218333810690
1294349111001526279
1294349108933808131
1294349071289810945
1294349055150239744
1294348971234795522
1294348964343554048
1294348955728437248
1294348912833290241
1294348911256240129
1294348909893038080
1294348833980325891
1294348667474849798
1294348467683430401
1294348357050216451
1294348348225392640
1294348272375599105
1294348255204179969
1294348195837947905
1294348146949185538
1294348095988338689
1294348087666921472
1294348030167199748
1294348015260635138
1294348002606317569
1294347985808175105
1294347935061291008
1294347832942567426
1294347773630910467
1294347702550003713
1294347687295430657
1294347558618370055
1294347546341650432
1294347526263504897
1294347449734238208
1294347416427274241
1294347350324981760
1294347341315612672
1294347338975240204
1294347273376354314
1294347249842102276
1294347223191388160
1294347221324922880
1294347220049965058
1294347210860240898
1294347186038345729
1294347147400314883
1294347146095996930
1294347111547445248
1294347104824053760
1294347102580101120
1294347090697555969
1294346997416296448
1294346947403358208
1294346878704848896
1294346861751537664
1294346849424494593
1294346826242560001
1294346815823851521
1294346802565730306
1294346746890522625
1294346726158016512
1294346699842949122
1294346697754238983
1294346645581246466
1294346529411563520
1294346478144630785
1294346477930778625
1294346371974287360
1294346332912660488
1294346313245626368
1294346297047224321
1294346256307953664
1294346172358889472
1294346112674013186
1294345863297486848
1294345680719355910
1294345576490897414
1294345355702697984
1294345165365272576
1294345135816409090
1294344841808224256
1294344745532129285
1294344718810218497
1294344598781931522
1294344352932798467
1294344167863263234
1294344113232457734
1294344088762941440
1294344044244602881
1294343989513129985
1294343743542366209
1294343717613113344
1294343710747041793
1294343701657985025
1294343601930080257
1294343482325204992
1294343377534824449
1294343373420191745
1294343315035496448
1294343209959796742
1294342992950591495
1294342930556243975
1294342762477879299
1294342665576882176
1294342197853265920
1294342060561096711
1294341940591435780
1294341933301739520
1294341860115308544
1294341830637690883
1294341799604105217
1294341793937530885
1294341767270146053
1294341755870031878
1294341094319235083
1294341080851386371
1294341078976520193
1294341019715153922
1294340896700465152
1294340892929806339
1294340652898156545
1294340642970259461
1294340573638332417
1294340284378238984
1294340110016811010
1294340032493387780
1294339961861353472
1294339926981517314
1294339832009969664
1294339449569124354
1294339255498674177
1294339248305385474
1294339234275500035
1294339127308165120
1294339059184271360
1294338837972496386
1294338801721135107
1294338776240664576
1294338713351270400
1294338556199141377
1294338449495986177
1294338325852061696
1294338281673576448
1294338220025683971
1294338169392050177
1294338077465481218
1294338010717331463
1294337798816882694
1294337737718366210
1294337707485921284
1294337638430892033
1294337482302148611
1294337451113291777
1294337431211311108
1294337364211445761
1294337356678430726
1294337289632600065
1294337108107300864
1294336725750251522
1294336625678454784
1294336500100993027
1294336347390476290
1294336182147571712
1294335996205703170
1294335791519485953
1294335774784204808
1294335624477057025
1294335600695414784
1294335336164855810
1294335153083424774
1294335024477732865
1294334971553951745
1294334890788499456
1294334847192899585
1294334793518387201
1294334712786423808
1294334604967583745
1294334460931047425
1294334427368230914
1294334416584679425
1294334380798869504
1294334271214297089
1294334261483515904
1294334211386748928
1294334119422447616
1294334037511856130
1294333860881354755
1294333504319348736
1294333306004217857
1294333203357081600
1294333104937738240
1294333090622590978
1294332999585210368
1294332814855475200
1294332787831578625
1294332765907886081
1294332444125134854
1294332225174069250
1294332190701096969
1294332184698986496
1294331824752201729
1294331779361505287
1294331746129936385
1294331684360458242
1294331507599912967
1294331494966722560
1294331203466797064
1294330827220963330
1294330787102367745
1294330761861042176
1294330668051136512
1294330637483220993
1294330606814404609
1294330457392402438
1294330397078192129
1294329779169132548
1294329760332603392
1294329508447887368
1294329499836973058
1294329420208132098
1294329236359086080
1294329216276860928
1294329174942011394
1294329154096320513
1294329135310032901
1294328941461868544
1294328931902947334
1294328897199312896
1294328828689514500
1294328795499986946
1294328760800620547
1294328742693797891
1294328653522841600
1294328610514493440
1294328381803200514
1294328349750448128
1294328293479636994
1294328148776095749
1294327910648762370
1294327894798475276
1294327799491235841
1294327303770701829
1294327134522150912
1294327016368545792
1294327012836945920
1294326989495599111
1294326969472032768
1294326614340390914
1294326560124809222
1294326458811387906
1294326258860544002
1294326194586947584
1294325837408415745
1294325821511999489
1294325810124529666
1294325730814418945
1294325725470822411
1294325667417534464
1294325658085134338
1294325607011155968
1294325570034118658
1294325533761822721
1294325243385991168
1294325216982728711
1294324995322269696
1294324853970030593
1294324783753179138
1294324733920653314
1294324634129702913
1294324626596737026
1294324623803396101
1294324614479450117
1294324609345630208
1294324608322109441
1294324457574629377
1294324374523252737
1294324219002716163
1294324160777396227
1294324088048103424
1294323756891021324
1294323511847260164
1294323509527805952
1294323454930550784
1294323432600014848
1294323338307940354
1294323255306850304
1294323214588481536
1294323204148924422
1294323140911194113
1294322778410299394
1294322543764164608
1294322529860018178
1294322394115575808
1294322338238955520
1294322287882260482
1294322225093455878
1294322174908604416
1294322115257171968
1294322099704729600
1294321879499628546
1294321868779008000
1294321808024506369
1294321720980103168
1294321574624010243
1294321535667363841
1294321474271170564
1294321436367228928
1294321351365480449
1294321103293370378
1294321063984279552
1294321049744572423
1294320892097503233
1294320812875485184
1294320809444507649
1294320262092140546
1294320185499934722
1294320160770347015
1294320084924674051
1294320079098843139
1294320016142237696
1294320009683107843
1294319882599837698
1294319820800962564
1294319621479202817
1294319498338672641
1294319463119036417
1294319460204118023
1294319309112647681
1294319305237159936
1294319264099454977
1294319242813243393
1294319113054162945
1294319072285470722
1294319067680178178
1294319065364926467
1294318910586662915
1294318839195410435
1294318796161908736
1294318758568382464
1294318604217876483
1294318565919784960
1294318553324281857
1294318479454216194
1294318448252788737
1294318363464863745
1294318338907279365
1294317979719675907
1294317940058337280
1294317921368506369
1294317900921294849
1294317748458332163
1294317654791139328
1294317646142472192
1294317401509695489
1294317398678437893
1294317392093491200
1294317319494279168
1294317211176361988
1294317159221538821
1294317147825545218
1294317088639791104
1294317084445417472
1294317008994144257
1294317005324066816
1294317000399958018
1294316934360715267
1294316770703159302
1294316729108180993
1294316708669292544
1294316579006615553
1294316461746524160
1294316456189087746
1294316427479003136
1294316372319776769
1294316327939846145
1294316278245728257
1294316271677452288
1294316267407577088
1294316198067306496
1294316170355642379
1294316018282770434
1294315940637822977
1294315859868110849
1294315823859990530
1294315768256094209
1294315750828711942
1294315748626751489
1294315731757268992
1294315540358598656
1294315479528595464
1294315420774801409
1294315417117360130
1294315398117101568
1294315389309071362
1294315379871879169
1294315331184472068
1294315313509662720
1294315293288935425
1294314909333958656
1294314833660305410
1294314764366094336
1294314639526891521
1294314495100112897
1294314471331176449
1294314451181752320
1294314451181740043
1294314401621843968
1294314352967852032
1294314341903343616
1294314309389111300
1294314282541359104
1294314213985390593
1294314165176274944
1294314140874551297
1294314132024504320
1294314125665894402
1294314053016399872
1294313860938248193
1294313749856296960
1294313652196016128
1294313610362191874
1294313520432021504
1294313447077945344
1294313416841146368
1294313344212574208
1294313268501196802
1294313146539290627
1294313085285654529
1294312960651919361
1294312810437054465
1294312540948791307
1294312529192198146
1294312476411035650
1294312356655267842
1294312299545743361
1294312267673198594
1294312130079006726
1294312045563781128
1294311912742805510
1294311812553486337
1294311797164511234
1294311765766021121
1294311716952707073
1294311709801361410
1294311683809214467
1294311668999168005
1294311534110408705
1294311453797822473
1294311202139656192
1294311186536767488
1294311185890893825
1294311073747787778
1294311010308894721
1294310915974860801
1294310890444029957
1294310751478460426
1294310639985463300
1294310610268807171
1294310600886059009
1294310470715944960
1294310454836236288
1294310405263818754
1294310329950896140
1294310329917288450
1294310320996003841
1294310066326245376
1294310038689976320
1294310001885032452
1294309976811474946
1294309948176949250
1294309928170119171
1294309851062063106
1294309850852126721
1294309720078135301
1294309647550164992
1294309464720408577
1294309375776108544
1294309355425341441
1294309254451560449
1294309227700334593
1294309210252083208
1294309140681175043
1294309135484411905
1294309038461779968
1294309013912526850
1294308992416653312
1294308976994258944
1294308917070254083
1294308909780533253
1294308908484485123
1294308838510862339
1294308831279882244
1294308657543491584
1294308600618332160
1294308577931399168
1294308417482428416
1294308416119341068
1294308268299485187
1294308235521003520
1294308090138042369
1294308080658853889
1294307927273213955
1294307916367958016
1294307904867250177
1294307861825290243
1294307833668866054
1294307813875998725
1294307752286785537
1294307720502353927
1294307684171296768
1294307579066232837
1294307566781071363
1294307492466511874
1294307477513801733
1294307394776899584
1294307212316286976
1294307185334407168
1294307156318203905
1294307119706120193
1294307093437194241
1294307035568386049
1294306991326875649
1294306975476527105
1294306974574817281
1294306859252416514
1294306838037569536
1294306834359222273
1294306750183677952
1294306679811649537
1294306639118573571
1294306608999268353
1294306490334011394
1294306473024118788
1294306410067632138
1294306402761084933
1294306346570055681
1294306254706413568
1294306160313536512
1294305961017053186
1294305896303071232
1294305829043286018
1294305653742358529
1294305625598566400
1294305489837318146
1294305458484903936
1294305446069665792
1294305373407580165
1294305355535650816
1294305286111494151
1294305229622648834
1294305179479748611
1294304971559755777
1294304871299112968
1294304840093446147
1294304687068454912
1294304683708878849
1294304662733160450
1294304481409216513
1294304417731284995
1294304273476485120
1294304197727395840
1294304134825476098
1294304126319419403
1294304043905495040
1294303776883585024
1294303621698539521
1294303536336056320
1294303522905894912
1294303517755289600
1294303491956121600
1294303367683026947
1294303356131975169
1294303337807065091
1294303227337494529
1294303176238215168
1294303150678179840
1294303127240347649
1294303080092246016
1294302853486583809
1294302847090208768
1294302820649308162
1294302804358713344
1294302803557580800
1294302763724296192
1294302762742747137
1294302748616294402
1294302720866820108
1294302693754908674
1294302677321617408
1294302660171112448
1294302611668180994
1294302562821316610
1294302555279962118
1294302545658236928
1294302532374863872
1294302519888412673
1294302493720051712
1294302460237025282
1294302438971838464
1294302405283151873
1294302360907452416
1294302302778658816
1294302257937350657
1294302226559709190
1294302154883239937
1294302114534043650
1294302103918137344
1294302033063948289
1294301974410731520
1294301969377570818
1294301961840361474
1294301942676631553
1294301816218411014
1294301760929050624
1294301560655286274
1294301559845781509
1294301493244420096
1294301368619016192
1294301364680630272
1294301305285025793
1294301231414939649
1294301192563105794
1294301175374852097
1294301116604309505
1294301106814758913
1294301084471701504
1294300837431435273
1294300682535735297
1294300637690236928
1294300551476400128
1294300344823021568
1294300054480728065
1294299926491353088
1294299848875880451
1294299749189853184
1294299730529456130
1294299559200526338
1294299543132090370
1294299541865406471
1294299366170267650
1294299325888159749
1294299276701569024
1294299273404854274
1294299263426596864
1294299258795905033
1294299211412975616
1294299086007476224
1294299017124483073
1294299005514637315
1294298847410360320
1294298812077543424
1294298544778752005
1294298497647353856
1294298426235146240
1294298374229962752
1294298321159426049
1294298304126361600
1294298231493533699
1294298176283906050
1294298167446581249
1294298079693287426
1294298065248165889
1294297964329029632
1294297948432609280
1294297857877475330
1294297687941144577
1294297286722428929
1294297253537079296
1294297103880146946
1294297092148662272
1294297083726397441
1294297037123485698
1294296987211358209
1294296983721644034
1294296801537863682
1294296423119425537
1294296358208380928
1294296345344380931
1294296330970501121
1294296329770991616
1294296100644454401
1294296094453698560
1294296033166589963
1294295986249109504
1294295783232110593
1294295672666062849
1294295612511354880
1294295573680594946
1294295423000162304
1294295402418757632
1294295385524101121
1294295279915737094
1294295196163887106
1294295187741712384
1294295164945666049
1294295101380923392
1294294867686969344
1294294849953378305
1294294760384081921
1294294734261948418
1294294630356471816
1294294536601120768
1294294384654135296
1294294360369115147
1294294200821919744
1294294141929754624
1294294090780155904
1294294032877793282
1294293971557122050
1294293967346049025
1294293921393070081
1294293809514401795
1294293801671036935
1294293772713500672
1294293768062017542
1294293740580999169
1294293668069871621
1294293583449804800
1294293552550338565
1294293536205082624
1294293443032879105
1294293423910989827
1294293395142250504
1294293358228180994
1294293329987997697
1294293222555033607
1294293182113619970
1294293179194314753
1294293116107870212
1294293112567861250
1294293072701001730
1294292957626064897
1294292851589812227
1294292843671040002
1294292802331987968
1294292757498929152
1294292736015728646
1294292671280939008
1294292621230317569
1294292546554920960
1294292427176542208
1294292357786079233
1294292339121360899
1294292337519140866
1294292316723785728
1294292305638236162
1294292248667062273
1294292213644644353
1294292197882224640
1294292189590310912
1294292117213319169
1294292069981335552
1294291969657704448
1294291875134877698
1294291865685110784
1294291686634524672
1294291683262308357
1294291602597445633
1294291373382946816
1294291310166368261
1294291283591286786
1294291230877245440
1294291131715461120
1294290972814254080
1294290965516230656
1294290901045522433
1294290866295779332
1294290801900609538
1294290776667684875
1294290766727196673
1294290566616944640
1294290541027393536
1294290496639115271
1294290311301275649
1294290277709094913
1294290235854118912
1294290232788037632
1294290160117600257
1294290136671367168
1294290064156000257
1294289896690130951
1294289585304932352
1294289557073141766
1294289508880592896
1294289443734663168
1294289381793112064
1294289366366396418
1294289361001996288
1294289207964336129
1294289136027938816
1294289069980225536
1294288891676106752
1294288865797246976
1294288835917025280
1294288814769344513
1294288807274176512
1294288672486039552
1294288392793071616
1294288338313248768
1294288333380685824
1294288292448481287
1294288236181889029
1294287995756072960
1294287973031325697
1294287916546613252
1294287811512872961
1294287807285014530
1294287718969737218
1294287699101319169
1294287663072256000
1294287564933914626
1294287492003192832
1294287491277692928
1294287490614951937
1294287431974387713
1294287037177135104
1294286931585572865
1294286822504308738
1294286417741389826
1294286414235021313
1294286244071919617
1294286208160403461
1294286206000345089
1294286123905232896
1294285987703664640
1294285954514067457
1294285915666493440
1294285890592935937
1294285651731415041
1294285622904074243
1294285602318426114
1294285374118862848
1294285295882506242
1294285146514960384
1294285128127131654
1294285018286772225
1294285003489193986
1294284905141207042
1294284840523706370
1294284792700317696
1294284763407294472
1294284692531929094
1294284672432734212
1294284671057113089
1294284652786733056
1294284578321039361
1294284542560305163
1294284514848628738
1294284355200835586
1294284349693734912
1294284306672754689
1294284295033561090
1294284290906365954
1294284244634816515
1294284177261699075
1294284116926648322
1294283867910803456
1294283853171916802
1294283845827788801
1294283709609320448
1294283615476559872
1294283606702133248
1294283598510592002
1294283584484802564
1294283522279190529
1294283496744255488
1294283482475180034
1294283465488322572
1294283401458065408
1294283377114263552
1294283242217058304
1294283200282361857
1294283200144039936
1294283173476683778
1294283167088738306
1294282843019980801
1294282724207976451
1294282631383851008
1294282626770100225
1294282585103896576
1294282423690240001
1294282071465234433
1294281997716729858
1294281913709080576
1294281913474129923
1294281853931683840
1294281689334796290
1294281674889531393
1294281671425089536
1294281584695103489
1294281580228354049
1294281560582217730
1294281558342479874
1294281371108737024
1294281353119367168
1294281304188624896
1294281276770394113
1294281213767819264
1294281212119351298
1294281184848023552
1294281164077830149
1294281067780857859
1294281054333947904
1294280893775917062
1294280873811091457
1294280865246306306
1294280848091512839
1294280832652316672
1294280829221429250
1294280665865822208
1294280574161629186
1294280564250476546
1294280442858921986
1294280394666389504
1294280191402037248
1294280138151137281
1294280102054973441
1294280050423078912
1294280027111030795
1294279959255617542
1294279810542379010
1294279752409391105
1294279617164070913
1294279613238124546
1294279529628930048
1294279478236057600
1294279445872869376
1294279163973689344
1294279079320072195
1294279031861456897
1294278954472353794
1294278851720355840
1294278827527606272
1294278739015225346
1294278734053285888
1294278657297584128
1294278653912780805
1294278492553654272
1294278475805855745
1294278441811021824
1294278438279413760
1294278351444729856
1294278151946801154
1294278010716250112
1294278010225532928
1294277852112789505
1294277849998938112
1294277846911930368
1294277733820723206
1294277706180427781
1294277693790466049
1294277536470401024
1294277509324963840
1294277350713106432
1294277304680685569
1294277302390530054
1294277157804544000
1294277150842003456
1294277139328643073
1294277082936160257
1294277023418941440
1294276821194813440
1294276802626686978
1294276745227575297
1294276662796996608
1294276640713969664
1294276574053834752
1294276537454395393
1294276391761059841
1294276366549037056
1294276365089492993
1294276283224948738
1294276241999179777
1294276198978269186
1294276174340919297
1294276172847644675
1294276080841490432
1294276042132197379
1294275966940975110
1294275956803338240
1294275821063086081
1294275731380469760
1294275687596150785
1294275618973061121
1294275487829819392
1294275404451262464
1294275379780362242
1294275315284553728
1294275168181854208
1294275061613047809
1294275033079177217
1294275025432915969
1294275000061562880
1294274891022303235
1294274836978716672
1294274793123000320
1294274716564426753
1294274716010795010
1294274713779351552
1294274712617586688
1294274626776969216
1294274531113291776
1294274439648096259
1294274283456397317
1294274205052276737
1294274098265305093
1294274071639855104
1294273949065412608
1294273921940946945
1294273773382905857
1294273697411457026
1294273691724001280
1294273638951247872
1294273624594165760
1294273412131676160
1294273363075047425
1294273350324195328
1294273307622211585
1294273301116788736
1294273299044880386
1294273288529739776
1294273284213747714
1294273270926184449
1294273217037729794
1294273216878448640
1294273139405393921
1294273048934309888
1294272994509049856
1294272954310840320
1294272935440666631
1294272922245267463
1294272761448271873
1294272618774888449
1294272607370575872
1294272599430758405
1294272561740681217
1294272444358959104
1294272355452190720
1294272303547768832
1294272282936913920
1294272197830344704
1294272192654397440
1294272182575665152
1294272179610292226
1294271767746207746
1294271736742125570
1294271625509175304
1294271592537690113
1294271569934589953
1294271548275163136
1294271494827266048
1294271353873412097
1294271330381070336
1294271251108827137
1294271245744246785
1294271207957827584
1294271190673100801
1294271171794546689
1294271149300473861
1294271094569021441
1294270905867272192
1294270904822910980
1294270899592585223
1294270780675588102
1294270754259963905
1294270639226986496
1294270537041162248
1294270478228455424
1294270452718804992
1294270356631490561
1294270354190475266
1294270350801371137
1294270348440018951
1294270334674313217
1294270331025227777
1294270327464361984
1294270323261616128
1294270296036446209
1294270264436559878
1294270252575055877
1294270251102863361
1294270250972786689
1294270206030893056
1294270081137020934
1294270011196837889
1294269954259378187
1294269888446570498
1294269787250491399
1294269743973769216
1294269709454651399
1294269642043785216
1294269608548065286
1294269524188037120
1294269485768204288
1294269478067482625
1294269446689824768
1294269432072732675
1294269330465619968
1294269239898116096
1294269022050095104
1294268959324241921
1294268925266534400
1294268873089392647
1294268838813589506
1294268827744829440
1294268827275087872
1294268754449375232
1294268645561032708
1294268638854348800
1294268622207156225
1294268608567226371
1294268587625058305
1294268563017076736
1294268561595281409
1294268528439304197
1294268515520843776
1294268463746252800
1294268459103203331
1294268396746485767
1294268390006239232
1294268347148894208
1294268342384156672
1294268262822432770
1294268219805573120
1294268196967591937
1294268064964452358
1294268004952350726
1294267999382319105
1294267985625075712
1294267937998741505
1294267788274663426
1294267731039182849
1294267726647656448
1294267700013826049
1294267607302975488
1294267532308774912
1294267468991602688
1294267397134782464
1294267387802509314
1294267345750368259
1294267314699931648
1294267306261053442
1294267289689300992
1294267238560739330
1294267065851949057
1294267048277811203
1294267046184865792
1294266973254307840
1294266895059890176
1294266859404111878
1294266702067372033
1294266672900182018
1294266642818650112
1294266580478631936
1294266573990109185
1294266545267507200
1294266471577681920
1294266452892168193
1294266397179219969
1294266314790514688
1294266304094965761
1294266235866292224
1294266184720777216
1294266180434366466
1294266179821940736
1294266062003896322
1294266032467709952
1294266008656584705
1294265970308063239
1294265921670909952
1294265872870236160
1294265849679937537
1294265777546305536
1294265665042489344
1294265617072226306
1294265615474098183
1294265559195029506
1294265511711322113
1294265498662830080
1294265486331580417
1294265429196775426
1294265416664190976
1294265414709649409
1294265342471155713
1294265181934157826
1294265135398346753
1294265096466763776
1294264954237919232
1294264931899060229
1294264923187548165
1294264897115750400
1294264764001128448
1294264725824471040
1294264653674160130
1294264554105581568
1294264494747721730
1294264464926289920
1294264346596581377
1294264289382064128
1294264264941871105
1294264260097445889
1294264214153043968
1294264186554462210
1294264186185437186
1294264054920421376
1294264012801277954
1294263994778374145
1294263952956952577
1294263945474301954
1294263882626760706
1294263802825969664
1294263734622445568
1294263693203722243
1294263524382867456
1294263474663686144
1294263429075800068
1294263391331192832
1294263368430374912
1294263328261447685
1294263302995017731
1294263295533363201
1294263283759943680
1294263283265032202
1294263254685028352
1294263233520574465
1294263214843322369
1294263169364439040
1294263131800317954
1294263122706993152
1294263102008107008
1294263089391710208
1294263057347207168
1294262862572027904
1294262781856878594
1294262771195019266
1294262630367068160
1294262610498654208
1294262584988913666
1294262536632770561
1294262528156065794
1294262508954451972
1294262481842507778
1294262360723554306
1294262225797091328
1294262109711355905
1294262109153394689
1294262052626804736
1294262034775900161
1294262034729701377
1294262028392189952
1294261938038374400
1294261932824891397
1294261861853134849
1294261854806646785
1294261844643844096
1294261813585088512
1294261806454706178
1294261687571419137
1294261668600590338
1294261667551944708
1294261622756773896
1294261613810327553
1294261588170543104
1294261575625342978
1294261537574719488
1294261496713826304
1294261472059695105
1294261408234905601
1294261334268313600
1294261266513616902
1294261221403893760
1294261171898527745
1294261162016743425
1294261159244238856
1294261058031497217
1294261030735020032
1294260895305150466
1294260880356581377
1294260836471627778
1294260744565985281
1294260672084180992
1294260614236446726
1294260583588667394
1294260484032561157
1294260385344827392
1294260358568464384
1294260338314141698
1294260317598494726
1294260247587151872
1294260229912305669
1294260148878348288
1294260098731323393
1294259981831868418
1294259892954574849
1294259865028833285
1294259801115983873
1294259752017502214
1294259709164302338
1294259664109133824
1294259619347529730
1294259583855267840
1294259572346097665
1294259459661987841
1294259424517935109
1294259414325694464
1294259407874928640
1294259360735076354
1294259270318534656
1294259115057979392
1294259002948411393
1294258983117692929
1294258966852243457
1294258811344244739
1294258676337905664
1294258676044374018
1294258458930434048
1294258449904173056
1294258416458895362
1294258412461740034
1294258354467078151
1294258286859096066
1294258256270036992
1294258214440177664
1294258144005312512
1294258105828683777
1294258071775129602
1294258038614958081
1294258033921581057
1294258025323204609
1294258009863069696
1294257865977462786
1294257860143206400
1294257729612255238
1294257486145429504
1294257467153678336
1294257459679367170
1294257360022757376
1294257235468726273
1294257206033035266
1294257112172945409
1294257110251905025
1294257103083900928
1294257095127240711
1294257054148960262
1294257053343588352
1294257001585938432
1294256999304134664
1294256922535878656
1294256886032797698
1294256768315469826
1294256745175556101
1294256740373016578
1294256735721525248
1294256673918517248
1294256643241316362
1294256629546979328
1294256369441353730
1294256349019344912
1294256321576017920
1294256318526652416
1294256271605010433
1294256237694062592
1294256231792676866
1294256147822780417
1294256122401107968
1294256091715506176
1294256039630704641
1294256001449963521
1294255953785901056
1294255899985444864
1294255877600534530
1294255868138135553
1294255868041715712
1294255865063759873
1294255836781359105
1294255825154793472
1294255819006119936
1294255817743568897
1294255789000003585
1294255712881655808
1294255709001932802
1294255702773583872
1294255641419186178
1294255465933807616
1294255462184030208
1294255442206633985
1294255438431694849
1294255380894285824
1294255363286601729
1294255315161055234
1294255260802793474
1294255258705825793
1294255168586997760
1294255113780056065
1294255069618229248
1294254956669734914
1294254901611106305
1294254879129702400
1294254752495271937
1294254600141377536
1294254539005206529
1294254489243922434
1294254489202053120
1294254240886657027
1294254192299737094
1294254129628545025
1294254077824634881
1294253978390274054
1294253938984857601
1294253892222558209
1294253837742755840
1294253826594283522
1294253814518816768
1294253790900740097
1294253781664894976
1294253762320773120
1294253760055775238
1294253724282621953
1294253689339879424
1294253645584715776
1294253556548227072
1294253512076021761
1294253494656995329
1294253318919815170
1294253237139365888
1294253222937452544
1294253198245597191
1294253037695823872
1294252880497717257
1294252869575675907
1294252856334323712
1294252681297563649
1294252520810962946
1294252516201373698
1294252459007922181
1294252279281987585
1294252259187085317
1294252198969454594
1294252125434847232
1294252121144143872
1294252048901263360
1294251717622673408
1294251497358794754
1294251479797301248
1294251461250035716
1294251444569333760
1294251362193113089
1294251247273467905
1294250973263802376
1294250907337723905
1294250791000309761
1294250745601064960
1294250675854086147
1294250653276090370
1294250632958873603
1294250600935366656
1294250576591683584
1294250570077933569
1294250569729703936
1294250527593824257
1294250512368447488
1294250497428393988
1294250471616471040
1294250434882928640
1294250346823520257
1294250329232506880
1294250322433658881
1294250263306481666
1294250244855803912
1294250205269893120
1294250079210045440
1294250004744474626
1294249995307290624
1294249955306147842
1294249947638964224
1294249893238837255
1294249702163193861
1294249589659361281
1294249407106420736
1294249309232340995
1294249287480750084
1294249239367823361
1294249193746423808
1294248865739268096
1294248840124608512
1294248831664697346
1294248802447167488
1294248586687979527
1294248536981344262
1294248491628343299
1294248462012252164
1294248446862528513
1294248438205423616
1294248346383785984
1294248296140201985
1294248277165178884
1294248249604399104
1294248172953501696
1294248123833909249
1294248061674426368
1294247946150715395
1294247919646920706
1294247899954642947
1294247823039438848
1294247822158692354
1294247808351051776
1294247753950941184
1294247751287541760
1294247549738549248
1294247543413579778
1294247536736309250
1294247535230541824
1294247508567306241
1294247436446310401
1294247428833644545
1294247334323290113
1294247304631922689
1294247279797440516
1294247277503160324
1294247218996744192
1294247173194997762
1294247025404411916
1294246964696092673
1294246897083994122
1294246809636831234
1294246791941103617
1294246646432305152
1294246623300780032
1294246551695560706
1294246426596311042
1294246410662170626
1294246359357362177
1294246345050591233
1294246278285660160
1294246266923290624
1294246260283711488
1294246252113272832
1294246076921401344
1294246073976991745
1294246057359093761
1294246049784176641
1294245986630619138
1294245905550409728
1294245903742763009
1294245899175165952
1294245849673998336
1294245802261581825
1294245785320792065
1294245743016980480
1294245659391000577
1294245612104359936
1294245530592260096
1294245504155619329
1294245495825727488
1294245403169259521
1294245313948135427
1294245308554248192
1294245270935556096
1294245226429714433
1294245218443821057
1294245178891476992
1294245125087002628
1294244983348887552
1294244935810650113
1294244829371793408
1294244821369004032
1294244705937563658
1294244697519554562
1294244565835276288
1294244415943450629
1294244415435878400
1294244370191986688
1294244366014451713
1294244352466788352
1294244301539549185
1294244295029993475
1294244292622417920
1294244172078211074
1294244097910333440
1294243965269676032
1294243940087070721
1294243910068338689
1294243869316571137
1294243867215179778
1294243691578773510
1294243432467226627
1294243256960778240
1294243203395325953
1294243202959134720
1294243196218769408
1294243179689127937
1294243048998789120
1294243027943411712
1294242894933565440
1294242861920247809
1294242831901396998
1294242818945437696
1294242770090184708
1294242658194522113
1294242613260845057
1294242594659217408
1294242572571938816
1294242506696208384
1294242438358368256
1294242432901677064
1294242395559800833
1294242393013866497
1294242379885613056
1294242358855454720
1294242332808814595
1294242258951327748
1294242225119989760
1294242218748846081
1294242146007101441
1294242135609421824
1294242129116528640
1294242075735711750
1294242030646951940
1294241995012091904
1294241971238834178
1294241874786615302
1294241872265740289
1294241819816087552
1294241785368190977
1294241777851957248
1294241769442480128
1294241764228956160
1294241751583006725
1294241751540985856
1294241670230429696
1294241511824072704
1294241263798157315
1294241244735037440
1294241226296893440
1294241200497713154
1294241169455697920
1294241073431281664
1294241073322242050
1294241059258748928
1294241024940941312
1294241010365673473
1294241002664931329
1294240994582552576
1294240908955836417
1294240907399757826
1294240897182425092
1294240862197567490
1294240860985581569
1294240799945826305
1294240764852146176
1294240702625439751
1294240535520129024
1294240520290684928
1294240495951056899
1294240486094495744
1294240434017927170
1294240385980661763
1294240359657222146
1294240359430729731
1294240306502815745
1294240265188921344
1294240185706831872
1294240173165862914
1294240167637790722
1294240163128913921
1294240092589105152
1294240029179609088
1294239902251524096
1294239891296071680
1294239860732178433
1294239815488147456
1294239691991060480
1294239677772423170
1294239624102055936
1294239508309966849
1294239495404093440
1294239469747539968
1294239246488920065
1294239233356562433
1294239218802229249
1294239131636203527
1294239121376935936
1294238957115510784
1294238943890878465
1294238921874964483
1294238919815553025
1294238879046873089
1294238811443077120
1294238800634413057
1294238788747702272
1294238607142682624
1294238589048557568
1294238361612419073
1294238335637086208
1294238274488344577
1294238257883090944
1294238252870893568
1294238249079255041
1294238218372743168
1294238199439659010
1294238161594454016
1294238121559818241
1294238093604782083
1294238042107117570
1294237984259280896
1294237970401304576
1294237932757426176
1294237920761708544
1294237854915342336
1294237847285899264
1294237802939314177
1294237713147756544
1294237662996504577
1294237621225431044
1294237592666374144
1294237489394319366
1294237481873936384
1294237472461856770
1294237404719714308
1294237362151739393
1294237337942188034
1294237284288598016
1294237188004225024
1294237090427932672
1294237081879838727
1294237078969081856
1294237060686131201
1294237058626736129
1294237029233053696
1294236964649132034
1294236963743174656
1294236939739172869
1294236898186199041
1294236847862878208
1294236843341484034
1294236780120739840
1294236770175983617
1294236724466524160
1294236719772991489
1294236707966115842
1294236666929065985
1294236624692420608
1294236593851633664
1294236570346762240
1294236486506811393
1294236472728584192
1294236464734187520
1294236462473519105
1294236375282323457
1294236364142268417
1294236336208130052
1294236250489212931
1294236159460216833
1294236087544614915
1294236012823154688
1294235987305017344
1294235962067779585
1294235930136662017
1294235879347752960
1294235851795443712
1294235748988866562
1294235566310076416
1294235545003008001
1294235324277755904
1294235310214307840
1294235290958213126
1294235145260666880
1294235105569931265
1294235048145760256
1294235030856794117
1294235013337227264
1294235009642102785
1294234892113502209
1294234849155452928
1294234808529367041
1294234807640240128
1294234801524924418
1294234683337846784
1294234652962627585
1294234601926332419
1294234585375682560
1294234522985418756
1294234457487089664
1294234395197480960
1294234358476308480
1294234279719981057
1294234229560287232
1294234185679470592
1294234181866749953
1294234163235749888
1294234119828836358
1294234073364410368
1294234071833497602
1294233935023677445
1294233910608617477
1294233894305308674
1294233860356616197
1294233858007851010
1294233848675434499
1294233834679160833
1294233824872857601
1294233772339019778
1294233760590974976
1294233757231218689
1294233752948875269
1294233751761846272
1294233734875623425
1294233662758805507
1294233452162711554
1294233423427534849
1294233377449549825
1294233304816848896
1294233206091395072
1294233191004479489
1294233162600480768
1294233137044697088
1294233103104434178
1294233044149252096
1294233011727327232
1294232973961834497
1294232921172254720
1294232885071884289
1294232872111529987
1294232860023574529
1294232850594701312
1294232850192052225
1294232819531743233
1294232786631561221
1294232593542582272
1294232480262885376
1294232396716486656
1294232334418546689
1294232327875440640
1294232322452201472
1294232194374750208
1294232188666355712
1294232180894375936
1294232172585525254
1294232118827065345
1294232026317553664
1294231905219612672
1294231755294113799
1294231723597864963
1294231702571749378
1294231635211231234
1294231613291802624
1294231612234838016
1294231548229713920
1294231440775884801
1294231384354099201
1294231375323770880
1294231165788921856
1294231158419533825
1294231088756400130
1294231046297391104
1294231036264509440
1294230985589108736
1294230930048024576
1294230909068156929
1294230751463051272
1294230726653747201
1294230723017220097
1294230642125873159
1294230597435629573
1294230590254993409
1294230542276337670
1294230373963104256
1294230353041924097
1294230323451105280
1294230290219577344
1294230229096050688
1294230140311003136
1294230131200995328
1294230027677175808
1294230023906435074
1294229985197252614
1294229982844203009
1294229953299480576
1294229941115138049
1294229901793468417
1294229843727519744
1294229790820651009
1294229759275216898
1294229732465221634
1294229682834079745
1294229606699012097
1294229531612635136
1294229422443245568
1294229413052272641
1294229360849965058
1294229213487280129
1294229211398508545
1294229197322366976
1294229159426883589
1294229140426678272
1294229139646550016
1294229124572217344
1294229078208389121
1294228945639022592
1294228895605182464
1294228777548025857
1294228758283649025
1294228659335835655
1294228580839424000
1294228475453284352
1294228235941744640
1294228219504267269
1294228213883981824
1294228167402627072
1294228028919341057
1294228003241758720
1294227996602179588
1294227979929886721
1294227966013079552
1294227726111563781
1294227698982756352
1294227603801477120
1294227540530409473
1294227533341261830
1294227432749268997
1294227397643051011
1294227216314904577
1294227193552347137
1294227174988419072
1294227136346296321
1294227124023418880
1294227120550481921
1294227100115795969
1294227089546260481
1294227087327481864
1294227080239099905
1294227018716938241
1294226933807566850
1294226921962852354
1294226840731693057
1294226786017050624
1294226756644347904
1294226718929162241
1294226664176660480
1294226614616756226
1294226612918124544
1294226541312987137
1294226508412846082
1294226362081959936
1294226353202630658
1294226265453613058
1294226128664657920
1294226112667693056
1294226069868941316
1294226057579696129
1294226050340327428
1294226014386753536
1294225993130029062
1294225917754118144
1294225880278065152
1294225877740462080
1294225813274071045
1294225784341696512
1294225571946401792
1294225522726178816
1294225481504612353
1294225408519475200
1294225393730367488
1294225392497307649
1294225367629213700
1294225353716781056
1294225270765912064
1294225207079636993
1294225001416097792
1294224962211983360
1294224929274068995
1294224804405362690
1294224755462201346
1294224658506690560
1294224587132108800
1294224576482873344
1294224562532618246
1294224436984532992
1294224401009913856
1294224378394284033
1294224189596078080
1294224189407334400
1294224128388542467
1294224006216855552
1294223994544103425
1294223945164632066
1294223811894812673
1294223788704501761
1294223683519750145
1294223655774425089
1294223566779621377
1294223460995158017
1294223220288126976
1294223118555217921
1294223080647282689
1294223073726607361
1294223019318157313
1294222849306177536
1294222784135143428
1294222766368083968
1294222719345733638
1294222637065998337
1294222600772747265
1294222576751976449
1294222527141732352
1294222489279766528
1294222476143218690
1294222410338701314
1294222340130250752
1294222269934448642
1294222256441298946
1294222214250876931
1294222193111556096
1294222177517146113
1294222165039099904
1294222139848040449
1294222078724452352
1294221850516619265
1294221687974760448
1294221581040988161
1294221572564279297
1294221539651485696
1294221494944399361
1294221481715666944
1294221416292851712
1294221351381807107
1294221327725993985
1294221273866928128
1294221272428290048
1294221207831797760
1294221192950353920
1294221171253219333
1294221165876129792
1294221128400097280
1294221093281181697
1294220985458139136
1294220978629812225
1294220977606397952
1294220725004492800
1294220716880080898
1294220700459335681
1294220572159860738
1294220488202485761
1294220450617274368
1294220433949163520
1294220424948133892
1294220348615995393
1294220347726794753
1294220297214861313
1294220222090694656
1294220201865641984
1294220192764092416
1294220184883011585
1294220183297499139
1294220147507564546
1294220079173963777
1294219995946397697
1294219990305067011
1294219916556599298
1294219879457988614
1294219873913057281
1294219818363650050
1294219756506161153
1294219669184880640
1294219617473302528
1294219554164559877
1294219476829863936
1294219401873563651
1294219347771228163
1294219342201135111
1294219320189431809
1294219298957910016
1294219291437469697
1294219184424005632
1294219126278361088
1294219078089965569
1294219053540794370
1294219050411790336
1294218998285062144
1294218994849849344
1294218989221093377
1294218963065409537
1294218893414879232
1294218844337299456
1294218779065561088
1294218731414003713
1294218677911519235
1294218541206581249
1294218525410832385
1294218438760640512
1294218417726197760
1294218399254446086
1294217925528883200
1294217917668655104
1294217711493537793
1294217670079000576
1294217662848028673
1294217637057175552
1294217593503481856
1294217567003967489
1294217362745503744
1294217350053613568
1294217348501602304
1294217313739309058
1294217299134681088
1294216997585076224
1294216992451223554
1294216959249256455
1294216902114516993
1294216897395855360
1294216885224038402
1294216816810692608
1294216688649502720
1294216640943607811
1294216639064440832
1294216458738819072
1294216247106842624
1294216153938763776
1294216084632096769
1294216038729605120
1294216006513176577
1294215835951693824
1294215693106372608
1294215682167574529
1294215656838033408
1294215597648236545
1294215538609135616
1294215501254664192
1294215486885056513
1294215249214701569
1294215235218399232
1294215200942563333
1294215198065283072
1294215148685725698
1294215085003595776
1294215063012872192
1294214981542707200
1294214967223373824
1294214823530594304
1294214790722838529
1294214752114180097
1294214714633920512
1294214579405369345
1294214525630271488
1294214453198815232
1294214444306903046
1294214443010871296
1294214395912949760
1294214383787278336
1294214309678141441
1294214243131195393
1294214194414465030
1294213980265877506
1294213970174382081
1294213956517662721
1294213941292347393
1294213874753863680
1294213870198939648
1294213842772393984
1294213800506396672
1294213754486509568
1294213724430098433
1294213659862929408
1294213550995578880
1294213508020809730
1294213506363949056
1294213470754410496
1294213411216162816
1294213360272236547
1294213260514856960
1294213210548076546
1294213093623582720
1294212995736838144
1294212993362866176
1294212954276208640
1294212697425424385
1294212637513875456
1294212535030341633
1294212484904169472
1294212469120958464
1294212379035742209
1294212342423617536
1294212196432515074
1294212145773776896
1294212138421170176
1294212065134026753
1294211860699451393
1294211739433807872
1294211649407275009
1294211626242056192
1294211523288727558
1294211520797331458
1294211517857124353
1294211403100938242
1294211325581824000
1294211254819663873
1294211220829081601
1294211160468852736
1294211120274845697
1294211038242574337
1294211038024478722
1294210964750041089
1294210767147892736
1294210620724846592
1294210556199657472
1294210471323676672
1294210336787238913
1294210229631057920
1294210084822757377
1294210061435371522
1294209968409845760
1294209963687124992
1294209956124790784
1294209951041228800
1294209910398488576
1294209743507120128
1294209695234883584
1294209615425687552
1294209550984282117
1294209539940782081
1294209532109955072
1294209459024285697
1294209410571669509
1294209350798585859
1294209301968560128
1294209277071171585
1294209211107364864
1294209190618173440
1294209117511458816
1294209116521586693
1294209025115140097
1294208917333999616
1294208822865727488
1294208812753342464
1294208649137618944
1294208608150990848
1294208582406361090
1294208508418822144
1294208481956945921
1294208474516197377
1294208401455685632
1294208390588137472
1294208373550915584
1294208353204305921
1294208308518232064
1294208276968673280
1294207945559945216
1294207880904810498
1294207874143588352
1294207867793412097
1294207787841531904
1294207730626985985
1294207725325430784
1294207700981645312
1294207635756142593
1294207616101613572
1294207556177530880
1294207479769968641
1294207432948953090
1294207381769986048
1294207318423371777
1294207291458281473
1294207240338124806
1294207207630934016
1294207164291190784
1294207080044343297
1294207072805048321
1294207036767559680
1294207022238519297
1294207015070334977
1294206989694840832
1294206978009505792
1294206878889709568
1294206870832504833
1294206810929463296
1294206807934668800
1294206798359080962
1294206652984557568
1294206581467484161
1294206578271322112
1294206312826507265
1294206308363767808
1294206235554852867
1294206213874384896
1294206173495930880
1294206157775687680
1294206155061854208
1294206134564388864
1294206133054386177
1294206130336542721
1294206031996780550
1294206006201856000
1294205990062247936
1294205949868224512
1294205910815047680
1294205887113056257
1294205881064849408
1294205834499624960
1294205763469049857
1294205737292398594
1294205681202008064
1294205667910328320
1294205627854663680
1294205594166013952
1294205463366635521
1294205432727310337
1294205305509883905
1294205219300155392
1294205216984838147
1294205215676289027
1294205205391843328
1294205154644893697
1294205152233025536
1294205096432209922
1294205005180870659
1294204806425436160
1294204730701471745
1294204661143150592
1294204604918509569
1294204573159170048
1294204564355284993
1294204480112689153
1294204465034207233
1294204462383411200
1294204404430712832
1294204346545115136
1294204342296338432
1294204341490978817
1294204184573681664
1294204177451749376
1294204164831051776
1294204157990248449
1294204154718621698
1294204123190112258
1294204116303044610
1294204108132450305
1294203961822646272
1294203852523286529
1294203846886137856
1294203839638384641
1294203804750090240
1294203800450994179
1294203798467096576
1294203767643136001
1294203749322326016
1294203747665694720
1294203693781393408
1294203663179710464
1294203562558357507
1294203556208300032
1294203533429026816
1294203529633112064
1294203518929317888
1294203475660869633
1294203419083837440
1294203391363747840
1294203375345709056
1294203313076961280
1294203288527699968
1294203060026318848
1294203019974803457
1294203019354087424
1294203000941170688
1294202958373163008
1294202906921639938
1294202847211458560
1294202722401636352
1294202653220777989
1294202639996116992
1294202635222945792
1294202628595949569
1294202627660623875
1294202609448955904
1294202598858330112
1294202489680678913
1294202410760572928
1294202389931732993
1294202317064069121
1294202287309631488
1294202263368601603
1294202196859531271
1294202130719531024
1294202130480300032
1294202054479695880
1294202049215844353
1294202008627556352
1294201967288426496
1294201859461308416
1294201856621772800
1294201766502899712
1294201750849822720
1294201748559728642
1294201736572395520
1294201620599906305
1294201568884137984
1294201514781704192
1294201446347440128
1294201375291777024
1294201175772925952
1294201128423501826
1294201042582876160
1294201004645376001
1294200952346615808
1294200895497019392
1294200753347756032
1294200733760397315
1294200589358903297
1294200442864508928
1294200413177159680
1294200386023297024
1294200340972281862
1294200331132383232
1294200114207240193
1294200029658447872
1294200017679507457
1294200007697080320
1294200005411184640
1294200000583524352
1294199970913030144
1294199962578956288
1294199893033091072
1294199764586827776
1294199733951528961
1294199715806969857
1294199676665765888
1294199645523062786
1294199622659985408
1294199601931735041
1294199599608070144
1294199529877766145
1294199517777219585
1294199468057923585
1294199299195260928
1294199253888315393
1294199241489997824
1294199237220143104
1294199210267619328
1294199152402931713
1294199143246831616
1294199127358812162
1294199086929842176
1294198984773373953
1294198931556114433
1294198887578836993
1294198843907678208
1294198813612277762
1294198688777228288
1294198663036768263
1294198541083082752
1294198489526816768
1294198368835698688
1294198333288914944
1294198326070587393
1294198190758141952
1294198176539389953
1294198128636301312
1294198092330405888
1294198026492411904
1294197999678173185
1294197973308583936
1294197963091136512
1294197959748288512
1294197931462074369
1294197899153342470
1294197885530185728
1294197837316710400
1294197768047792128
1294197756073054208
1294197685768118272
1294197649835528193
1294197597310197762
1294197364970971136
1294197352614498304
1294197235346006017
1294197193512034304
1294197190731210756
1294197181537300482
1294197175522660353
1294197166328745984
1294197156203712512
1294197127132917761
1294197073210900480
1294197022199881728
1294196954566668288
1294196948359053312
1294196725234700288
1294196718716755968
1294196622491095040
1294196615092342784
1294196571379314692
1294196434032623616
1294196299429031936
1294196226812981248
1294196104335175680
1294196102737145857
1294196042930556929
1294196029273907200
1294195938295242752
1294195797475680257
1294195728554876928
1294195706895519745
1294195687555567616
1294195584715423744
1294195511835144192
1294195510115532800
1294195497985617921
1294195492461699072
1294195425185009664
1294195337398292481
1294195145521405953
1294195125581684736
1294195096917815297
1294195037522231303
1294195017469366273
1294194857016266758
1294194830101434368
1294194750107668481
1294194732457918470
1294194679441960961
1294194674094223362
1294194632696508416
1294194480455864321
1294194401577664512
1294194321399451648
1294194281838776320
1294194209583439872
1294194200339263488
1294194117870837760
1294194093015392256
1294193955874189312
1294193948848685058
1294193889612570624
1294193886911438848
1294193884797513729
1294193848852385794
1294193822776406016
1294193762810421248
1294193730799403008
1294193689313644545
1294193630694068224
1294193628752105472
1294193607281446912
1294193599903666176
1294193541195812864
1294193499181658113
1294193422161584129
1294193310920314880
1294193285993504768
1294193050210783233
1294193015569948672
1294192998285299712
1294192864730271744
1294192820501254145
1294192673017016320
1294192319739179013
1294192307638603776
1294192301288431616
1294192275149541382
1294192270099517441
1294192255822106624
1294192244409413633
1294192182715449344
1294192178906923009
1294192114432081921
1294191948484444160
1294191923712987144
1294191883296681989
1294191863910600705
1294191791512719362
1294191769790414849
1294191701205057536
1294191580321132546
1294191538575233026
1294191473316044800
1294191413765246978
1294191378545745925
1294191376687562755
1294191344773103616
1294191294365999106
1294191209167151107
1294191203823562753
1294191193010638850
1294191169157697536
1294191088400556032
1294191021174251523
1294191002517938176
1294190999388987393
1294190948617007105
1294190926831726593
1294190854077321218
1294190732794888193
1294190683822202882
1294190671390281728
1294190654730514432
1294190609213915137
1294190606261026819
1294190579098832896
1294190568600412165
1294190529656377345
1294190462622990336
1294190408449261568
1294190284910342145
1294190274202271745
1294190265448706048
1294190171232120832
1294190121915473925
1294189956873826304
1294189942009204737
1294189892528934915
1294189812132519937
1294189686148272129
1294189676740444160
1294189635279753217
1294189534754885633
1294189517608562690
1294189515691753473
1294189287869743105
1294189262536048640
1294189259558129666
1294189231745699845
1294189223344582656
1294189193170694144
1294189159914102784
1294189129551556608
1294189128456851456
1294189049788407808
1294189044516237312
1294188956297375744
1294188943383166978
1294188939444727809
1294188923439194112
1294188891801563137
1294188844305338368
1294188821001764865
1294188791087935488
1294188779775893504
1294188731507838976
1294188729339392002
1294188726864748545
1294188704198725632
1294188684816928768
1294188667976781825
1294188629359722497
1294188592831635456
1294188563601522688
1294188504075902977
1294188457531715587
1294188409209139200
1294188380142686209
1294188364867014657
1294188309045018624
1294188299242942465
1294188241923571712
1294188221010673664
1294188169118842880
1294188123593809920
1294188106703351808
1294188103268274177
1294188093457801222
1294187952952823809
1294187855334518786
1294187849462538240
1294187849340813313
1294187783851040769
1294187781086949376
1294187672546807809
1294187662916702208
1294187648551092224
1294187617077080065
1294187541214695424
1294187532314464258
1294187521916710912
1294187512156610561
1294187497308803073
1294187471874461696
1294187458876387328
1294187442401087488
1294187419215040513
1294187404304306176
1294187367021121536
1294187296477061120
1294187276092805120
1294187194937217024
1294187180512940037
1294187172392771584
1294187151123505152
1294187145557663744
1294187090490662913
1294187033762693120
1294187030872756224
1294187030168166400
1294187028314230788
1294186995162533888
1294186947750109186
1294186945191583752
1294186892955656193
1294186890405515265
1294186880020480000
1294186876765712384
1294186874710491138
1294186871929675777
1294186869010440192
1294186815424016384
1294186809820315648
1294186786525151232
1294186764186386433
1294186677401944064
1294186455846223872
1294186384840941568
1294186356130942976
1294186304914300929
1294186268184715265
1294186168674914304
1294186079092977666
1294185992476413952
1294185957290377217
1294185901669711874
1294185879171485697
1294185866034851841
1294185857461739523
1294185806232420354
1294185785009340416
1294185749068288002
1294185721960501248
1294185618717671429
1294185507895808001
1294185413196894208
1294185257713926144
1294185195197861888
1294185102667390976
1294185088083734529
1294185087689535488
1294185050725064704
1294184961692622851
1294184871632318466
1294184798030909441
1294184749192351749
1294184639133868034
1294184507013312512
1294184327673270272
1294184162488877056
1294184118259978249
1294184097816944640
1294184022315237377
1294183904778358784
1294183849988169729
1294183837174509569
1294183825849933826
1294183817264103425
1294183760154505217
1294183759504445441
1294183715401281540
1294183573222756352
1294183549269090305
1294183465542352896
1294183434122940416
1294183423012151296
1294183386282590210
1294183335300800512
1294183231894499328
1294183200198209536
1294183047273885696
1294183037241040897
1294183011269988352
1294182998443728902
1294182990420074497
1294182943066333186
1294182938742001667
1294182855845781505
1294182842931478528
1294182814578094081
1294182805333774336
1294182799679913985
1294182792230625280
1294182766511300609
1294182738996666381
1294182711238819840
1294182706671214592
1294182690879660033
1294182537028304896
1294182508804833281
1294182496154812418
1294182489318133760
1294182485379735552
1294182426877595651
1294182359135289345
1294182315082514433
1294182197633507328
1294182002682474499
1294181816354648064
1294181792702959616
1294181763917459456
1294181719961219072
1294181704723312641
1294181703465013248
1294181677665845248
1294181647617753088
1294181643192803328
1294181620472315904
1294181614637940736
1294181540126175232
1294181532266115072
1294181391899529216
1294181383154302976
1294181376334409734
1294181348366843905
1294181341475610624
1294181263872602112
1294181253315428352
1294181177138597890
1294181127184408576
1294181085186850817
1294181074650701830
1294181050176897024
1294181042723721217
1294180973601579014
1294180914159910913
1294180909751697414
1294180889514119169
1294180872703401984
1294180827480436736
1294180773810110464
1294180756366008322
1294180685847109632
1294180630222311425
1294180623330967553
1294180623058382848
1294180620105588736
1294180606306398210
1294180546076082176
1294180524009893888
1294180482553466880
1294180472571011074
1294180460298371072
1294180396075290625
1294180373170139136
1294180324298153985
1294180314919600129
1294180302114492416
1294180266093817857
1294180231151071232
1294180184388775937
1294180177136824322
1294180159109636096
1294180150762975232
1294180138003955712
1294180091262640128
1294179994470670338
1294179964498128897
1294179899121512449
1294179850295672834
1294179834780844033
1294179811326406656
1294179795543175169
1294179766967439360
1294179741960933376
1294179623123722240
1294179609853005824
1294179469675069441
1294179444719063043
1294179406408306688
1294179367204130817
1294179298379616256
1294179285448744960
1294179265697722368
1294179099406225410
1294179092162650112
1294178944883752960
1294178921303416833
1294178903611912193
1294178897945415680
1294178896770891776
1294178882950778880
1294178877603033091
1294178847622139904
1294178810976444416
1294178761169133568
1294178728235487233
1294178692923641857
1294178681766764544
1294178672296054785
1294178618692767744
1294178538434813952
1294178467177799685
1294178427004690433
1294178397401296903
1294178337506635776
1294178215200804866
1294178210209505282
1294178154865659906
1294178130068942848
1294178082975350785
1294178057599803392
1294178014675251200
1294177988943269889
1294177871200768000
1294177850598268928
1294177813801717766
1294177762178207745
1294177738732064770
1294177730590842881
1294177692061966337
1294177641839419392
1294177531172655104
1294177493142863872
1294177394153132033
1294177393515679744
1294177360447766529
1294177262988865536
1294177241191112705
1294177216285282304
1294177204713263104
1294177193824837633
1294177177743826945
1294176967756075008
1294176931949273088
1294176921090236416
1294176906020098050
1294176873778421762
1294176846825820160
1294176696577515520
1294176688176353280
1294176592864972800
1294176560946110465
1294176540146774016
1294176516872572929
1294176478847016960
1294176407610949634
1294176272139124736
1294176268448079873
1294176166518173696
1294176108015910912
1294176097651904512
1294176036301746176
1294175887500484608
1294175860644290560
1294175780503728128
1294175763097423872
1294175737042395136
1294175663952470017
1294175636190363648
1294175624236609536
1294175598332596224
1294175579516928000
1294175460151169025
1294175429633417218
1294175394606862341
1294175314990555138
1294175266252763136
1294175212683100160
1294175202692210688
1294175170916167680
1294175166096973824
1294175165228687362
1294175150829719552
1294175144081084416
1294175030352510976
1294175028796424193
1294174994663178240
1294174976279482370
1294174965126791169
1294174962731884544
1294174918263951360
1294174863184277505
1294174799338627074
1294174539295989761
1294174484476370945
1294174422316744704
1294174386845552642
1294174373700669440
1294174357468721157
1294174192066330624
1294174158369234944
1294174089704280064
1294174049309007872
1294174042392600576
1294173975900295168
1294173942580752385
1294173805804433410
1294173756936597504
1294173657351303169
1294173604972769280
1294173577152012289
1294173537268310016
1294173469735825408
1294173423783022592
1294173324948443146
1294173306900426752
1294173270669955072
1294173268338003969
1294173252881993728
1294173062653517824
1294173034417446912
1294173021834485760
1294172993925652480
1294172845644414976
1294172812945612802
1294172766233669632
1294172765608706049
1294172695417032705
1294172627922292737
1294172622318645248
1294172609790316544
1294172587082371072
1294172557160087552
1294172534313758720
1294172499626864641
1294172489778712577
1294172458531074050
1294172453850222594
1294172393544523777
1294172374221426689
1294172321918443520
1294172318059634688
1294172250048995330
1294172234135867392
1294172225445167104
1294171974089019392
1294171773261488129
1294171675731402753
1294171667707699200
1294171622434365442
1294171615849263106
1294171495678312449
1294171480125837314
1294171453512757248
1294171441810812928
1294171422399574016
1294171403554562048
1294171391533645824
1294171372932026368
1294171341206228993
1294171290622976001
1294171274957205505
1294171271023013890
1294171220976513025
1294171164093407232
1294171136293560321
1294171135119106049
1294171123249295361
1294171118601994240
1294171081926938624
1294170965040037888
1294170960657080320
1294170947193364481
1294170901005639680
1294170878285029376
1294170869628010498
1294170715533516800
1294170674248986624
1294170652837019648
1294170612311760897
1294170607928651777
1294170595601444866
1294170591390564352
1294170547950100480
1294170532808658944
1294170501460492289
1294170358334062592
1294170332283179008
1294170308509937665
1294170231473147909
1294170199021821953
1294170121968259072
1294170110186446849
1294169973280198656
1294169968255414272
1294169945245392896
1294169937540452355
1294169870012227584
1294169820196409345
1294169811346501634
1294169802764886016
1294169777284550658
1294169739825238016
1294169737627402241
1294169714915246080
1294169663069401088
1294169628416106497
1294169547474456576
1294169515731881985
1294169502012321797
1294169455732445184
1294169383007330304
1294169299716845568
1294169271594098689
1294169184675520513
1294169148482883584
1294169047731507200
1294168977942499328
1294168871826526208
1294168836342722566
1294168802066931712
1294168652368023552
1294168605324652546
1294168593802952704
1294168437711876096
1294168436436865024
1294168108375191552
1294168092243787781
1294168056789454848
1294168054163746817
1294168013168672768
1294167989605011456
1294167932688367616
1294167796272762881
1294167764018573312
1294167717470248960
1294167713053540352
1294167693550116864
1294167690823770112
1294167636797018114
1294167633496027136
1294167600059027459
1294167578718416902
1294167563153428480
1294167562100576256
1294167530983096322
1294167508761612288
1294167492932390912
1294167408098316288
1294167360581046272
1294167353379495936
1294167350384766977
1294167319648894977
1294167237750816768
1294167228485640193
1294167217014296581
1294167207228956673
1294167157467742209
1294167045685293056
1294167033073078273
1294166937371643905
1294166932418158592
1294166926202220545
1294166891376914433
1294166890596663296
1294166828172947461
1294166797604868098
1294166744190390273
1294166709058797568
1294166706605248514
1294166663751970816
1294166607497961474
1294166541366366208
1294166521586110464
1294166457731997696
1294166437838364673
1294166398349058048
1294166391155765248
1294166389142560768
1294166372138856450
1294166353000239104
1294166292904255488
1294166272335388672
1294166263602843649
1294166254895484928
1294166242228666369
1294166239879798788
1294166199140581376
1294166154970374144
1294166130731384834
1294166094803021824
1294166057104662528
1294166039039823872
1294166030156169219
1294166012464713729
1294166006701731840
1294165980768350208
1294165969674305537
1294165928083632133
1294165922601668612
1294165848429649920
1294165814011142147
1294165777143169025
1294165772982525952
1294165719660339201
1294165711959580672
1294165706922233857
1294165630485172225
1294165593827008512
1294165477690871809
1294165425895419905
1294165412087816192
1294165401824366592
1294165375375073283
1294165335000723456
1294165303774109696
1294165237533483008
1294165228071129089
1294165113902112768
1294165096881676288
1294165090078425089
1294165014291591169
1294165002438561793
1294164858418745347
1294164766546710530
1294164743977132032
1294164743968759808
1294164689497337856
1294164649131335685
1294164608492740608
1294164598074089472
1294164592927682560
1294164521804877824
1294164462765834241
1294164455002198016
1294164453941010432
1294164299020144640
1294164248327786496
1294164203436232709
1294164176135426049
1294164161761550337
1294164134293123072
1294164105868251137
1294164024481976320
1294163887521255424
1294163815546880000
1294163747284680704
1294163731539165184
1294163709879824386
1294163698806915072
1294163589952151552
1294163577025290240
1294163525665947650
1294163524625879043
1294163519793967107
1294163511434719233
1294163418484740097
1294163417280974848
1294163407818633216
1294163301937680384
1294163266449678338
1294163204789227521
1294163114984968192
1294163097545068549
1294163062560301056
1294162985632530434
1294162956884869120
1294162914388123648
1294162837611450368
1294162825712226305
1294162764114558976
1294162760239063040
1294162721567645697
1294162657243738113
1294162632044421120
1294162619662831616
1294162552964943873
1294162488372744194
1294162445490159617
1294162411981803521
1294162350807961600
1294162299695951873
1294162273750179841
1294162232843161600
1294162082041147392
1294162021156560897
1294161982606716928
1294161936192540672
1294161915019694081
1294161894211821568
1294161868530102272
1294161782941069312
1294161782806843393
1294161724040515586
1294161723679748096
1294161656570929152
1294161608189644800
1294161553122525186
1294161547263082496
1294161498634420224
1294161481081262080
1294161470612279296
1294161468091510784
1294161327414554626
1294161324633620481
1294161298649907201
1294161268593635329
1294161242081210368
1294161221961355264
1294161144727445504
1294161139320987648
1294161024090804224
1294161003299647488
1294161000715948033
1294160996014096386
1294160988309262336
1294160978356183040
1294160970919665665
1294160957695025152
1294160875612508160
1294160858730377216
1294160851163918337
1294160794276569088
1294160774169067520
1294160731944910848
1294160687246303232
1294160613204271105
1294160561337503746
1294160539392921600
1294160521130921984
1294160474645430272
1294160452465954816
1294160427199410176
1294160387131285509
1294160347037925376
1294160340729630720
1294160300359516160
1294160276800053248
1294160241236549632
1294160176220475393
1294160103562711040
1294160099372564480
1294160073888071681
1294159976299204608
1294159969508614151
1294159953087913985
1294159923136389120
1294159868916621312
1294159834518974466
1294159706869641218
1294159566654111749
1294159529891028992
1294159505320808448
1294159451797090304
1294159407278968838
1294159278367035392
1294159269072449537
1294159220598808587
1294159204119347200
1294159190332780544
1294159180350328833
1294159087563833344
1294159012368396293
1294158880184897537
1294158845724561408
1294158729282289664
1294158667953123328
1294158664484487168
1294158559031234560
1294158548021190656
1294158481277296640
1294158308249604096
1294158291149500417
1294158186648395776
1294158169040707592
1294158116674666496
1294158109150248960
1294158068939464704
1294158012488265729
1294158008784756736
1294158001583136770
1294157991302897667
1294157986017968128
1294157840303771649
1294157827913785344
1294157765158612995
1294157733734817794
1294157477618036736
1294157388761702400
1294157364581617670
1294157344503406592
1294157322013618177
1294157317311733760
1294157304322039808
1294157253436682240
1294157249842118657
1294157246818136067
1294157237259309056
1294157202517823489
1294157172801232896
1294157150583832578
1294157150479163393
1294157082699202562
1294157027493793797
1294156965044727813
1294156925966352384
1294156921579212801
1294156820530028546
1294156799193620513
1294156733342986241
1294156617693507584
1294156554447593474
1294156517843894272
1294156409127546880
1294156382351110144
1294156380950192129
1294156379171717120
1294156355234824193
1294156172006760449
1294156098983923712
1294156076653453314
1294156034261561345
1294155926237315074
1294155874068570113
1294155703112871936
1294155687128424449
1294155645688713216
1294155645025947648
1294155635265884160
1294155578185572354
1294155478902112257
1294155476234575873
1294155458094206976
1294155434933321728
1294155245828935681
1294155225964699649
1294155144192458753
1294155143072681985
1294155140409237505
1294155091306524672
1294155041922789376
1294155036528979973
1294154963212541955
1294154928097820673
1294154909860990976
1294154905859612672
1294154902629908481
1294154841577717762
1294154793045364736
1294154740444680193
1294154724002992128
1294154719087206400
1294154708530139136
1294154703463473152
1294154616129585153
1294154601906810881
1294154576581591040
1294154556276903936
1294154556105007104
1294154536639234049
1294154489524629505
1294154455047446529
1294154428484849664
1294154406913626112
1294154382267707392
1294154351406190592
1294154313321730048
1294154302014066688
1294154264470847488
1294154238306799616
1294154176365289473
1294154167091638275
1294154143402205184
1294154085424398337
1294154079250395136
1294154059235110912
1294154032601235456
1294154011977961472
1294153995829809152
1294153949998612481
1294153904582787072
1294153801805504512
1294153723246239745
1294153671232585728
1294153588986580992
1294153485718626305
1294153427832975361
1294153422770450432
1294153349542150145
1294153342831202306
1294153146013548544
1294153080532082688
1294153064698589189
1294153027327266817
1294153018854846464
1294152941969039361
1294152900470624256
1294152894128820224
1294152811387772928
1294152731414933504
1294152703422210048
1294152670400458752
1294152647155625985
1294152627303993347
1294152601412542464
1294152582810734592
1294152542486556672
1294152532298805248
1294152514015842312
1294152462321025024
1294152407988023296
1294152304489267201
1294152218195759104
1294152155314651136
1294152152923942912
1294152135823720449
1294152108338536448
1294152015929581568
1294151961579847681
1294151920219717633
1294151918491701249
1294151886627627008
1294151871226155008
1294151851487760385
1294151812300275712
1294151745338302465
1294151740611272704
1294151730691813376
1294151304324034561
1294151271528660992
1294151247214325761
1294151184756944896
1294151184400424965
1294151167161831424
1294151153392001024
1294151146345390080
1294151113906757633
1294150975297658880
1294150964648255488
1294150787438960645
1294150747177844736
1294150726034350080
1294150703875792897
1294150561097547776
1294150455367524357
1294150422953951232
1294150375528898561
1294150348387627009
1294150345946529792
1294150337604063232
1294150274806931456
1294150247430717440
1294150210076192769
1294150174965547011
1294150155915210753
1294150036016828416
1294149917796192256
1294149886108217344
1294149885810417664
1294149882241003522
1294149816780574720
1294149805703409664
1294149611658129409
1294149584491548674
1294149567622131717
1294149536508772353
1294149525779685376
1294149491621330945
1294149435887321088
1294149409345884161
1294149301590007808
1294149218509234176
1294149186611486726
1294149154025943040
1294149143338930176
1294149131942989826
1294149046475673601
1294149021456633856
1294149012682047489
1294148997200871425
1294148909049229312
1294148888471969797
1294148883292004358
1294148834424229889
1294148793101934593
1294148634351730689
1294148524326694913
1294148464922824705
1294148445926825984
1294148436086992896
1294148420899352576
1294148402008281089
1294148326305206272
1294148238098878464
1294147846636294144
1294147845583515648
1294147762058133504
1294147747835195393
1294147391319416843
1294147338508869632
1294147318384668672
1294147260872302595
1294147065690415106
1294147011487432704
1294147002348044290
1294146997281263617
1294146972673282048
1294146876267286529
1294146829211389953
1294146776212086784
1294146725230391296
1294146689427701760
1294146670473682945
1294146511106867201
1294146199474384896
1294146196110487553
1294146110349549568
1294146041571409921
1294146016153927680
1294145996683915264
1294145967311269889
1294145966266884099
1294145840878166017
1294145775837028354
1294145687899308032
1294145604512370689
1294145467689971715
1294145446378700803
1294145415894401024
1294145396839776256
1294145309254328320
1294145238072725504
1294145200193970176
1294145195743817730
1294145165716623360
1294145045738795008
1294145014717505537
1294144949995425795
1294144836023377921
1294144710466875393
1294144608285241350
1294144601150967809
1294144532062203904
1294144507974492160
1294144404677156865
1294144293079261185
1294144213597270016
1294144116595388416
1294143979588657152
1294143947992895488
1294143924261531648
1294143848151580675
1294143795634864129
1294143785522225152
1294143764383051780
1294143728823808000
1294143620161757185
1294143494684995584
1294143406118244353
1294143337545564160
1294143314900344832
1294143052987031553
1294143035354132480
1294142948313972736
1294142935143915523
1294142848032333824
1294142772962680834
1294142715551076355
1294142702569758721
1294142681497575425
1294142654482018312
1294142513079492608
1294142460684201984
1294142441524625411
1294142438274023424
1294142412416139265
1294142411157811201
1294142244526555136
1294142211899052035
1294142145075400705
1294142091967098880
1294141995737178117
1294141994114007040
1294141976682434560
1294141952259063808
1294141896869048320
1294141888627277824
1294141854905032707
1294141836383027200
1294141809396858881
1294141736592105473
1294141654920605697
1294141557927419904
1294141320923996161
1294141274216263681
1294141155148304385
1294141061934137344
1294140984972865542
1294140847106088960
1294140769150750720
1294140573842993155
1294140535360299008
1294140414367158272
1294140262227222529
1294140135366250496
1294140100415123456
1294140016289959937
1294139940897357824
1294139864070238210
1294139765613240320
1294139674152206338
1294139657026863104
1294139447336787968
1294139302163537920
1294139292407619585
1294139241576820736
1294139228272508929
1294138952559935488
1294138912911155202
1294138904908402689
1294138847329050625
1294138843612905478
1294138698934583299
1294138570244907008
1294138490163093504
1294138405819883523
1294138365181227009
1294138293588647937
1294138160553709568
1294138124688269313
1294137855556513793
1294137649922375680
1294137596516286465
1294137591747366914
1294137479595876353
1294136970298314753
1294136925599621122
1294136892649160704
1294136686423584770
1294136486049148929
1294136458450579458
1294136193806827520
1294136100357726209
1294135977229684738
1294135945487294464
1294135941909553152
1294135939921350659
1294135913665032192
1294135638451576832
1294135023201742850
1294134783593783297
1294134699061735425
1294134659337474048
1294134651536064512
1294134599950295040
1294134506908090368
1294134447336378368
1294134339790204932
1294134252192149505
1294134189038551041
1294134175822303235
1294134153437261824
1294133935094427650
1294133891830145026
1294133879352070145
1294133696593682432
1294133479165136904
1294133231516700672
1294133192773914627
1294132860727619585
1294132841526128640
1294132821007560707
1294132751189151745
1294132694062751746
1294132553973039104
1294132225185689601
1294132039742926848
1294131679070543875
1294131678672125952
1294131639455367170
1294131535633715200
1294131271291899904
1294131242439340032
1294131168632139776
1294131150059962368
1294130929859022848
1294130762858586112
1294130757355687936
1294130635204898817
1294130045628428288
1294129896550268929
1294129703805161473
1294129661170065408
1294129623006171137
1294129600763699205
1294129572548677634
1294129530848894976
1294129528017690625
1294129369217212417
1294129348904132609
1294129196692910080
1294128997513736192
1294128953234460672
1294128900793139201
1294128882438811648
1294128862394224641
1294128711025950720
1294128474458861578
1294128408419590146
1294128277678960641
1294128200134602753
1294128181650305024
1294128171022012422
1294128038423166976
1294128017040605185
1294127961227046913
1294127946098266113
1294127610092572679
1294127518358876161
1294127264595148801
1294127023883980800
1294126737023012866
1294126724221992961
1294126636607123461
1294126518336196609
1294126398710460416
1294126109370589184
1294125822090018816
1294125728791965696
1294124970449285120
1294124817780744192
1294124612876406784
1294124471796879361
1294124186269626368
1294123999849517056
1294123985987395584
1294123560441720832
1294123365804974080
1294123336281272322
1294123219738415105
1294123115426058241
1294123001475203074
1294122958064099328
1294122842435530753
1294122630057000960
1294122608913514497
1294122204318375936
1294121800117493760
1294121060569362432
1294120720428138496
1294120579344273408
1294120367838109698
1294119874659319810
1294119836801531905
1294119751170625536
1294119669490692098
1294119605892526080
1294119548988329985
1294119351017250816
1294118679232290816
1294118661767213059
1294118622596661249
1294118575163215872
1294118405101035520
1294118006885421056
1294117803419721728
1294117594417565697
1294117144834248704
1294117119014178817
1294116430879825920
1294116367583662080
1294115967065350147
1294115924023230465
1294115611505811456
1294115380278034434
1294115176627806209
1294114603107057665
1294114476875284481
1294113785045757952
1294113310963531776
1294113247512145921
1294112858071019521
1294112487093211136
1294112050868879360
1294112021345193987
1294111638426193920
1294111603911266304
1294111481588592640
1294111148502126592
1294111000401248256
1294110752584994817
1294110557784756225
1294110487181963289
1294110137154666498
1294110053570617344
1294110017252208643
1294109942107045888
1294109765744971776
1294109748028223488
1294109062720880640
1294108902599032832
1294108634121670662
1294108186765594630
1294108159158755330
1294107683520417800
1294107609587425280
1294107398936899584
1294107292233760768
1294107275389472768
1294107228379676672
1294106890339835905
1294105711123804160
1294105350644412417
1294104936855121920
1294104154076479488
1294103893710974977
1294103470581178370
1294102705963765760
1294102383816048641
1294101844910903298
1294100712901750790
1294099261282557955
1294097989556985862
1294097717636014080
1294097671297224704
1294097658752012290
1294097417869185026
1294097156538851328
1294097034404868096
1294095449427709953
1294094378731003904
1294094214838525952
1294093759773380608
1294093331006357505
1294092369357352961
1294091678878511105
1294091193060593669
1294091104929947648
1294090493341696010
1294090026809253888
1294089822517235724
1294089199600242690
1294088981102178305
1294088888152133640
1294088653929689089
1294088636267470851
1294088234897518593
1294088135572324352
1294087756986159105
1294087716922105856
1294087623984775169
1294087455440871432
1294087280219639808
1294087188200792065
1294083806631256064
1294083396583469063
1294083142047928320
1294082820609126401
1294082148618637312
1294081693645668353
1294080874011676672
1294080872476479488
1294080175261523968
1294080128134324225
1294079919782268929
1294079131144073219
1294077554094219264
1294077405125062657
1294076420658991104
1294075267569287168
1294075263857434624
1294074822780223488
1294074084356063233
1294074028307685377
1294073555538399238
1294072452105023489
1294071978052194307
1294071632290553856
1294071421870710784
1294071387318099968
1294071033339797504
1294071012347252736
1294070723913318400
1294070707048058880
1294070706259537920
1294070633316352001
1294070539221434374
1294070361869492225
1294070220685025284
1294070203702280194
1294070190016208896
1294069768329351168
1294069560879001600
1294069553459351552
1294069534090039296
1294069488032387077
1294069432722100225
1294069431895822336
1294069321862455299
1294069109261504512
1294069094153621505
1294068812950765573
1294068603239772161
1294068470397702150
1294068415854972931
1294068384477437955
1294068208358633473
1294068106390839297
1294068072286953472
1294067973452439554
1294067973049798660
1294067945354792961
1294067925817729024
1294067541854257160
1294067396907618304
1294067268398309377
1294067196226949120
1294067147405242368
1294067120947503107
1294066916060012544
1294066904320167938
1294066878529384448
1294066589361483776
1294066525096345602
1294066419005620225
1294065949457420295
1294065658049843201
1294065611501375488
1294065466789568512
1294065393934401536
1294065162115260417
1294064967575121920
1294064750515630085
1294064715161833473
1294064500925136899
1294064338475655169
1294064202655703040
1294064193860182025
1294063955074322437
1294063859423236096
1294063782772211712
1294062902564061185
1294062866010722310
1294062529375764480
1294062186277593088
1294061944291438592
1294061932677398528
1294061868533907459
1294061862053646341
1294061772375240709
1294061606750609408
1294061606666723328
1294061605890732034
1294061604645015552
1294061603449638918
1294061601578979330
1294061599800647686
1294061598869458945
1294061526307835904
1294061442178715649
1294061359467040770
