1261807543757737984
1261807402510409730
1261807191641767936
1261807150243995648
1261807106635808770
1261807059667955718
1261806834744262656
1261806612584505346
1261806579516653569
1261806431482847233
1261806005291233280
1261805869274222593
1261805753809108993
1261805676730474496
1261805662658531329
1261805627803926529
1261805616844210177
1261804471664902144
1261804196757635072
1261804194371194882
1261804015723175936
1261803882742788096
1261803856943611906
1261803505100230657
1261803292843220994
1261803278519672835
1261803111745757186
1261803003482382338
1261802954912382976
1261802885224042500
1261802838688174080
1261802555912355846
1261802354246123521
1261801552584548354
1261801504392052737
1261801127097573379
1261801034424475649
1261800885790945281
1261800699777728515
1261800373800574977
1261800101137264642
1261800001887522816
1261799897977806849
1261799580892631041
1261799553759657985
1261799473115783169
1261799239690137600
1261798903868993536
1261798209116045319
1261798188777955328
1261798166212620288
1261798104011018240
1261798072335716352
1261798071295451137
1261798053398425601
1261797884711841792
1261797785369825283
1261797669183373312
1261797509246173184
1261797502929510401
1261797429889978374
1261797282040725509
1261796845061386241
1261796777654726656
1261796766686511104
1261796763431772166
1261796188753408000
1261795831633661952
1261795469182803973
1261795261971599362
1261795256946827266
1261795170573602821
1261794701033816064
1261794456468164611
1261794438369681408
1261794409538097161
1261794398108561411
1261794315644346369
1261793946784739335
1261793896369176579
1261793710964170754
1261793696804110339
1261793626448945158
1261793561646977024
1261793507888463872
1261793501416693761
1261793346848272395
1261792960741625857
1261792823738871809
1261792811571130369
1261792748119699458
1261792702158589954
1261792689974120449
1261792243012317184
1261792241737240576
1261792109151076354
1261791806464954369
1261791718149623809
1261790842878074882
1261790805867585537
1261790512266326017
1261790464719630338
1261790450563891200
1261790424550854659
1261790233093378051
1261790146577522689
1261790012942831620
1261789726866116613
1261789548029280257
1261789462742347783
1261789205065281536
1261789146395353089
1261789081262067712
1261788960872894470
1261788917730287619
1261788726612701186
1261788682182410240
1261788443337789440
1261788365676056576
1261788341604945920
1261788290069430272
1261788254191464448
1261788209564004352
1261787990885572608
1261787977556123648
1261787953644306433
1261787926096220168
1261787823729934339
1261787688111349772
1261787656284966912
1261787537829494785
1261787448775979008
1261787443163992064
1261787346137157632
1261787342337200128
1261787265426128897
1261787155719954432
1261786886844145665
1261786703129456649
1261786592932499457
1261786515727945728
1261786488452382722
1261786478914519041
1261786456701493250
1261785794949373954
1261785459598004224
1261785347165487104
1261785252743335938
1261785121843273730
1261785112074747906
1261784951239868419
1261784918792769537
1261784848244658176
1261784715092283393
1261784712571432961
1261784633412386823
1261784556862046209
1261784433868365829
1261784324229287937
1261783795293962241
1261783518767656968
1261783499482202114
1261783272075509761
1261783228601565185
1261782670306152451
1261782524566659074
1261782462042181633
1261782403464527873
1261782397382799362
1261782389711396864
1261782333927182339
1261782234895454214
1261782221926662146
1261782125516410885
1261782121548591104
1261782054607429633
1261781843105525761
1261781760150560770
1261781752336564224
1261781514381144066
1261781476745588744
1261781461167939587
1261781453379186691
1261781355354099715
1261781292171046912
1261781197040029698
1261781194850603013
1261781052495925248
1261781013128187905
1261780902436315136
1261780887697526785
1261780782747713538
1261780601805422592
1261780405780348928
1261780065077145600
1261780000614866944
1261779701154095106
1261779497520640003
1261779238132293632
1261779236706230272
1261778893754830850
1261778862092009473
1261778466510442496
1261778450429476864
1261778396922740746
1261778221479202817
1261778176340090881
1261778143150391296
1261778120249618432
1261777930956521475
1261777916968476672
1261777866645274631
1261777854087471107
1261777848664285196
1261777741097111554
1261777593017290754
1261777346585116678
1261777086613774336
1261777062974689281
1261776825086349315
1261776785160777729
1261776623784923142
1261776414279376896
1261776362420961280
1261776264265895936
1261776241750872064
1261776173077606400
1261776134620012544
1261776100260229121
1261776096921554950
1261775976310005761
1261775856604794880
1261775840330821632
1261775758323855363
1261775755626926088
1261775600949309442
1261775448859648001
1261775405490614273
1261775262464827393
1261775135838818305
1261775097062477826
1261775079295397890
1261774800751661061
1261774589270487040
1261774390850719755
1261774218032754693
1261774159954227206
1261774125548417029
1261774110574739463
1261773876771590145
1261773857075146752
1261773742121852928
1261773679798689793
1261773428429905920
1261773394858688513
1261773374944161793
1261773364806418433
1261773363237838848
1261773352483663873
1261773276659015680
1261773159142957057
1261773139098382337
1261773022555447297
1261772974652370945
1261772950912544770
1261772943039832064
1261772892183953411
1261772762013720577
1261772730485084165
1261772633227624448
1261772606698590215
1261772584682688512
1261772578986905600
1261772573165137920
1261772566781480961
1261772562222264324
1261772422543552515
1261772299021287427
1261772247703777280
1261772197422608384
1261772195589693444
1261772149863448577
1261772095329009672
1261772041126117377
1261771981235597313
1261771942773821441
1261771902428815361
1261771871328112640
1261771808942051328
1261771720136044545
1261771716029747200
1261771617958531072
1261771616771616771
1261771420939542528
1261771387250847757
1261771341864329216
1261771245504389121
1261771207571103744
1261771168194990080
1261771080164925445
1261771026423320576
1261770918805884928
1261770904864018439
1261770882328023042
1261770642518691841
1261770605206089728
1261770533961715714
1261770380487864323
1261770240062640130
1261770112606113793
1261770071590010881
1261770039012794368
1261769819185184769
1261769692508762113
1261769614486384641
1261769479882670082
1261769461071306752
1261769381127864325
1261769347049152515
1261769161262403586
1261769143914835968
1261769062536929280
1261769005368516608
1261768933578813443
1261768908715032576
1261768866751025154
1261768838447800322
1261768816993931265
1261768808009736196
1261768749453107200
1261768727214927872
1261768489938886659
1261768454283186179
1261768441549242371
1261768411547422721
1261768182991388674
1261768118214549504
1261768071225671683
1261767957186859009
1261767891659128833
1261767747521982464
1261767745890324480
1261767693474181121
1261767645260648448
1261767631385788416
1261767492881592320
1261767170712834048
1261766979796570113
1261766957449334787
1261766915829137408
1261766905494462465
1261766854260948993
1261766792114036738
1261766727735656450
1261766683099791362
1261766680264552449
1261766660618420224
1261766623926640642
1261766480087134209
1261766377754497024
1261766319185235971
1261766130777104385
1261766098611048450
1261766066264584204
1261766023050596352
1261765988158226433
1261765902351192073
1261765842586472449
1261765800375050242
1261765726534356994
1261765643482914816
1261765624100945920
1261765621651513345
1261765550939701249
1261765129546465287
1261764970355789824
1261764967264591872
1261764897152684033
1261764891905572870
1261764846313443328
1261764573754990592
1261764452858368003
1261764337393438722
1261764282213109760
1261764218073894915
1261764114734555138
1261763846533939201
1261763781983698945
1261763766087299072
1261763654560645120
1261763543302537216
1261763460326658049
1261763458724507650
1261763399962300416
1261763382774022145
1261763283830349824
1261763252607946753
1261763195204755458
1261763138451656705
1261763104792350720
1261762937921953792
1261762784016113666
1261762665459974152
1261762589316562950
1261762564737900544
1261762478402306054
1261762474434596865
1261762199737040898
1261762162093109249
1261762092312469512
1261761925416976385
1261761889421479936
1261761874628091904
1261761644008550404
1261761627080269824
1261761581995765760
1261761372632776706
1261760966989090819
1261760937536770050
1261760870083854337
1261760809614610433
1261760771945463808
1261760732477218818
1261760630329151494
1261760438968160256
1261759862746292226
1261759811538112513
1261759653748367360
1261759643229065217
1261759639722561538
1261759340232478721
1261759275833139203
1261759136343175168
1261759131607871498
1261759099441733634
1261758981678280704
1261758924274966529
1261758887612514307
1261758863315030018
1261758861628846081
1261758813172105221
1261758709820260360
1261758639389409288
1261758537216282627
1261758440516583424
1261758327823966212
1261758182722076672
1261757531774504961
1261757421049036807
1261757352799277057
1261757313460903936
1261757310294265857
1261757293647073281
1261757160511471616
1261757041955176448
1261757019075350529
1261756962468921347
1261756958459248641
1261756937286356992
1261756918298636288
1261756908152782849
1261756812879159297
1261756808873598976
1261756799088242688
1261756781262442503
1261756766179729410
1261756755652026370
1261756689176387584
1261756629244088320
1261756605860904961
1261756560897986562
1261756534192771072
1261756465536172034
1261756453469196288
1261756229426315273
1261756144848179200
1261756085658099712
1261755922512257024
1261755864383438848
1261755790597271556
1261755727951073280
1261755726726410240
1261755597361381400
1261755580152152064
1261755549005369349
1261755455510110216
1261755419028074498
1261755310915465218
1261755215461654532
1261755148205989888
1261755089942908936
1261755038294302721
1261754998943252480
1261754947449782274
1261754947269468165
1261754859281317889
1261754760174219264
1261754744806260740
1261754684429275146
1261754670801920001
1261754622655500288
1261754592762740736
1261754570650370048
1261754567961776129
1261754535694999555
1261754485862551553
1261754393948565510
1261754381365579778
1261754006659043329
1261753995665780736
1261753960806916098
1261753831815290882
1261753802295779339
1261753796738207744
1261753756036800512
1261753707328409600
1261753651724419073
1261753650076098560
1261753648528461824
1261753562100613121
1261753460174790656
1261753305912442881
1261753262459551747
1261753192154566660
1261753107253469189
1261753084444905472
1261752978580680706
1261752973496999936
1261752938466287616
1261752936700547072
1261752904555339779
1261752880052174853
1261752807780233218
1261752692130689031
1261752689618292738
1261752628880572419
1261752595586125828
1261752467592749059
1261752354044628992
1261752318153895941
1261752231856046080
1261752222351863811
1261752050167275522
1261752048091049984
1261752034962833408
1261751986841620480
1261751979019206661
1261751947197132803
1261751936564543491
1261751907888115719
1261751878976778243
1261751685761949698
1261751602677002241
1261751540798324742
1261751508372201473
1261751507973804033
1261751489845956609
1261751358371303425
1261751320429690881
1261751316054974467
1261751242818281474
1261751233662136320
1261751227748102146
1261751205585457154
1261751185620512770
1261751164066029568
1261751096923623427
1261751079580155904
1261751052434657281
1261750998353264641
1261750823173980160
1261750790156419073
1261750727820656640
1261750707985821696
1261750554730082306
1261750490381123585
1261750195005673473
1261750080756944896
1261750055494725632
1261750043641511938
1261750024947617797
1261749990109712386
1261749870622380032
1261749746634493954
1261749707589681153
1261749701650583554
1261749638513799169
1261749618343325704
1261749613368881155
1261749517730414598
1261749484624773122
1261749473950171141
1261749451942756354
1261749442702651394
1261749429381607424
1261749392769462273
1261749367402348544
1261749341347287040
1261749211995017217
1261749055077715969
1261749018008399874
1261748978636513286
1261748970642169860
1261748961901195266
1261748939952459777
1261748911837982723
1261748901461331974
1261748891969556481
1261748889247453185
1261748888396075010
1261748872583487489
1261748837707927552
1261748797882990592
1261748702504529920
1261748677888159744
1261748638746906624
1261748637668986884
1261748624326885381
1261748591711977472
1261748581381427201
1261748581003857920
1261748357040668678
1261748268507246593
1261748264765919234
1261748221468172288
1261748180619837442
1261748073727852544
1261748041549320198
1261747890361425922
1261747848330326018
1261747792902586372
1261747597766688769
1261747542884220928
1261747431114452996
1261747427746463744
1261747400668000256
1261747376504606721
1261747303796355073
1261747274117496834
1261747218052190208
1261747189925253121
1261747164746854404
1261747141678182400
1261747019842048005
1261746981694779392
1261746952603152385
1261746812320395265
1261746739184312321
1261746725099900934
1261746556786692096
1261746520518508549
1261746461341036550
1261746458107265024
1261746454923808781
1261746252045340673
1261746077562273794
1261745689836556288
1261745580658868224
1261745418360303616
1261745382754828288
1261745357635141634
1261745354174857224
1261745234549112832
1261745229310410752
1261745015740665858
1261744978604232707
1261744904503427072
1261744893136973824
1261744885830385664
1261744881942368256
1261744687985065985
1261744650760663047
1261744567562506248
1261744468379734018
1261744424066875392
1261744326029250561
1261744322883596289
1261744267615240192
1261744253300023296
1261744214481788934
1261744174384254981
1261744145351180289
1261744100845510657
1261744081073516546
1261744005907394561
1261743999888564224
1261743990333898753
1261743931064188931
1261743860411228161
1261743854891479041
1261743727766364161
1261743720799617027
1261743632207446016
1261743630437560320
1261743621105221633
1261743496756592640
1261743464389246980
1261743438501777408
1261742833439997953
1261742806042886146
1261742743795240962
1261742726346944520
1261742698907697154
1261742603323703296
1261742603177013248
1261742583308521474
1261742560592134149
1261742504027795460
1261742479918993409
1261742476211228677
1261742472117526528
1261742408183791617
1261742394774630405
1261742376449724416
1261742336725463040
1261742277111808002
1261742224813023233
1261742193745760262
1261742086434545667
1261742030490828800
1261742030025359364
1261742026154037250
1261742016632930313
1261741993253797892
1261741989655126017
1261741935183777792
1261741921795477505
1261741917508972544
1261741914816155648
1261741906209488902
1261741786562772992
1261741767591890945
1261741766107160579
1261741642039595008
1261741630241079298
1261741534216675330
1261741492944744448
1261741422392365056
1261741273289015299
1261741247372365825
1261741241030639617
1261741188228546561
1261741161175269378
1261741123845980160
1261740989804404738
1261740948297482245
1261740923429556227
1261740874934951938
1261740862247260160
1261740860405882883
1261740809650667520
1261740801098383361
1261740739601600513
1261740708123336704
1261740701588393985
1261740690775642113
1261740689857134594
1261740682395467779
1261740665244979200
1261740663068123139
1261740620634341379
1261740613583745024
1261740535414493188
1261740533497634817
1261740491772698624
1261740490782838785
1261740346662367235
1261740338047332353
1261740319311376387
1261740313787486208
1261740276223270915
1261740245676101632
1261740179397754881
1261740060774469635
1261740032970407936
1261739979404906496
1261739955023499266
1261739931854082049
1261739914867204096
1261739828561002496
1261739802162069514
1261739737712406528
1261739721417535488
1261739697778438144
1261739678723715072
1261739669559050242
1261739640173797381
1261739634880581634
1261739543906193409
1261739542547255296
1261739488679788549
1261739414755082242
1261739413853417476
1261739409537458188
1261739391057264643
1261739354659176455
1261739312330260480
1261739267962941440
1261739065608679426
1261738953515970564
1261738815556923395
1261738778944778242
1261738565765120001
1261738499939672069
1261738455190601729
1261738434923814915
1261738417139978241
1261738359833210880
1261738341940072448
1261738338677141504
1261738305122717696
1261738272407068672
1261738066533912578
1261738055737712646
1261737986699509760
1261737931598946304
1261737869271543808
1261737547425820674
1261737519001075712
1261737495571636230
1261737429398171648
1261737414210588676
1261737124509782016
1261736923837710336
1261736866862284806
1261736599399866368
1261736596442943489
1261736593041358849
1261736574557052930
1261736548032266242
1261736547336048647
1261736458668433408
1261736453240995846
1261736378972418048
1261736364716052480
1261736356541276161
1261736331690029059
1261736319031611394
1261736304863297537
1261736258046435330
1261736229701386242
1261736181794058240
1261736058342895617
1261736034154483714
1261736001447362560
1261735946510315522
1261735911936724992
1261735848187478016
1261735809046253571
1261735773038133251
1261735760803311625
1261735665517105152
1261735623054036997
1261735576820232192
1261735469928402946
1261735427083509761
1261735139475886080
1261734938484842496
1261734928481427457
1261734694552571904
1261734588923228160
1261734548725026816
1261734441552097281
1261734439685632001
1261734201700880386
1261734168033198081
1261734155555143680
1261734124487872515
1261733936784379906
1261733927712100364
1261733897064366080
1261733867486150656
1261733695523880961
1261733559317995520
1261733458151444481
1261733425750380545
1261733410109829121
1261733321316405250
1261733269202243587
1261733131385782278
1261733093897011200
1261733045289312257
1261732952247058436
1261732889747697665
1261732869388423168
1261732726316679168
1261732712056061952
1261732693743742976
1261732636193587201
1261732608863621124
1261732497156603905
1261732444006424578
1261732232286343168
1261732188090966016
1261732106255978499
1261732012618125313
1261731993831776261
1261731948126507008
1261731946641702914
1261731889154588672
1261731857324015616
1261731856858390529
1261731791314063361
1261731686427119616
1261731470961455111
1261731438111719424
1261731311687028737
1261731269018365954
1261731157625966593
1261731011903266818
1261731007205695488
1261730907213438978
1261730718125707265
1261730713541513224
1261730709980549121
1261730582016425984
1261730532653764609
1261730525074591746
1261730515683598339
1261730388881412097
1261730367515623425
1261730318983344129
1261730283751182342
1261730279611404291
1261730238440132613
1261730158286905344
1261730099092652033
1261730068071677953
1261729998823665665
1261729947174998016
1261729934009077766
1261729929064075264
1261729874471014408
1261729833761026050
1261729727510908935
1261729634040889348
1261729527539077122
1261729511223296001
1261729506655698946
1261729480642572288
1261729457829748741
1261729375495630850
1261729374195286016
1261729361415340033
1261729344545832960
1261729305232580610
1261729267701997568
1261729240170577922
1261729106527432705
1261729061115699200
1261728926516248579
1261728646328471558
1261728606490951684
1261728601117949954
1261728548617957377
1261728545623113730
1261728509552099331
1261728430502141953
1261728398650609665
1261728181012385799
1261728159105462274
1261728126775767043
1261727936668991490
1261727834873233408
1261727761162477568
1261727735463936000
1261727508027891714
1261727506614419456
1261727408249593859
1261727398556512262
1261727351160950784
1261727255644037120
1261727245451890692
1261727229312225281
1261727066908758016
1261726943570952194
1261726909706244101
1261726706521513984
1261726692609069056
1261726650158505987
1261726581762002946
1261726540112502784
1261726409715863553
1261726368934645761
1261726292677922822
1261726240731521030
1261726207684591618
1261726198993952769
1261726132732407808
1261726041413951490
1261725971188719616
1261725888183484417
1261725847435776001
1261725846953431041
1261725698055643138
1261725673800032257
1261725633522139137
1261725627432009728
1261725617990615040
1261725599300816897
1261725598818410496
1261725577364541441
1261725536260427776
1261725475774308352
1261725406840922114
1261725089080508418
1261724815494430721
1261724808070529026
1261724669004132357
1261724651107082242
1261724568206610432
1261724559503429635
1261724517250015232
1261724482428944384
1261724412656713728
1261724330330742784
1261724257085767686
1261724057793376257
1261724008099336192
1261723941820862464
1261723844030627840
1261723761134444544
1261723631945764864
1261723432934400000
1261723298863382529
1261723141069553665
1261723124623646720
1261723019996729344
1261722998396129281
1261722739267850240
1261722472833003521
1261722444173369352
1261722345938530309
1261722305245446144
1261722260278333440
1261722170251710470
1261722021840461824
1261722013955129344
1261721911140257792
1261721849202868225
1261721829594542081
1261721806517436416
1261721495824465920
1261721420259823616
1261721399166713856
1261721384285278209
1261721372734173187
1261721274000293889
1261721272720990208
1261721237635678214
1261721056122933250
1261720965169496071
1261720925403336705
1261720761284395015
1261720668208533505
1261720601301061635
1261720589586350081
1261720554660397062
1261720532069888011
1261720295901192192
1261720206424133632
1261720085800071168
1261720058222477320
1261720037062311937
1261719747026128898
1261719457073958912
1261719411897118727
1261719235279151105
1261719109873528832
1261719071520886785
1261718902247174145
1261718853551259648
1261718717081272325
1261718662936961025
1261718546012405765
1261718359105814529
1261717757814595584
1261717616596594688
1261717593657872384
1261717360194523138
1261717351000674307
1261717348303724545
1261717220410998784
1261717120905289731
1261717057911078916
1261716949085622272
1261716871268782085
1261716805896351744
1261716616355688448
1261716528862552065
1261716370665897985
1261716318203645952
1261716288965169152
1261715930834493442
1261715907837153280
1261715828032094208
1261715697157255168
1261715674533105664
1261715648444588032
1261715607009005571
1261715494773706752
1261715475827957762
1261715435575271427
1261715398577262595
1261715309939089409
1261715253928304641
1261714955377795075
1261714726515548163
1261714627940974592
1261714587436625920
1261714550677798914
1261714543673212928
1261714361346920448
1261714319844179968
1261714258561314816
1261714227930202112
1261714219164217348
1261714171416190976
1261714138167984130
1261714071986020354
1261714048661499905
1261713993653194757
1261713961222909953
1261713952905531392
1261713854255566854
1261713853030846464
1261713801621180418
1261713774085636096
1261713702002339840
1261713682045775872
1261713580887617537
1261713533290655744
1261713495399202818
1261713472519385090
1261713445260591106
1261713424310026274
1261713345520041984
1261713269066211328
1261713259666845696
1261713213562990597
1261713147465007105
1261713076514172928
1261712807277535232
1261712763979730946
1261712719750860806
1261712530134765568
1261712496727076865
1261712435985211393
1261712430964621312
1261712425075838976
1261712351725789186
1261712240379641856
1261712237305098240
1261712176152227845
1261712133726908419
1261712116748292097
1261711901362438147
1261711892697034752
1261711808689311747
1261711788221124608
1261711585841741824
1261711356748861440
1261711247277465601
1261711126745792520
1261711073188753408
1261711008479010816
1261710982763741184
1261710849766555648
1261710784465457152
1261710727057899520
1261710574129381382
1261710569872244738
1261710513051967489
1261710486120419329
1261710328926175237
1261710311343734784
1261710158201323520
1261710027699695616
1261709972443987968
1261709898393493509
1261709841153822729
1261709774825160704
1261709724803903488
1261709710144798720
1261709709129781248
1261709556440317952
1261709495987769344
1261709494607806465
1261709308024238080
1261709291087523848
1261709261551407104
1261709111932092418
1261709092420300802
1261709091593875456
1261708966750564352
1261708903118704642
1261708896294645763
1261708768481611778
1261708702068998144
1261708655579336704
1261708518287179778
1261708437450342403
1261708322895470595
1261708230197207042
1261708099976658945
1261707999350943744
1261707986009034754
1261707949724053504
1261707936172257282
1261707933479587840
1261707813904097280
1261707723420438529
1261707689303957504
1261707605082333189
1261707443823730689
1261707382733881347
1261707302995922944
1261707260310556673
1261707123446231045
1261707110737379328
1261706921473687552
1261706838405451781
1261706641134796801
1261706576202784768
1261706443738185728
1261706388465758210
1261706255112048640
1261706202460884995
1261706012790267905
1261705979227525120
1261705962114691073
1261705873774297090
1261705743394357248
1261705652663209988
1261705614046224384
1261705516994170882
1261705483288805388
1261705477945245698
1261705426372091904
1261705300496846849
1261705294092124161
1261705290388582400
1261705257740099585
1261705255357747200
1261705239801073664
1261705113388933123
1261705032543674368
1261705007201693699
1261704896157450244
1261704692402401287
1261704668792721409
1261704666246721537
1261704609732665351
1261704586206818309
1261704402622132224
1261704313409277959
1261704294685978626
1261704274834325512
1261704265569099776
1261704184405073920
1261704014028210176
1261703986379403264
1261703859216551937
1261703800336928768
1261703790690009088
1261703569599877120
1261703554517151744
1261703552226996225
1261703543246987266
1261703525660340224
1261703493192204289
1261703476607946753
1261703473290248193
1261703375542005771
1261703337960976384
1261703279119085570
1261703162911744000
1261703094724853760
1261703090841018375
1261703058263887874
1261702854580080642
1261702710077898754
1261702619841650690
1261702579920293889
1261702498412363777
1261702458134454274
1261702424248684553
1261702277842317314
1261702259831902208
1261702168094146570
1261702107377393665
1261702049647005698
1261701996064772096
1261701912929468416
1261701848773406727
1261701825897652224
1261701799393865733
1261701779563204609
1261701567767609347
1261701284291280897
1261701252603396101
1261701189571395590
1261701163617062914
1261701160626520064
1261701033325203462
1261700977557737474
1261700954178703362
1261700897761091584
1261700820539768832
1261700755628711936
1261700678067662848
1261700634555887618
1261700519934013440
1261700405190328320
1261700382570491904
1261700357996138497
1261700353898266627
1261700337813028867
1261700335393026048
1261700190353924097
1261700067888705536
1261699907238465537
1261699895502700550
1261699891123937280
1261699737893449728
1261699730339516417
1261699413879279617
1261699256458588160
1261699237575897090
1261699229979983872
1261699204495429632
1261699145464713218
1261699143837286402
1261699130709225472
1261699038539386880
1261698983833079815
1261698897820487682
1261698621327769601
1261698609340350470
1261698427500584961
1261698380377608197
1261698324731768834
1261698094468562944
1261697894287052801
1261697784757071872
1261697704046014470
1261697618146660353
1261697498218889220
1261697265296715776
1261697056634257411
1261697030407290880
1261696998668939264
1261696936052228096
1261696801272410113
1261696794725093377
1261696770364538886
1261696723698810880
1261696693038469120
1261696665200791552
1261696612012875776
1261696421792813057
1261696400905175041
1261696379791040512
1261696272265818112
1261696146956865537
1261696011254325249
1261695951238057984
1261695822896533506
1261695758094434304
1261695738695778310
1261695736086921224
1261695690050281473
1261695667275272201
1261695637252378629
1261695536945672195
1261695509707870210
1261695496642576386
1261695455999791106
1261695429034545152
1261695355739136000
1261695327872200706
1261695305269096449
1261695239674347520
1261694982538375168
1261694913168588803
1261694910941392897
1261694906826924032
1261694859003510791
1261694787163353090
1261694766481276931
1261694759401394177
1261694751432216579
1261694691155861504
1261694494250057728
1261694476415905794
1261694467498704897
1261694454899056641
1261694409307013120
1261694364654411779
1261694277144514562
1261694266801377282
1261694137147043843
1261694125033783305
1261694124496994307
1261694102862692352
1261694040761929729
1261693985107697664
1261693974835798016
1261693908905594881
1261693901091586048
1261693900357545986
1261693845995167749
1261693789783101443
1261693745516478473
1261693614998028290
1261693611219058689
1261693479131983874
1261693474350530560
1261693467702505474
1261693461889155073
1261693461541126144
1261693433334370305
1261693378460356614
1261693354057912320
1261693292124741632
1261693164907163649
1261693077917519873
1261693040592330752
1261693018454835200
1261692988100616192
1261692964440604672
1261692928302465024
1261692884010573824
1261692832932409345
1261692816826212353
1261692758756069376
1261692708055396352
1261692687838838789
1261692662521962501
1261692568871591942
1261692516761587712
1261692508507119617
1261692363870810114
1261692275412873217
1261692255087341568
1261692208677302273
1261692103538679808
1261692062212259842
1261692048689844226
1261691963461505024
1261691961976729600
1261691865134481411
1261691862903111681
1261691814114926593
1261691671357673473
1261691578361548801
1261691492520910851
1261691488553107461
1261691457561333762
1261691368788897798
1261691315697463301
1261691313604485120
1261691217844285441
1261691216544108544
1261691180728934402
1261691167864811520
1261691000323477505
1261690945940176897
1261690681715765255
1261690575927074819
1261690547548413952
1261690501134266369
1261690468695449601
1261690454329999362
1261690431500419078
1261690343373799424
1261690232682012674
1261690200771768320
1261690190919237633
1261690182102892550
1261690174574125060
1261690152704933889
1261690129862844422
1261689965194461188
1261689948144623626
1261689900660899846
1261689897817190401
1261689800375050248
1261689794779910147
1261689724437135361
1261689679268794369
1261689658519556097
1261689649409515525
1261689580354404352
1261689529007853569
1261689489384071169
1261689472124624897
1261689455427149824
1261689416726261760
1261689390549684224
1261689377526296577
1261689363974553600
1261689310685941761
1261689225486925826
1261689219593928704
1261689152690704384
1261689116082819074
1261689059740712960
1261689046474129409
1261688986596265997
1261688924738588672
1261688809437237253
1261688790726385664
1261688706701889537
1261688688741941249
1261688611935793153
1261688599587758081
1261688580877045760
1261688520613277701
1261688493887062021
1261688382465474561
1261688353063305218
1261688320469413889
1261688282309636097
1261688256871239680
1261688128068190208
1261688047982313472
1261688044446457858
1261688036024336387
1261687997516468226
1261687912892116992
1261687856415866880
1261687746747400192
1261687739386408971
1261687658788671498
1261687624500215808
1261687624248549377
1261687447349538819
1261687435458686977
1261687353405562880
1261687274384826368
1261687242818494471
1261687232718659586
1261687220139896833
1261687137902174209
1261687092595363844
1261686963767304192
1261686820598960131
1261686810884915203
1261686694253821952
1261686670195412992
1261686649395830784
1261686533263933446
1261686508932730881
1261686460027199489
1261686419405377543
1261686370994663425
1261686341500375040
1261686310798057472
1261686124570988548
1261686098822078467
1261686071789785089
1261686044199698433
1261685975450861568
1261685955582443522
1261685935391092738
1261685934824787968
1261685933356847104
1261685874452058114
1261685865123844096
1261685848338305024
1261685836787179522
1261685822920720385
1261685642154717186
1261685556486037504
1261685476148350976
1261685400302649345
1261685377913536515
1261685353913757696
1261685326805860353
1261685302701293574
1261685296292380672
1261685278332379137
1261685259697033216
1261685234065604609
1261685228906721282
1261685168231911424
1261685153467977731
1261685058743734274
1261685049788948480
1261685000841367558
1261684990355681280
1261684965319860226
1261684963285630976
1261684921317371906
1261684880250998786
1261684858490957824
1261684781554769920
1261684670317682694
1261684604869713924
1261684582698618881
1261684496199495680
1261684430021758978
1261684369569263616
1261684343803699200
1261684264778661888
1261684224224120834
1261684175540760576
1261684148441362432
1261684141365526529
1261684104371855362
1261684104099225600
1261684074718076928
1261683987967287296
1261683858040336386
1261683692021391361
1261683652959887364
1261683631300513801
1261683619917107204
1261683598106791936
1261683573003890689
1261683561192665094
1261683431962009601
1261683335140708352
1261683259517407233
1261683069729325056
1261683056613691392
1261682967052722176
1261682888417980416
1261682819648172033
1261682807488876545
1261682786018172929
1261682757438185472
1261682731668340738
1261682700487987200
1261682651423027200
1261682464927502336
1261682448833880065
1261682416059637760
1261682400003796992
1261682334551740417
1261682323071918080
1261682275084832773
1261682263357632514
1261682255270985728
1261682141953429504
1261682005043019778
1261681914588598273
1261681906871042048
1261681887241699328
1261681854178000901
1261681850172559360
1261681786058309632
1261681749911879682
1261681731586928640
1261681688129789953
1261681685059506178
1261681522291212290
1261681506638053378
1261681477009448960
1261681468255932416
1261681434512822273
1261681426560409600
1261681354116345857
1261681333509767170
1261681129591132161
1261681123756699648
1261681045759569920
1261680965686104064
1261680900670205952
1261680878981390337
1261680848019042304
1261680846362284033
1261680837088681985
1261680820026257417
1261680811197284352
1261680763700948992
1261680741433425921
1261680713742585857
1261680691147878400
1261680637410500609
1261680565800992771
1261680533991559171
1261680513183559680
1261680479788511239
1261680471592878082
1261680413946322946
1261680377925709824
1261680374071074820
1261680284845641729
1261680239421292546
1261680216726003715
1261680091571957761
1261680060974718982
1261680033787150337
1261679943978635267
1261679935866966021
1261679909258362881
1261679871639588865
1261679860944117760
1261679673291034631
1261679616684589061
1261679615996813314
1261679558761340930
1261679546308362242
1261679402372550656
1261679329534267392
1261679329098051584
1261679323695677440
1261679290078412801
1261679177960501248
1261679133349883904
1261679123371569153
1261678905599164416
1261678884703141888
1261678788607389697
1261678720068259840
1261678561095831552
1261678555332820992
1261678522357202944
1261678492175011842
1261678409836638214
1261678385933230080
1261678308728737798
1261677962157572097
1261677925474148352
1261677863897612289
1261677799439507457
1261677779554390016
1261677774508564480
1261677675225272321
1261677624524451840
1261677587249729537
1261677567293239303
1261677554953584641
1261677422262595585
1261677305287585795
1261677017684160515
1261676846862778369
1261676609230245888
1261676506063003649
1261676483753455616
1261676336978055168
1261676335107313666
1261676291595657217
1261676277481816064
1261676151514247168
1261675972757250051
1261675926020067330
1261675837914570752
1261675789491281923
1261675753407684608
1261675713201143810
1261675703252275201
1261675642237706243
1261675507390844930
1261675451333959680
1261675361034801153
1261675305724452869
1261675278457339905
1261675247113318402
1261675237952888833
1261675203819692032
1261675113583448064
1261675108109815810
1261675102074175490
1261675061481820162
1261675026690031616
1261674845781348352
1261674814718312450
1261674637282496515
1261674631636946945
1261674570009935873
1261674545699794944
1261674510727643136
1261674378837635073
1261674312471384064
1261674211766079488
1261674138156052483
1261674012398309377
1261673845880225794
1261673659971915783
1261673548940271616
1261673388436860929
1261673379188420608
1261673193867227136
1261673188515332096
1261673187546365953
1261672882414985216
1261672878631772160
1261672715066449921
1261672624624672769
1261672615669882882
1261672592576053248
1261672531951566851
1261672291018080256
1261672252266987520
1261672211489992704
1261672162995437569
1261672034729365505
1261672033957695493
1261671987501568005
1261671956136562690
1261671934884020226
1261671927380402178
1261671892592791562
1261671887412830208
1261671845528510464
1261671842634502147
1261671732869500930
1261671614464344064
1261671572634566656
1261671534453755904
1261671506087751680
1261671436483256321
1261671367172390913
1261671318086389764
1261671265271758852
1261671198213242880
1261671147034337280
1261671105313624064
1261671024069877761
1261670990368649218
1261670856096391168
1261670837251444737
1261670798978355201
1261670772608831489
1261670531461525504
1261670507390423040
1261670476331593729
1261670206671392775
1261670176006832135
1261670124291006474
1261670109002653696
1261670065054810114
1261670040870543361
1261669985300221959
1261669971479928832
1261669870632083461
1261669856094666759
1261669754227568641
1261669750842830848
1261669742047305730
1261669729716047872
1261669689299779584
1261669649713901569
1261669559574167552
1261669482822434817
1261669348122537986
1261669298776539136
1261669203150585862
1261669168237236226
1261669161266221056
1261669149949988867
1261669121038712832
1261669058640072705
1261669028881403904
1261669007712796673
1261668942440992769
1261668916583190531
1261668899520733184
1261668837881270272
1261668805060759552
1261668793857826816
1261668775801348096
1261668742343335936
1261668614962380800
1261668567717679104
1261668522222116864
1261668381910020097
1261668313849049089
1261668286992920581
1261668242029981696
1261668172228370432
1261668145464594433
1261668092133990401
1261668029739433984
1261667977189109761
1261667821253283842
1261667816580812801
1261667810264207365
1261667746896642049
1261667635584008192
1261667545909690368
1261667439542140931
1261667363004403713
1261667313079681027
1261667121169403904
1261667088097296384
1261667049971109890
1261666756369604610
1261666755262517255
1261666666854920193
1261666554015514627
1261666461883432965
1261666430745038848
1261666371349471233
1261666220610387969
1261666209537429504
1261666184585515011
1261666133628858368
1261666073503506439
1261666063772577792
1261665996676497408
1261665914178674689
1261665831714525184
1261665798873067520
1261665790677393408
1261665770775379971
1261665765901639682
1261665743227228161
1261665741948039168
1261665697849098241
1261665575580979201
1261665496459608067
1261665436124557312
1261665358055911425
1261665343589752832
1261665232130277376
1261665227692806146
1261665223842430982
1261665128677879809
1261665114408849408
1261665062323970049
1261664979603935232
1261664972674908160
1261664961920630784
1261664924083859459
1261664913203826688
1261664881981493248
1261664875325030401
1261664831842762753
1261664815187197952
1261664710438662144
1261664621250981893
1261664570625732609
1261664457220128770
1261664392074190854
1261664377025019904
1261664121428336641
1261664063827980288
1261664018919567361
1261663901869056000
1261663871946891265
1261663856146989056
1261663803961475075
1261663624977952770
1261663559840391170
1261663530983579651
1261663473920073730
1261662872456871936
1261662869982240768
1261662808082731009
1261662720203599872
1261662699638919168
1261662581300879360
1261662559523999750
1261662513160208384
1261662478506905600
1261662379059929091
1261662302761254914
1261662230732554241
1261662221253345281
1261662144090775553
1261662101300535298
1261662035710038018
1261661907573866496
1261661868336300036
1261661659648667650
1261661635531456512
1261661570716905474
1261661560382140416
1261661543785168897
1261661495273967617
1261661485790625796
1261661454618505217
1261661321566851074
1261661237374529538
1261661202834489346
1261661165865832450
1261661084009877504
1261661058097459204
1261661028720562176
1261661021745397762
1261660935447556096
1261660926668943362
1261660917600792576
1261660840870232064
1261660838714380288
1261660834343903238
1261660776156344323
1261660771441917957
1261660701451575296
1261660661865725952
1261660633990418432
1261660607050395648
1261660558430003200
1261660537038999553
1261660486736785408
1261660425994764288
1261660245971140611
1261660244326993920
1261660186118406144
1261660167894192129
1261660072062652416
1261660002072375297
1261659947055616000
1261659938239250433
1261659867242250247
1261659826813390848
1261659794668224512
1261659794190065664
1261659722056376323
1261659720500289536
1261659717082009604
1261659622588526592
1261659618163527680
1261659447514071040
1261659447258157056
1261659351829356546
1261659351464448000
1261659251723952128
1261659247630311426
1261659153589821445
1261659002863321089
1261658968029646849
1261658882390347777
1261658826404741120
1261658774554763264
1261658767818665985
1261658591687249921
1261658530362335234
1261658524632977408
1261658494744305666
1261658288472625152
1261658272261640192
1261658230247342080
1261658226094940160
1261658215143690240
1261658214363529219
1261658186395893766
1261658160844210177
1261658141189722113
1261657994812690432
1261657964013850627
1261657958414454784
1261657894354812928
1261657823492128768
1261657696186413061
1261657633896923136
1261657545942405124
1261657431282769920
1261657408587419652
1261657397132738560
1261657319387140096
1261657297622896644
1261657296335233024
1261657294439317504
1261657204207374337
1261657198960291841
1261657164973772802
1261657152785125378
1261657131247378434
1261657072606892032
1261657019792134145
1261656956667932672
1261656952398123008
1261656905644212225
1261656793350094848
1261656775289339905
1261656756880650240
1261656707014459392
1261656560729800704
1261656497983021063
1261656485551013891
1261656473454751744
1261656458007060483
1261656451728228356
1261656443050233857
1261656390994624512
1261656383184867328
1261656374854983680
1261656192654417920
1261656175826931712
1261656175252320258
1261656157418127360
1261656034579378177
1261655813665497089
1261655811044114434
1261655783751720960
1261655733780840448
1261655723374772236
1261655621323145217
1261655598380302336
1261655572128174082
1261655516935307264
1261655512162144256
1261655458781298691
1261655448115167233
1261655357111382016
1261655244645306370
1261655217927585792
1261655146880270337
1261655138168721408
1261655066525794305
1261654941082550278
1261654901509238791
1261654851404075009
1261654773125840897
1261654750992519169
1261654737323208704
1261654736987721728
1261654698521698304
1261654597573246977
1261654537741492224
1261654461535133697
1261654400898076672
1261654339917172738
1261654306647916549
1261654206043361281
1261654189450690561
1261654137546199041
1261654137223237633
1261654116901834752
1261654060278652929
1261654040208965632
1261653876446580737
1261653847296049153
1261653837351354368
1261653681734389760
1261653615292399619
1261653533008580609
1261653515874770944
1261653489513566214
1261653421016395776
1261653401881935873
1261653322504835077
1261653223510814721
1261653174198448133
1261653053213720576
1261652955985596416
1261652954651791360
1261652936972734466
1261652857008390148
1261652809457549312
1261652786086916096
1261652739316162562
1261652731460190209
1261652663999041538
1261652639785332737
1261652553927929856
1261652535246536704
1261652521757671427
1261652516384706562
1261652461422608384
1261652388311490562
1261652373010874368
1261652362516717569
1261652216525586439
1261652108954173441
1261652067741044738
1261651914724425729
1261651876191371271
1261651868624838657
1261651847078719489
1261651808168132609
1261651610285072384
1261651549488648198
1261651549102706688
1261651537291509760
1261651471621382144
1261651459399192583
1261651451593535490
1261651388293156865
1261651357141995522
1261651329082167297
1261651297691996160
1261651250099216392
1261651123598958598
1261651016744931329
1261651011556511744
1261650994364104704
1261650984964587527
1261650895525289984
1261650603500990465
1261650436320354304
1261650400857460736
1261650367672188930
1261650353986195456
1261650314807164929
1261650170367877121
1261650147731259395
1261650111152652290
1261650093817692161
1261650054227599361
1261649995608047616
1261649905539526656
1261649750337650694
1261649695358758912
1261649645564035072
1261649614668795904
1261649601523863552
1261649573354835968
1261649550663659520
1261649534528172035
1261649492593557505
1261649435475324934
1261649383847800833
1261649379632398337
1261649376113541123
1261649373328482305
1261649361882226688
1261649347202224128
1261649113705091072
1261649063482712064
1261649022412107776
1261648960596344833
1261648957895311365
1261648945358528512
1261648819223179269
1261648815117029377
1261648799056961536
1261648785870069760
1261648738751307777
1261648705901465600
1261648668387573765
1261648644203216896
1261648615287803906
1261648577430007808
1261648549974065152
1261648294067011587
1261648277105229825
1261648249041170432
1261648230158348288
1261648211237834752
1261648196587094018
1261648028353679362
1261648008292294656
1261647995545825285
1261647929854644225
1261647639138926598
1261647603437101060
1261647528895959042
1261647526769418240
1261647429142798338
1261647411375738889
1261647315607130114
1261647306035773440
1261647294610505728
1261647275870367744
1261647122161598470
1261647072090034177
1261646958206345217
1261646895769944065
1261646885644894208
1261646877042397185
1261646863637319688
1261646839239053313
1261646794309730304
1261646781009592320
1261646776504848386
1261646734842871809
1261646733060313088
1261646713544232960
1261646706501996544
1261646678727237638
1261646642668863489
1261646640785563648
1261646636104777731
1261646632875155456
1261646614025904132
1261646509700939776
1261646507876519937
1261646379442675713
1261646361474273280
1261646345506631681
1261646337562628096
1261646337306693632
1261646223007719430
1261646209317511169
1261646117915316225
1261646112898920448
1261646097665142785
1261646095853248514
1261646070276374530
1261646047295811586
1261646017398702081
1261646011669327872
1261646008141914112
1261645926218829824
1261645908934082565
1261645719498305538
1261645714666504195
1261645645338861568
1261645591647596545
1261645574073470979
1261645449548763136
1261645399896580096
1261645384197320704
1261645255595737088
1261645245240016902
1261645148171259904
1261645135445504002
1261645104294572033
1261645094345719809
1261645052956364800
1261645033238863872
1261645029963071488
1261645005493604352
1261644995284606978
1261644876267094016
1261644836886720513
1261644824777809922
1261644818901540865
1261644737393692673
1261644690803306497
1261644687842181120
1261644676047745024
1261644673648599044
1261644589741588487
1261644526403432448
1261644426398621696
1261644409747189761
1261644372677988353
1261644358480207872
1261644316809846785
1261644312447782912
1261644292180905984
1261644266071363585
1261644222085713920
1261644191693758465
1261644143778037762
1261644065239707650
1261643915448459264
1261643811614273536
1261643772238221314
1261643731389874176
1261643677849485313
1261643666705256448
1261643591178469377
1261643589219737600
1261643584933068800
1261643577496567811
1261643557405949953
1261643557049417728
1261643523406942211
1261643506021552130
1261643473842851842
1261643453005430784
1261643449096376320
1261643419065221120
1261643307010199552
1261643176776994818
1261643106740580354
1261643090294693889
1261643083520921601
1261643052835319809
1261643039967260672
1261643026889420800
1261642948686630912
1261642927970881540
1261642900766691328
1261642890796847104
1261642854633439232
1261642850242039808
1261642838745513989
1261642826477178881
1261642776954974208
1261642776002904064
1261642753932476417
1261642699691655168
1261642651432030208
1261642240583180289
1261642234786709504
1261642200808636417
1261642194122932229
1261642161621213197
1261642092302012417
1261641914434105344
1261641851267960838
1261641850542329858
1261641846893264897
1261641832477360129
1261641806405664770
1261641752890544128
1261641736088178694
1261641727066214402
1261641718157508608
1261641643754573825
1261641507603386369
1261641487873343491
1261641419887910914
1261641409347629057
1261641372538474496
1261641334483492864
1261641276031729664
1261641274320396288
1261641272328179712
1261641247921487872
1261641223955271680
1261641219702218755
1261641203386331138
1261641165943779330
1261641112973959169
1261641084943380480
1261641080082182149
1261641068271067137
1261641014030356481
1261640965032419328
1261640924632887296
1261640902390558725
1261640886976483330
1261640878986231810
1261640833645903874
1261640764435640320
1261640746874142720
1261640724694675461
1261640664812527616
1261640646844170240
1261640632478687232
1261640624895414273
1261640590116229121
1261640553155964933
1261640465457258497
1261640452312367106
1261640351229640704
1261640224016338944
1261640217645195265
1261640166948601856
1261640165526831109
1261640164583055360
1261640039282458626
1261639991010172929
1261639953219563520
1261639894419615744
1261639853260881921
1261639819232509952
1261639798000963587
1261639702127484929
1261639669340688384
1261639656539553792
1261639624914599936
1261639609794138112
1261639471331753985
1261639447172521987
1261639361491337224
1261639353798987776
1261639255346089987
1261639248819761153
1261639238434553857
1261639180595212289
1261639157186691072
1261639080770666496
1261639065293766658
1261639050546556933
1261639025322057728
1261638994527506433
1261638986931503105
1261638940861386754
1261638880480186368
1261638859894423552
1261638825664790528
1261638771562422272
1261638766227324928
1261638711286128641
1261638703895715840
1261638691233161219
1261638603433746437
1261638588103626754
1261638522089410560
1261638490858631168
1261638380359757827
1261638200465948672
1261638184926093312
1261638162067140608
1261638093750362115
1261638020027035648
1261637963538206720
1261637951487959040
1261637947100667904
1261637865085288448
1261637860488351745
1261637837759361032
1261637804985069568
1261637767148253184
1261637722038587394
1261637656565501952
1261637649988816896
1261637642673967105
1261637618015617024
1261637607957594113
1261637563632189441
1261637532820942848
1261637418576461824
1261637350037340162
1261637319758618625
1261637302759161862
1261637295981170689
1261637196764925954
1261637081690001408
1261637080943407106
1261637030217420801
1261637017240207360
1261636965742587904
1261636935279415296
1261636818392494080
1261636783592353795
1261636735324356609
1261636501970001923
1261636305957597185
1261636260877217793
1261636189045604353
1261636183471403010
1261636182271819782
1261636004261347328
1261635999521820682
1261635877572423681
1261635854495363072
1261635851228008449
1261635851123068929
1261635827790221313
1261635818453700609
1261635789408145409
1261635722592878599
1261635701994663944
1261635699574538241
1261635684575608832
1261635617500397571
1261635605898964992
1261635557542723585
1261635531437420546
1261635505294376960
1261635468325720064
1261635443386441728
1261635420749811717
1261635344736432129
1261635241774649344
1261635199504449536
1261635165023068161
1261635151932674048
1261635142138937345
1261635128037646337
1261635118042619904
1261635091459080192
1261635081694740480
1261635067018973187
1261635020990578688
1261635008504172546
1261634982721847296
1261634967030902784
1261634858666864642
1261634839016550404
1261634811032199168
1261634801410473989
1261634763959480321
1261634597126799365
1261634586632749056
1261634572439224320
1261634536393379840
1261634511474954240
1261634499135315969
1261634339705688064
1261634326036348931
1261634308751659010
1261634256910024705
1261634253533700097
1261634239344320514
1261634130225307648
1261634085082075141
1261634019009191948
1261633978479624192
1261633956623142918
1261633848745607168
1261633775487909891
1261633761432801280
1261633755019689989
1261633738989088771
1261633714091687943
1261633701605265410
1261633677668372482
1261633653270024194
1261633626598510592
1261633615932293121
1261633597343178753
1261633462525726720
1261633454611017728
1261633414152757249
1261633375695183872
1261633360528629761
1261633335723536385
1261633318128357376
1261633233332187138
1261633224796708864
1261633190722260992
1261633189442916352
1261633154432897025
1261633148640735233
1261633134728220674
1261633123697246208
1261633030160080896
1261632986551930881
1261632892037476354
1261632891450200064
1261632807467716608
1261632804447834114
1261632802099007490
1261632799603392512
1261632717499895811
1261632675565252608
1261632626819051520
1261632594996793344
1261632562516111361
1261632498120957953
1261632495755366401
1261632492110561287
1261632401454792704
1261632359415320577
1261632318965506049
1261632141261242368
1261632129106161675
1261632109573222400
1261632012894552071
1261631992900325382
1261631942870683648
1261631933638991872
1261631929671192577
1261631925355192325
1261631901288345601
1261631839279747072
1261631807252049926
1261631804345327617
1261631624032157696
1261631606332284934
1261631585062924288
1261631579463581697
1261631554046042113
1261631551491715072
1261631547402268673
1261631537411481600
1261631521817067521
1261631516750290946
1261631394473803783
1261631264978808832
1261631203062489088
1261631189812752390
1261631078827163650
1261631039539118082
1261631024993353728
1261630944517197824
1261630836505546753
1261630792599511040
1261630756360765446
1261630747015811072
1261630694297665536
1261630674311819265
1261630647887675392
1261630626257657857
1261630593458200576
1261630591394557953
1261630583576440832
1261630578811600896
1261630554778320897
1261630552467288064
1261630406186676224
1261630232290877441
1261630185000009729
1261630164305395714
1261630130448936961
1261630121829715969
1261630055366692864
1261629984298409988
1261629983317012489
1261629902287183873
1261629868774772738
1261629857789874178
1261629793575059456
1261629763715809280
1261629676843413510
1261629653019766784
1261629605267427328
1261629517644341250
1261629515480137729
1261629499151716353
1261629370206236672
1261629267277987840
1261629203881119746
1261629069277396992
1261629012985745409
1261629004215398403
1261628986502918146
1261628923206684673
1261628859381944320
1261628849026146304
1261628789198635013
1261628690280169473
1261628620432384000
1261628610995257346
1261628538890989569
1261628526236774401
1261628457706012672
1261628423123984385
1261628379624865792
1261628367281012739
1261628356921036801
1261628313421975553
1261628302877392896
1261628235827339265
1261628217527582720
1261628059058425857
1261628035440218112
1261628009171353606
1261627986475958284
1261627932843429893
1261627904108244992
1261627885955227648
1261627688118358017
1261627624381693952
1261627576210149377
1261627572275884032
1261627570384244736
1261627557901930497
1261627550188666881
1261627273842757632
1261627230758866950
1261627202954723328
1261627038416416768
1261627029151199232
1261626945877524480
1261626718982455296
1261626684144521216
1261626675659505665
1261626595749646336
1261626565076623360
1261626561314332676
1261626465369677826
1261626438933008385
1261626428078075905
1261626281587859456
1261626205931012098
1261626181897596929
1261626180870045696
1261626178730889223
1261626154353557504
1261626152105451520
1261626104286195714
1261626094232449026
1261626092181471233
1261626040193032195
1261625997218263042
1261625853739401218
1261625685212303362
1261625658440065025
1261625522553053184
1261625433042358272
1261625346362916866
1261625329434542080
1261625246978842624
1261625237982109697
1261625217174167552
1261625173041504256
1261625139227213824
1261625025481920513
1261625019588886528
1261624969592799234
1261624868853989376
1261624831671439366
1261624818048385024
1261624817092038656
1261624770732359681
1261624763178459136
1261624682358419459
1261624658241167360
1261624605871144961
1261624521846673412
1261624497511202818
1261624465697517569
1261624456960708612
1261624356091895809
1261624352757424129
1261624309572829184
1261624309170266113
1261624290216235008
1261624260629606402
1261624249137184768
1261624234394214400
1261624152999571461
1261624063526608898
1261623926792376320
1261623909528621056
1261623903102910464
1261623853626908673
1261623798828339200
1261623681840791554
1261623654087090177
1261623334032281600
1261623239962497025
1261623181967843328
1261623042838597632
1261623041450270720
1261622964891631622
1261622960571461632
1261622823128379392
1261622823048675330
1261622790148554752
1261622698859532289
1261622615929651200
1261622596149211137
1261622578600464384
1261622540616818688
1261622351998914561
1261622222269095939
1261622184486764544
1261622160302448640
1261622149971947523
1261622084280647680
1261622056900333568
1261622034867642368
1261622033655443457
1261621981532880908
1261621980186447872
1261621944249704449
1261621936150532096
1261621904085049344
1261621819494326274
1261621791111462913
1261621772270686208
1261621762103611393
1261621744974155777
1261621730315026432
1261621726670192643
1261621686526447616
1261621666410565633
1261621614480850947
1261621463158853632
1261621448008970240
1261621447363047424
1261621430363598849
1261621407391404034
1261621321236086785
1261621158690111489
1261621128931561474
1261621062074355712
1261621055204003841
1261620998622806017
1261620935494447107
1261620763674714112
1261620740517961729
1261620734922801157
1261620704631500801
1261620610624557056
1261620277328384000
1261620271716450305
1261620254540693512
1261620244629635072
1261620231597850626
1261620180515532803
1261620163050340353
1261620072138846208
1261620062823333891
1261620062139662342
1261619993747369985
1261619954971021312
1261619890638766083
1261619781649735681
1261619773697384449
1261619715199426560
1261619695389683715
1261619691677716480
1261619670836183040
1261619664905547776
1261619648950345729
1261619529395953664
1261619500660768775
1261619495665381376
1261619451927109632
1261619398424567808
1261619387179638785
1261619369001586691
1261619158833418250
1261619145503899648
1261619123664179200
1261619028579291136
1261618886119763973
1261618857984360453
1261618790053351446
1261618702195326976
1261618612588118017
1261618533689102336
1261618526382678018
1261618463581310983
1261618385709867008
1261618355901005824
1261618339610349570
1261618338851151872
1261618313475633153
1261618292944523264
1261618241883029504
1261618150661111809
1261618142691942405
1261618082218496002
1261618010294452224
1261617987288805376
1261617956032667648
1261617955101540352
1261617952442290177
1261617950882066433
1261617879599980544
1261617777703563265
1261617773593026562
1261617655733088256
1261617616034160640
1261617603606392833
1261617596534792193
1261617534958256131
1261617501911343104
1261617493333999616
1261617454247182336
1261617417714884610
1261617358730338304
1261617280879923202
1261617223057182721
1261617178895409154
1261617152651599872
1261617024779894784
1261617014575071233
1261617012192796672
1261616967120818177
1261616912976482305
1261616788888072193
1261616766477836288
1261616764699451394
1261616740158582788
1261616737725960192
1261616557295374337
1261616357512302592
1261616307037863938
1261616146073206785
1261616132768837637
1261616111398858752
1261616087755603971
1261616085574586368
1261615910600822784
1261615898793848833
1261615880091336704
1261615842871185410
1261615739653574656
1261615736570744832
1261615726143713280
1261615703213441024
1261615687954567169
1261615680899764225
1261615636616273920
1261615536502444032
1261615509960785920
1261615486665621504
1261615448849776640
1261615439228133376
1261615386765688834
1261615341538553856
1261615306654580736
1261615221497569282
1261615183652405248
1261615161963679744
1261615114932936704
1261615082494099456
1261615067310821376
1261614985769357313
1261614786435067904
1261614701504540673
1261614622416736261
1261614584814845953
1261614535703760897
1261614325539667972
1261614197269561346
1261614149362122752
1261614063638974464
1261613963390918656
1261613863981678592
1261613747770179586
1261613744678932482
1261613735657066497
1261613731697623041
1261613712412160001
1261613610914254849
1261613280373735424
1261613229643575297
1261613158231347201
1261612987447640064
1261612932858863616
1261612873450762241
1261612767108378624
1261612753036468225
1261612675261497345
1261612671893471234
1261612579065081858
1261612565618135040
1261612469535064066
1261612358876778496
1261612294758416385
1261612162243584000
1261612057759277056
1261612012897013761
1261611936472588289
1261611883993366528
1261611874174590977
1261611806348410880
1261611731903754241
1261611657396211712
1261611633853583360
1261611569265414144
1261611558477672448
1261611554476371968
1261611473438232581
1261611471915581441
1261611391670276097
1261611309650579456
1261611233440137217
1261611171255386112
1261611166750650370
1261611134437797888
1261611129924734976
1261611046013415424
1261611027759800321
1261610977755357184
1261610959271067648
1261610940581253120
1261610858490273792
1261610729842503683
1261610727942631424
1261610694543376385
1261610576385642497
1261610402003267585
1261610363780501504
1261610342909689856
1261610230615609345
1261610217403559937
1261610206544506885
1261610191038095360
1261610166652411904
1261610113149870081
1261610068337930242
1261610066026864641
1261609969276915712
1261609956521979906
1261609900267974656
1261609862632439808
1261609824174907392
1261609782462513152
1261609554653167617
1261609533446787072
1261609468393119745
1261609461464076288
1261609446511456256
1261609278818996225
1261609273584422913
1261609201941516290
1261609185566957569
1261609171717427200
1261609162787651584
1261609133364727808
1261609047503093760
1261609029421404163
1261608932088430593
1261608893991604225
1261608844993507328
1261608777087934465
1261608772348280832
1261608644162080770
1261608615066193920
1261608574524014596
1261608566659710976
1261608550117314566
1261608504160288769
1261608502654406658
1261608454197780480
1261608448464171008
1261608427618471940
1261608419166957569
1261608317417336832
1261608270420156416
1261608179865092097
1261608156385497090
1261608083744346112
1261608021597315072
1261607954157109254
1261607859202260992
1261607816248295426
1261607803791253506
1261607632739217408
1261607460760141824
1261607434990256128
1261607329663004677
1261607268723773441
1261607083599958018
1261607075223920645
1261606975479128064
1261606943887699969
1261606787649802240
1261606714949935104
1261606582959341568
1261606579226447873
1261606468052189190
1261606224451309568
1261606105496649729
1261606089503768576
1261606006053838849
1261605942778609664
1261605937200140291
1261605618626039808
1261605545431179264
1261605493639970818
1261605477277995012
1261605435863207936
1261605331756613634
1261605231667957761
1261605015095070720
1261604982496923651
1261604944228110338
1261604916914683905
1261604862585905155
1261604849948524544
1261604801898401793
1261604776954998784
1261604725276971009
1261604669106925568
1261604503842951168
1261604493139095553
1261604451384807425
1261604413363433472
1261604383445463040
1261604297516572672
1261604266311024640
1261604169766535168
1261604164095918081
1261604143782932480
1261604065760419846
1261604035985096704
1261603983535243264
1261603960898666496
1261603941151883265
1261603874152079360
1261603844477386752
1261603795953422336
1261603677309227008
1261603637433782273
1261603580999610369
1261603490448769024
1261603441165635584
1261603429631299585
1261603323976785920
1261603282474196992
1261603281870217217
1261603280163082241
1261603248026329088
1261603195580755969
1261603187099865089
1261603174839877632
1261603155114156032
1261603143604985857
1261603048981479425
1261603026541953025
1261602966743724032
1261602956832620545
1261602956740304896
1261602933378109444
1261602902482747392
1261602815581081600
1261602811894272001
1261602789979041793
1261602694688579585
1261602691916185601
1261602619497361408
1261602612757086208
1261602583887609856
1261602541105799169
1261602540568883201
1261602523821064192
1261602504623742978
1261602478501617664
1261602428706750464
1261602409731764229
1261602350390747137
1261602182408949761
1261602097847504897
1261601991060598784
1261601986715226112
1261601938417815552
1261601821547782144
1261601624440668160
1261601503606976512
1261601492714299393
1261601473407987712
1261601424229662720
1261601282147614725
1261601114987941889
1261601109707231233
1261601064438108160
1261601018070040577
1261600997773901825
1261600923731873792
1261600872968093697
1261600834430926848
1261600783386267653
1261600773575761920
1261600701475622913
1261600693074436097
1261600595863052289
1261600554876375040
1261600532432551937
1261600484151963649
1261600481274736640
1261600452405268480
1261600423623954433
1261600293181153280
1261600200411557888
1261600033151037441
1261600020748533766
1261599919078551553
1261599841102311424
1261599810169307138
1261599774647767045
1261599701620703232
1261599609945829377
1261599561262542850
1261599494698868736
1261599373726711808
1261599334107435008
1261599306966011905
1261599262258925568
1261599169891966976
1261599132428447744
1261599102564958212
1261599080255500288
1261599066766675969
1261598940790652929
1261598909174030337
1261598846506938373
1261598844141350912
1261598843537408000
1261598837099151361
1261598785349844992
1261598572828659712
1261598570056241153
1261598567061499906
1261598554600157184
1261598386890911744
1261598379081109504
1261598341504385026
1261598338014724096
1261598257999994881
1261598229436805122
1261598195039248384
1261598182221516801
1261598157953273857
1261598149577187329
1261598140278476802
1261598081352708097
1261597902000074752
1261597783749988352
1261597721510711297
1261597704788066305
1261597608138727424
1261597585548214273
1261597542082543617
1261597466761273344
1261597465993764867
1261597453192704000
1261597451540140032
1261597405914562562
1261597400868716544
1261597355629051904
1261597300717228032
1261597295776346112
1261597274263523328
1261597217133154305
1261597214704623616
1261597205527498752
1261597193808551937
1261597104612552707
1261597093266952192
1261597035201024000
1261596933182742528
1261596841038282752
1261596807848759302
1261596797136506880
1261596658455977989
1261596578416115714
1261596577199796224
1261596574590865408
1261596464096174086
1261596419745513472
1261596409763172352
1261596271103610880
1261596197552259077
1261596128732160000
1261596007273545728
1261595955259998209
1261595883671638018
1261595877317259265
1261595876335792128
1261595804248260609
1261595799881949185
1261595777756995584
1261595727211433984
1261595626577506304
1261595586647777283
1261595575146987520
1261595566011711491
1261595545224859649
1261595438765027331
1261595392547991554
1261595368162242560
1261595328811347970
1261595312906518528
1261595293625257985
1261595293180665856
1261595283047284742
1261595259743559681
1261595191502397440
1261595139815899137
1261595104592236544
1261595084769894400
1261594869740572673
1261594851499540480
1261594815583715328
1261594754632089602
1261594748109959169
1261594725792047104
1261594636629532672
1261594629650219008
1261594610939432960
1261594218050588672
1261594217031315457
1261594154607525889
1261594142439858178
1261594095190974464
1261594012294746113
1261593734849925123
1261593656873582592
1261593626649518081
1261593598740566016
1261593576175173632
1261593554188677121
1261593486962438147
1261593458201985024
1261593443362635776
1261593354304983040
1261593341050916865
1261593185081536513
1261593169189310464
1261593029472903169
1261592958324879360
1261592949546274816
1261592926301360128
1261592890800832513
1261592866050183170
1261592797360132097
1261592717332754432
1261592713650200582
1261592696398979077
1261592669433798656
1261592601813061632
1261592592678076416
1261592457797685249
1261592450596065280
1261592391804497921
1261592371948552192
1261592290549735424
1261592252243161094
1261592188359716865
1261592173817937923
1261592162220871685
1261592111339708416
1261591969899384833
1261591955915628545
1261591851309686784
1261591846641418240
1261591838080843782
1261591744602411008
1261591742308106241
1261591738059284480
1261591677518647296
1261591556945043457
1261591533033308160
1261591515433963520
1261591454348120065
1261591429073244160
1261591388984147973
1261591359993131009
1261591235023831040
1261591234793091072
1261591149464244225
1261591053934739456
1261591018413199360
1261590971550138369
1261590963975106563
1261590854982152196
1261590818789494784
1261590710890921985
1261590618863779840
1261590572634116100
1261590558079934464
1261590550832205824
1261590543446020099
1261590532817596416
1261590525892755456
1261590457999654912
1261590457278238725
1261590450303049728
1261590399312900097
1261590377372553216
1261590347798339584
1261590170190610432
1261590062694834176
1261589983451852803
1261589953382961156
1261589934747549697
1261589930884636672
1261589922215051265
1261589717730111488
1261589610980835330
1261589589837385728
1261589562012418049
1261589555523837954
1261589532258062336
1261589451349860352
1261589414662168576
1261589265802301440
1261589240812634112
1261588933646917633
1261588915569471490
1261588804168794112
1261588761818869761
1261588614372380674
1261588572358000640
1261588567593226247
1261588508776546305
1261588496902508544
1261588456523935744
1261588373376045056
1261588321693839362
1261588311971422209
1261588264978386944
1261588209852649474
1261588077035872256
1261587962946617346
1261587832151425024
1261587794482343936
1261587778682355713
1261587715033894913
1261587671039782913
1261587652836569088
1261587599388561413
1261587482552000515
1261587421642326016
1261587395063025664
1261587278985560066
1261587075503095808
1261587019064659969
1261586963641106434
1261586961162219520
1261586914437672961
1261586882149957632
1261586857982296064
1261586755343581185
1261586712834248704
1261586704944828416
1261586605695029248
1261586583700017158
1261586542805516288
1261586511335653377
1261586461180256256
1261586230015295488
1261586221651951617
1261586096338669570
1261586091620040704
1261586086893096960
1261586073760784384
1261586013656436738
1261585990155735040
1261585970576662528
1261585912858849280
1261585865844961280
1261585754251288576
1261585676878962696
1261585616883666944
1261585591440900098
1261585566962987014
1261585544326365185
1261585522004197376
1261585328332255232
1261585324964220929
1261585174590078978
1261585142876909568
1261585120529723392
1261585094642413569
1261585037805436934
1261585000140550145
1261584920453025793
1261584882406473730
1261584867516649476
1261584865381793794
1261584790530203653
1261584742568341505
1261584645969321984
1261584645394751488
1261584617632653313
1261584597747367936
1261584592814985219
1261584516705107971
1261584433146200064
1261584373704544256
1261584147203739650
1261584142250184705
1261584120985128960
1261584102412738561
1261583954324467713
1261583921856348161
1261583862280445952
1261583850796433409
1261583840692355072
1261583812284342272
1261583764972605440
1261583756361699329
1261583727274201090
1261583660446298115
1261583570436489216
1261583559271333888
1261583552078020609
1261583517491830784
1261583504141365248
1261583465709023233
1261583382431043584
1261583277263147008
1261583227275403264
1261583211127287808
1261583121339887616
1261583090616582149
1261583053740281856
1261582928120864768
1261582863511834624
1261582848487755782
1261582789318762496
1261582731542245376
1261582702890881024
1261582629155016709
1261582560842452997
1261582558220951552
1261582527099256838
1261582507008540672
1261582483411423232
1261582453162094592
1261582438611988480
1261582407079268354
1261582389924507656
1261582370517516289
1261582345834029056
1261582327702061058
1261582292104945664
1261582206419570688
1261582192595042307
1261582174534295553
1261582150995976192
1261582067047038977
1261582012051267584
1261581995978698752
1261581984452808704
1261581951598764035
1261581915913584640
1261581912029761536
1261581893113438210
1261581816747737088
1261581796145160194
1261581751392092160
1261581745788538880
1261581701475717120
1261581685289877506
1261581634710765569
1261581562581319680
1261581485674500096
1261581420516040704
1261581410026115072
1261581400152702976
1261581362336858112
1261581336424386560
1261581288487747584
1261581221068406785
1261581191523729408
1261581177477046272
1261581174746615808
1261581087714787331
1261581051236945926
1261581030462455808
1261581012661829632
1261580840926134274
1261580702363107328
1261580624030322688
1261580586847797248
1261580450864250880
1261580432451215360
1261580345134272512
1261580329019756544
1261580295565905920
1261580274548211714
1261580168621105152
1261580111289225218
1261579949330309121
1261579948109725697
1261579923879342080
1261579919949168645
1261579894598840323
1261579872184553472
1261579849250091008
1261579765561032704
1261579763497476097
1261579730802835458
1261579730203086848
1261579637131526145
1261579611957329920
1261579595855380481
1261579576192483328
1261579469434826752
1261579464003203072
1261579372626169856
1261579347992944641
1261579235229151232
1261579101602828288
1261579090756276226
1261579045730484224
1261579040743403520
1261579013300064257
1261578974490173440
1261578964478418945
1261578827240820738
1261578772576382978
1261578573732814848
1261578421836144641
1261578392492634113
1261578378014064642
1261578215174389760
1261578052745781248
1261577876421455874
1261577873065943040
1261577826689601536
1261577824613392384
1261577766220292096
1261577755994525696
1261577748679733248
1261577730661011456
1261577728416985088
1261577684670439424
1261577664365813761
1261577633046896640
1261577610439602176
1261577578831400960
1261577562712608768
1261577534828941312
1261577512993333254
1261577461596381184
1261577437000937472
1261577428587163648
1261577360421330950
1261577240338468864
1261577234336407552
1261577215373979648
1261577197686607872
1261577194813480960
1261577137414451201
1261577127557824512
1261577074181111809
1261577058855129094
1261577004991815680
1261576937119629313
1261576936423333888
1261576856215658498
1261576843188219904
1261576814444642305
1261576801857482753
1261576757997641728
1261576730516561924
1261576702469292033
1261576479281905665
1261576443827535873
1261576344787394561
1261576333051772929
1261576306573168640
1261576295269511168
1261576197235933184
1261576188050452480
1261576130320007168
1261576107758886912
1261576094479724544
1261576051056140289
1261575998983802881
1261575981661335553
1261575915705962496
1261575867198832640
1261575836903387138
1261575819866013697
1261575808423993344
1261575749045280768
1261575642694352896
1261575626789736453
1261575615083405312
1261575594569084928
1261575566794375168
1261575471113949184
1261575454047305728
1261575437299449856
1261575395553533952
1261575288259035137
1261575240297127936
1261575199708917761
1261575178036940800
1261574965138092034
1261574948394602497
1261574922163359744
1261574875124314112
1261574860314226690
1261574817989513218
1261574808359309312
1261574671696347136
1261574603790528512
1261574587722223622
1261574545498144769
1261574265184423937
1261574259593351168
1261574251045404672
1261574201363894272
1261574176068055042
1261574165745803266
1261574039467892736
1261573951744028676
1261573936841732096
1261573929996554241
1261573914540544000
1261573902683250688
1261573897478176769
1261573885243383808
1261573870764556288
1261573859901399040
1261573854834692098
1261573839244451841
1261573692259213313
1261573676253753344
1261573631282462720
1261573627922784258
1261573551355768832
1261573543101452288
1261573540974821376
1261573537271296000
1261573522289197056
1261573492438437888
1261573383143264256
1261573274414256133
1261573248619294722
1261573234631364608
1261573220089491456
1261573199776661504
1261573180692578304
1261573175479017472
1261573092247244801
1261573010642948096
1261572969580683264
1261572965117956096
1261572953352921091
1261572881751867397
1261572873103302657
1261572870393733120
1261572728999555073
1261572670124183552
1261572636188033028
1261572606534266881
1261572482840039424
1261572442054631424
1261572429186555905
1261572394541633536
1261572337100566529
1261572333661294593
1261572247258529795
1261572226903535617
1261572191046508544
1261572164148498432
1261572142833053698
1261572091930787840
1261571974972747777
1261571969960628226
1261571959411953665
1261571892021952512
1261571828616769537
1261571822723702784
1261571737159901185
1261571677097508866
1261571640846159872
1261571612895313920
1261571596990455809
1261571561523462144
1261571508301856768
1261571465255714816
1261571463410319362
1261571417122000901
1261571396762730497
1261571353825759232
1261571276189184000
1261571209122193408
1261571168622063617
1261571136422383616
1261571130940407808
1261570947406008320
1261570881911914496
1261570770385489922
1261570738286444544
1261570672574238720
1261570654475870209
1261570594555990016
1261570565426614272
1261570548955521025
1261570547521110018
1261570541212913664
1261570529519177728
1261570441686245378
1261570359662436352
1261570335046086656
1261570274513862657
1261570273679159296
1261570273494605824
1261570267823976448
1261570242192474112
1261570233229348865
1261570214896054272
1261570210357747718
1261570206054449153
1261570183925305344
1261570162916016128
1261570112752168960
1261570084436393992
1261570049002913792
1261570033794322432
1261569980509929472
1261569924201435136
1261569923735785472
1261569872611459074
1261569844694179841
1261569837337280513
1261569826864205824
1261569821080260609
1261569781343322112
1261569719087366145
1261569709083750400
1261569660098576390
1261569653408743425
1261569628939137024
1261569519329447938
1261569502266961920
1261569361392947200
1261569288256839681
1261569286314868747
1261569266446450689
1261569201191387141
1261569185626406912
1261569119368904704
1261569059654688770
1261569055011586048
1261568989202964480
1261568948836933632
1261568779710009345
1261568747057405957
1261568585916231682
1261568553876152320
1261568458732343296
1261568450805334016
1261568310405193730
1261568272148901888
1261568178796277761
1261568167991750657
1261568088006365184
1261568038161338369
1261568021782462464
1261567975838097408
1261567919542226955
1261567889750085632
1261567884142227456
1261567811283009536
1261567652436287488
1261567650184003586
1261567629912952832
1261567614045892609
1261567613701959680
1261567612141649920
1261567568168484865
1261567531439001600
1261567523562061825
1261567507007143937
1261567359103500288
1261567332599631872
1261567298898403330
1261567286227488770
1261567248331870208
1261567203494821888
1261567198654599170
1261567177272037382
1261567172209528833
1261567059479142401
1261567010309316608
1261566937664049153
1261566932823748608
1261566926712643584
1261566883939201024
1261566830986043392
1261566803974787073
1261566611993047045
1261566610713841665
1261566526903259137
1261566517956747264
1261566450885689344
1261566419944329216
1261566418337710081
1261566408086958080
1261566384955437056
1261566384603095041
1261566340676169730
1261566305825587200
1261566175345074178
1261566172904017920
1261566166138527744
1261566039034380288
1261565946113728512
1261565828761300992
1261565808242839552
1261565734917988353
1261565684695343104
1261565633071927301
1261565554210607105
1261565461801689093
1261565425571291136
1261565382508326912
1261565124210577408
1261565093466247168
1261565085186744320
1261565012235235330
1261564901400678401
1261564673033416705
1261564628422791168
1261564615194009601
1261564526807461888
1261564425997344768
1261564411174629379
1261564390291185667
1261564365112737792
1261564346385289217
1261564274125799424
1261564188075458560
1261564155200450561
1261564123688640514
1261563945455935491
1261563927156019200
1261563924702531590
1261563805609398273
1261563792544194560
1261563780099604483
1261563659047886849
1261563626789494785
1261563495058997248
1261563320353480705
1261563319443488768
1261563305493172225
1261563283821101056
1261563199901577217
1261563192448299015
1261563143358201856
1261563125788180481
1261563045735628801
1261562937568833537
1261562932405698560
1261562832220565504
1261562738377207809
1261562646056316928
1261562544264749056
1261562543836979202
1261562416451784704
1261562403579400192
1261562335589740544
1261562321698279426
1261562306200207361
1261562236692312066
1261562233395519489
1261562223983579140
1261562170862710784
1261562040734420992
1261561971968815105
1261561962623885313
1261561906080382976
1261561900569112578
1261561714669162497
1261561663750377472
1261561620515430400
1261561518920994816
1261561355636748288
1261561292403466241
1261561289672921088
1261561287307296768
1261561173750800391
1261561117798797315
1261561103269715969
1261561047795806208
1261561005869498369
1261560954132799488
1261560825761927170
1261560819105619971
1261560818455523329
1261560770925604864
1261560724872204288
1261560713006518272
1261560621209989122
1261560529807523840
1261560459649572864
1261560394977509376
1261560384143663104
1261560190731800576
1261560167411388416
1261560148683894784
1261560119671828480
1261560099014836224
1261560067352076289
1261559981603794945
1261559947944493057
1261559940931559424
1261559899009560578
1261559826271870983
1261559758240301056
1261559647200296960
1261559539117195264
1261559513938878465
1261559490723352576
1261559449749250048
1261559380652298240
1261559313291710469
1261559311492214788
1261559282463641600
1261559221226782720
1261559220488605696
1261559166616862722
1261559149705547776
1261559133989490688
1261559121712644101
1261558967630774278
1261558847950458880
1261558792321486848
1261558728245075969
1261558716207443970
1261558690995470337
1261558578231508993
1261558577979932672
1261558575845031936
1261558540575145984
1261558538427609089
1261558529225261056
1261558528550096896
1261558458622652418
1261558419372290048
1261558414431391745
1261558353056104448
1261558282134618113
1261558190896033792
1261558118196097024
1261558058125312001
1261558057424863232
1261558042958729216
1261557990756364288
1261557935911645185
1261557929372680193
1261557862490308609
1261557851316727808
1261557815379922944
1261557798581735424
1261557797428310016
1261557797138968581
1261557722186756097
1261557686061207553
1261557668034084864
1261557602527444993
1261557581560131585
1261557552489381890
1261557477423943681
1261557381537939456
1261557332548489216
1261557211521744896
1261557156098330624
1261557099261198336
1261557095272415232
1261557065773912064
1261557058064863238
1261557057725042688
1261557051836203008
1261557033381367809
1261557015425540096
1261556990343593985
1261556955329462272
1261556905043988481
1261556889051070465
1261556866720714754
1261556748533542914
1261556725016080384
1261556718644989952
1261556717780905984
1261556716996616192
1261556614487773186
1261556610406780928
1261556570279817216
1261556559437586437
1261556514592038912
1261556504869601280
1261556491196252160
1261556453070036992
1261556376846942208
1261556359113433088
1261556270957551617
1261556260308168704
1261556252796166144
1261556251361755136
1261556110353485824
1261556087305707521
1261556063008182273
1261556058570592256
1261556022986104834
1261555998113910787
1261555990333456386
1261555979256201216
1261555974361559041
1261555969915584512
1261555969512943618
1261555937799798785
1261555879427661824
1261555859731165184
1261555830706577410
1261555713874280448
1261555531375919105
1261555389339963392
1261555314345861120
1261555222498992130
1261555208989085696
1261555125459574784
1261555100075675655
1261555092169338881
1261555041279901696
1261555008983773184
1261555002394501120
1261554987416633345
1261554985067843584
1261554961562963968
1261554919443763202
1261554911545888768
1261554910551777280
1261554880621182976
1261554849054896129
1261554819124297730
1261554780733923328
1261554755777835008
1261554699980988416
1261554648940449792
1261554625179725824
1261554522134020096
1261554484490231808
1261554463275393024
1261554452965752834
1261554440944775168
1261554429444096000
1261554246228606976
1261554236770471937
1261554177072861184
1261554129719132160
1261554070218772482
1261554055240876032
1261553980204814336
1261553953688485893
1261553930380722176
1261553905495871495
1261553883068973056
1261553879260573697
1261553841084018688
1261553817952432130
1261553748343771136
1261553702604767232
1261553634787106817
1261553560820625409
1261553552507506689
1261553449134706689
1261553283585519616
1261553247547994112
1261553230829551616
1261553045990715393
1261553029335187456
1261553009340882944
1261552935613476864
1261552768105447425
1261552744294428674
1261552709133533184
1261552677151965184
1261552665403830272
1261552628867137536
1261552595111415808
1261552586089529344
1261552549674524672
1261552512932483079
1261552470502920195
1261552381843644417
1261552373530529794
1261552346372456449
1261552286960099329
1261552092965154816
1261552049528938497
1261551959930257410
1261551788949413890
1261551784348311552
1261551762823090176
1261551745341304832
1261551705969262592
1261551678085627904
1261551675300601856
1261551500163084290
1261551429619191809
1261551398220697601
1261551373600067585
1261551371934932992
1261551365077307393
1261551289839878147
1261551281677762560
1261551224714911746
1261551194201296896
1261551184936161287
1261551098994794496
1261551097665249280
1261551086743289856
1261551084738355205
1261551063032827904
1261551008263651328
1261550999744974851
1261550996297220097
1261550970468786176
1261550956052975616
1261550925518381056
1261550799240527872
1261550732051955712
1261550710199549954
1261550657955397632
1261550640930660352
1261550638833557505
1261550568377647104
1261550565915594752
1261550555316531205
1261550521070084097
1261550511909679105
1261550506759110656
1261550488530624512
1261550439734095873
1261550339687419904
1261550322100641795
1261550287334096899
1261550198435786752
1261550180169629701
1261550175170039808
1261550142282399744
1261550130865541121
1261550121868763137
1261550082307944450
1261550072828960774
1261550059914698752
1261550014909775872
1261549768590884865
1261549743685144576
1261549712508887041
1261549703813971968
1261549567914491909
1261549549581148162
1261549520950833154
1261549515951259648
1261549484649132032
1261549484389076992
1261549445860261888
1261549366936047616
1261549332303667200
1261549215676801024
1261549173922562054
1261549110366277635
1261549090606911489
1261549089679970304
1261549068041564161
1261549054393188353
1261549019777642496
1261548954703007745
1261548887522906114
1261548855927230464
1261548841494548480
1261548693871869952
1261548691279708160
1261548685751726082
1261548650678845440
1261548602494726146
1261548589106462720
1261548575055634432
1261548477043146752
1261548453211111424
1261548236650708992
1261548231017869313
1261548048011927552
1261548037245108224
1261548016479109121
1261547945213734914
1261547903526612992
1261547848279228416
1261547811453231104
1261547743614468096
1261547732348665862
1261547714577338368
1261547643429367810
1261547572637978624
1261547466438201344
1261547454941495298
1261547440420859904
1261547396242210816
1261547352948604928
1261547311701860353
1261547240948207617
1261547233494908929
1261547191832723456
1261547191061143553
1261547190260043782
1261547145464856576
1261547142814019587
1261547089546412033
1261547067111092225
1261547005656121345
1261546930188029952
1261546904820887552
1261546861422403585
1261546689472626693
1261546685710434309
1261546663660990464
1261546624129654785
1261546623454281730
1261546599764955136
1261546504193531906
1261546475747774464
1261546464225955840
1261546381518536710
1261546202199400449
1261546096934957056
1261546030904074240
1261545859730280448
1261545853849874434
1261545846098866176
1261545807351812099
1261545685868064768
1261545685691834370
1261545682445512705
1261545655589371907
1261545634982658049
1261545629618253824
1261545628318027776
1261545460541657093
1261545450508861441
1261545439159095301
1261545437913329665
1261545405118062593
1261545403134214144
1261545296993140737
1261545216802197504
1261545197105790977
1261545188201304064
1261545179271630850
1261545154705489920
1261545090809507843
1261545070785953793
1261545068558770176
1261544785640292353
1261544753847549953
1261544748344651777
1261544670183616512
1261544661673562118
1261544654434119681
1261544653381341184
1261544470669070336
1261544402054516736
1261544375454179329
1261544373638094848
1261544353396404225
1261544253357993985
1261544241337114625
1261544236706660353
1261544202455994368
1261544118620127232
1261544094339301376
1261544087548768256
1261544017709457409
1261543988655505408
1261543963917500416
1261543943319310338
1261543881931440128
1261543839925506049
1261543837484400640
1261543811978838018
1261543665593434112
1261543641237073925
1261543570462445571
1261543529551101958
1261543432062935040
1261543427499573248
1261543363741978625
1261543341595951109
1261543282263326725
1261543231210295296
1261543207697035264
1261543161358192642
1261543137484382209
1261543075425501184
1261542936443080709
1261542891148791809
1261542880130318342
1261542865265741825
1261542830746619915
1261542796739203072
1261542756784263169
1261542749226098688
1261542737708560384
1261542659824463872
1261542654921203713
1261542648772546560
1261542645362548737
1261542586650464256
1261542559995789312
1261542506350686210
1261542482510254080
1261542467196923906
1261542457872994306
1261542363329150979
1261542191295586309
1261542186778329088
1261542128087375872
1261542088547749888
1261542070642245633
1261542048831848448
1261541994670829573
1261541968158564353
1261541902760980483
1261541856585887749
1261541769369575424
1261541755746422787
1261541754270093312
1261541669394173954
1261541644140187649
1261541636766601216
1261541518952796166
1261541443019190272
1261541430713110529
1261541363008618498
1261541354141876225
1261541318892847106
1261541231521337346
1261541168325758977
1261541134142181376
1261541062008606721
1261541014109552640
1261540983872913408
1261540919515512832
1261540772425408512
1261540745397309440
1261540744470368256
1261540719745019904
1261540678649237506
1261540661259575296
1261540582054395911
1261540527410995202
1261540472708882433
1261540437690585090
1261540417503444995
1261540240877109249
1261540197327609856
1261540149088919553
1261540127479934979
1261540110740459521
1261540078540783616
1261540013990391809
1261539921619234816
1261539903126614017
1261539750030303234
1261539748910374914
1261539687480602625
1261539676130852866
1261539659487817728
1261539541703372802
1261539503107387393
1261539480567242752
1261539383255203841
1261539372115116033
1261539290959548416
1261539279215505408
1261539252145356807
1261539211360047105
1261539189520306178
1261539151561850881
1261539055281606656
1261538945013288960
1261538899043725312
1261538872447688706
1261538696442122241
1261538601889935360
1261538588983996416
1261538584261283841
1261538506192687106
1261538458356658177
1261538445924667397
1261538405512601600
1261538319030259712
1261538066042433540
1261537992407162883
1261537971813191680
1261537911687778304
1261537867106582528
1261537860445929472
1261537626731003906
1261537508963373056
1261537374095519751
1261537371708968962
1261537331271655425
1261537282827444224
1261537128804220928
1261537093416824832
1261536734648688640
1261536730907398145
1261536704164499456
1261536702084022272
1261536578356293634
1261536391982448641
1261536301934919682
1261536281282174976
1261536275976335360
1261536174583185409
1261536087392112640
1261536032782237696
1261536009155682305
1261535995612278784
1261535854549401600
1261535833200394240
1261535790728835080
1261535777923764224
1261535705756508160
1261535630854688768
1261535396497948672
1261535391489933312
1261535332320915456
1261535154549534721
1261535105031573504
1261535089554587650
1261535045971517441
1261534856317751297
1261534705230454785
1261534655955812353
1261534606555328512
1261534528289624066
1261534493627822081
1261534466994028546
1261534355480023040
1261534311603490816
1261534269043859457
1261534213288984578
1261534167243853825
1261533973697761281
1261533940474675200
1261533908564353025
1261533786329751552
1261533731271118849
1261533723419455488
1261533720596676608
1261533668830588930
1261533536231862272
1261533521555922945
1261533341058203648
1261533330610311168
1261533316550922240
1261533299970727937
1261533290965749761
1261533235005325314
1261532973851123712
1261532854070231042
1261532852258328577
1261532740136177664
1261532704635531269
1261532618060976130
1261532590470815744
1261532412946849793
1261532350493741062
1261532298413060097
1261532249004048385
1261532219308486657
1261532160760127488
1261532098076213248
1261531923052191749
1261531879200763905
1261531749135323136
1261531679186960385
1261531625491480577
1261531487876395008
1261531286272868353
1261531220401324032
1261530996371062784
1261530965035364352
1261530957779275777
1261530854112755712
1261530776098791424
1261530569135005704
1261530509806645249
1261530472556965890
1261530126765916161
1261530033660755968
1261529981185921025
1261529892409262080
1261529661378617344
1261529608169697281
1261529535696289798
1261529493719732224
1261529444054900741
1261529405710577664
1261529381123612672
1261529380041490432
1261529348517105664
1261529223732305927
1261529197601796097
1261529188760260610
1261529065514811399
1261528715235938304
1261528545471483905
1261528311257116679
1261528090548854784
1261527855210672129
1261527714638561281
1261527668773785601
1261527529388679168
1261527343992094720
1261527306415325184
1261527174311563264
1261527147333779458
1261526858513788928
1261526831355826177
1261526415616417797
1261526390765223937
1261526386759667712
1261526289321725960
1261526288919126016
1261526259928109056
1261526214306643968
1261526163241009152
1261526053857697794
1261525789855690752
1261525712743419906
1261525516361883648
1261525496371851264
1261525487731515393
1261525483189141505
1261525386820833280
1261525254603780096
1261525190024073216
1261524953477890048
1261524842576216065
1261524765615022086
1261524663773073409
1261524620936720386
1261524607066136577
1261524448462737409
1261524404921663488
1261524404678393856
1261523949395095552
1261523704737136641
1261523480555786241
1261523364218376193
1261523362700017670
1261523332362616837
1261523331783720960
1261523257167151104
1261523243023949825
1261523152871424000
1261523120135028738
1261523088858112000
1261522972852064256
1261522964362809344
1261522864903270400
1261522527987347456
1261522438308990982
1261522385708220416
1261522232553209856
1261521733070336002
1261521646562750464
1261521631421149184
1261521572206129152
1261521441691967489
1261521425439035395
1261521413669826563
1261521283948445696
1261521140645797890
1261520814425456641
1261520780925349888
1261520712302559232
1261520636909928449
1261520606564155392
1261520466830860298
1261520157823971329
1261520020749893633
1261519967041867776
1261519859348918273
1261519663600631813
1261519619350814726
1261519516720410625
1261519376685162496
1261519274335768577
1261519123261030406
1261519028411121664
1261518564416159745
1261518383297769472
1261518381104222209
1261517801610756096
1261517756303900672
1261517381144399872
1261517104118931456
1261516987643113472
1261516710886113280
1261516655567548418
1261516409659629572
1261516354450067456
1261516264155025409
1261515980041224192
1261515702017630208
1261515499416018945
1261515478150807552
1261515322189844481
1261515300819927040
1261514871612542981
1261514858941595654
1261514823495450625
1261514599146323968
1261514525938982913
1261514371206971393
1261514293561999362
1261514027542425600
1261513771610255360
1261513285972692992
1261513115059060736
1261513050621952000
1261512872594735104
1261512864105402369
1261512830278344704
1261512777891528704
1261512747885395970
1261512275778732032
1261512118005891073
1261511689356357632
1261511620662001667
1261511328495276032
1261511072340750338
1261510998281895941
1261510880195424259
1261510656806838273
1261510216090345473
1261509464257110016
1261509457911123970
1261509384468934656
1261509127529996288
1261509049696346112
1261508903541538816
1261508754358632448
1261508561131241473
1261508435960573952
1261508380235051009
1261508369640194048
1261508271959138305
1261508015804559363
1261507473917251585
1261507398625374210
1261506719336861696
1261506640798507008
1261506468173549568
1261505854009942017
1261505765053009921
1261505650632392704
1261505522358013952
1261505478162632704
1261505088423628800
1261504994286632968
1261504643550646278
1261504626844729346
1261504459210973189
1261504357742321664
1261504162526887942
1261503966019555328
1261503562636570636
1261503422383239170
1261502609648693251
1261502283789058050
1261502183679430656
1261502032869023744
1261501422581043200
1261501419854716929
1261501282587680768
1261500947278303232
1261500658026532871
1261500633527566338
1261500032269910016
1261499905819975682
1261499783635755008
1261498851707555841
1261497939375128576
1261497844554436608
1261497819271237632
1261497266239688707
1261496946348433409
1261496927226679304
1261495761868595200
1261495427381288960
1261494515615096834
1261493845864448001
1261493189791399939
1261493063773454338
1261492696264388614
1261492628245434374
1261492117693759488
1261490878377590788
1261490723704254467
1261489925536571392
1261489732900577283
1261489642060292096
1261489279676624896
1261488997601349634
1261488709981155329
1261488350877409281
1261488350705451008
1261488255293366272
1261487227818868737
1261486778713878528
1261486707054129152
1261486589642973185
1261484632421412864
1261484074994196480
1261483327061712897
1261483240956755969
1261483174976249857
1261483142088622081
1261482686377492481
1261482425483431938
1261482198261170176
1261482113523744775
1261481698979729410
1261480708536774657
1261480460137517056
1261480244923555840
1261479219718238209
1261479048364150787
1261478592665411586
1261478433416261633
1261477391777411072
1261476587117166598
1261476352492003328
1261476301296238592
1261475971116351488
1261475532451053568
1261475497755545600
1261473543868624896
1261473456580943876
1261473232466698240
1261473212711358466
1261473211784458240
1261472678038237184
1261472423515480065
1261472386538323968
1261472365415927808
1261472293403975680
1261471086840918016
1261471024962363392
1261470993412812802
1261470464540639234
1261470140710842368
1261470055956541440
1261469323769442304
1261468856868102144
1261468601577422848
1261468221967757313
1261467818551390210
1261467784220835841
1261467780026478593
1261467685369475074
1261467339733647361
1261467272998121473
1261467219772477441
1261465623789481984
1261465505786986498
1261464480170549248
1261464386939449348
1261464291162521601
1261463328775270400
1261463292419112960
1261462891456344065
1261462555240943616
1261461950698942465
1261461766409723906
1261461732377100290
1261461643357073409
1261461391724040192
1261460576116576257
1261460516330971136
1261459858701705217
1261459750610505729
1261459500839682049
1261459141505081345
1261458949154279425
1261458761371115522
1261458657029394433
1261458528167882752
1261458517556260865
1261458392167653377
1261458361201184768
1261458131902541824
1261458088139186176
1261457707875405825
1261457671388934145
1261457350487150592
1261457290592428033
1261457253057662976
1261457160384307200
1261456914598072320
1261456820058669058
1261456453124186112
1261456177088663556
1261455711164182528
1261455544834945024
1261455458071482368
1261454513656881152
1261454499857616896
1261454363249176577
1261454352482525185
1261454220991102977
1261454156390268928
1261453760234090496
1261453716588290049
1261453671335890947
1261453388664827904
1261453385636560896
1261453154865958913
1261452889077108737
1261452467910389761
1261451531640909825
1261450921281716224
1261450777177894912
1261450756965781505
1261450732454268928
1261450664770711553
1261450251468017665
1261449757890949120
1261449640748232710
1261449560863453185
1261449482647908352
1261449290037239809
1261449288456056832
1261449257573203968
1261449140233371655
1261448991872614401
1261448943986040832
1261448858875228160
1261448722375999488
1261448720505167875
1261448008501092352
1261448000620032001
1261447332488294403
1261447323026100224
1261447321855782915
1261447191643766784
1261447073687146498
1261446848574865409
1261446551529902081
1261446518034366464
1261446430218043393
