1221945738369826816
1221945258365374465
1221945205827436546
1221944912926662656
1221944688250408961
1221944670802120705
1221944627936268288
1221944607052836869
1221944338277642240
1221943935939104769
1221943805575823368
1221943652764856323
1221943569071661057
1221943448569372673
1221943286610481157
1221943188992249856
1221942661252374533
1221942284041773058
1221942138650480641
1221941848056508417
1221941830402695168
1221941547966586880
1221940889704071168
1221940743918489602
1221940715963334658
1221940639325138944
1221940446374612992
1221940256867524608
1221939692305895425
1221939445701775360
1221939432577818624
1221939343549456384
1221938795089670146
1221938736621113344
1221938289319587843
1221938043491405824
1221937940009496577
1221937676649144322
1221937564426416128
1221936904293228545
1221936540219211776
1221936503200407552
1221936463459377153
1221935748984856576
1221935531170373632
1221935506843471877
1221935388018774022
1221934830037934081
1221934665482764294
1221934274317815808
1221934242839646208
1221934085079281664
1221934020440788992
1221933991558815749
1221933846372978693
1221933840605876224
1221933757424447498
1221933420575629317
1221933206657695744
1221933118824812544
1221932365444001799
1221932340148080640
1221932115962535937
1221932076380950528
1221931910441644036
1221931888169889792
1221931629041635329
1221931318801575938
1221931093563269122
1221931046830268416
1221930875027443712
1221930703018975232
1221930677102350337
1221930641777942528
1221930324856320002
1221930254564044806
1221929910085746689
1221929767747846145
1221929677381566464
1221929647560122375
1221929564693286912
1221929467645431809
1221929381096034305
1221929310661021696
1221929295993540609
1221929185574342657
1221929071640240128
1221928292841816065
1221927852309872641
1221927842952503298
1221927814276009984
1221927745577529345
1221927534612402178
1221927171087831040
1221926695898374144
1221926531406204933
1221926368243585031
1221926344747102209
1221926080333975554
1221925450483732481
1221924855156760576
1221924076735946754
1221923982452121601
1221923683427594242
1221923467001499648
1221923415529005056
1221923386332471296
1221923363242893313
1221923248763539456
1221923088775942145
1221922934664593409
1221922427288145920
1221921902312206337
1221921644882558976
1221921557825687552
1221921442587193344
1221920891929604096
1221920464362188802
1221920238524076033
1221919957241487361
1221919343698759681
1221919160650825728
1221919154715996162
1221918922938757125
1221918770530263040
1221918740935335941
1221918551638003712
1221918203330408448
1221918200809578497
1221918189334016001
1221918136892567558
1221918100297338880
1221917834021933062
1221917604513751043
1221917496023883778
1221917401354293248
1221917238132985857
1221916924206108674
1221916815460372486
1221916143058870273
1221916105482166275
1221915936351047688
1221915303073976325
1221915132156088320
1221915033040564229
1221914827683254273
1221914824801771523
1221914725312876545
1221914681931190274
1221913884166164481
1221913470687379458
1221913457165000704
1221913149848408066
1221913040045641728
1221912912249442304
1221912901268705285
1221912840329736194
1221912819634970625
1221912616995631109
1221912408031203334
1221911660954365952
1221911510022344704
1221911475121508354
1221911236515913728
1221911080831717376
1221911029430587394
1221910929056698370
1221910780221759493
1221910527120683010
1221910078934212608
1221910056628838400
1221909858972246017
1221909673055522816
1221909672208338945
1221909448018595843
1221909332385783810
1221909210260217857
1221909130073473027
1221909123576619011
1221908993972559872
1221908727093219328
1221908383655256065
1221907834293620737
1221907162043224070
1221906929498324992
1221906669254381575
1221906455391100930
1221906065631121408
1221905877629833216
1221905625740988429
1221905315861581824
1221905298371350528
1221905196999233536
1221905030602731520
1221904865087062016
1221904853494116357
1221904551151898624
1221904412072927232
1221904112410931200
1221903795615084552
1221903645761032193
1221903637024247809
1221902723307790336
1221902692165046277
1221902660552388608
1221902644710649858
1221902524422217730
1221902392561750016
1221902232221835265
1221902167684145155
1221902153129873409
1221902129721434112
1221902021600731136
1221901705207566339
1221901652329930757
1221901456988626947
1221901098627321857
1221900972370382848
1221900413718466560
1221900406847987713
1221899880190353415
1221899569665126400
1221899368942460930
1221898457671196672
1221898433214152704
1221898246261559297
1221898194436677637
1221897983135973376
1221897676163371008
1221897099308085253
1221897017791860736
1221896982568079367
1221896722860904448
1221896666187517954
1221896325815590917
1221896246987755520
1221896175500038145
1221895976979435524
1221895907479867394
1221895896700456961
1221895757642522628
1221895140261945350
1221894823105441792
1221894753370939392
1221894605274337290
1221894529848172547
1221894247579865089
1221894134535016448
1221894059079487493
1221893810780884997
1221893668610748416
1221893607747203074
1221893423252365312
1221893322253504512
1221893313458003968
1221893168397983749
1221893128090804224
1221893043457933312
1221892767724572673
1221892716814053378
1221892654134452224
1221892639898963969
1221892629924847616
1221892529559351297
1221892516515061760
1221892371014737920
1221892289749975041
1221892070358638593
1221891795740766217
1221891734814240768
1221891696054566912
1221891646817742850
1221891211943907331
1221890936529092608
1221890869420339202
1221890814021898240
1221890543531298817
1221890151149899778
1221889792696340481
1221889476567478275
1221888714248458242
1221888674880802819
1221888609298669569
1221888496257961984
1221888168225656832
1221888148214550529
1221887841002803200
1221887616825556992
1221887451591036928
1221887400722518016
1221887310549131264
1221887161156472835
1221887151987658752
1221886628341460994
1221886531021033474
1221886526319222785
1221886245904756738
1221886214816571392
1221886197733175301
1221886102451023872
1221886024722329600
1221885975166668802
1221885890026516481
1221885753652850689
1221885735537664000
1221885649013309440
1221885496248369152
1221885135169163265
1221884916822048771
1221884582473146372
1221884519172792321
1221884429016104960
1221884292835553283
1221884235188969475
1221884066489868288
1221884000811257857
1221883744161759232
1221883729871851523
1221883660133195777
1221883633184780290
1221883497603829760
1221883465139879938
1221883272009003017
1221882885399072770
1221882527876386816
1221882307419742209
1221882072085778433
1221881778262233088
1221881693826637824
1221881653242597380
1221881507540762624
1221881411201916929
1221881356881485831
1221881093340778496
1221880850217947136
1221880503063797760
1221880499435601922
1221880439381594114
1221880431345270786
1221880415713140736
1221880336939933702
1221880232807936000
1221880080953159680
1221879758499328002
1221879675754024961
1221879594741108736
1221879571370446848
1221879547559337989
1221879368030605312
1221879329828823040
1221879070952230913
1221878996071329794
1221878736011833349
1221878631321960448
1221878406805184518
1221877978365419521
1221877864129277957
1221877721208410113
1221877630670077952
1221877503696023554
1221877362880581632
1221877156927754242
1221877017601363969
1221876989126225921
1221876917336530949
1221876782649028610
1221876160906387456
1221876159740350464
1221876054840750085
1221875816683966469
1221875777567891456
1221875580787884032
1221875451427278853
1221875387829047296
1221875361643925504
1221875289027989509
1221875249182117888
1221875174007623680
1221875026078654464
1221874653121126402
1221874601409630209
1221874600394547200
1221874521784901632
1221874420962164736
1221874009186410510
1221873966266142725
1221873703367204865
1221873557526937606
1221873311535325185
1221873197974532096
1221872903563640834
1221872799511457792
1221872673371893766
1221872645408481280
1221872498813349889
1221872494531022849
1221872316944146433
1221872311634210816
1221872217115582464
1221871661714149378
1221871623785140229
1221871230120341505
1221870911026094081
1221870898464149504
1221870831317528576
1221870718398488577
1221870710353801222
1221870608625082371
1221870332002426891
1221870081363382273
1221869953353179136
1221869924861337601
1221869899355693063
1221869893596995584
1221869790429679616
1221869584791240706
1221869470609702912
1221869273938911232
1221868549112762368
1221868502056931333
1221868385052524544
1221868183017213952
1221868139073482752
1221868005480652800
1221867710470074369
1221867666450866176
1221867404239757319
1221867317635756033
1221867294940332032
1221867028841213952
1221866928291176448
1221866790801768448
1221866719268032513
1221866715501428737
1221866661126508545
1221866426476236800
1221866397598470144
1221866253171687425
1221866214844260352
1221866170615304192
1221866060036694018
1221865971478077440
1221865906051088385
1221865730410455040
1221865594133368832
1221865570120933378
1221865560859869184
1221865387979087872
1221865386842427395
1221865047481356289
1221864884054437890
1221864787623260161
1221864650616295425
1221864458924019718
1221863442354753536
1221863403813249026
1221863213068845056
1221863137160417281
1221862867953242113
1221862645260787714
1221862621013598210
1221862584397287424
1221862518634827780
1221862480663777281
1221862351139430401
1221862100861095937
1221861860305227777
1221861858912690177
1221861736732594177
1221861546990673920
1221861479928029184
1221861307688898561
1221861265062137857
1221861231792926720
1221861094475649027
1221860964448002049
1221860872848596996
1221860861763112961
1221860783551807488
1221860573161361409
1221860464826646528
1221860444165505024
1221860431993745413
1221860239684915206
1221860131933212672
1221859808908906496
1221859514862964744
1221859465755938816
1221859427147493377
1221859388136345601
1221859348466610176
1221859286793555974
1221859141712588801
1221859039245631491
1221859003938082817
1221858958182318080
1221858569605275650
1221858476835639297
1221858469936009221
1221858423999991810
1221858416999763968
1221858283000139779
1221857474136834049
1221857364858613761
1221857060326912002
1221856810367365120
1221856722022805504
1221856687138787329
1221856609846034432
1221856482490273800
1221856392644042752
1221856301266931712
1221856111579598849
1221855987554037760
1221855929685237760
1221855828086530049
1221855772629487618
1221855745622335489
1221855666375221249
1221855646162788352
1221855511571849218
1221855274803388418
1221855044426964998
1221855021492510720
1221854811177586688
1221854798116540418
1221854553664053249
1221854539902586880
1221854435036606465
1221854337116311552
1221854206757425153
1221853858948943872
1221853676106547202
1221853534766891009
1221853313689440265
1221853216914202627
1221853109246418947
1221853055383146508
1221853013398237185
1221852867713171456
1221852832468471814
1221852760834035712
1221852703418126336
1221852692286492673
1221852681687437312
1221852610229100545
1221852519200100352
1221852470349049858
1221852097991278592
1221851974812999681
1221851911932010501
1221851856579846144
1221851814729060357
1221851764825165829
1221851605215141888
1221851587238354944
1221851454077579266
1221851249886355458
1221850870977089536
1221850719126507521
1221850468852404226
1221850454453358593
1221850389429006339
1221850329991598080
1221850271216783360
1221850181794136065
1221850164002000903
1221850083542605824
1221849710761336834
1221849554246688768
1221849517303177219
1221849480364019713
1221849249354276864
1221849064641368064
1221848804426756096
1221848676844306433
1221848649229049856
1221848636524564481
1221848605079867392
1221847834024206336
1221847819985870853
1221847762737729537
1221847668818923520
1221847317671747590
1221847136259670016
1221847041875357696
1221846904985833474
1221846573627465728
1221846358291816453
1221846291401060353
1221846220886478848
1221845932817424384
1221845698280411138
1221845639492927490
1221845581041164288
1221845549751717889
1221845457858633728
1221845374282948610
1221844957377572864
1221844795351535617
1221844565600165889
1221844467491184640
1221844434503053312
1221844376743305216
1221844330027065349
1221844300499181569
1221844255381053440
1221844179590008838
1221844149995032577
1221844132060127233
1221843948009709568
1221843947900694528
1221843812340961280
1221843433494654978
1221843411168194560
1221843394168786944
1221843323759087616
1221842336256315392
1221842311421878273
1221842217268142080
1221842163962609667
1221841955744776194
1221841923947814913
1221841906654765056
1221841753688494082
1221841574579011584
1221841344777400322
1221841111599263745
1221840861304184837
1221840522039435265
1221840513713737728
1221840144237547520
1221839922006581248
1221839698890493952
1221839606909489154
1221839575238221824
1221839445789462528
1221839108412190720
1221838945392189446
1221838457980452864
1221837984204513280
1221837723633360898
1221837471861878784
1221837388193959936
1221837351229501443
1221837313988333568
1221837305306144769
1221837056835493892
1221836973901524993
1221836908734701568
1221836757551001601
1221836549710663681
1221836031579783170
1221835789396598785
1221835605509840897
1221835467563372546
1221835452753305601
1221835414794883074
1221834919355305984
1221834889596506113
1221834765000749064
1221834639909818368
1221834525795389441
1221834435638845441
1221834219279867906
1221834195082862593
1221833979646611456
1221833823660511232
1221833561831026689
1221833449457225729
1221833241067446273
1221833073655980033
1221833039338180614
1221832886162247682
1221832790532116483
1221832694805430272
1221832674744197121
1221832656884813824
1221832570268241923
1221832203988062210
1221831997741465603
1221831739544416259
1221831712818302977
1221831198160408576
1221831162378833920
1221830961098317828
1221830563591606276
1221830334653837312
1221830282229227521
1221830204911423491
1221830022396289025
1221829852552212481
1221829788987465734
1221829524062642176
1221829454374281220
1221829378771996672
1221829194855931904
1221829063389732864
1221828748997275650
1221828724779364357
1221828627173642240
1221828606864896001
1221828551110021121
1221828321329270787
1221827772458422274
1221827691659382784
1221827603386044417
1221827572780216320
1221827459659829252
1221827346535153664
1221827286728683525
1221826799660912640
1221826387604013059
1221826312173694978
1221826254174859265
1221826212315701248
1221826126403842048
1221826020610887680
1221825982371450887
1221825572227207171
1221825393264615425
1221825361144700929
1221825140960514052
1221825072593362959
1221825017748643840
1221824968360714240
1221824905420865537
1221824784356560897
1221824763363983361
1221824756376383489
1221824747446644738
1221824634208825345
1221824622137507840
1221823580226359296
1221823411338477571
1221823379814129670
1221823270258991105
1221823053975498753
1221823022220349442
1221822924711235584
1221822870386544640
1221822744901406722
1221822612109656064
1221822336959205376
1221821824494985225
1221821323200122883
1221821137887416320
1221821079351590912
1221821069285384192
1221821021227048960
1221820915429904385
1221820833481547777
1221820763285659649
1221820737683709952
1221820646516195329
1221820616388612097
1221820349823750144
1221820330085441536
1221820152792211461
1221819353336860672
1221818917083131904
1221818875081261056
1221818759301812224
1221818503424102401
1221818395764674560
1221818255050006534
1221818143603154950
1221818100955435009
1221817888627097601
1221817788127502336
1221817753230770176
1221817607252213760
1221817413743804416
1221817224249384960
1221817097245937665
1221816946162913280
1221816907554328579
1221816631862734848
1221816050733473792
1221815385965678597
1221815379967782912
1221814762973138944
1221814548358889473
1221814512384380928
1221814510773850113
1221814379110420481
1221814188462477314
1221814124067291138
1221814071156264966
1221813973877739520
1221813736962437120
1221813597434732544
1221813183448522752
1221812691637100546
1221812632610537473
1221812509197447168
1221812442042269697
1221812421578362883
1221812357229432832
1221812193450250240
1221812121081712640
1221812061791047681
1221812009022500864
1221811922292682757
1221811819863576577
1221811320909115392
1221811182031556610
1221811096148901888
1221811076779708417
1221810990444089345
1221810672801021959
1221810667470172160
1221810585358217218
1221810372426051587
1221810065495203840
1221810028862152704
1221809639697895424
1221809617493266432
1221809605220732928
1221809443584794625
1221809352937558016
1221809182971760640
1221808970786013186
1221808938796167171
1221808536214220800
1221808211487002624
1221808082319298560
1221807888915738624
1221807862655201280
1221807657323024385
1221807424161689600
1221807421204680711
1221806984233656320
1221806936104087560
1221806394111864837
1221806333793591298
1221806263845171200
1221806201555640323
1221805895392342023
1221805652177248256
1221805110696849408
1221804955583090688
1221804953783754752
1221804863329329152
1221804820551688193
1221804677878222849
1221804636715307008
1221804378740400128
1221804288571211776
1221804253850763270
1221804147382587392
1221804111160586242
1221803910211473409
1221803768230088704
1221803549841141760
1221803267996471299
1221803157186965508
1221802618902675458
1221802608509308933
1221802449771683840
1221802246964482048
1221802100318986241
1221801957817491457
1221801725360857089
1221801724253478912
1221801709065965570
1221801499136856067
1221801472846966792
1221801367750238208
1221801068901863424
1221800964669222912
1221800898399211522
1221800844099751936
1221800823929348098
1221800621931671552
1221800552956420096
1221800348794478595
1221800106351046656
1221799757624102912
1221799570797211654
1221799511649136641
1221799368086429696
1221799234313302017
1221799212066754560
1221799162540437505
1221799067925340163
1221798802945904640
1221798767055208448
1221798744670265345
1221798613413777408
1221798594895806464
1221798502591758341
1221798486062116865
1221798423051014146
1221797984045801473
1221797887996321792
1221797843649863681
1221797822258806794
1221797804374462465
1221797748590235649
1221797629677404167
1221797509544271873
1221797222364241920
1221797190093410304
1221797188025638914
1221796793819836416
1221796755844554753
1221796379577737216
1221796286946598915
1221796151776751619
1221795802533847042
1221795536396746752
1221795424899600385
1221795422357917696
1221795384311177216
1221795355941068806
1221795330079035392
1221795266161856512
1221795260008931332
1221795058632003584
1221794962381201408
1221794639239426048
1221794382883495936
1221794303225335808
1221794232161243136
1221793965764202497
1221793873493725184
1221793804132528128
1221793715506774016
1221793645071867907
1221793508182364161
1221793479610683394
1221793157064556544
1221792951950544899
1221792930651873282
1221792900759064577
1221792748195471361
1221792446142611459
1221792299467837440
1221792179645042688
1221792069867450368
1221791993619189761
1221791772080320515
1221791718162534401
1221791642904145923
1221791591091920897
1221791540147826689
1221791527086764033
1221791297721307137
1221790816236077057
1221790795243622401
1221790761588592642
1221790697071742978
1221790633406484480
1221790445916827650
1221790030949244928
1221789956760358914
1221789504891162626
1221789498876616706
1221789288288919553
1221789155983810561
1221788871249354755
1221788638004043776
1221788361326809091
1221788295044222976
1221788255844171784
1221788244075040769
1221788219018293248
1221788167470223360
1221788085861732352
1221787852813619203
1221787804109328384
1221787705165713414
1221787667009916928
1221787664111808512
1221787545320771584
1221787392664797185
1221787360205201408
1221787316118786048
1221787286075052034
1221787242148106240
1221787230282354688
1221787205087252481
1221787043203899393
1221787033082961922
1221786951428251648
1221786881282707456
1221786611836428288
1221786515707179008
1221786470156992512
1221786361872703490
1221786312098959363
1221786221183164416
1221786131601199104
1221785849114824704
1221785821377974272
1221785555291267072
1221785353239040003
1221785261610340353
1221785027400343552
1221784775167553537
1221784692090974209
1221784627796418560
1221784616148840448
1221784515586207746
1221784379464265733
1221784192385716225
1221784122336718854
1221784076312621056
1221784050555334659
1221784041143390209
1221783720761401344
1221783595884457984
1221783203876429824
1221783181923377153
1221783127112212482
1221783123094097920
1221782747569704962
1221782581651353600
1221782196266110976
1221782086358642688
1221782035783700480
1221781684603047938
1221781553916928001
1221781477756633088
1221781413160194049
1221781344067432448
1221781326564659204
1221781188278439938
1221781063225303040
1221780699285540865
1221780493420711936
1221780244715180034
1221780072337747969
1221780052406345729
1221779946214957056
1221779816426459136
1221779761606922240
1221779678815563784
1221779655662997504
1221779609869602816
1221779501039996928
1221779461412216834
1221779376393654274
1221779354918772736
1221779154439483395
1221778948830441473
1221778854286712833
1221778749827571712
1221778384818229248
1221778260603940865
1221778130546970624
1221778108627537920
1221777915798487040
1221777909293158402
1221777909037379586
1221777907053449216
1221777620058222592
1221777585199251456
1221777583991332864
1221777546683080705
1221777339752812555
1221777329220919296
1221777187235299330
1221777103751929856
1221776477345193986
1221776250416631808
1221776055641497600
1221776018979065857
1221775984308912128
1221775508104454146
1221775486419963904
1221775234270973953
1221774921027719168
1221774914098802689
1221774746599088134
1221774722750406657
1221774648540459010
1221774341806968833
1221774057416396800
1221773752758829058
1221773699986214912
1221773695720607747
1221773614485331968
1221773591743733761
1221773573477539841
1221773433337532421
1221773368644526081
1221773215749550080
1221773179896680449
1221773075093565441
1221772881459326976
1221772810835648513
1221772679210065920
1221772638453932032
1221771969449877504
1221771922859532293
1221771755963985921
1221771549948219396
1221771324043014148
1221771171462635527
1221771102826958848
1221770947205763073
1221770771770507264
1221770411244949504
1221770225126907904
1221770156642316294
1221770041408073729
1221770028627918848
1221769887149936640
1221769826173145088
1221769592168767489
1221769455287590913
1221769241441054722
1221769158892957696
1221769116417130496
1221769029993537536
1221768996569124864
1221768921046495232
1221768801144004608
1221768400818581506
1221768144362123264
1221767636322783233
1221767489354379265
1221767301751607297
1221767274362810368
1221767020854890497
1221766910792081409
1221766375695429633
1221766364618272769
1221766154890489857
1221765999667662848
1221765929052360705
1221765889789431808
1221765620196352001
1221765435873529858
1221765394437939200
1221765165013782528
1221765138887233536
1221765136437981190
1221765128359682053
1221764944905097222
1221764900973940736
1221764759747551233
1221764677555933185
1221764651698085889
1221764596018618368
1221764054693314561
1221763913357971456
1221763880218767362
1221763855212335106
1221763810509365248
1221763760316088325
1221763635204313088
1221763614635438081
1221763584738430977
1221763580741279744
1221763455562264576
1221763417486381057
1221763295935373315
1221763280659677184
1221763268861140992
1221763228709113856
1221763208022839296
1221763202448613376
1221763183741939714
1221763170404007936
1221763059707994112
1221763044008693761
1221763038497443841
1221762964870615040
1221762814974533632
1221762738256519169
1221762561147899906
1221762422832271362
1221762384345403395
1221762291202428929
1221762233396531201
1221762226148782080
1221761856026685440
1221761835273244675
1221761795712602112
1221761757984763906
1221761698559938563
1221761676300685313
1221761629802631168
1221761424181071872
1221761377431441408
1221761144777592833
1221761077328928768
1221761030407303168
1221761027324424192
1221760692325421057
1221760671152517120
1221760654853529601
1221760587522367488
1221760546380435456
1221760419339079684
1221760399055429633
1221760318495391744
1221760178749689856
1221760099351519233
1221759973086126080
1221759609435820032
1221759544990236672
1221759400970465281
1221759157977735168
1221758886920839169
1221758853789908994
1221758657966329857
1221758611816357888
1221758539053617152
1221758477191786496
1221758387693801473
1221758284568453121
1221758082222608385
1221758072370188289
1221757988043657217
1221757955227426817
1221757818719604737
1221757723030716416
1221757695927209984
1221757661806505985
1221757659629740032
1221757637521563650
1221757446177349633
1221757350853390336
1221757336722837504
1221757306234458112
1221757147496710144
1221757099396489218
1221757076579520512
1221757069356949504
1221757020803604481
1221756756071735296
1221756713021386752
1221756641412030465
1221756393587453953
1221756365569449986
1221756303195934722
1221756237366337536
1221756158773469185
1221756149151735808
1221756142264770560
1221756100485222400
1221756051466465280
1221755998345539586
1221755960148008962
1221755934516695040
1221755717625040896
1221755655494782976
1221755533151088640
1221755527945998341
1221755482903322626
1221755449302798336
1221755412506193920
1221755234034290688
1221755178094866434
1221755149439459328
1221755121090158592
1221755055633846272
1221754585758470145
1221754495824224256
1221754493882261505
1221754418334457857
1221754382095732736
1221754271068303361
1221754262084038657
1221754176889413632
1221754083557724160
1221754073965387777
1221753845304430592
1221753806310035461
1221753768901054465
1221753596208910337
1221753502298509312
1221753013477482496
1221752840730959874
1221752771269091328
1221752382465376256
1221752256074330118
1221752130324721664
1221752079850659840
1221751919200415745
1221751735892566017
1221751689398624257
1221751670146846720
1221751308304224257
1221751306634907648
1221751124639846405
1221751030146387968
1221750937896783873
1221750925045501953
1221750782455943168
1221750624909504512
1221750574481395713
1221750466452783107
1221750440884408320
1221750375956520960
1221750020623536134
1221749807510884352
1221749570587234304
1221749553159966721
1221749537590480897
1221749493210763265
1221749490299932672
1221749409945395200
1221749398104952834
1221749268853202944
1221749253338542080
1221749247730692106
1221749167678246912
1221749083666251776
1221749045523369987
1221748960618078209
1221748860617469953
1221748738697416705
1221748706262822912
1221748125649510403
1221747849626640384
1221747780298903552
1221747724959330306
1221747623431954435
1221747452128219137
1221747410545803264
1221747189308895232
1221747183826997248
1221746877080702977
1221746814220742658
1221746618422218760
1221746218608615424
1221745824696324096
1221745737475772418
1221745530679832576
1221745449238921217
1221745280648912896
1221745271341834240
1221745061731426306
1221745061551116288
1221744871926587393
1221744686089625600
1221744512659329027
1221744419856166912
1221744231066349568
1221744166616621056
1221743959271202817
1221743782506442753
1221743763237810178
1221743518831534081
1221742928600731655
1221742772518035460
1221742666309873664
1221742616724803584
1221742027655860224
1221741199297536000
1221741120616574981
1221740260222173184
1221739890632728578
1221739682289135616
1221739674022162432
1221739652522090496
1221739594611339265
1221739566832537600
1221739240020758528
1221739084449832960
1221738978585563136
1221738455677505536
1221737960757960706
1221737915182649344
1221737867510153216
1221737654909382662
1221737314533113856
1221737286947299328
1221737274108469248
1221737266017640448
1221737221893640192
1221737184711127040
1221737155380293640
1221737100715995141
1221736814920245249
1221736799548203009
1221736713355173891
1221736461575376896
1221736270336069632
1221736152656420865
1221736048897732608
1221735972259401729
1221735820996087809
1221735764549152771
1221735757313908739
1221735569157513216
1221735550585053186
1221735546013323264
1221735511229960192
1221735500664508424
1221735371597340681
1221734953328828417
1221734782465380353
1221734667340087296
1221734623279042560
1221734572100083712
1221734533130850309
1221734522007564289
1221734372094742528
1221734315580690432
1221734232936022017
1221734229098319873
1221734167647571968
1221734125725540352
1221733981714034689
1221733863191404544
1221733587776692224
1221733263540133888
1221733060737146881
1221733053044862976
1221732930738905088
1221732866255720450
1221732727680045057
1221732701251821569
1221732511287365632
1221732426277408769
1221732400977367041
1221732100757389312
1221732032491008000
1221732018020593664
1221731982138335232
1221731922029752320
1221731851561324544
1221731551328788480
1221731531640778752
1221731530063695876
1221731400421986304
1221731161812144129
1221730533467705346
1221730444993015814
1221730179510304768
1221730093401366528
1221730009989120001
1221729963486957568
1221729952208506885
1221729773183029252
1221729732758319104
1221729608728485888
1221729568781996032
1221729402100289536
1221729286299799553
1221729244511985669
1221729205139988480
1221729081152155648
1221728980203724801
1221728711986294784
1221728657561079808
1221728579718995969
1221728549037658112
1221728327205036032
1221728158371786752
1221728113798848512
1221728080294744064
1221728057242812418
1221727974157930496
1221727931002773506
1221727905220366336
1221727860664283136
1221727752266579968
1221727612680261632
1221727555864219648
1221727355162505226
1221727322732187648
1221727172987146240
1221727152275705862
1221726976223956998
1221726867536990208
1221726695872454658
1221726664398397440
1221726603203481600
1221726560606138370
1221726438715543552
1221726327943974912
1221726124625006592
1221726056647929856
1221726000368754688
1221725987743981568
1221725901001515013
1221725894030581765
1221725648038899716
1221725606766948353
1221725506703372288
1221725462415790080
1221725389942337538
1221725288196907010
1221725219628421120
1221724973716459520
1221724703754260481
1221724316540248065
1221724240455643136
1221724185380171776
1221724140081766400
1221724132435468288
1221724129751072768
1221724089943035905
1221723869469388803
1221723768697118720
1221723735587196928
1221723525242916864
1221723479319425026
1221723324415447040
1221723314537758720
1221722726815105024
1221722627892490241
1221722570589921281
1221722509915062272
1221722488473890816
1221722477346291713
1221722449424920576
1221722085090832386
1221721821164331008
1221721733704622081
1221721658974711808
1221721268933754880
1221721197030842368
1221721148519583744
1221720947117502464
1221720896584462337
1221720847985135616
1221720818289446912
1221720559773536256
1221720503259484172
1221720359340212225
1221720204146806784
1221719829813649408
1221719736733650949
1221719394440679424
1221719245228335104
1221719222482558978
1221719097928572929
1221719090534014977
1221719067536642048
1221719025488683008
1221718768239480833
1221718710634930177
1221718678116470786
1221718599280287744
1221718576505245696
1221718549292560384
1221718437862543360
1221718427825582080
1221718363610796032
1221718325509677056
1221718314898030593
1221718064087158784
1221718036392173571
1221718029500854272
1221718024895582208
1221717982189170689
1221717928913121280
1221717891625766912
1221717855244255233
1221717742258180096
1221717507821785091
1221717463613702144
1221717394835628033
1221717242729070593
1221717085182746624
1221717070989144064
1221716918840807424
1221716792244146177
1221716760837152780
1221716731846176769
1221716651114188800
1221716642016694273
1221716574098329601
1221716558633816065
1221716520654471176
1221716506591010816
1221716247773175808
1221716224901431296
1221716128910708736
1221715874211561473
1221715857635758081
1221715798009483264
1221715790149361664
1221715722038136837
1221715704820486145
1221715655189286919
1221715645005516800
1221715535286743041
1221715445327200259
1221715360254132224
1221714737077063680
1221714697986113536
1221714494235271172
1221714347388481536
1221714311330050048
1221714213288185856
1221714054479253506
1221713997768073218
1221713956630401026
1221713875336343552
1221713742678962176
1221713717978640384
1221713716808486912
1221713437149093888
1221713391196221441
1221713304034430977
1221713284073689088
1221713133758287872
1221713015818588160
1221712961997299712
1221712931378933760
1221712909090394112
1221712826206691328
1221712635718139904
1221712532559290368
1221712312622637056
1221711932014714882
1221711880189874176
1221711846278864896
1221711381638062082
1221711235097530368
1221710638273191937
1221710626466254849
1221710284743696387
1221710120075264000
1221710045374750720
1221709965318115328
1221709837656100864
1221709710971351040
1221709656973881345
1221709591853006849
1221709515701264384
1221709483652648960
1221709440510038017
1221709416036282368
1221709320523603969
1221709282464366592
1221709153959325697
1221708970114670592
1221708957800173568
1221708818037510144
1221708800056578048
1221708758692311040
1221708740140916736
1221708616094441472
1221708583936708608
1221708551082606594
1221708496841867264
1221708447835721728
1221708446132850693
1221708369700040704
1221708355560972289
1221708332425236480
1221708288355643392
1221708234060435456
1221708176694956032
1221707820103544834
1221707722141454336
1221707661835689984
1221707560006406144
1221707216975278081
1221707175342542849
1221706668599390208
1221706350637584386
1221705702328209410
1221705649270161408
1221705059987337217
1221704903799820288
1221704590908891136
1221704373681651712
1221704276923375617
1221704124141654016
1221703607017451521
1221702926554583045
1221702695922425856
1221702622882795521
1221702440837427200
1221702209454444544
1221701828477366272
1221701647585419265
1221700955634315270
1221700863858790400
1221700637450231808
1221699798736211968
1221699576006152192
1221699503918657536
1221699250335178754
1221699217095299072
1221699101038927872
1221699072278638594
1221699009074647041
1221698957560242176
1221698947493834752
1221698874173247493
1221698813007749120
1221698149816963072
1221698020091289600
1221697914118070272
1221697724149649409
1221697642805198848
1221697568981377024
1221697341998141441
1221697294858321921
1221696923859652608
1221696454651150337
1221696443347611654
1221696338875777024
1221696165672038400
1221696044230156288
1221696006175305728
1221695704885796864
1221695582797877248
1221695370880847877
1221694821804531717
1221694802762391552
1221694740342755328
1221694392622370817
1221694136954376195
1221693848843362304
1221693761090195456
1221693468176801792
1221693055088168960
1221692912708259841
1221692905116651520
1221692613763510272
1221692604271689728
1221692587754639362
1221692532716965889
1221692521711128583
1221692414429220864
1221692196421873665
1221691882578817029
1221691842967851009
1221691518022553605
1221691490629574657
1221691144557514752
1221690778814160896
1221690776582873089
1221690773252530176
1221690677744078849
1221690653136039936
1221690377289261056
1221690261824266241
1221690194782490624
1221690150268342274
1221689842603560960
1221689772000927746
1221689529540718592
1221689057719332864
1221688945790070784
1221688656500600834
1221688240987615233
1221688200013524992
1221686862437343232
1221686830543839232
1221686315420389382
1221686301780520960
1221686274140012544
1221686181999665152
1221686135832879105
1221685698765447168
1221685324935499776
1221685253598863361
1221685141304696832
1221684724546113536
1221684438326751234
1221684258030456833
1221683937610731520
1221683450928865280
1221683096434683905
1221682942822486017
1221682914603294720
1221682656213131265
1221681958775853056
1221681816110882817
1221680993553276928
1221680655794429952
1221680286192324608
1221679704635269120
1221679702991155202
1221679387185229825
1221679364355624961
1221679312757231616
1221679310785871872
1221678905565896705
1221678804189548545
1221678386948472832
1221678348918804482
1221678302802386945
1221676990077509632
1221676663836172289
1221675103311880194
1221673999895355392
1221673325828681728
1221673181444001792
1221671816797868032
1221671457849249792
1221669489655386112
1221667974647623682
1221667154455683073
1221667065251160064
1221666727500664833
1221666068030271490
1221664843444473861
1221661715156303872
1221659534529384449
1221659315603460099
1221659112175476736
1221655341642997760
1221651297277030402
1221649338033758208
1221639114828718081
1221623106969788416
1221621535422795778
1221620069937164292
1221618494091005963
1221616878218596353
1221615308886233091
1221614698908540928
1221612293584232448
1221612244636708864
1221610164215828482
1221607986898096129
1221606798786015234
1221604563314257920
1221603583847813120
1221601688110403594
1221601116280016896
1221600714255978498
1221600551672209411
1221599710772973568
1221598540092321793
1221598389613334529
1221596524733509632
1221595957785190400
1221595820191027204
1221595080244498432
1221594810622062592
1221593046472675329
1221592871838633985
1221592567797747713
1221592355171700736
1221591852966653953
1221590367788773381
1221589600503767041
1221589102459527168
1221588612397064193
1221588599503802369
1221587943653093383
1221587453636677635
1221586428380844032
1221586379982983169
