1212523547018629122
1212523148165427201
1212523012597207041
1212522847702269952
1212522196373037058
1212521311609786369
1212521235395096577
1212520810658893824
1212519871235407873
1212519407051821056
1212519381588201483
1212519143376932869
1212519056307367937
1212518313588334592
1212518289664032768
1212518271515287554
1212517986562662400
1212517457824489472
1212516874455568389
1212516852049559557
1212516819468201985
1212516679894388737
1212514793355128832
1212513863083732993
1212513630824095750
1212513362975870981
1212511912421974017
1212511355900776450
1212510424031268864
1212510371254325248
1212508968062459905
1212506820306198528
1212506745714688001
1212505977150492678
1212505609393917953
1212505114453434369
1212504670599569408
1212502299068768256
1212501481556975616
1212501256792682497
1212500676963688449
1212500526073548803
1212500514094616576
1212500385547661312
1212499927378661376
1212498804718657538
1212498634086002688
1212497122567892992
1212497058038525953
1212496301218287617
1212495545786347520
1212494427886948354
1212494260609662978
1212494120217911297
1212493542591008770
1212492869493284865
1212492534695505922
1212491599801966592
1212488019627917312
1212486489650712577
1212485891786190848
1212485497018343427
1212485297025486849
1212482294973390849
1212479849199284225
1212479029816832000
1212478773498712064
1212478759884009473
1212478199894073344
1212478185620856832
1212477908746416129
1212477335540305924
1212477005385650181
1212476941334450177
1212476399774240768
1212475488607883265
1212475336144936961
1212475285607780352
1212474469282914305
1212473954910298112
1212473800698281985
1212473062811226112
1212472060712275969
1212471705794420737
1212471649649512448
1212471069082296320
1212470580261408768
1212470472157417472
1212470262878355456
1212469314240032769
1212469178373935104
1212468458677506054
1212464015672262656
1212463955530207232
1212463231773630464
1212463220704894976
1212462986461405186
1212462905884598274
1212462690536427520
1212458702189584384
1212458364942336000
1212458263171735552
1212457916298670082
1212457578904596487
1212457243251220480
1212457011465596938
1212456723354673153
1212456702689337346
1212456619696705536
1212456598947422208
1212456420517535752
1212456288006918145
1212456226820362240
1212455859726487552
1212455789950066691
1212455708094021632
1212454486716960768
1212454363849011202
1212452518262923265
1212451963784302594
1212451831458258947
1212451670409580545
1212451160436695040
1212449775527837697
1212449674495438848
1212449083446697985
1212447156306624515
1212446963263791109
1212445808953561088
1212444664634265602
1212443793431126019
1212443241913688065
1212443019024175105
1212442868884922371
1212442407566008321
1212442323172368391
1212442294898569216
1212442222542671873
1212442172403912706
1212442127512285185
1212441864160391168
1212441723361746946
1212441425708666880
1212439790517411843
1212439764663775232
1212439488913391617
1212439251482116096
1212438710731649024
1212438650232946696
1212438553428418560
1212438356883320832
1212438065723117571
1212437633508528128
1212437510397288448
1212437382668148736
1212437156565803011
1212436948289249284
1212436769351852032
1212436486030790657
1212436466963496961
1212436172116545537
1212436078155710466
1212435537715437570
1212435461605642240
1212435389182554113
1212435332001611776
1212435289928585217
1212435216196870147
1212433896362717184
1212433544607412225
1212433309206241280
1212433047179714561
1212432947237785600
1212432946583486465
1212432903805779974
1212432166585618433
1212431985139965952
1212431330333659136
1212430856998010883
1212429883726581761
1212425215478829056
1212425100294799362
1212424635314245632
1212424082811183106
1212424021331128320
1212423248350240774
1212422467089784833
1212420361444372482
1212420118187323392
1212419601545474048
1212419569651982336
1212417989452193792
1212416346157391872
1212415920628518913
1212415157529391105
1212411630790873090
1212405851580973060
1212405496457682944
1212403299326017537
1212402301723463680
1212401740861124610
1212398789534920704
1212398547569643520
1212396699135725568
1212396418897502210
1212394628491698178
1212391857331802112
1212391591882772485
1212391373808246789
1212390734923550726
1212388900230062081
1212386657925812236
1212385863382044673
1212385552152043521
1212380746498924544
1212380702668447744
1212380416629518336
1212380295149817856
1212380164899913733
1212380015758888960
1212379966404472832
1212379890500194304
1212379811508871171
1212379550354755586
1212375845106593792
1212373086064062464
1212370901918011392
1212370001316982784
1212367751005851649
1212367730210463746
1212367273224294401
1212365455312216065
1212362838083280896
1212361080980299776
1212360246955560961
1212360101971070976
1212359903601451016
1212359555130281987
1212359428416188416
1212359271901548545
1212357474696777729
1212356742866178048
1212355747801182208
1212354237444886529
1212353596907556864
1212353273912602624
1212352663909732353
1212351839318028288
1212351837409619970
1212350871796899840
1212350428949573632
1212349632703082496
1212349513068883969
1212348541974327296
1212347414444724224
1212346815141552128
1212346769734025218
1212346627777814529
1212346461863731202
1212345660466507777
1212345454287106048
1212345434129272838
1212344542961246208
1212343512844439552
1212343195503345664
1212343018436599808
1212342213289631744
1212340231799820289
1212339480054644736
1212338277652586496
1212337037602435073
1212336943809388545
1212336943264141312
1212336492162560001
1212335489317036032
1212334123320254464
1212333681244852229
1212333314637541377
1212332888697507840
1212332726302519297
1212332131776643073
1212331959998910464
1212330975566401536
1212330745987051521
1212328435563089921
1212327902458593280
1212326559278870528
1212326071292567553
1212325392129953793
1212325212852764674
1212325038898188289
1212324460210077696
1212322589441503233
1212322459958931456
1212322289708097536
1212321427250122752
1212320538066063360
1212320162524872704
1212320058187251712
1212320057570672640
1212319638031413253
1212319508079271937
1212319076174962689
1212319039504211968
1212318361645924352
1212316479741407233
1212316240636731394
1212315159642988544
1212314306974535680
1212314138635984898
1212312794860838912
1212309422879498245
1212308805633085440
1212308758430461954
1212308061693632512
1212307042242875392
1212306717805023233
1212305808509358080
1212305234615308288
1212305182693974017
1212302692950904832
1212301696514379776
1212300957238870016
1212299480785129473
1212298889048608768
1212298450500542464
1212298205418967040
1212298051567656960
1212297799804608512
1212297622809202688
1212295735133310976
1212294881386881024
1212291966534373377
1212291695829815297
1212291225052729344
1212290598948003841
1212290147942895617
1212289574589915136
1212289450006515713
1212286582029455360
1212285111242305536
1212284146938208257
1212282711383126016
1212281138108125184
1212280588968898560
1212261564134375425
1212260453029761024
1212259937755287553
1212258861157167104
1212258040621207554
1212238959364968448
1212232565878394880
1212224312012394497
1212223093944594432
1212202554370777099
1212202388901318658
1212193620645822464
1212193198627536896
1212192365018005505
1212189598295711745
1212185504881483776
1212182161387855872
1212181881552289792
1212176477757804550
1212174734269517824
1212170193641844742
1212168974043172864
1212166735903764480
1212164483432493056
1212162901433339904
1212161556798152706
