1222670652714442753
1222670629301837824
1222670585785913344
1222670318587826176
1222670127474364416
1222669991331409930
1222669250151583746
1222669239078866944
1222669148775428102
1222669065220689921
1222668634130042881
1222668602781970433
1222668523694174216
1222668498972946432
1222668433617301505
1222667975259512832
1222667965012807681
1222667855113662464
1222667766676836352
1222667511713476608
1222667390934298624
1222667240090361856
1222667159005954048
1222667114877681664
1222666948405792771
1222666632612454401
1222666614006521861
1222666355377348611
1222666318161293314
1222666218991165440
1222665658216910849
1222665408743952385
1222665268503162880
1222665189813817345
1222665105634201601
1222664997353988096
1222664887396159490
1222664597141970945
1222664353222156289
1222664338265268230
1222664330694537217
1222664263199854593
1222663533671997440
1222663290121310210
1222663242859925505
1222663109644636160
1222663107954298880
1222663089730080769
1222663060134993920
1222662938772885505
1222662613223473153
1222662600862969856
1222662268921556992
1222662243915051009
1222662239104262144
1222662114676039680
1222662011978493952
1222661896282787841
1222661630053552134
1222661626526126080
1222661603193184256
1222661435886653441
1222661041018097665
1222660906456420357
1222660892254441473
1222660769613074432
1222660718832574464
1222660550821367809
1222660334428749825
1222660237225754625
1222659938650116096
1222659624320499712
1222659435174207488
1222659275404824576
1222659211710038019
1222659174754136064
1222659004599541760
1222658923309813760
1222658868192456706
1222658859338280961
1222658782439903232
1222658760323276806
1222658754673627138
1222658732255064064
1222658625254121477
1222658605155004418
1222658589938069505
1222658570015166466
1222658126337449987
1222658084931297284
1222658016094363648
1222658003465310208
1222657994242035714
1222657962558263298
1222657939258953735
1222657821981978624
1222657792135352321
1222657627936694281
1222657379747160064
1222657361820733445
1222657224968896518
1222657099999694848
1222656955996467200
1222656872253140992
1222656859263455232
1222656728950591488
1222656685438832641
1222656453439303680
1222656413874388993
1222656381448224769
1222656283242835969
1222656258320281605
1222656040925376514
1222655973443108865
1222655649185771521
1222655578780119040
1222655561675739137
1222655542189002752
1222655518390607872
1222655502720675841
1222655437432131586
1222655245421105160
1222655220171333633
1222655160448684033
1222655153158918144
1222655073391652866
1222655056639594496
1222655019394174982
1222654725520351238
1222654678414110721
1222654455084175363
1222654331285069824
1222654287379140608
1222654215270649856
1222654099532996608
1222654099172126720
1222654075721994241
1222653860558274561
1222653817176690689
1222653727406022656
1222653720456040449
1222653655809253379
1222653549189963776
1222653491514167296
1222653426649239554
1222653352510738439
1222653348681338886
1222653254930137101
1222653180019904513
1222652960536174598
1222652956815826945
1222652943364694016
1222652875903590402
1222652714737422341
1222652560605093888
1222652560055635969
1222652549544775685
1222652500320378882
1222652442120261633
1222652437653266432
1222652436977983490
1222652361593716736
1222652320913219585
1222652106827554819
1222651960555442178
1222651863339872258
1222651780699435008
1222651638801932291
1222651562897694726
1222651562218135553
1222651559026286593
1222651379010998272
1222651317841276929
1222651203399618561
1222651143450517504
1222650993659260930
1222650990073126912
1222650986860294147
1222650823446011904
1222650809441275905
1222650772120330241
1222650769557663745
1222650741149589504
1222650580432248832
1222650448508858369
1222650322696523777
1222650308356182021
1222650186390016005
1222650169835081734
1222650157919064064
1222650077866594310
1222650037806751745
1222649983570194433
1222649876300869632
1222649761750224896
1222649754267660288
1222649632381116417
1222649617168453632
1222649572268310536
1222649462746763266
1222649375320674304
1222649331788013568
1222649047116320768
1222649022051233793
1222648807885877248
1222648784179662854
1222648770011312130
1222648635554516993
1222648537856598017
1222648362899595271
1222648309636042757
1222648301318758404
1222648235233284098
1222648188412342272
1222648165230370817
1222648108934406147
1222647989514199040
1222647843388841984
1222647813634502657
1222647775273324550
1222647728456577028
1222647706851708929
1222647542351040517
1222647539465367553
1222647508289097735
1222647409005690881
1222647195729584130
1222647099281625088
1222647020441296897
1222647007476699137
1222646926014918661
1222646919631118338
1222646865331703818
1222646803159506944
1222646788592717827
1222646718895984640
1222646581196992525
1222646553363582977
1222646531649568768
1222646446534557696
1222646375764066311
1222646355987959808
1222646322727133184
1222646301625589761
1222646256943673344
1222646251906371584
1222646131936636930
1222646075552649216
1222646063573753863
1222646029138452482
1222646010767429635
1222645966169419782
1222645962117713926
1222645743497961472
1222645710249758721
1222645591253094400
1222645548978712579
1222645486299074560
1222645455521226753
1222645171126460417
1222645091157925892
1222645048308903938
1222644901822849024
1222644793878159360
1222644787548807168
1222644726568038401
1222644708243050497
1222644707504934914
1222644703742570497
1222644657420754945
1222644565045366784
1222644432677277696
1222644327760977922
1222644228485980160
1222644205534748674
1222644198140149760
1222644112278654976
1222644098269700096
1222644079353303043
1222644074924199936
1222643967524851715
1222643849408983040
1222643748175216641
1222643720371294209
1222643626951499776
1222643607410266114
1222643549512048645
1222643498496790528
1222643431685722122
1222643426140794881
1222643420700839937
1222643400521986050
1222643172041469952
1222642977337638912
1222642936376102919
1222642935474335746
1222642914636988416
1222642663679238145
1222642648282017792
1222642588827705345
1222642577494749187
1222642461291548673
1222642440735281153
1222642373462839298
1222642345675575298
1222642178431819781
1222642055039651840
1222641870376964096
1222641789275967488
1222641698599292934
1222641567904731137
1222641533175959553
1222641516264534024
1222641464007626758
1222641458123100161
1222641383040790528
1222641362719342592
1222641309497921537
1222641281815347200
1222641278782930944
1222641254409932800
1222641159744512000
1222641147039952898
1222641080467886083
1222641072855187456
1222641071022321670
1222640981243244550
1222640960309530624
1222640923227631616
1222640877404925958
1222640855166726144
1222640714221268992
1222640665382805508
1222640626774302723
1222640476802682881
1222640465125744641
1222640442946281480
1222640322888523776
1222640303108251649
1222640259311308802
1222640238847315970
1222640130793656320
1222640095448195072
1222640045993136129
1222640037294170117
1222639989932118018
1222639873024237568
1222639810428444672
1222639731902681093
1222639656954728451
1222639566940778496
1222639532249681920
1222639510099570690
1222639485663547395
1222639309104340992
1222639148672131074
1222639143177609217
1222639068326039554
1222638906698620928
1222638854756282373
1222638747059150856
1222638726679011328
1222638693430759426
1222638686732529666
1222638442951168000
1222638377368985600
1222638312348880897
1222638299824697344
1222638289536143362
1222638241322618880
1222638205880668160
1222638195332014080
1222638185425113091
1222638110317711360
1222638044525756416
1222638042411864069
1222637999848140800
1222637984853512192
1222637952293113856
1222637924115795970
1222637797196038145
1222637783694573568
1222637723481190407
1222637657425170432
1222637649971773442
1222637577137741830
1222637503166984192
1222637423693369350
1222637367145717768
1222637322807672832
1222636928744468481
1222636927951822848
1222636876319862792
1222636836847263747
1222636810712571904
1222636788184952835
1222636751812005888
1222636705821360129
1222636518508056578
1222636383677898752
1222636246482214912
1222636153981022211
1222636064042573831
1222636057893724160
1222636027195555843
1222635937764646915
1222635897302257665
1222635719610585088
1222635707669319680
1222635571920744449
1222635499413741568
1222635462868729863
1222635403821359104
1222635176250966016
1222635147369111560
1222635084118986752
1222634913515610114
1222634880560967685
1222634852907917312
1222634787002880007
1222634758968152067
1222634709521485829
1222634685991473153
1222634574045380608
1222634483599454210
1222634331736354819
1222634304855060481
1222634262786203648
1222634231534432261
1222634188505067522
1222634029108940806
1222633830823141376
1222633811122573313
1222633727794274306
1222633680360878081
1222633528170512384
1222633492300926977
1222633357194027009
1222633247026417664
1222633243205406720
1222633202650624001
1222633176285220864
1222633159361290242
1222633093426810881
1222633082513252353
1222632950417838088
1222632912727760899
1222632912580960256
1222632867550900224
1222632792540033025
1222632773825060864
1222632626315517954
1222632396069261314
1222632243941855232
1222632237402853376
1222632216552931333
1222632165390921730
1222632158835113985
1222632149842636800
1222632089603977216
1222632035812040704
1222631993483124738
1222631993416003592
1222631852483252231
1222631830513430528
1222631774213279745
1222631740096774144
1222631712200503299
1222631681208791042
1222631456519938050
1222631389503414272
1222631288168951809
1222631239477272576
1222631081486290944
1222630958752575495
1222630909704310787
1222630774467440642
1222630734864830465
1222630667353235457
1222630598499618822
1222630585979613186
1222630580602449926
1222630566346067970
1222630565645553667
1222630551431065601
1222630385605128198
1222630279896010752
1222630262703640577
1222630256747610113
1222630234094260224
1222630231414013953
1222630230428438528
1222630117895217152
1222630048345350151
1222630033954611200
1222629901792174084
1222629891855785986
1222629889863536641
1222629796708061194
1222629659885654016
1222629622225022978
1222629603556151297
1222629530726211591
1222629499860406277
1222629491866066945
1222629454729695232
1222629417400393728
1222629346550210560
1222629339877036034
1222629230682439680
1222629225880084480
1222629186403274753
1222629149673697280
1222629133659844609
1222629013925105666
1222628970555944960
1222628889568124935
1222628837361627139
1222628813923921920
1222628803958231045
1222628663683964929
1222628577281220608
1222628569244950530
1222628502186397697
1222628284552314883
1222628273248776197
1222628211739238403
1222628137554583554
1222628097796857858
1222628052926107649
1222627920968994816
1222627881370685442
1222627880083107840
1222627801406353413
1222627696624226305
1222627590340534275
1222627544131870723
1222627510900477961
1222627510292221952
1222627454994604032
1222627377156706304
1222627211817123843
1222627141290012672
1222627101184090112
1222626913635749889
1222626850205315076
1222626763861307393
1222626723373703169
1222626624862113796
1222626587843223553
1222626559670079488
1222626550564016129
1222626530712543232
1222626448726466562
1222626447052943361
1222626412210872321
1222626396717166592
1222626349367599104
1222626136976502784
1222626089807286281
1222625976816930817
1222625938493624322
1222625888065531906
1222625805114789890
1222625783685971969
1222625705755860998
1222625640937115648
1222625607915319296
1222625590911688717
1222625491749867520
1222625436292784131
1222625402369269760
1222625262275301376
1222625226435055618
1222625204410683395
1222625197217452032
1222625139122229254
1222625076559912960
1222625037787762690
1222624935861944321
1222624919994929156
1222624877460455425
1222624862587498503
1222624766642749442
1222624577139986432
1222624391848255490
1222624381672808450
1222624371648487424
1222624350194544645
1222624343454294023
1222624323862745088
1222624263452217344
1222624243084603393
1222624107214319618
1222624085873766405
1222624068735651840
1222624036624248833
1222623958400413697
1222623940763357188
1222623790649217024
1222623534754734081
1222623490425151488
1222623430618624000
1222623427720368129
1222623402315460611
1222623030553333760
1222622940400963588
1222622894485909510
1222622885744926722
1222622875284320258
1222622820032794624
1222622819353288705
1222622813510602755
1222622785945657344
1222622718530674690
1222622708053180416
1222622703389171713
1222622616759853057
1222622555430891520
1222622554625540097
1222622552285237248
1222622548728385538
1222622506894401539
1222622500833591304
1222622495775305728
1222622479224623105
1222622476930371585
1222622100365684737
1222622098490830849
1222622049748836352
1222622026029862912
1222621998863519744
1222621966202523649
1222621818462359552
1222621758056030215
1222621756873199616
1222621714695237634
1222621697313996801
1222621671091208194
1222621596734689281
1222621551637549057
1222621539155226624
1222621513238695937
1222621469039104001
1222621412705304582
1222621370917511169
1222621331956621314
1222621321080819714
1222621287136272390
1222621273186095111
1222621257780297728
1222621239363108870
1222621231146508290
1222621201341865985
1222621199596953600
1222621199236259840
1222621136426500096
1222621117522817030
1222621047054389250
1222621042868355076
1222620845241241601
1222620747186741248
1222620734230540290
1222620639883866112
1222620634414571521
1222620605222150144
1222620582254084108
1222620571952959489
1222620491518791681
1222620416675602437
1222620315089502209
1222620307502043136
1222620235469152257
1222620143999766529
1222620120012533760
1222619917188509697
1222619829040971777
1222619806739898371
1222619763777720320
1222619510513053696
1222619499238653953
1222619430053720070
1222619417093251073
1222619409015103495
1222619370880471040
1222619340018782217
1222619302018285570
1222619220787200001
1222619207893946372
1222619149983277061
1222619073084821504
1222619036984467456
1222618984006156289
1222618968747323392
1222618911285350400
1222618884215386113
1222618880004317185
1222618860911824903
1222618855983456256
1222618786957856769
1222618741617369089
1222618720813621248
1222618629323345920
1222618531776421888
1222618527405871106
1222618520472760321
1222618441934364672
1222618371189067777
1222618214204682242
1222618133695025152
1222618111926587393
1222618099737939968
1222617953738330117
1222617844707471360
1222617777527230465
1222617733571010563
1222617681842638849
1222617675085512707
1222617657356292100
1222617538607099905
1222617537168519171
1222617471338844165
1222617319194734594
1222617292460216321
1222617045336051712
1222616955691114503
1222616926981120000
1222616845305483265
1222616823918747648
1222616808592723970
1222616775025733633
1222616767777902592
1222616746093371394
1222616733309194240
1222616460004077569
1222616414474981376
1222616392681381888
1222616338922983425
1222616326075752451
1222616264457232390
1222616260149764102
1222616227153170433
1222616206542241798
1222616157116674048
1222615771815256066
1222615742874558472
1222615459482210304
1222615453987721226
1222615300325216257
1222615053809176577
1222614966450249728
1222614963157635072
1222614960175493123
1222614951858188288
1222614940562882565
1222614692524281856
1222614686836908033
1222614486332342272
1222614470993772544
1222614369571393537
1222614362952806401
1222614309412524032
1222614277405671429
1222614268077658117
1222614236683173889
1222614190973685761
1222614133214011405
1222614021569961987
1222614003144445953
1222613947909578752
1222613770096300035
1222613669818916869
1222613607533481985
1222613530572132363
1222613460493705217
1222613404193521665
1222613377819779072
1222613349592117251
1222613327257489408
1222613303991701504
1222613080053559297
1222613079197917186
1222613075439865856
1222613064765399041
1222612971010043917
1222612904102506498
1222612888696782850
1222612887425949696
1222612853351383040
1222612849098358784
1222612792630501377
1222612785609216002
1222612745301975040
1222612667950620673
1222612604704653312
1222612526510243840
1222612446193561600
1222612405953404928
1222612098695548928
1222612052369399808
1222611959029338112
1222611926292881413
1222611897696030720
1222611841349713921
1222611787171926016
1222611738056708101
1222611721027833856
1222611674676506624
1222611660545892361
1222611647912648705
1222611595525836802
1222611543705124865
1222611540844646400
1222611529578811392
1222611529436139526
1222611507567112192
1222611360401498113
1222611319960100864
1222611308052451328
1222611295100375046
1222611289341677568
1222611189169119234
1222611186920890370
1222611170353471488
1222611153186099202
1222611123632996353
1222611058403266562
1222611043408580614
1222611002774212608
1222610996356943875
1222610952069296129
1222610871333138434
1222610851250737159
1222610840303624194
1222610750616875008
1222610697361788928
1222610695415566337
1222610539408392194
1222610390506442752
1222610380415033344
1222610331635273728
1222610290099019778
1222610166081900544
1222610050943979522
1222610008879325185
1222609997252694018
1222609727202516992
1222609675851460608
1222609607748616193
1222609586215145477
1222609495269892096
1222609412793217026
1222609366580387845
1222609311391780866
1222609298829840384
1222608995871088642
1222608867969859584
1222608766937522176
1222608746704183302
1222608668497272839
1222608644635799559
1222608632313008131
1222608533730054146
1222608376238084096
1222608311788417027
1222608204078747651
1222608104728207365
1222608066648125440
1222608062109929472
1222607995235962883
1222607662078140417
1222607488882704386
1222607487750283267
1222607437246730242
1222607391398793223
1222607355000639489
1222607329155260416
1222607240739409925
1222607153938292736
1222607066457657351
1222607046778015746
1222607021519855616
1222606987013316609
1222606958060089345
1222606939982528517
1222606939798089729
1222606871741325317
1222606778522914818
1222606763918340097
1222606740237275136
1222606715822264320
1222606678983630853
1222606655503962112
1222606629608284160
1222606543146930176
1222606495558328322
1222606347079954433
1222606335008825345
1222606286531059712
1222606242423746561
1222606226221125632
1222606218851684353
1222606035229315072
1222606033710919686
1222606029743099904
1222606028266770433
1222605976202883075
1222605785873690627
1222605681062219776
1222605612372111366
1222605592486912000
1222605590981218306
1222605558588608514
1222605512417644559
1222605307437899776
1222605224029970433
1222605193122062342
1222605111807152130
1222605099165458432
1222605092865617921
1222605048024309763
1222605025215746049
1222604949357547520
1222604573006757890
1222604404022484995
1222604291887763459
1222604208408551425
1222604127210889217
1222604119489372162
1222604119279534086
1222603951905878016
1222603814735351808
1222603755692216320
1222603721592328193
1222603683315306497
1222603622858534916
1222603587483840514
1222603555938426887
1222603499768250368
1222603402615644160
1222603286395658242
1222603259614986240
1222603175921967104
1222603123212066819
1222603080145022977
1222603025631543296
1222603011169583109
1222602999211745280
1222602913027166208
1222602886967910403
1222602880936566790
1222602844030885889
1222602758714462208
1222602719401271298
1222602688631836673
1222602686845128704
1222602656008605701
1222602645191434241
1222602627281838081
1222602584223100928
1222602557660585985
1222602556087599104
1222602513196683265
1222602376462454785
1222602360360439809
1222602337363156992
1222602308124581888
1222602168114536449
1222602163228217345
1222602151815516160
1222602145729523713
1222602068902531072
1222602035792699395
1222601995477028865
1222601869769486337
1222601801465319424
1222601756883943425
1222601554450100224
1222601454491447301
1222601453434478593
1222601407632760834
1222601380252221440
1222601346991513600
1222601204791959553
1222601165562613760
1222601164329496576
1222601157954195457
1222601147669778434
1222601118045351937
1222601113066708993
1222601066849734656
1222601064026902534
1222601036260630528
1222601032120836096
1222601020972457984
1222600921026265090
1222600910670573568
1222600828256735232
1222600703459364865
1222600561498972162
1222600483740798976
1222600482545336320
1222600428006846464
1222600422696853506
1222600404128673794
1222600294263070726
1222600291595571200
1222600178902937600
1222600109860495363
1222600054780854273
1222600026288988160
1222599994819121154
1222599991929311232
1222599936568713216
1222599879928709122
1222599861339590657
1222599848345702402
1222599841332768771
1222599826271064064
1222599786681061376
1222599605902303232
1222599533496012802
1222599474540949506
1222599389899821056
1222599293787348994
1222599245179559938
1222599200019550210
1222599153869639681
1222599095958851584
1222599044817653761
1222599035187531776
1222599009291862017
1222598902177767431
1222598816630747139
1222598770829004803
1222598649798189057
1222598601609793536
1222598568994844674
1222598525818691586
1222598513076383747
1222598506373943296
1222598502750048260
1222598465764712450
1222598450753261573
1222598420302614533
1222598419786715136
1222598391944880130
1222598321115738113
1222598259962675200
1222598228245237762
1222598220469043201
1222598127338840064
1222598066135535626
1222597916042375170
1222597913064411139
1222597838309396480
1222597828989652997
1222597736245186562
1222597695346483200
1222597650190565378
1222597592133066755
1222597577805369345
1222597566312873988
1222597555508387841
1222597504556064769
1222597451300864005
1222597430966988801
1222597284598308864
1222597280332689408
1222597278990585856
1222597211458064385
1222597181636562949
1222597165014568965
1222597135012630530
1222597074404937732
1222597051957088258
1222596984386748418
1222596949494390785
1222596872558272520
1222596869408350214
1222596837275852800
1222596823346483207
1222596817264705536
1222596788240240645
1222596767109304321
1222596586406055936
1222596560313311234
1222596379698180100
1222596337629310976
1222596336832348162
1222596249385340930
1222596208427982848
1222596198378475523
1222596122520248320
1222596079365120005
1222596067474268160
1222596066442403845
1222595974893314057
1222595936771366912
1222595895885271040
1222595840134516737
1222595779572813824
1222595762615410688
1222595701575684102
1222595647448154113
1222595607103246342
1222595552287830016
1222595438412533763
1222595379105030144
1222595253221437440
1222595172355256321
1222595151182299136
1222595145339678720
1222595100334796800
1222594812727189505
1222594802560262145
1222594705487286274
1222594679344111616
1222594619302711297
1222594608288411648
1222594596670267396
1222594544165957632
1222594512402423809
1222594377840840704
1222594280453300228
1222594263407611906
1222594262971355136
1222594102769913859
1222594078468116480
1222594007223750659
1222593971152736256
1222593965536485384
1222593852055457798
1222593835718643713
1222593814814171140
1222593808149417984
1222593807683936258
1222593619980406785
1222593598748794880
1222593591220080641
1222593502556622851
1222593405643083779
1222593368674512897
1222593327914242048
1222593305042718721
1222593279218331649
1222593243344515072
1222593211538886658
1222593189703561219
1222593127548059648
1222593109634232324
1222593105423147008
1222593084724318210
1222592988788023296
1222592986250240000
1222592973206171653
1222592846949232645
1222592767454367744
1222592706716848128
1222592698273673217
1222592657475735553
1222592636952989696
1222592635484938241
1222592534322601991
1222592520418406405
1222592479343665152
1222592332576567298
1222592262355529731
1222592257120964608
1222592239945375744
1222592188519010304
1222592150048780288
1222592107426328576
1222592007262081024
1222591858028818433
1222591811702730752
1222591762121871362
1222591716739383296
1222591705196781570
1222591612766892032
1222591592424509442
1222591565417406467
1222591488414167040
1222591447213527045
1222591365005152256
1222591358508118018
1222591347770695681
1222591328858574851
1222591189750374400
1222591182322249728
1222591107378417668
1222591083059785728
1222591035999694849
1222590950414995456
1222590926423494658
1222590897260519424
1222590892646764546
1222590853195104256
1222590807053668352
1222590687222358016
1222590671598604288
1222590641038819334
1222590632386056193
1222590566644506626
1222590547006803970
1222590539545137153
1222590531961868288
1222590479268831232
1222590435778080780
1222590374419537921
1222590349270552577
1222590319801393153
1222590241145606144
1222590204877459462
1222590113395412992
1222590097352204288
1222590075176923137
1222590039579860992
1222589985683058688
1222589971510505477
1222589842317631488
1222589789318402048
1222589730681958401
1222589725653028864
1222589696016113664
1222589669646442496
1222589668782485510
1222589664122605570
1222589658686726144
1222589602483011589
1222589599098265600
1222589597391228928
1222589585340932098
1222589544777895936
1222589542991122433
1222589542278090755
1222589435583389699
1222589422841094145
1222589391392120833
1222589361025376256
1222589344101425152
1222589326984388608
1222589322819526656
1222589319950499843
1222589311729704960
1222589284064075777
1222589276048842755
1222589263352602624
1222589227625521153
1222589174701793282
1222589096138330128
1222589020355600384
1222588971382976520
1222588890562924545
1222588841372127232
1222588769351749639
1222588735684071424
1222588619958996992
1222588615097823233
1222588608705593346
1222588518016475138
1222588490346639361
1222588399728709635
1222588324285763584
1222588315855196162
1222588260288954368
1222588158229041153
1222588139727982593
1222588103824678913
1222588065358716928
1222587961352577024
1222587879421071364
1222587855635124224
1222587760655196161
1222587759438782476
1222587737401970689
1222587725653708801
1222587703092547584
1222587701268025345
1222587490546212864
1222587419582697472
1222587311172526080
1222587308295315456
1222587293690748928
1222587109791424512
1222587085523181574
1222587062542618626
1222587013079142401
1222586936205901824
1222586888101466117
1222586876495831041
1222586866110816256
1222586832547917835
1222586793037586433
1222586791594807297
1222586788088287232
1222586691019591682
1222586541438054402
1222586339637460993
1222586228916281344
1222586182627971072
1222586173006209024
1222586115372277767
1222586080588943360
1222586017032687616
1222585967061630976
1222585769304391682
1222585753005363201
1222585730309984257
1222585728938455041
1222585696688443393
1222585587410051076
1222585579692609538
1222585506489425922
1222585459555082241
1222585424734031873
1222585382405132288
1222585331477860353
1222585238070661122
1222585207901097985
1222585087432253440
1222585080457109505
1222585062346108928
1222585059540193281
1222585046932115459
1222585029697646600
1222585013511823361
1222584930351362048
1222584898797686784
1222584764697399296
1222584740500443138
1222584710351724545
1222584666307407873
1222584649920237569
1222584483272110082
1222584443858309121
1222584406864531456
1222584403542581248
1222584393107214336
1222584327873204226
1222584188718800897
1222584100193820673
1222584065754308609
1222584063749435395
1222584051061657600
1222583911311708161
1222583895318835204
1222583852507463680
1222583836065902593
1222583782244483073
1222583440756891648
1222583328588685312
1222583222854352896
1222583155393167362
1222583130084773888
1222583095863410689
1222583031300591616
1222583008898768897
1222582967614222336
1222582935326547971
1222582860546289665
1222582797124145152
1222582777532440576
1222582644401156096
1222582487114829824
1222582455577796608
1222582437970173952
1222582436007116801
1222582358609682433
1222582320856629248
1222582281916833792
1222582261872197635
1222582216280223745
1222582141994897408
1222582044498198528
1222581921009610752
1222581874612228100
1222581842458693632
1222581825257844737
1222581794278649860
1222581703014830081
1222581456612089857
1222581436332564480
1222581403025580032
1222581396406984704
1222581368451948547
1222581292384112640
1222581237853847552
1222581219986235393
1222581197408219138
1222581161106558978
1222581106844807176
1222581033729654786
1222581009222381569
1222581002255634433
1222580993766367234
1222580882147627011
1222580870374199296
1222580859234127873
1222580842343563266
1222580832734515200
1222580676723081216
1222580641792954371
1222580610813825027
1222580595060092938
1222580413807370245
1222580339614404608
1222580282399907843
1222580274044731398
1222580242763735042
1222580241027207169
1222580221699903489
1222580160177876992
1222580137176322054
1222580105790283776
1222580077818535937
1222580038782148609
1222580002354552836
1222579992133062656
1222579955785138177
1222579924596350980
1222579896662265856
1222579870234038275
1222579864047357955
1222579804580536321
1222579779913863169
1222579746401345537
1222579639224274945
1222579606064156672
1222579566180433927
1222579434462547970
1222579408529166336
1222579350744289281
1222579282192535553
1222579281953345537
1222579194657497090
1222579173656494080
1222579164475281411
1222579040005120001
1222579032820191232
1222579013551607809
1222579005016223744
1222578968106340354
1222578921402699776
1222578856495927297
1222578802519429121
1222578758252748803
1222578705601630208
1222578690632175616
1222578679823380486
1222578679815057410
1222578679718600706
1222578674186276864
1222578631270195201
1222578499782946816
1222578480405192704
1222578476026421248
1222578466731778048
1222578459760873474
1222578408867221504
1222578389237760002
1222578374503206914
1222578359965749248
1222578246790926336
1222578217355223041
1222578123096645635
1222577994948104193
1222577956222066688
1222577855776817153
1222577849703464969
1222577809421406212
1222577797127921664
1222577788772810753
1222577771903406081
1222577736125952001
1222577672779452417
1222577611030847488
1222577546354724865
1222577451882237954
1222577417186922497
1222577320478769152
1222577274777677828
1222577260269637633
1222577254108143617
1222577249888632835
1222577233593847808
1222577227554074626
1222577216120348679
1222577171107106816
1222577166275223554
1222577158729629697
1222577144318124036
1222577133119246337
1222577109077544960
1222577073090433024
1222577006799458304
1222576907595595777
1222576904127098881
1222576814931005440
1222576738863079426
1222576726292779009
1222576664665894913
1222576654352076800
1222576649608126464
1222576588060946433
1222576489994035200
1222576414840500224
1222576341201145856
1222576269893697536
1222576085117865984
1222576002074849280
1222575995573690370
1222575981539594240
1222575936404631552
1222575919170232320
1222575858919100419
1222575850027208705
1222575831672901641
1222575829034635266
1222575805269790720
1222575775397949440
1222575660889264130
1222575634024665089
1222575531352305664
1222575469742252034
1222575441514586112
1222575403803598849
1222575395993792512
1222575332672397312
1222575314288680960
1222575302976720897
1222575246999539713
1222575207044526080
1222575180855369729
1222575006842019846
1222574964995428352
1222574951452024834
1222574920594612224
1222574880572477440
1222574830458941440
1222574800230604801
1222574670865629189
1222574618919297024
1222574566922387456
1222574466015862784
1222574439990099968
1222574427940016128
1222574224927350785
1222574150847553537
1222574149408821251
1222574046467981312
1222574032874287104
1222574030055591936
1222574015467937792
1222573814141407233
1222573802573443075
1222573784990998534
1222573767769186304
1222573701448839171
1222573627536592896
1222573415703425030
1222573393674940416
1222573317405671424
1222573316852060160
1222573303057002496
1222573294257426433
1222573274313515008
1222573270970634242
1222573253488570369
1222573219519045638
1222573218533462016
1222573193959026689
1222573180914671616
1222573131681890305
1222573081409064965
1222573068557660163
1222573054808723456
1222572964979277825
1222572810238820352
1222572711676989442
1222572647042682887
1222572628944261121
1222572491232677888
1222572442306142208
1222572382075924483
1222572249242357762
1222572208951910400
1222572141641633792
1222572047722786817
1222572043528523776
1222572002126581761
1222571995029819397
1222571949467033600
1222571932744396800
1222571865316691972
1222571852092014594
1222571817816248320
1222571810778238977
1222571805262655488
1222571799424262144
1222571745867194368
1222571706063228928
1222571683397226497
1222571668050194433
1222571577063170058
1222571560063684608
1222571425413943296
1222571373798752258
1222571369772343303
1222571365913460736
1222571360519622660
1222571313505677319
1222571261190119429
1222571238062796800
1222571047284768768
1222571032025935872
1222571021632405504
1222570984730955777
1222570956075520002
1222570943119339520
1222570899100110849
1222570788659789824
1222570779084251136
1222570694359298051
1222570605465292806
1222570603410001920
1222570567641063425
1222570558954573825
1222570499877810182
1222570494387458053
1222570478033874945
1222570448040361984
1222570408450449409
1222570369313275905
1222570295363538945
1222570238446915585
1222570177281372160
1222570173565145090
1222570107693686789
1222570034188427264
1222569995953221633
1222569993843494915
1222569921399468032
1222569881582931971
1222569873345318912
1222569814524416000
1222569808983666691
1222569803141042176
1222569768194138112
1222569702699999232
1222569667870498816
1222569586341679104
1222569488496975875
1222569343055167490
1222569169088065536
1222569161907474433
1222569153070075904
1222569128290062336
1222569047121973256
1222569025181569025
1222568983989235712
1222568924941819905
1222568847703781382
1222568778430664706
1222568743102046208
1222568643097169921
1222568638336708609
1222568583793913857
1222568512897634311
1222568469348175873
1222568464281489409
1222568381188014083
1222568324271366147
1222568078611046401
1222567887854014466
1222567841188151297
1222567613643001857
1222567396071870464
1222567361057783808
1222567336072425472
1222567332599541760
1222567180836974598
1222567066546380803
1222567034233421824
1222566825453674496
1222566818667270151
1222566779605659648
1222566750404993024
1222566639289470976
1222566608725585920
1222566555717971968
1222566490081284107
1222566375622922245
1222566362721214464
1222566331939278849
1222566295780102144
1222566205241942018
1222566183817359360
1222566141312339973
1222566079920295938
1222566042708344832
1222566005005783042
1222565866123988992
1222565825502158852
1222565789053661186
1222565753553113089
1222565645956665349
1222565479866421249
1222565448618848256
1222565443648606209
1222565264442699776
1222565258910486528
1222565255928254465
1222565244544913410
1222565196130136064
1222565160021307392
1222565047412674561
1222564979586600960
1222564963686002688
1222564939539341315
1222564924934774789
1222564923911307265
1222564848946630663
1222564813831839744
1222564446750617601
1222564417407266816
1222564376936316928
1222564301141086209
1222564270644322304
1222564089907556354
1222563911951638528
1222563820557807616
1222563810529226753
1222563793487577088
1222563632908775427
1222563603469029379
1222563595344584706
1222563558992613376
1222563483180584961
1222563314141712386
1222563291626639360
1222563285578534919
1222563242305839104
1222563147497734145
1222563081257213954
1222563060243750913
1222562923102588929
1222562863874805760
1222562848045400066
1222562818744115200
1222562811571621888
1222562726989508608
1222562722732302336
1222562605472145408
1222562546189729792
1222562505756762116
1222562424789905409
1222562404023898112
1222562392749629441
1222562071092629504
1222562067284221958
1222562019536252929
1222561835225776130
1222561781832396800
1222561746810036224
1222561736345165824
1222561686168723456
1222561545189756934
1222561460624285698
1222561373529559041
1222561254730010630
1222561227643277316
1222561216402481152
1222561175847755776
1222561123603533824
1222561104322273280
1222561043458732032
1222560993877942272
1222560990505684993
1222560852081070080
1222560646832840708
1222560562267262978
1222560508554989569
1222560436228435968
1222560428921905153
1222560424878641152
1222560411800756224
1222560256322101248
1222560228581003267
1222560149723930629
1222560142455201793
1222560022816862209
1222560020103073794
1222559968118951936
1222559862216908800
1222559847956217856
1222559829371367425
1222559773612265473
1222559707375833088
1222559603919065088
1222559573401309184
1222559526450278400
1222559522042056704
1222559463112134656
1222559364168417281
1222559296849874944
1222559274397728779
1222559271398920192
1222559233058725889
1222559169678581763
1222559028385062912
1222558967282487297
1222558941856575490
1222558900974706689
1222558866803740683
1222558805348753408
1222558800378519553
1222558782150074368
1222558702202507266
1222558655670710272
1222558554906906624
1222558549655592961
1222558519213330433
1222558409851097089
1222558310483791873
1222558234541809664
1222557960062357509
1222557925140586498
1222557883977564161
1222557825571917825
1222557688187572224
1222557682093252608
1222557561423040520
1222557552636022788
1222557398583468032
1222557341209583617
1222557167498276864
1222557147176800258
1222557126486298624
1222557031044911104
1222557000527237120
1222556983921979392
1222556793747988480
1222556726567882754
1222556604735934465
1222556482601979910
1222556411638493191
1222556369406103552
1222556359922790406
1222556034247667712
1222556031621967877
1222556016627396608
1222555937224953856
1222555912315031552
1222555904400412675
1222555838352711685
1222555727992147970
1222555626859089920
1222555499821961217
1222555428430761985
1222555425607954432
1222555401721458690
1222555384944189442
1222555329571016706
1222555274520748032
1222555034195578882
1222554979350740993
1222554852070477824
1222554818818068486
1222554812631470080
1222554656808763392
1222554524445003779
1222554476353073152
1222554471856852992
1222554404764766208
1222554254533103616
1222554225810530304
1222554118465695745
1222554063029620739
1222554024156782592
1222553769436684299
1222553729657864193
1222553618496270337
1222553564834299904
1222553510484631552
1222553509540913160
1222553437717651456
1222553399138430977
1222553341651275776
1222553238714683394
1222553197895671809
1222553180740947970
1222553082296504320
1222552940646404097
1222552937001635846
1222552847264485381
1222552840490582016
1222552680368873473
1222552629991092224
1222552626254045186
1222552555080900609
1222552513494310920
1222552394560692228
1222552322049564673
1222552115849187329
1222552007317299204
1222551950639685635
1222551887062405121
1222551835833249794
1222551791574953984
1222551787279986689
1222551747824181249
1222551700369813508
1222551699656712194
1222551637249679360
1222551610171297793
1222551584162353152
1222551565447450625
1222551447209943042
1222551352318025728
1222551305153122316
1222551254930509825
1222551213922758662
1222551167047217152
1222551100261326851
1222551085392580609
1222550936343760903
1222550892123168769
1222550886314135558
1222550857138524160
1222550615827668992
1222550516871434245
1222550334993727488
1222550123567362048
1222550098330042368
1222550010736390144
1222549959901437955
1222549740585390081
1222549727570538498
1222549707580497922
1222549703306465285
1222549686210433026
1222549605608574976
1222549438960369664
1222549276330545153
1222549263873388545
1222549256181100544
1222549241773666310
1222549226669953024
1222549155815546881
1222549132025507842
1222549117248966656
1222549061884051456
1222549029646749697
1222548979948380161
1222548951003541504
1222548950340816897
1222548944665939969
1222548845445505034
1222548796896399361
1222548777392885760
1222548668391346179
1222548355592740864
1222548343659864064
1222548265889140737
1222548022787215360
1222547969704153088
1222547810937118721
1222547796483608582
1222547766955663360
1222547516840869888
1222547474495221761
1222547459014057985
1222547453381169153
1222547432430604290
1222547224787324928
1222547128007962624
1222546983610724352
1222546828735983616
1222546795458416641
1222546720741085184
1222546700331601920
1222546618282598400
1222546617850613762
1222546579149787137
1222546555628150784
1222546549286240256
1222546446848876544
1222546439773007873
1222546403269808128
1222546385850916870
1222546306662653952
1222546301033820160
1222546289876967424
1222546287196876806
1222546184860045313
1222546138542366726
1222546114081148928
1222546037577060357
1222545958355062784
1222545956396204032
1222545937731661826
1222545928747393024
1222545844752220161
1222545835835248640
1222545833708728321
1222545805057384449
1222545597124747264
1222545545169965056
1222545393319366656
1222545276638048259
1222545245428158464
1222545207008399360
1222545196434497537
1222545177379790849
1222545132060319744
1222545128524480513
1222545104306688001
1222545064980774912
1222545036488953862
1222545017966940161
1222544953445883906
1222544919912484865
1222544881643663362
1222544880171397121
1222544859166363648
1222544744783347712
1222544705642225664
1222544498980540417
1222544419703939072
1222544407930507264
1222544253857009667
1222544205475713024
1222544186941100032
1222544107169570819
1222544074814738434
1222544069303373825
1222544009937268738
1222543965590867969
1222543907910799368
1222543891712413696
1222543764629131265
1222543752079773696
1222543738339196933
1222543697621016576
1222543523737735169
1222543343533641730
1222543298268737536
1222543241398104066
1222543240953462785
1222543236687958016
1222543219482923009
1222543205591371777
1222543131343802371
1222543099022512130
1222543080483586049
1222543048695042050
1222543009872515073
1222543002817658881
1222542842234572800
1222542761032921088
1222542699376660485
1222542581919338497
1222542560134078464
1222542522985197570
1222542493834715137
1222542467377049600
1222542435139624960
1222542378743091200
1222542338645463041
1222542317686525953
1222542263919747078
1222542223251791872
1222542211650334722
1222542148769406977
1222542065810268160
1222542060135297031
1222542042317905921
1222541971388084225
1222541855079923712
1222541818010722304
1222541689857900545
1222541665627525121
1222541642705580037
1222541592634019840
1222541586854182913
1222541565752684544
1222541506814337026
1222541449780252672
1222541422689169408
1222541327897964545
1222541320142704640
1222541240752922626
1222541228916473858
1222541131499692035
1222541000826138624
1222540855233392640
1222540831309074433
1222540831250358273
1222540788762103810
1222540669794865157
1222540651436396544
1222540648865312770
1222540606397931527
1222540601821990913
1222540593278210049
1222540546343952385
1222540523522732033
1222540506896457728
1222540475317542915
1222540422674894848
1222540361064701957
1222540342379077633
1222540313870446593
1222540230626095109
1222540168957173761
1222540104499187713
1222540049008545792
1222540006637608961
1222540004485992453
1222539984315527168
1222539924567732225
1222539869068701697
1222539835484798978
1222539758666207232
1222539611496439814
1222539546912530440
1222539495968473089
1222539466390343681
1222539319887519745
1222539241521139713
1222539141977706497
1222539131504549889
1222539094447837186
1222539064122933249
1222539044837609473
1222538845281050624
1222538792734773249
1222538759037648896
1222538594319065088
1222538550123679744
1222538547791638533
1222538544662700032
1222538513478045696
1222538353809281028
1222538335815634944
1222538326663671808
1222538268329304066
1222538252910985221
1222538166059532293
1222538000216809472
1222537935616204800
1222537865701351425
1222537732582453253
1222537574239129600
1222537325684699141
1222537298283302912
1222537173901152256
1222537123502403585
1222537121245822981
1222536995727200256
1222536818073141249
1222536815338577920
1222536689081556992
1222536680248369152
1222536679543787520
1222536642734501889
1222536348999069697
1222536330791596037
1222536326777573378
1222536322784645122
1222536285899886592
1222536258364243968
1222536099270139905
1222536083730259974
1222536017816838144
1222535962640683009
1222535914926346240
1222535597736198144
1222535537040543745
1222535413031735297
1222535390235480064
1222535222169870337
1222535149033873409
1222535052422270981
1222535029374570496
1222534906707939328
1222534890010415104
1222534844707672066
1222534748486230016
1222534512552415232
1222534495393460224
1222534398521769986
1222534043646005248
1222533997986820096
1222533886154100736
1222533582704533504
1222533397899370496
1222533388113936390
1222533363996688384
1222533350566563841
1222533264751177729
1222533241212743680
1222533227686047750
1222533220325056517
1222533132035010561
1222532972814962688
1222532781059846145
1222532752622477319
1222532735094480897
1222532491556401154
1222532465539067904
1222532442868932608
1222532437793812481
1222532326418153475
1222532199565725699
1222532100974350337
1222532092568965120
1222531957638205441
1222531921068118016
1222531915351195648
1222531765203623939
1222531538753130496
1222531503881584642
1222531490254327809
1222531438756737024
1222531415499210758
1222531327095922693
1222531270271520768
1222531261157253121
1222531152382169091
1222531133306478592
1222531011562672128
1222530977123180553
1222530864334196736
1222530859019972610
1222530726630961152
1222530571622141952
1222530536490532864
1222530504131518464
1222530491896733702
1222530459650969602
1222530422191673344
1222530404277723136
1222530126983942152
1222530125713027073
1222530082633371654
1222530076031553538
1222530046029680642
1222529939343400962
1222529925061672960
1222529856480649217
1222529768572227587
1222529712628682754
1222529707637387264
1222529640469843970
1222529611575242753
1222529598828707841
1222529531732512770
1222529463394672642
1222529389528801280
1222529316715663361
1222529314404651009
1222529294020349952
1222529230325633024
1222529171814940672
1222529153393741824
1222529023181557763
1222528996715397132
1222528932433551361
1222528894189867009
1222528844554436608
1222528831971647488
1222528799738400771
1222528677696745473
1222528435991375880
1222528191937548290
1222528191908270080
1222528168864731136
1222528144458108928
1222528095032422400
1222528079685398529
1222528043199148037
1222528017580331009
1222527938089963522
1222527893357703168
1222527883794616322
1222527833215524866
1222527802907484161
1222527797601751040
1222527777322274817
1222527764311486467
1222527729880457217
1222527706354671616
1222527663736225792
1222527625316487169
1222527582060630021
1222527473562390530
1222527404473757696
1222527359150120960
1222527338174406656
1222527313558016000
1222527311880298497
1222527290481029120
1222527190891364352
1222527068325531653
1222526978689060866
1222526971193839616
1222526859956625409
1222526742503489537
1222526623964114945
1222526584428683264
1222526569161334784
1222526547086729216
1222526380031823872
1222526346339004424
1222526250771779584
1222526211324293127
1222526170123657223
1222526169624477696
1222526123399094272
1222526056034381824
1222526050854473729
1222526036937773056
1222525951088775169
1222525915319631872
1222525905513406470
1222525813054148609
1222525743722323968
1222525743571357696
1222525708666310658
1222525703922638853
1222525684662329345
1222525679645925377
1222525678920269825
1222525506152734720
1222525499693576192
1222525484002697222
1222525472921341954
1222525453719621633
1222525439215906816
1222525363282239489
1222525339773042688
1222525296987070464
1222525295581958146
1222525146327650309
1222525127570739203
1222525051464974336
1222525047061041152
1222525012248231937
1222524934842470400
1222524833541640192
1222524714284994560
1222524710812078081
1222524682987020288
1222524405550546944
1222524402824294401
1222524399716270082
1222524388496547841
1222524326198628353
1222524309366808577
1222524303415107585
1222524274830987265
1222524205050335233
1222524147164729344
1222524128722399234
1222524106924593152
1222524044613910528
1222523981988798467
1222523975676416000
1222523958957920256
1222523942457479169
1222523940205187075
1222523924774313986
1222523911763611649
1222523895271645190
1222523796051189761
1222523768985341954
1222523729990889472
1222523711842111489
1222523644913553410
1222523614450388993
1222523610637709317
1222523544493535233
1222523517037576192
1222523431268298753
1222523412528226309
1222523398590533632
1222523262141390849
1222523133888008192
1222523097171013632
1222523054250696704
1222523043819462657
1222522975729192969
1222522848306253824
1222522773521780737
1222522687605657600
1222522657146572800
1222522656785866753
1222522561847877634
1222522560140730370
1222522532034752512
1222522470575505411
1222522461834661889
1222522453030834176
1222522375432032257
1222522211376025600
1222522088906469376
1222522087908282368
1222522001295904769
1222521993200836608
1222521970807279617
1222521948913250310
1222521921260048384
1222521881053597696
1222521855208194048
1222521798719430656
1222521774321098752
1222521770277851136
1222521741735538688
1222521733225361412
1222521655827795969
1222521601981386752
1222521570419146754
1222521482363928576
1222521280978673666
1222521249617842177
1222521207624474624
1222521120542396417
1222521060953853954
1222520978175074305
1222520971426516992
1222520950761119744
1222520935112237057
1222520842334212096
1222520801699737602
1222520798239428610
1222520736927055873
1222520655440203777
1222520537043427328
1222520521906184192
1222520520702382081
1222520510162055169
1222520495276482560
1222520448849715200
1222520320214687744
1222520306423816192
1222520197485092864
1222520169093828608
1222520145924513798
1222520129185030146
1222520109329154050
1222520051041013762
1222519975308677120
1222519941989109761
1222519916055711744
1222519863069102080
1222519778067329026
1222519661599887365
1222519584428826624
1222519382838038537
1222519378048114688
1222519374520758273
1222519230047846400
1222519148305055744
1222519075013910529
1222519071230648320
1222519049688698880
1222519005744975878
1222518966867955713
1222518960077361152
1222518939797917697
1222518913361006593
1222518896407777282
1222518763322474496
1222518722386178049
1222518707118919685
1222518655176626176
1222518626093293568
1222518621945110528
1222518598062739462
1222518581906284546
1222518581121953793
1222518564340617216
1222518421323223048
1222518400515264512
1222518386057531395
1222518368865046528
1222518340134080512
1222518315723239424
1222518310568431616
1222518270219243520
1222518255572738049
1222518218570502144
1222518200807628800
1222518186068803584
1222518181895593985
1222518156301869056
1222518154317967360
1222518064912240641
1222517964152430592
1222517956246212609
1222517846703595520
1222517831176261632
1222517798666166273
1222517790483140608
1222517778076372992
1222517753539694593
1222517736741404674
1222517690658623489
1222517612296462336
1222517500040138753
1222517467278381056
1222517455278559238
1222517392892465154
1222517390984011776
1222517371639824384
1222517318992965633
1222517316384174085
1222517103451951106
1222517051845156865
1222517006991347712
1222516916838858752
1222516892189020166
1222516861562126336
1222516773125267456
1222516771544059910
1222516670457098241
1222516659728125954
1222516644033048576
1222516638030991362
1222516632586727424
1222516533018099712
1222516521362128896
1222516515116920833
1222516489032552449
1222516428013756416
1222516385106014210
1222516254310830081
1222516252645699584
1222516096793751552
1222516073020436480
1222516071984517121
1222516003411845121
1222515831986425856
1222515827540447233
1222515817075675136
1222515809655906304
1222515778974560259
1222515743553720322
1222515738440806403
1222515730337476608
1222515593548529664
1222515573436928006
1222515554881359873
1222515515547103239
1222515488867213312
1222515408021880834
1222515384722563072
1222515262425051136
1222515234662952965
1222515228128239619
1222515207714549761
1222515204711501831
1222515189230292992
1222515016815063046
1222515003477176320
1222514988214030336
1222514929124761601
1222514928420040712
1222514846589243392
1222514799021645825
1222514786048659456
1222514781955022848
1222514778888908802
1222514659791646721
1222514637834457088
1222514620646207488
1222514531731214337
1222514527373332481
1222514507601383432
1222514440018460672
1222514413166567424
1222514331641839621
1222514329305649159
1222514285110333440
1222514232790523904
1222514215556124673
1222514206076960768
1222514149718134786
1222514038539792385
1222514001202028544
1222513963528806403
1222513931501166594
1222513930108657665
1222513879139475459
1222513858973184002
1222513856175640576
1222513847191461888
1222513842493759488
1222513840241377281
1222513822524723201
1222513791612702720
1222513690378895360
1222513643423662085
1222513567779446784
1222513505284362241
1222513497164210176
1222513469733380097
1222513368961114114
1222513317362774017
1222513301378273280
1222513296118616066
1222513280310239233
1222513132909797376
1222513074898448384
1222513018799558656
1222512991716900864
1222512979234754560
1222512966098137090
1222512539264782339
1222512526514147329
1222512466099351552
1222512313074405377
1222512285924712448
1222512243155382274
1222512221063995392
1222512188679770115
1222512027010314242
1222511892188536833
1222511845032058881
1222511654270722048
1222511653838884864
1222511606174814208
1222511567281049601
1222511539846098944
1222511539191676928
1222511525291839488
1222511426448842755
1222511399240335361
1222511383834656774
1222511362133430272
1222511351890948096
1222511341048598534
1222511327274577920
1222511320077160451
1222511205950140417
1222511180322951168
1222511176543805441
1222511033421586432
1222510941868318721
1222510921140113408
1222510869826940931
1222510841477705728
1222510765841756160
1222510726146920453
1222510603375390720
1222510563642789888
1222510537067712518
1222510534408404998
1222510519162232833
1222510497100111878
1222510487050518529
1222510476376100866
1222510459330449408
1222510453487734786
1222510417341079552
1222510372428578816
1222510370579009536
1222510281898840065
1222510224717815808
1222510158024249344
1222510155193032704
1222510113560432640
1222510060330504198
1222509954424279040
1222509917493481474
1222509910740566020
1222509886912835589
1222509858978717696
1222509854767697920
1222509853857538049
1222509833846448131
1222509810698145792
1222509809863446530
1222509796731080705
1222509744771956736
1222509614849253376
1222509528480190466
1222509522494939136
1222509515595186177
1222509396422483969
1222509220295270411
1222509159012347912
1222509131048853505
1222509128557453315
1222509093228892160
1222509084957646851
1222509020096999425
1222509000626970624
1222508987507269635
1222508965503864832
1222508954024054785
1222508854765850624
1222508833047707648
1222508744036188161
1222508732355137538
1222508732246122497
1222508725497421825
1222508716378988544
1222508701694775297
1222508669490864128
1222508655247024129
1222508637316374528
1222508540717387776
1222508446815096833
1222508446634913795
1222508443082334208
1222508384295014401
1222508366657982467
1222508306713010177
1222508229113966593
1222508211208630279
1222508135086272513
1222508122696273922
1222508109182226434
1222508020808200194
1222508001552207872
1222507948385165314
1222507920157483008
1222507766327185413
1222507762501984259
1222507743799644160
1222507734941171712
1222507725680193536
1222507617156849664
1222507615625863173
1222507560105803776
1222507515990216704
1222507493001252864
1222507345957343233
1222507272523436032
1222507210133188608
1222507120911888384
1222507068424364034
1222507047050260480
1222507038250618880
1222507027160879104
1222507011679707137
1222506987893731328
1222506984278233093
1222506974534950912
1222506947607506945
1222506911888814080
1222506906964713475
1222506788077154304
1222506771396296704
1222506751230124032
1222506727859466243
1222506715356303361
1222506713347248128
1222506660641615873
1222506611404689408
1222506594082197508
1222506566739472384
1222506557822459911
1222506524318281730
1222506518437822464
1222506516793741312
1222506491195875328
1222506414318456832
1222506410950451200
1222506392180924417
1222506347020931072
1222506109782700032
1222506030547947522
1222505928416808962
1222505864097157126
1222505795318898689
1222505783017066496
1222505771524665349
1222505755569532929
1222505751442272257
1222505667111587840
1222505661549903876
1222505659364728833
1222505580927094784
1222505523272089600
1222505520306839552
1222505485200502784
1222505456058413056
1222505452476518402
1222505334595559425
1222505330246082560
1222505321253539841
1222505264357814272
1222505222091702272
1222505140067938306
1222505098061996035
1222505070849331200
1222504977907822592
1222504874262323201
1222504818842972161
1222504766993059840
1222504748731060224
1222504692627988481
1222504630040567808
1222504590169509888
1222504465405640704
1222504448557305859
1222504405888573441
1222504371679891463
1222504308303966209
1222504275118624768
1222504266394456064
1222504265480122368
1222504251370409985
1222504214489858048
1222504201437294592
1222504180608307200
1222504168205754369
1222504138728267776
1222504129576218624
1222504125591625728
1222504011628261377
1222504007245144068
1222504001754882048
1222504000630771713
1222503998575476736
1222503974865186817
1222503957328809994
1222503926257405954
1222503912424529922
1222503871106424832
1222503869969764357
1222503832388886528
1222503819940106241
1222503809873858560
1222503793738338305
1222503758590042118
1222503723542499329
1222503718068858880
1222503710137430016
1222503668328607745
1222503639513731072
1222503514364153856
1222503478574157824
1222503450673631233
1222503372026208257
1222503365659283456
1222503351012745219
1222503308356653059
1222503259182718976
1222503256825520128
1222503250341126145
1222503224772526081
1222503150466277382
1222503127317913601
1222503034221203457
1222503006517809152
1222502927996260353
1222502911743332353
1222502848887390210
1222502838808563713
1222502778561613826
1222502753676734464
1222502746659704832
1222502676434509824
1222502668549181442
1222502603956871168
1222502470900908033
1222502446238445568
1222502408208683009
1222502400994488320
1222502349769453569
1222502310800166912
1222502310145937409
1222502303531401218
1222502262695698433
1222502151655710721
1222502111725920259
1222502104696344576
1222502072760897536
1222502059494297601
1222502055002234880
1222502040083075072
1222502022676668416
1222501996583886848
1222501981144670209
1222501961385332736
1222501940422172678
1222501938522095616
1222501927751122944
1222501899385085952
1222501886185693184
1222501870809337856
1222501867877470208
1222501867328102400
1222501858733895680
1222501849770741761
1222501845240893449
1222501835698851840
1222501813414432768
1222501640411979777
1222501639296253954
1222501579691057152
1222501566055362563
1222501548162519041
1222501502759112704
1222501500716486656
1222501446928736257
1222501429723779072
1222501427605647360
1222501411818278912
1222501397838647297
1222501394361528321
1222501392310591491
1222501390951550976
1222501390414753792
1222501370596659200
1222501349868408835
1222501348308148224
1222501275197169664
1222501268142350336
1222501257803456513
1222501226228731904
1222501168636665856
1222501132427284480
1222501119060062210
1222501093676126212
1222501049241690112
1222501033814917120
1222501001002876929
1222500982556430337
1222500951136899072
1222500764473602048
1222500695116521473
1222500692805419009
1222500503352946694
1222500483627134976
1222500406141562882
1222500392656941057
1222500391696453632
1222499967052525568
1222499956772294657
1222499858281639937
1222499819979268104
1222499770150932486
1222499768376725504
1222499742330036225
1222499477006823425
1222499296068689921
1222498971588972544
1222498950755897344
1222498594135121920
1222498442771075075
1222498421862551553
1222498340849496066
1222498169772290053
1222498109051281408
1222498089342246912
1222497895766790149
1222497590538915842
1222497528626786304
1222497445936058370
1222497436603691008
1222497369868111872
1222497343804727296
1222497137151311872
1222497103626297344
1222497055563796480
1222496991822917632
1222496808435421190
1222496775644291074
1222496722267582465
1222496279667904513
1222496252790628353
1222496186696982529
1222496176546643969
1222496167067561984
1222495945620959232
1222495777269932032
1222495638056771589
1222495419751596038
1222495406292074499
1222495392404770818
1222495262645551104
1222495138078957569
1222495137907052544
1222495104566484997
1222495024425963527
1222494972248760320
1222494853252161542
1222494811351109638
1222494774541934593
1222494723610378242
1222494698134286341
1222494596711796736
1222494375860690945
1222494250027429888
1222494123053195265
1222494044577771520
1222493944900210688
1222493928672366598
1222493910578221056
1222493874150572033
1222493866982625280
1222493813022683136
1222493802797195264
1222493718898511872
1222493535846400000
1222493481303728128
1222492956126523392
1222492954553569280
1222492779995156480
1222492563556442112
1222492419997958144
1222492199415353346
1222492123183927297
1222492036563111937
1222492020859641857
1222491923912503296
1222491801082322944
1222491770799390721
1222491661357518848
1222491152194117633
1222491082635841537
1222490797842616322
1222490794805907457
1222490724026998785
1222490584742535168
1222490366592585729
1222490307771670528
1222489993861566464
1222489969803042816
1222489885904449537
1222489771710328835
1222489173896114176
1222489171304026115
1222489170632941568
1222489103712899074
1222488975350300673
1222488592758513664
1222488529135120384
1222488509891645440
1222488409069051904
1222488198103867392
1222488136560844801
1222488125181779968
1222488029962604544
1222487879345156096
1222487856347852802
1222487704665018371
1222487643746897921
1222487609190031360
1222487437882068992
1222487320533839873
1222487279303872512
1222486956204068864
1222486816424710146
1222486654230913024
1222486590540394497
1222486338357923840
1222486184540110848
1222486077983920129
1222486072564895744
1222485831421698050
1222485830167617536
1222485472175448064
1222485079756283905
1222485064996487168
1222484952782118912
1222484853762949120
1222484565551460352
1222484107902570496
1222484057453481985
1222483959201914880
1222483811528859648
1222483769493458945
1222483713205899264
1222483287446302730
1222483162237952000
1222483095959547904
1222483045934084096
1222483001432596481
1222482974622523392
1222482765532319749
1222482395229716481
1222482181148332033
1222482180984786945
1222482163184078848
1222482149623857153
1222481992622706688
1222481961958113281
1222481775076745216
1222481674182840321
1222481641546878977
1222481628695552000
1222481585167093761
1222481532243402753
1222481499695517696
1222481414580510720
1222480994219036672
1222480937386115073
1222480437890748416
1222480290049904640
1222480143467327491
1222480113633300481
1222480095715131393
1222479941071265793
1222479777233281026
1222479744790384641
1222479582097559559
1222479580969295873
1222479506004463616
1222479461276377088
1222479374290685952
1222479024452227073
1222478752938110976
1222478748810915840
1222478729949204480
1222478700471603206
1222478593852428290
1222478487941836800
1222478421529432064
1222478172014465025
1222478133867184130
1222477749010489344
1222477737115443200
1222477680874000384
1222477607133839361
1222477577715175428
1222477147698356226
1222477074197372928
1222476920404742146
1222476618855321601
1222476604590428160
1222476423333646336
1222476094869331968
1222476013189390336
1222475986882781191
1222475917756379137
1222475794544500738
1222475783685529601
1222475611446239233
1222475500238622720
1222475265647005696
1222475200878477317
1222475200241029120
1222475199607644161
1222475192879976448
1222475030233305089
1222474947223871488
1222474930375348224
1222474776284925952
1222474660664823808
1222474652523663362
1222474534697259008
1222474463457030144
1222474128910880769
1222474081037168647
1222474046069186560
1222473477862629376
1222473369683222528
1222473334534950912
1222473306336583680
1222473063448616961
1222472932930326528
1222472907449929732
1222472850566787072
1222472737161125888
1222472736360013824
1222472630101577728
1222472503639126017
1222472281622007809
1222472212818604032
1222471961021992961
1222471425321324548
1222471149742968833
1222471049603928070
1222470503287414784
1222470181387231237
1222470174219161600
1222469841879257088
1222469570738475011
1222469525750370305
1222469478363160580
1222469412030205952
1222469358972260352
1222469323198992384
1222469153111584768
1222469102234750976
1222468911129595906
1222468864228888576
1222468758318600194
1222468721358274561
1222468581356646400
1222468277038997504
1222468192662106112
1222468050026401793
1222467847676399616
1222467777509892097
1222467653035536384
1222467538652684288
1222467452417847296
1222467389998190594
1222467347782471680
1222467261123977217
1222467022308528128
1222467003111428096
1222466968919343106
1222466946421207040
1222466845149683712
1222466824165523456
1222466819849703424
1222466568443039746
1222466562948501504
1222466554861887488
1222466501225144320
1222466378529153024
1222466238661742592
1222466223893622785
1222466172689489920
1222466149381804032
1222465977973198848
1222465718249230342
1222465519040770054
1222465405253537794
1222465240392179712
1222465191969001472
1222464556573827072
1222464414336585728
1222464264331517952
1222464127974760449
1222464029664468992
1222463988056952832
1222463866581536768
1222463647580139520
1222463568362254336
1222463537949368322
1222463402301382656
1222463222353158146
1222463215696850944
1222463095894872064
1222462907495133185
1222462883986059264
1222462706093039616
1222462445312204800
1222462299627302912
1222461999453548544
1222461762630537221
1222461733505249280
1222461640521715712
1222461506736050178
1222461435248369664
1222461318927724544
1222461297851355136
1222461293355028482
1222461057316331520
1222460927980732418
1222460450278969345
1222460438463635459
1222460152365883394
1222460115124727809
1222459964716961792
1222459835171721221
1222459758663303168
1222459555059245067
1222459522918289408
1222459372728725505
1222459334740840448
1222459295901659136
1222459290771914752
1222459241006600192
1222459014480650242
1222458998194085888
1222458883584790528
1222458649584504832
1222458439416369153
1222458411775856640
1222458317592846339
1222458280745803778
1222457960624001024
1222457806286131200
1222457689919324160
1222457512454172673
1222457369386340353
1222457339518824449
1222457268622516224
1222457109276553216
1222456925356544000
1222456848013516800
1222456650826702848
1222456414616027137
1222456410983796736
1222456402003877889
1222456093496041473
1222455961358610433
1222455785277546496
1222455639580061696
1222455628293201920
1222455576954834944
1222455535464853504
1222455529714409473
1222455466028040192
1222455061848240129
1222454550411599872
1222454543394525185
1222454435097522181
1222454308601462784
1222454058079989761
1222454047279665152
1222454046377771008
1222453912449568769
1222453750830444544
1222453654059470849
1222453461725388800
1222453270612004866
1222453139820949504
1222453070270992389
1222452938003697667
1222452929820577792
1222452757728198656
1222452752510595072
1222452550865244160
1222452292802138113
1222452261349183492
1222452214817533954
1222452117446807552
1222452031400574984
1222452016745721858
1222451966988734469
1222451899703664641
1222451869185904640
1222451841671352321
1222451739682623489
1222451561852366850
1222451488657747968
1222451437357142016
1222451218846486529
1222451095764701184
1222451091310370816
1222451076181430272
1222451074067566592
1222451050940129281
1222450942714556416
1222450881997701121
1222450861831573506
1222450749482979329
1222450648924422144
1222450567328518144
1222450525280657409
1222450447052689408
1222450437095292928
1222450401192169472
1222450228818780160
1222449958823124992
1222449687548112902
1222449673039990784
1222449593260089346
1222449527233437697
1222449510787534848
1222449354348339200
1222449140774260737
1222449080804302848
1222449016685912065
1222448989053779969
1222448883697098754
1222448840999161856
1222448744983158786
1222448581178724352
1222448505375150080
1222448442942939136
1222448203343323136
1222448160230006786
1222448055070396416
1222448041267023873
1222447684176482305
1222447663775453184
1222447658935169024
1222447514097475584
1222447502449958912
1222447488264736770
1222447476378099712
1222447447001174020
1222447437874450432
1222447430949580800
1222447352818126850
1222447282454519810
1222447248769978368
1222447071858515968
1222447048517177344
1222447020268576768
1222446970104700928
1222446924332179457
1222446851737018368
1222446777556701184
1222446760439750657
1222446697533579265
1222446691946848256
1222446592512405505
1222446564486123521
1222446561747140608
1222446553593536514
1222446446806552576
1222446378300989440
1222446326836793346
1222446237800116224
1222445891401003008
1222445694008594438
1222445575313948672
1222445546989932545
1222444584241856514
1222444175007911938
1222444105797722115
1222443717031866368
1222443686010601472
1222443545744814082
1222443378631172102
1222443329796870144
1222443261983444993
1222443165363384320
1222443159369723906
1222443116734681089
1222442884923871232
1222442767437172737
1222442560964169728
1222442111729131521
1222442077197389824
1222441848767164416
1222441717162553344
1222441183923916800
1222440997046640646
1222440950980542464
1222440870126989312
1222440717731139584
1222440580535476229
1222440492245422081
1222440333780377600
1222440093052559361
1222440058629885952
1222439982499028993
1222439803272056833
1222439672707678212
1222439402489700352
1222439387654512640
1222439182863425537
1222439180988559362
1222439112231342080
1222438965866831872
1222438910778888192
1222438899689107456
1222438749121978369
1222438744034246656
1222438503629426689
1222438366794436611
1222438155816722432
1222437882000035841
1222437760423866368
1222437650604396550
1222437448686456833
1222437270512336896
1222437028392001537
1222436816042840064
1222436618918944768
1222436335090315264
1222436099571752961
1222436066071908357
1222435690153152512
1222435572175843328
1222435285742559235
1222435150572740608
1222434888961482756
1222434474102861824
1222434376006369281
1222434263506849793
1222433540635271168
1222433210107420672
1222432385133883392
1222432322559062016
1222432288182611968
1222432114328719361
1222431907532693505
1222431869976875008
1222431829887791104
1222431145914179585
1222431132937064449
1222431088620064768
1222430984139952128
1222430838991867905
1222430809501700100
1222430715289182209
1222430678677061632
1222430639187800064
1222430588642168833
1222430351403954178
1222429911392145409
1222429796413648897
1222429660455350278
1222429440262725634
1222429275271454720
1222429242618793984
1222428911654580225
1222428909578440705
1222428123037302785
1222428074135969792
1222427820330246144
1222427679489654784
1222427512308932609
1222427472836382721
1222427003980255232
1222426885419864064
1222426865656266753
1222426218626256896
1222426102406295552
1222425808473595904
1222425605641330688
1222425557897490432
1222425390033055751
1222425258969444353
1222425250081792000
1222425149942747137
1222425057877733377
1222425030640001025
1222424877862354944
1222424703941447680
1222424534441172993
1222424278882246661
1222424255603843076
1222424000648962048
1222423820184715264
1222423676961816576
1222423404134969345
1222423360631689217
1222423295930388480
1222423294613377024
1222423184848424960
1222422911283269632
1222422878878081024
1222422807440654337
1222422336378372097
1222422313234313216
1222422150600101889
1222421619693342720
1222421463963250688
1222421085439787008
1222420986873745408
1222420951738060800
1222420788009107456
1222420581909499904
1222420170494357505
1222419705853554688
1222419684756205569
1222419448696639488
1222419386918744064
1222419385765310464
1222419250633224192
1222419079170011137
1222419049616936960
1222418853466116098
1222418703289135104
1222418486158340097
1222418328276361216
1222418193463029760
1222418054933635072
1222417970435182593
1222417950990327808
1222417767565008897
1222417686451433473
1222417242178097152
1222416539518951425
1222416447571464194
1222416352192933889
1222416193941909513
1222416090996887553
1222415480335609857
1222415099564122112
1222414622319415297
1222414608281022466
1222414409953353729
1222414405327052800
1222414327036203009
1222414322099458051
1222413836927602694
1222413602147196928
1222413431145365504
1222413184109289472
1222413164739989504
1222413050017394689
1222412877623169024
1222412460319297537
1222412100775092224
1222411896411885573
1222411894545358853
1222411798806220800
1222411385893769216
1222411352725213185
1222411234269650944
1222411168058347521
1222411165185314818
1222411014655959041
1222410869121998853
1222410604197175298
1222410524966760448
1222410246217457664
1222410091141316608
1222409861922721797
1222409724676726785
1222409714987872261
1222409709514301440
1222409467138056192
1222409342139412480
1222409305221222402
1222409264775467014
1222409238145912833
1222409078087000065
1222408896649859072
1222408889095938048
1222408846221680640
1222408765598769154
1222408573449392128
1222408260772401154
1222408133710163970
1222408037362782210
1222407937903202304
1222407817686134784
1222407359546433539
1222407356681785344
1222406943173742595
1222406744632107013
1222406440712884225
1222406217781383168
1222406212030955525
1222406170561929216
1222405879292682240
1222405539793199104
1222405282153869313
1222405132685627393
1222405003941380096
1222404973054570496
1222404912681799680
1222404374049230849
1222404193203388417
1222403943747280896
1222402597631467521
1222402489586196480
1222402281129332737
1222402204767834113
1222402190112894976
1222402176460390400
1222402148891332609
1222401665833324544
1222401522274906112
1222401495766835200
1222400978785329152
1222400946011025408
1222400654569807874
1222400219867947008
1222400099621404672
1222400060471894016
1222399991593033734
1222399914551992321
1222399751498366977
1222399613954678787
1222399605201154048
1222399581679497216
1222399515212308480
1222399177918951425
1222398967406829568
1222398792600891392
1222398314966065152
1222398140017512449
1222397990947651585
1222397866586656768
1222397124983259136
1222397043865464832
1222396939804860417
1222396683075624960
1222395816347914240
1222395396842049538
1222393724715569152
1222392500037541889
1222392056313733122
1222392054304706561
1222391135009755137
1222388524801982465
1222388509752864770
1222388236280004608
1222388199617634304
1222387692358586368
1222387620937961472
1222386903124758528
1222383446485610496
1222382132145926144
1222381628233678848
1222381396192309248
1222380525886824448
1222380500175724545
1222380147682304001
1222380011715551234
1222379696299614208
1222379354761592832
1222379265418768384
1222374695808438272
1222374435384168449
1222373871292239872
1222373870008766465
1222370856078364672
1222368689896423424
1222367176012763136
1222367033096052736
1222365041854423040
1222364509907628034
1222362853165936640
1222361731047051266
1222358609222422528
1222358331102236674
1222356331610476545
1222352713910030337
1222350252436545536
1222349470391730177
1222349453945905153
1222349418344714240
1222347810542161921
1222344516079890434
1222343682407436289
1222343075743313920
1222341526669418497
1222338549602754560
1222335141537898503
1222334507518394368
1222334341759623168
1222332589811339264
1222330014298976256
1222329513318801409
1222327831243476993
1222326292558884865
1222326018771431427
1222325891113607168
1222325566722002949
1222323898747891713
1222321574130393088
1222321484124901377
1222321247004102663
1222320422877835265
1222319311135682562
1222318407908982785
1222318195337359360
1222317552061370370
1222317219268321280
1222316632187572224
1222314754783481859
1222312771179683841
1222312623540264961
1222312409689460737
1222311732980473856
1222311052009967616
1222310542850830336
1222310269755580423
1222309791474814976
1222309631286030346
