1216509648645304320
1216509242183692289
1216508776385318912
1216507154435313665
1216506982372401153
1216506967256182784
1216506439415582721
1216506349456121856
1216506298851897349
1216505974766342144
1216505822789939201
1216505549262610432
1216505056385740800
1216504721072119809
1216504061262008320
1216503240914763776
1216502651581620225
1216501872250556416
1216501422432321547
1216500971255234560
1216500657299042304
1216500147531763716
1216499992510242817
1216499891490508800
1216499792513241089
1216499702759411712
1216499203880386565
1216498653403189248
1216498522117283840
1216498174057222145
1216498107845955584
1216497985074475010
1216497911346925568
1216497122792681474
1216497003829637120
1216496903694823429
1216496780529033216
1216496591856635905
1216496321307332608
1216496296825098248
1216496017446711301
1216495866908958720
1216495859778686976
1216495791759556611
1216495791721807873
1216495771907915780
1216495435789086731
1216495288065699840
1216495202988445696
1216495200715132928
1216495111250550786
1216495110969536517
1216495062017855488
1216495033332969472
1216494987359281153
1216494915833749504
1216494904635023360
1216494633078939648
1216494615592886272
1216494579370819585
1216494477155631106
1216494472755847168
1216494237447049217
1216494221613576193
1216493934794412032
1216493911679610880
1216493796973666304
1216493722545872897
1216493669852815361
1216493412460978177
1216493402914795520
1216492753263251456
1216492726423904262
1216492547511549952
1216492289314447362
1216492195886391297
1216492060699766784
1216491735318192134
1216491675968819200
1216491265409372160
1216491231964028931
1216491095158329344
1216490976627261441
1216490801624166401
1216490592420499456
1216490453899583489
1216490265663459328
1216490054656385024
1216489750879723525
1216489663327809537
1216489440153145344
1216488756414382081
1216488745375096832
1216488554961997824
1216488351307575297
1216487766722334720
1216487709830721537
1216487384260513792
1216487078273474561
1216487074154479616
1216487069326987273
1216486897716953088
1216486782583410689
1216486713377411080
1216486671010746368
1216486564857044992
1216486399739879425
1216486375844974594
1216486251852943368
1216486010273587200
1216485998269476865
1216485757856120832
1216485467744587776
1216485380297498625
1216485176500420608
1216485111283245056
1216485071739346944
1216484918613757952
1216484851651612674
1216484827161079810
1216484635401691136
1216484631601655808
1216484294912348162
1216483979509010432
1216483814408622081
1216483671307358208
1216482511016091654
1216482358251196416
1216482275510104064
1216482220992598017
1216482074800074753
1216482050875805696
1216481998983827463
1216481886220013568
1216481588109811715
1216481552735133698
1216481502567026689
1216481453845946368
1216481101285335041
1216481089931431936
1216481007802691595
1216481006158516224
1216480524228866049
1216480058770186245
1216479957997756422
1216479356874317829
1216478422207168512
1216478218208890884
1216477979838230528
1216477784916230144
1216477613016993792
1216477604091498497
1216477566569271296
1216477541982253056
1216476450674573319
1216476299469955073
1216476160789483521
1216475350412206088
1216475170032050177
1216474453103857671
1216474239047553024
1216474110169157635
1216473972784750593
1216473766735335424
1216473647965179909
1216473492985647106
1216473474643963905
1216473009369776129
1216472808777297920
1216470962847305731
1216470080755765248
1216469871279706116
1216469817877762050
1216469407255486469
1216469117538050048
1216469017013166085
1216468972645777410
1216468642151485440
1216468343705739265
1216467941723648001
1216466945949798400
1216466355895111682
1216466317676634125
1216466060179910659
1216465815244959744
1216465624072970241
1216465614795157504
1216465400231342080
1216464351974121473
1216464049250209795
1216463622592978947
1216463543207387136
1216463366077677570
1216463293361131521
1216462963776851969
1216462939185721347
1216462802073858049
1216462637678108672
1216462362317901826
1216462114249945088
1216461826134855681
1216461407337832450
1216461369207402496
1216460207850696710
1216459498036125704
1216459464053751820
1216458844781629441
1216458298133766145
1216457946483380224
1216457946181165057
1216456912121843712
1216456856727695360
1216456460911202305
1216454911749128194
1216454662448205826
1216454348005421057
1216453780222500865
1216453553541275648
1216453356169895936
1216453274414522373
1216453074392354819
1216452600389828609
1216452426255020032
1216452419057520646
1216451838679093248
1216451478585532418
1216450893899583489
1216450851528695811
1216449953117233153
1216449835974516736
1216449708312473600
1216449649483055104
1216449352912207873
1216449165502353410
1216448444786794500
1216448397428830209
1216447989780221953
1216447867642171393
1216447774516031488
1216446902570450944
1216446892239937537
1216446653873430529
1216446360007979008
1216446271634001920
1216445650138796032
1216445224433614849
1216444895126327298
1216444796509835265
1216444658961743873
1216444592381399040
1216444367105335298
1216444228265488386
1216443718179475458
1216443137440264192
1216442689304047617
1216442643128909825
1216442531422056449
1216442162906378240
1216442013467455492
1216441509689675777
1216440708514697216
1216440465714753541
1216440172763602944
1216439451666259969
1216437883613204487
1216437843280699393
1216437698199793665
1216437637688578050
1216437570147684353
1216437514870890497
1216437450396065792
1216437264613617665
1216436827290247168
1216436554916298753
1216436326729506831
1216436320177983489
1216436065176838149
1216435850063466496
1216435610078105601
1216435173992161285
1216434883150721024
1216434728846483459
1216434428756611072
1216434230596636674
1216434073226358785
1216433667213611016
1216433239843385345
1216433071517589505
1216432988013068288
1216432944795082757
1216432655429967872
1216432478690390018
1216432444813074432
1216431741440864259
1216431595751661569
1216431297918271488
1216431277722816519
1216431256222752770
1216431030581760000
1216430997232914434
1216430700225867776
1216430634953998343
1216430341071745024
1216430049676726278
1216429991631695872
1216429683669184512
1216429627071238145
1216429428445732864
1216429341753692161
1216429274451922945
1216428810616365059
1216428762268651520
1216428548942188549
1216428389961281541
1216427535505993729
1216427482334801922
1216427376931999744
1216427338092683265
1216427323395903495
1216427255922073600
1216426964569001984
1216425732949319680
1216425645309419520
1216425642251689984
1216425124691398656
1216425011302584320
1216424774131429376
1216424660520357888
1216424485777297408
1216424371197181955
1216424303849279493
1216424250422300672
1216424132918816774
1216424129286561800
1216424103160225793
1216423494810054656
1216423352476278790
1216423019050160130
1216422478421069824
1216422447974637568
1216422423995830272
1216422071644934144
1216422014807875584
1216421355069038594
1216420947714027526
1216420774204055553
1216419584728801280
1216419302628319233
1216418987975806976
1216418969122418694
1216418809051074561
1216418667585515522
1216418527143497729
1216418061357592582
1216417536654352386
1216417112316678144
1216416743544979456
1216416398240632832
1216416382423793666
1216415927459360768
1216415765479542787
1216415700220370944
1216415292009734144
1216414899477340165
1216414889348157440
1216414807026479105
1216414758158635012
1216414489861595137
1216414393010999298
1216414242296995847
1216414239440744448
1216412908156080128
1216412821405212672
1216412339647414278
1216412311247826946
1216412218184650752
1216412175314702340
1216412152346697730
1216412133778513920
1216411758186913792
1216411732438110208
1216411611415699456
1216411489130745867
1216411105150558208
1216410880373592069
1216410692020056064
1216410531902500866
1216410462302150657
1216410006737891331
1216409793138692098
1216409777271660545
1216409578700791810
1216409520815124482
1216409240031637512
1216409239549284352
1216408773637693441
1216408456581861379
1216408435845206016
1216408277413781505
1216408081246183425
1216407932549529601
1216407910940541027
1216407844108587010
1216407654416965633
1216407026781376515
1216406915493847040
1216406879737450496
1216406675013455873
1216406437582311424
1216406111298957312
1216406108027457536
1216405700781449216
1216405417124941824
1216404937720156160
1216404840437383168
1216404481925165058
1216404240265957376
1216403870005547008
1216403783179214850
1216403400830738435
1216403379762712576
1216403343377084417
1216403227060645889
1216403192294117376
1216403088141144065
1216402691884306432
1216402680526049280
1216401897260797952
1216401395315814400
1216401114322612224
1216400925553807362
1216400616135843842
1216399841867239426
1216399617992032256
1216399199106891777
1216397787236978693
1216397780907974662
1216397780408786944
1216397707562094595
1216396959235354624
1216396947961057280
1216396901995765763
1216396740934471680
1216396320291815424
1216396261861076994
1216395247959400450
1216395125816995845
1216395099200000001
1216394797352718341
1216394579961896960
1216394520805486594
1216394296074678273
1216394259387035648
1216394018474557442
1216393914841813002
1216393817676484608
1216393676391362561
1216393398673985538
1216392738616332288
1216392603660357632
1216392482541445123
1216392373716115461
1216392045339779072
1216391867224543233
1216391857179103232
1216391815848452097
1216391798668648448
1216390664579158017
1216390490272215041
1216390170137722881
1216390148176388096
1216390034468888578
1216389963178180618
1216389961550835712
1216389919003807745
1216389606515662848
1216389502572339201
1216389374641934337
1216389372330725376
1216388776995557376
1216388539761549314
1216388393594249217
1216388299415343108
1216387885114499072
1216387751341412352
1216387285165527042
1216387197353496576
1216387189749288960
1216385974554505218
1216385908863389696
1216385850025619456
1216385759273418752
1216385279877054470
1216385243655131136
1216384426059452417
1216384314671321093
1216383794174988288
1216383282843090944
1216383134591340544
1216383076584038401
1216382508545335296
1216381906419421186
1216381699451424769
1216381278087450624
1216380987552227328
1216380534592548865
1216380448701632513
1216379601464823811
1216379429620015105
1216379239458578433
1216378795638300672
1216378552255504388
1216378280858857474
1216378190337323008
1216378061358292994
1216377337295646720
1216377153547358215
1216377136296210434
1216376900114886658
1216376852492800002
1216376673647632386
1216376602784948224
1216376595256107009
1216376182557564929
1216376074277396487
1216375860007198720
1216375740406685698
1216375440622923776
1216375420138020864
1216375043325939712
1216375040477990917
1216375038628257792
1216374798449815557
1216374519423819776
1216374021354332161
1216373758614740992
1216373692852293632
1216373571804635136
1216373552288608257
1216373426774052864
1216373389004328960
1216373259819798534
1216373125925015553
1216372843925196807
1216372833456136193
1216372011649392643
1216371808758386688
1216371767758991361
1216371152773439488
1216371018966753280
1216370741995851782
1216370603298557952
1216370339279790080
1216370173428584448
1216370091996123138
1216369995757891584
1216369863884779521
1216369742916792320
1216369318398701568
1216369046372999170
1216368797084418049
1216368699931799553
1216368683142057990
1216368014792314882
1216367337227608064
1216367063645741058
1216367025347538947
1216366581497974784
1216366549239574534
1216366536660787200
1216366407836934144
1216366307978940416
1216366288236371970
1216366237795700740
1216366043951706117
1216365994152726529
1216364873082462208
1216364753192398850
1216364530105798657
1216364479354720262
1216364468416012289
1216364095785652224
1216364066400342019
1216364064592539648
1216363782357778433
1216363762401337351
1216363712535285761
1216363196765831168
1216363056504152064
1216363043405410304
1216362983238053892
1216362560473239553
1216362308198420481
1216362209472724992
1216362036352995328
1216361953234444288
1216361902869241856
1216361697289625600
1216361361493626881
1216361008928841734
1216360878653820928
1216360846370254850
1216360194390872064
1216360015109459968
1216359926043463683
1216359871811137537
1216359847748423680
1216359805033512960
1216359199925514240
1216358998905098241
1216358344870498304
1216358321059397633
1216358306769522689
1216358135276998656
1216357688415805440
1216357644488888321
1216357550582566912
1216357150274007040
1216357144745988096
1216357143869296640
1216356929875972097
1216356857125724162
1216356694470668291
1216356519215869953
1216356485044764672
1216356399871143938
1216356037072162816
1216356020374724609
1216355743462576129
1216355594602536961
1216355520610799619
1216355464033841154
1216355406873874432
1216355099662082049
1216355046176235526
1216354114231205888
1216354086032900097
1216354076180516864
1216353906126704641
1216353765307097088
1216353694926692352
1216353441607450624
1216353288054018049
1216353269997625345
1216353119975682048
1216352961548488704
1216352713660944386
1216352546836635648
1216352320465907718
1216352263012261888
1216352214110932992
1216352088239804418
1216351984229416961
1216351916793499648
1216351891292065793
1216351865321017347
1216351847289696257
1216351807489835008
1216351718641893376
1216351656692125696
1216351593257426945
1216351582268411904
1216351560793575425
1216351405453250561
1216351381000523777
1216351341012049921
1216351325572739073
1216351305377230848
1216350964862595073
1216350813548949505
1216350752056074241
1216350688013357057
1216350523877724160
1216350508132249601
1216350330327314435
1216350270260727808
1216350026173157378
1216349939552411648
1216349669867114496
1216349493970468864
1216349188839149570
1216349049953099778
1216348976829681664
1216348786685095936
1216348668372103168
1216348635790745601
1216348538029924352
1216348418345443328
1216348274233413632
1216348197972594688
1216348151847833601
1216348135074729984
1216347653975560197
1216347181839458305
1216346786497007617
1216346396137345024
1216346381511774213
1216345781076221953
1216345772347854848
1216345583176310785
1216345514343530496
1216345482160676866
1216345428410687489
1216344966060003329
1216344953917509632
1216344777748361218
1216344639499837440
1216344464706494469
1216344333953175557
1216344164511764480
1216344129225007104
1216344075944677378
1216343512096165890
1216343359826071554
1216343274602057729
1216343201751146496
1216343055420284928
1216342361455955968
1216342285119643648
1216342149773611009
1216342145197580289
1216341986518753281
1216341953182425088
1216341755735527424
1216341694037286912
1216341105656107009
1216340715623657472
1216339590971363328
1216339558910038018
1216339298213154816
1216339296745070594
1216338909501763584
1216338891889938432
1216338828492972041
1216338538997932033
1216338490318893056
1216338337142837250
1216338199582248962
1216338187754377216
1216338045752020993
1216337997773312001
1216337902529122305
1216337769116721152
1216337724917125121
1216337473850265601
1216337380887744512
1216337345089286144
1216337312105275392
1216337144962306056
1216337073285758976
1216336905635356672
1216336200451182593
1216336187645931520
1216336164292120576
1216335526829142022
1216335389755158528
1216335241201246208
1216334936174624769
1216334926888558592
1216334921347805184
1216334785125212160
1216334725075341312
1216334586973687809
1216334286372118528
1216334206034489346
1216334023334735875
1216333853595402241
1216333508433661952
1216333501299068928
1216333381832708096
1216333347510804480
1216332903480729600
1216332804033798144
1216332784450576384
1216332270891683840
1216332251690143744
1216332030583156736
1216332028251189249
1216331672267915265
1216331670204428289
1216331636813574145
1216331517602996226
1216331200878563329
1216331023325245442
1216330755456012288
1216330367495483393
1216330059058991105
1216329893467824134
1216329883707748353
1216329789356892160
1216329214758150144
1216329197989376006
1216328996218122242
1216328987137519617
1216328575218933760
1216328543019421696
1216328461352099841
1216328040046899201
1216327772378890240
1216327375178420225
1216327372338876417
1216327280823349253
1216327105530691584
1216326992125140993
1216326986509045760
1216326944154882049
1216326588662517760
1216326458911739904
1216326446672678912
1216326066211643392
1216325940848078853
1216325441184784385
1216325428710952960
1216324890187440128
1216324638860619776
1216324469750403072
1216324294948663297
1216324062689013760
1216324021995954178
1216323239053602817
1216323118404456449
1216322905832816641
1216322899776344065
1216322756041678859
1216322597836730373
1216322402860269569
1216322236610699265
1216321995744403456
1216321883626528770
1216321862696873984
1216321820166623232
1216321550825279488
1216321504088150016
1216321270708568064
1216321232494374912
1216321185526566912
1216320913089728513
1216320887311470593
1216320744302444546
1216320710966173696
1216320633149304838
1216320497329352709
1216320323320270848
1216320256404312066
1216320187651297280
1216320033820938241
1216319717557833728
1216319674817839104
1216319451165007876
1216319088110292992
1216318741409075200
1216318684198776832
1216318603114483713
1216318412256894981
1216318226369515521
1216318112376721408
1216318061197844480
1216318018172727297
1216317444870103045
1216317259574054912
1216317082092130304
1216317063704215553
1216316998734487552
1216316992489127937
1216316932724531200
1216316785353543681
1216316592058925056
1216316552976400385
1216316323573174273
1216316209341308933
1216316204530401281
1216316112750764032
1216315880012963840
1216315778418475008
1216315748701876224
1216315659740766208
1216315603075653636
1216315420292067328
1216315368194658305
1216315297717719042
1216315257330786304
1216315123532476416
1216315112434348033
1216315062178189314
1216315016661458944
1216314793671434240
1216314771018059776
1216314768769855488
1216314766672699395
1216314652734447616
1216314390942752768
1216314189708431363
1216314184436211712
1216314032774402048
1216313962565980162
1216313857905315840
1216313708969910272
1216313706935615494
1216313589050626049
1216313493646991360
1216313199487856641
1216313152624873472
1216312764840452097
1216312753691992065
1216312628953391105
1216312526406897664
1216312441052782593
1216312408471474176
1216312399264919552
1216312298672939008
1216312260202782720
1216312116422021120
1216311940982677504
1216311832106893312
1216311170199695360
1216311010392465408
1216310335533129728
1216310158806126592
1216310050567991296
1216309448999931904
1216309094769995776
1216309026629341185
1216308719081967617
1216308706729656320
1216308569433354240
1216308403934502914
1216308167224844288
1216308073343655936
1216308030645723136
1216307963335532545
1216307807483498497
1216307265461944320
1216307227067342849
1216307130225000449
1216307070468796416
1216306889941835777
1216306658898477056
1216306569002078209
1216306418946576385
1216306366291369985
1216306342807339008
1216306270195650565
1216306166260813826
1216306053089984517
1216306049181003776
1216305469616283648
1216305465484812288
1216305107387789314
1216305054099087360
1216304946909515776
1216304939145867265
1216304697751015425
1216304536278765568
1216304409208115200
1216304254299910144
1216304240479604736
1216303896966172673
1216303693219467264
1216303574612877313
1216303329216692225
1216303144730341377
1216302923686326272
1216302698619904001
1216302643024408576
1216302595721039872
1216302516893356032
1216302414078205953
1216301891694604289
1216301031316971522
1216300961033080832
1216300858629132289
1216300740081324032
1216300734628626432
1216300715875934208
1216299994522832896
1216299896522924033
1216299851723542528
1216299591215276032
1216299327641018368
1216299157364920320
1216299143683018752
1216299031854571520
1216298907313037314
1216298840078397440
1216298495474270208
1216298373466161152
1216298148378955777
1216298026593062913
1216297927028760577
1216297907353194497
1216297488778498048
1216297421468291072
1216296954038308865
1216296398305538048
1216296167170105344
1216296057564553216
1216296053143674881
1216296024265969664
1216295988274614274
1216295979919474688
1216295758300880896
1216295227989716992
1216295175405916166
1216294962117206016
1216294907016634369
1216294795213185024
1216294702275801088
1216294403746213888
1216294244949864449
1216294086883397632
1216293761027858434
1216293284127158272
1216293151067049986
1216292940991078400
1216292666369069056
1216292652100001793
1216292602103943168
1216292330489221120
1216292291192741890
1216292248154853376
1216292106010005505
1216291944411942912
1216291792305500165
1216291573027217408
1216291268625563649
1216291229211746304
1216290716369985536
1216290096661651456
1216288970272923649
1216288810474070016
1216288623118647300
1216288492348694528
1216287871914647552
1216287686840999936
1216287436327866369
1216286944252112896
1216286914250186753
1216286150840803328
1216286090874818561
1216285689123364865
1216285609804861440
1216285485557059584
1216285412655845377
1216285284100382722
1216285101396578304
1216285061085040640
1216284770537299970
1216284641595924480
1216284395558133760
1216283878714900480
1216283738126143488
1216283556193980416
1216283240593600512
1216283213427105792
1216283066244784129
1216283040181301248
1216282650341781506
1216282400419995649
1216282308388495360
1216282035876134912
1216281745215107077
1216281648595177473
1216281212328849410
1216280849198526464
1216280819926470657
1216280800880136192
1216280702834049031
1216280603991121920
1216280557027459072
1216280349468168192
1216280267603750912
1216280178017689601
1216279769198800896
1216279763532251136
1216279218570645505
1216278554691997696
1216278501805973504
1216278493241233410
1216278440342585346
1216278261837246464
1216278211841155074
1216278094144770048
1216277950691147776
1216277743605813248
1216277584406859776
1216277416445992960
1216276995690110976
1216276456583704577
1216276371502247936
1216276323909472257
1216276304330399744
1216276289369395201
1216276149732626432
1216276040106106880
1216275517420310530
1216275210338521088
1216275156907196416
1216275058596904961
1216274902577287169
1216274849032785920
1216274837011869696
1216274451932815360
1216273948536602624
1216273807268286464
1216273767988649985
1216273726444097536
1216273513419608066
1216273162171752450
1216272827533402112
1216272513199681538
1216272480169594881
1216272316885360642
1216271930728288256
1216271626095988736
1216271469405188096
1216270733812387842
1216270552228417536
1216270461744664577
1216270048475611136
1216269489760804864
1216269479149232128
1216269290371985408
1216269182410665985
1216269177520099329
1216268659758374912
1216268631748808704
1216268091400818688
1216267925390286848
1216267415430017024
1216267234173227008
1216267188191088641
1216266917247438848
1216266886234681344
1216266801253842945
1216266685394702336
1216266038289076224
1216264721734782978
1216264251314184192
1216264192203816960
1216264004340981761
1216263959537504256
1216263791723393024
1216262861858779136
1216262366129786881
1216260613598519296
1216260473957634049
1216260406500560896
1216260263504158720
1216260241697976320
1216260209167032321
1216260016791085056
1216259856782503936
1216259699953324032
1216259686061744129
1216259589345366016
1216259501650780160
1216258660617375744
1216258541121679394
1216258137130336256
1216257620341927937
1216257409766903808
1216256692721278976
1216256183536889857
1216255251726192642
1216254974675558400
1216253963701489664
1216253152825106432
1216251312163229696
1216251205682376704
1216251003907051521
1216250920960495623
1216249330874617858
1216248303773536256
1216248213344325633
1216246854255632385
1216246734474575872
1216246366164455424
1216245245450555392
1216244663574847488
1216244574093443072
1216242261001895936
1216241193996210176
1216240490489708545
1216237857515458560
1216237407340765185
1216237083137888257
1216234091894407173
1216229214891991041
1216228474769285121
1216227799968571392
1216227394576580608
1216226514582298624
1216224767339950080
1216224002664009728
1216222533571223557
1216221010757898240
1216220534507233281
1216219462405427200
1216218663566692352
1216212665590341633
1216207672728571904
1216206868948889600
1216203143761088512
1216202821210640384
1216202607187939328
1216201123616493568
1216200331568254977
1216195170196213761
1216195078579982336
1216193899770916864
1216193898420285440
1216181352808112129
1216180505084878848
1216177746466025472
1216173876188794880
1216171866005680129
1216168718692167680
1216167223204753409
1216166701374550016
1216166387221254144
1216165915240337408
1216162904925450240
1216162669087977472
1216160684725219329
1216160219199307776
1216160062391115776
1216159983244644355
1216159140969697280
1216158803206516736
1216158739696361478
1216157455358578689
1216157454570082304
1216156175231746048
1216156174300536832
1216156033929883648
1216155022016360450
1216154967389745156
1216154426009890817
1216154376743596033
1216154067241750528
1216152908661739532
1216152305361440768
1216152071608655872
1216151995431772160
1216151757644075008
1216151318018039814
1216150860968886272
1216150283207823360
1216149999345717248
1216149705698222084
1216148962413105157
1216148815067197443
1216148572208582656
1216148191650942976
