1284638845804388353
1284638781807747072
1284637813330317313
1284637258671427584
1284637080807788544
1284636805795647489
1284635720775340032
1284635605528444930
1284635558136946688
1284634266165485568
1284634244887859200
1284633459131142145
1284632717196394502
1284632519443390464
1284632462417690625
1284632144040677376
1284630231979102209
1284630178396811264
1284630029993947142
1284629297630773259
1284629113312030720
1284629110841643014
1284627680994918400
1284627413289316365
1284626533592825856
1284626510989721601
1284626436381454336
1284624913106706439
1284624818965491714
1284624606356213762
1284624201861693440
1284623755537534976
1284623245237420038
1284623067315134465
1284622934796107776
1284622606440833024
1284622187157229568
1284621991631355904
1284621832079970304
1284621751255736321
1284621736495984640
1284621643789328386
1284621403971620866
1284621329715666944
1284620716613275651
1284620503467073542
1284620237745381376
1284620197488472065
1284619730356232192
1284618730903941121
1284618497558024193
1284618462015434752
1284618184625205249
1284618127213502475
1284617994849722377
1284617856907436038
1284617849831661570
1284617764469121024
1284617722119192582
1284617265208537088
1284617230781751296
1284617182404640772
1284617016377319424
1284616602923814915
1284616404709318656
1284616179299033088
1284616172642734082
1284616030086729728
1284615191775399937
1284615152797659138
1284615095155392515
1284615080357789704
1284614744930947075
1284614674898726914
1284614077843734528
1284613640541347848
1284613454947651584
1284613433065971717
1284613352002670593
1284613217348616193
1284613085966278656
1284612775638192129
1284612679420776452
1284612552090058757
1284612188263546886
1284612118524944385
1284611840102805504
1284611627434868736
1284611348379373568
1284611311125565440
1284610994577248256
1284610820245250048
1284610736594001927
1284610615714119686
1284610525188575235
1284610141967585280
1284609992826540044
1284609937285550081
1284609930738180098
1284609730669936643
1284609609588768769
1284609413001682944
1284608913145569287
1284608692759994370
1284608674393194497
1284608652469579782
1284608220452065280
1284607641902297092
1284606964694159361
1284606882234224640
1284606609151406083
1284606599722606594
1284605522025549825
1284605480610992132
1284605431676051457
1284605377087184897
1284605001520812040
1284604525354127360
1284604521117818881
1284604212605849600
1284603992027410432
1284603145239310337
1284603124762763266
1284602834449846278
1284602828519071751
1284602769173884930
1284602596863488000
1284602058092535808
1284602044347711497
1284601339029454851
1284601208909500422
1284601139762208780
1284601123672936450
1284601055393849344
1284600837713559553
1284600411316539394
1284600388205907968
1284599817566597122
1284599542839746565
1284599138508832768
1284598991305539586
1284598990042996739
1284598756487430147
1284598536269697028
1284598517399519240
1284598407408082945
1284597992390037506
1284597793454264322
1284597671781695493
1284597341866135554
1284597317040058373
1284597140485033988
1284597127210045443
1284596725559197700
1284596666151182343
1284596622039625728
1284596117817167873
1284596083423883264
1284595904515801089
1284595682351947776
1284595595139862529
1284595580820492289
1284595281946972160
1284595208995438593
1284594957207117824
1284594912520962049
1284594859349860352
1284594774301958145
1284594618080919553
1284594522203226114
1284594247199531011
1284594014843555840
1284593774161788931
1284593723557457928
1284593630032932865
1284593410754646016
1284593397299318785
1284593364017582081
1284593079375335424
1284592807307612160
1284592719722053640
1284592544458977289
1284592481447948288
1284592419892322305
1284592069395329024
1284591587897610241
1284591565546151938
1284591209479057411
1284591035616829441
1284590761040896000
1284590501216346112
1284590061233872896
1284589949195616257
1284589868681695233
1284589860842606594
1284589775199100930
1284589769054453760
1284589742034685953
1284589670454697984
1284589154089734144
1284589145659248640
1284588963013914624
1284588468505587712
1284588453313892352
1284588408543879168
1284588297478647810
1284588266528952320
1284588067626590208
1284587906858979330
1284587892644499459
1284587781747085313
1284587689476591616
1284587616759947264
1284587589018832901
1284587451022020613
1284586979930374144
1284586975811469312
1284586892919480321
1284586851093929989
1284586696043094017
1284586507978801152
1284586469848485888
1284586099545972737
1284585894289317888
1284585848550326274
1284585637782446080
1284585473248309250
1284585037715906561
1284584987954642945
1284584983718395905
1284584868295380992
1284584778809868290
1284584751190376449
1284584730801971200
1284584677102235649
1284584525331390467
1284584475096166403
1284584465549983750
1284584459443019776
1284584431693504517
1284584323421700098
1284584308125179904
1284584181884911618
1284584175740346369
1284584170648469505
1284584162184372232
1284583455016341510
1284583205182541824
1284582808799805441
1284582744199241728
1284582616667234304
1284582405609795584
1284582358579019779
1284582231009353730
1284582147349794818
1284582057927155713
1284581854755028997
1284581844080525312
1284581795279904768
1284581561111896066
1284581492207886336
1284581434984996868
1284581417196892161
1284581250028765184
1284581130247839750
1284581091001729024
1284581088866840576
1284580943127339008
1284580907630895105
1284580504013025287
1284580409137934336
1284580364447617026
1284580241269293056
1284580225750269952
1284579788632580110
1284579777052053504
1284579395324260353
1284579196149420033
1284578996911575042
1284578815881154560
1284578809203888128
1284578786420367363
1284578558803943424
1284578344022007815
1284578333020299267
1284578287201787904
1284578111598845953
1284577989343272961
1284577870610915329
1284577817070624768
1284577808119930880
1284577702549299200
1284577665329094657
1284577630617051136
1284577614540267520
1284577574933467136
1284577547028766720
1284577380158312449
1284577215452262406
1284577193033633798
1284577078357168128
1284576940591140866
1284576917287514112
1284576894109855744
1284576892914475009
1284576848807104513
1284576771204161536
1284576715918979074
1284576647900008453
1284576598558224392
1284576598222688257
1284576525627658241
1284576296253652994
1284576232902995968
1284576128485793796
1284576010256756738
1284575962902999040
1284575872410886144
1284575767956004867
1284575760955604994
1284575679196147714
1284575677254176774
1284575674712432643
1284575595372969985
1284575578461528064
1284575470298824706
1284575241327513601
1284575225657597952
1284575141104623616
1284575094581362691
1284575074511663104
1284575061513469955
1284575012167483392
1284574833947353092
1284574815723167749
1284574814578135040
1284574729077227521
1284574658759733249
1284574526945333248
1284574476332564480
1284574292651454466
1284574146081566720
1284574063743119361
1284573947439329280
1284573510187319296
1284573391995969536
1284573269081968645
1284573226333548545
1284573171425976326
1284572922133315585
1284572873793904646
1284572771876577281
1284572734278770690
1284572720513024000
1284572630058708995
1284572573385154560
1284572543035334656
1284572450408275969
1284572331650813952
1284572287346319360
1284572156026933248
1284572054206009344
1284572023990222848
1284571990603583489
1284571758738235393
1284571706162655232
1284571595114262529
1284571592912023552
1284571530580709376
1284571499488321536
1284571286593830912
1284571201101279232
1284571122365861888
1284571055051411458
1284570907957243905
1284570717913219072
1284570427491266563
1284569854872375296
1284569818834833408
1284569791282524160
1284569213156425728
1284569107447402498
1284568973539975168
1284568966481022978
1284568871169556483
1284568613786181633
1284568548803776512
1284568467170099201
1284568380909985792
1284568342926434309
1284568337817755653
1284568318737874944
1284568037232971780
1284567826540498945
1284567805124317186
1284567784874287106
1284567631819923458
1284567548642590721
1284567423119654913
1284567186288386054
1284567029748502528
1284566797166039040
1284566658380640262
1284566645147672576
1284566553476976640
1284566078518185985
1284566025657290753
1284565569195433984
1284565366040080385
1284565264907075588
1284565156048117760
1284564424737591298
1284564213571170304
1284564142087712768
1284564101361008643
1284563845013483522
1284563660837457920
1284563584819896331
1284563552683151361
1284563352983937029
1284563060984815619
1284563047638605824
1284562743350239232
1284562730087845889
1284562499086557184
1284562177198825472
1284561815796678657
1284561670640226307
1284561636947353600
1284561253638320130
1284560534692671488
1284560375514619905
1284560332040667142
1284560322754478080
1284559679520223234
1284559624461586439
1284559615510884354
1284559440004423684
1284559360530812928
1284559175272534016
1284558933668122628
1284558858199982080
1284558812612120576
1284558805230133258
1284558486924296192
1284557763457290241
1284557549182820352
1284557185788325889
1284557133665710080
1284556787191095297
1284556556877561859
1284556484517470210
1284556438438903808
1284556432311033856
1284556403718397956
1284556088361312262
1284556000532615168
1284555741467234308
1284555398691815424
1284555355448582149
1284555320963092481
1284555212863213569
1284555200150278147
1284555076602863616
1284554605121150977
1284553955968790528
1284553879758295042
1284553858501484552
1284553850913988608
1284553514363101184
1284553467185504258
1284553408209354752
1284553328056324096
1284553302039040000
1284553000007106560
1284552860928299010
1284552481737973760
1284552469851312128
1284552171816734721
1284551819168030723
1284551462127894530
1284551314496794624
1284551302459142144
1284550970253488128
1284550905308811265
1284550820005122048
1284550608423399424
1284550587779092480
1284550562504204290
1284550434867367936
1284550048861298690
1284549923564855303
1284549895802716161
1284549892124418048
1284549881038872578
1284549851611639808
1284549778236420097
1284549647441309697
1284549598061768704
1284549537361788932
1284549441182105600
1284549205416120324
1284548883817824256
1284548856349417479
1284548839417032704
1284548814410588162
1284548659204554752
1284548541449416705
1284548402731155457
1284548276306563072
1284548146341740544
1284548104746917893
1284548024723791872
1284547823070064641
1284547767327760389
1284547620791361538
1284547589719896064
1284547538658439170
1284547320340766726
1284547143739543552
1284547026705879041
1284546581493092352
1284546565588299778
1284546186775535619
1284546146849951748
1284546142106255364
1284546125324836865
1284545948694335491
1284545936094568448
1284545829072777226
1284545119279079424
1284545098915762176
1284545062542729216
1284544778948968449
1284544523931181067
1284544468872572931
1284544382054653954
1284544309757448192
1284544199447269376
1284543975043538944
1284543938381185026
1284543931175309314
1284543921293537280
1284543810748416000
1284543734282104835
1284543537137188866
1284543351136690178
1284542821484105728
1284542480256565256
1284541887047704576
1284541870362763267
1284541141652774913
1284541036614897664
1284540729822457856
1284540672423469057
1284540353450778634
1284540152354938881
1284540101062799361
1284540071983677445
1284539806618398721
1284539793511198720
1284539782555668481
1284539640532340742
1284539331974135816
1284539288496025602
1284539273505579008
1284538991275126786
1284538984761364480
1284538983557537796
1284538750094249985
1284538665851654144
1284538598390484995
1284538244277952512
1284538166385549315
1284537973401321472
1284537700964540416
1284536985261088768
1284536949844451328
1284536902176120833
1284536566501855232
1284536042910035968
1284535469989138432
1284535416759164928
1284535186454183936
1284535128899883008
1284535085136584714
1284534928030543873
1284534885005303810
1284534819230294016
1284534718709604352
1284534629710561287
1284534421849284608
1284534320284209153
1284534314554798080
1284533871539884033
1284533813339721733
1284533593461665793
1284533550822371329
1284533089834852356
1284532854786002944
1284532632106270720
1284532626431397888
1284532330070245376
1284532176000897024
1284532129129541633
1284531993569525761
1284531895427108872
1284531777042894848
1284531725377445888
1284531013012672518
1284530830120026112
1284530815830032386
1284530613618462720
1284530414745419778
1284530404637188096
1284530222478635008
1284529987010400256
1284529933310726144
1284529843510673409
1284529643073216515
1284529476194500609
1284529465591238657
1284529374323236864
1284529345445408773
1284529222690766849
1284528910529683457
1284528851272507392
1284528628118716417
1284528541703512066
1284528439379341312
1284528413194309632
1284528405128634369
1284528395532083200
1284528378838687746
1284528369116348418
1284528346056073216
1284528310979043328
1284527820199223297
1284527677064523784
1284527481438035970
1284527235509227521
1284527072665382915
1284526905480421376
1284526833040609283
1284526622394200073
1284526580216332289
1284526573094412290
1284526559685218309
1284526502692913152
1284526345201033223
1284525794107195392
1284525701299830784
1284525593787117568
1284525552775421959
1284525437897646081
1284524869921705984
1284524398045691904
1284524089256882176
1284523542810374149
1284523496769490948
1284523383598850048
1284523095286579200
1284522944585228288
1284522926503596033
1284522813488074758
1284522605651931138
1284522589856161793
1284522532809445376
1284522454631821312
1284522431403761665
1284522390836449281
1284522357357510657
1284522285559414784
1284522243821719556
1284522192529690624
1284522022064852993
1284522013407825927
1284521971833692160
1284521970239975425
1284521855769096195
1284521804284010497
1284521695320121344
1284521392701136896
1284521095572455424
1284520950613127168
1284520943541510145
1284520789933424642
1284520691782627330
1284520634211618816
1284520631585906688
1284520523628785664
1284520515407949825
1284520075257618434
1284519932131258369
1284519888929923073
1284519646901788674
1284519638706069505
1284519464311062530
1284519344249221130
1284519271889088518
1284519167610232837
1284518878337474563
1284518432218714118
1284518202886807552
1284518164542390272
1284517878767792130
1284517679039225865
1284517655056195585
1284517466903842816
1284517443772309505
1284517079048171520
1284516962157158401
1284516698494828544
1284516589358985217
1284516506924199942
1284516447776055298
1284516427353985025
1284515623763156993
1284515211060416513
1284515203854544897
1284514680745205760
1284514543520174080
1284514424737484802
1284514286182830080
1284514081798606849
1284513967302414336
1284513920347185152
1284513893113565191
1284513889061875712
1284513567241375745
1284513341101289473
1284513231952805890
1284512964398243841
1284512799125889027
1284512711657828352
1284512670645919753
1284512597568610304
1284512549359308800
1284512435211325441
1284512424641671169
1284512287248789506
1284512029831725061
1284512019832606721
1284511988647956480
1284511986529767425
1284511717821755392
1284511604625858560
1284511494508609536
1284511349700284419
1284511348899053568
1284511323804635137
1284511246285525003
1284511235631984640
1284511098260070401
1284510988734214147
1284510978764345344
1284510828763451392
1284510653722632192
1284510651780669445
1284510586567626753
1284510329939079169
1284510135692427267
1284509992561893376
1284509646846386182
1284509526465675264
1284509055793410053
1284508962986110976
1284508952017997826
1284508765794992128
1284508675344945153
1284508544113545216
1284508038582489089
1284507910974865408
1284507883481300996
1284507787440029697
1284507724026388484
1284507646704353280
1284507607437389826
1284507571068575745
1284507501808046081
1284507072458096640
1284506912969707521
1284506882540032000
1284506837052727298
1284506798507032577
1284506755658125312
1284506602138198016
1284506495309275142
1284506364824506369
1284506311590326272
1284506241730072576
1284506229709168640
1284506141930721283
1284506130513833985
1284505914377211910
1284505804125745153
1284505760685334529
1284505725251792901
1284505578463780864
1284505012878663682
1284504523076259840
1284504376510427142
1284504262823772160
1284504183094292480
1284504106967670786
1284504072255610881
1284503981700665344
1284503868093734912
1284503728238796801
1284503686065135617
1284503448797564937
1284503380342321154
1284503353607819264
1284503338583810048
1284502785359253504
1284502547672301569
1284502495415476226
1284502149993508864
1284502083945877504
1284501817766944770
1284501538069716998
1284501520986365952
1284501492158869504
1284501406838329345
1284501278484201475
1284501097844035589
1284501043506806784
1284501010787061760
1284500890037215237
1284500817257652226
1284500804632817665
1284500597820055552
1284500325391532035
1284500238808559621
1284500208693452800
1284500064359067648
1284500026560053248
1284499877184122880
1284499764286042113
1284499565606064129
1284499507120607233
1284499470894411783
1284499466809212929
1284499395027898370
1284499385217409025
1284499175560957952
1284499003070189569
1284498968991477760
1284498706193158144
1284498408875659267
1284498240285618176
1284498196572647425
1284498169729089537
1284497991227846658
1284497931882631168
1284497852933320706
1284497588079788032
1284497547147522049
1284497466176475139
1284497433465061377
1284497370303148032
1284497304691580929
1284497191000834050
1284497115385868288
1284497017495080960
1284496758907842560
1284496628544671746
1284496612513980418
1284496582860300291
1284496581585141766
1284495819916423173
1284495731563409410
1284495695198793728
1284495356861063170
1284495296572071936
1284495058863939589
1284495003906121729
1284494738327048192
1284494457438642178
1284494404305264640
1284494179385724929
1284493911428341760
1284493670926999553
1284493565536677888
1284493532531695617
1284493381951987712
1284493102422667267
1284492886189514758
1284492803251347456
1284492454834642946
1284492303558729735
1284492246251962370
1284492218213052417
1284492186214703105
1284492096213327872
1284491462483357696
1284491440664567813
1284491433139986432
1284491428308094978
1284491313539407873
1284491149152006145
1284491126314078209
1284490679725494272
1284490673316667393
1284490667809542144
1284490395473383424
1284490236530221056
1284490204653518851
1284490140048662529
1284489945219043329
1284489919709224960
1284489897441714182
1284489648224505856
1284489590649294848
1284489511163002880
1284489350957457409
1284488899000250369
1284488861071159298
1284488727914479618
1284488346874589184
1284488246903345152
1284488235935322114
1284487843155451905
1284487763631452160
1284487670580862982
1284487656961908737
1284487474513838080
1284487424622698499
1284486763059257346
1284486567889907714
1284486501317906432
1284486493638209536
1284486285458132993
1284486272531271680
1284486204608708613
1284486203358826498
1284486201345540098
1284486184090193920
1284486122089873409
1284486083594592257
1284485912018259968
1284485879671775233
1284485716538470400
1284485624725155842
1284485589799141377
1284485324954112000
1284485317198852098
1284485316406059010
1284485255823581185
1284485254187802627
1284485239583191047
1284485238568161280
1284485119949053952
1284485080312877056
1284484806999519232
1284484795205136384
1284484782802558977
1284484751823437826
1284484460390625282
1284484330031546369
1284484293998370817
1284484199106465793
1284484133285171201
1284483924245254145
1284483866032508928
1284483728862060544
1284483652882255881
1284483562549452806
1284483486880083968
1284483397637857282
1284483281099067392
1284483139906285568
1284483053377724416
1284483031038861314
1284482877334355974
1284482833571028993
1284482825706786821
1284482709105135616
1284482699055566849
1284482691958800384
1284482584714543107
1284482458218635273
1284482383476068352
1284482286403149826
1284482235584917504
1284481970093924353
1284481913424621568
1284481709971509249
1284481620171530240
1284481345436168192
1284481272920846336
1284481025452716033
1284480955856674817
1284480704097783808
1284480679527342080
1284480663664627718
1284480374651990016
1284480344142622720
1284480336878084096
1284480297103433728
1284479845704118272
1284479755300098053
1284479748941524992
1284479627029815296
1284479460348252160
1284479354769211397
1284478959460261889
1284478867357540353
1284478862244622336
1284478755864547328
1284478732925906944
1284478600159387648
1284478580001517569
1284478436514369536
1284478065649819648
1284477989145780225
1284477866185457665
1284477860988813314
1284477840239611910
1284477290798288896
1284477217767067648
1284477165543792640
1284476889092980737
1284476823506690048
1284476629511806976
1284476569193525248
1284476474372829184
1284476467028676608
1284476457868296193
1284476382567976960
1284476320056070145
1284476224530767872
1284475988118843393
1284475846682726406
1284475714872446976
1284475709789003779
1284475571657940992
1284475393039372288
1284475375066722304
1284475253083844608
1284475169638096897
1284475127338606592
1284475024989130753
1284474966658908160
1284474908538535937
1284474875625832448
1284474745094909953
1284474744277000192
1284474541339742211
1284474233696014342
1284474186426195971
1284473691393404934
1284473680236548096
1284473434643337216
1284473375453315072
1284473235107700736
1284473198109757445
1284473044078145538
1284472930085343232
1284472900997779456
1284472893829787649
1284472722123300864
1284472717073428480
1284472553927593984
1284472475645075459
1284472444238082050
1284472392572641280
1284472348461211648
1284472139354189824
1284472128386080774
1284472064913661955
1284471923292995588
1284471646536044545
1284471090669129734
1284471004916482048
1284470814428012544
1284470807067074560
1284470521481093121
1284470426958204929
1284470294695075841
1284470172615675906
1284470121277337601
1284469939966009344
1284469896445911043
1284469868125970432
1284469719479746561
1284469514927734784
1284469355636502529
1284469311445360643
1284469233288609792
1284469168281128961
1284469148588937216
1284469141919993856
1284469139587960834
1284468942979964928
1284468931735027728
1284468913577877504
1284468843776180224
1284468713832566785
1284468462660788225
1284468412622819328
1284468356419026949
1284468342749908994
1284468169005060097
1284468152089423876
1284468056119443457
1284467948657270784
1284467921557901313
1284467696827080704
1284467185528836097
1284467112304574465
1284467035779596289
1284466922659229698
1284466834205478915
1284466410895400965
1284466335637016577
1284466297770844161
1284466246302531586
1284466209744977921
1284466086448992256
1284465942286807041
1284465883033804800
1284465874041217024
1284465778650238977
1284465768437096449
1284465639902633987
1284465600585244675
1284465594092400641
1284465416979521536
1284465272171253762
1284465152314822656
1284465103186919425
1284465022278696962
1284464957753565185
1284464865088876545
1284464859871096832
1284464782821732352
1284464661312790529
1284464571407884289
1284464565246451712
1284464523676717059
1284464463220006913
1284464449626296321
1284464390868279297
1284464195287818240
1284464125570158592
1284463693040955392
1284463436571840513
1284463386886115329
1284463313280208896
1284463288349319168
1284463278572306433
1284463125727776768
1284463009738391552
1284462983213723652
1284462801571000320
1284462766716329984
1284462594875686914
1284462399756677121
1284462122840334337
1284461757294088192
1284461705259606017
1284461649286627328
1284461389445300224
1284461321715580928
1284461187233701891
1284461140592844800
1284461131692756993
1284461113787256832
1284461109618114560
1284461021961175041
1284461002763927552
1284460975287148545
1284460953640341504
1284460906165014529
1284460799227035648
1284460734588628992
1284460352340733952
1284460348733628416
1284460288461373445
1284460200209068032
1284460141870551042
1284459953583984641
1284459926287507457
1284459813502681090
1284459811476824064
1284459758066511872
1284459755944148992
1284459663594070018
1284459511374393344
1284459486632128512
1284459363592175617
1284459351923658752
1284459233631756288
1284458907503665186
1284458822371811328
1284458800091668480
1284458791245950979
1284458789266247685
1284458785868787712
1284458697146671105
1284458445308076032
1284458111156322305
1284458100343427072
1284457962514329603
1284457459617353728
1284457439191064577
1284457250623557637
1284457160773115906
1284457137503182848
1284456888848064512
1284456769574535168
1284456727656759299
1284456663760678913
1284456527018045442
1284456476292112385
1284456387637018625
1284456379349184513
1284456281357586432
1284455851588308993
1284455792700043264
1284455685913227264
1284455652828610562
1284455652019113986
1284455274296881152
1284454906607407104
1284454898969583616
1284454870196551680
1284454535948271616
1284454509415223296
1284454307732115456
1284454293450493952
1284454191654670336
1284454138990997510
1284454104505475072
1284453877308370946
1284453846975221760
1284453802922385408
1284453594868178947
1284453505923715074
1284453470670659586
1284453447505448961
1284453446347886592
1284453445655764993
1284453300008554496
1284453267179802631
1284453220174237696
1284453210858627074
1284453201396346881
1284453171834826760
1284453063567319040
1284452742929539072
1284452659030827008
1284452635010117632
1284452566470983682
1284452484124221440
1284452444408352771
1284452401425129473
1284452397482377216
1284452370131419137
1284452151020920839
1284452135116197888
1284452013649141760
1284451932501942273
1284451921567330304
1284451892903530497
1284451657074573312
1284451554246959105
1284451552112123906
1284451509720186880
1284451326626353153
1284451311044435968
1284451216961961986
1284451162574512128
1284451145189130247
1284451138666995713
1284450869434515464
1284450811431526401
1284450636629708801
1284450563770507264
1284450349705830401
1284450130687598592
1284450087863820288
1284450041462128640
1284450035715932160
1284450027042156545
1284449866169622529
1284449729993220097
1284449691543969792
1284449502615818242
1284449445833318400
1284449398529896448
1284449283836727302
1284449240404701184
1284449199833124866
1284449159349665792
1284449094413561856
1284449013463425024
1284448969914023936
1284448950762852353
1284448924649086976
1284448636127121409
1284448560231124993
1284448551167242240
1284448506388844544
1284448402986749954
1284448314595905536
1284448248346882048
1284448163710095360
1284448133397831680
1284448049952104449
1284448035708297218
1284447949473406978
1284447921027588097
1284447909644316674
1284447894876098561
1284447770531823618
1284447749468037121
1284447392486629377
1284447281807327233
1284447199548538881
1284446993956384775
1284446993511862273
1284446920455356416
1284446830533771264
1284446803757355009
1284446654637252613
1284446559371956226
1284446451137945601
1284445832578727936
1284445821484793856
1284445802124005376
1284445727612076032
1284445642799157248
1284445421012746240
1284445222370512896
1284444950759956481
1284444454749974529
1284443964842663938
1284443859095871488
1284443838233358336
1284443774282797057
1284443448662200320
1284443290167894016
1284443106734149632
1284442861535199233
1284442566084239360
1284442554029809667
1284442453928443904
1284442425918988288
1284442134473515013
1284442102777221121
1284441682826625025
1284441153505460226
1284441124338380801
1284441014632095745
1284440874076844033
1284440841549950976
1284440811778772994
1284440707751653377
1284440636280774657
1284440517091241984
1284440365924257792
1284440253055610882
1284440115801186304
1284440087363813376
1284439288994770945
1284438863663042560
1284438231770107904
1284438217094307841
1284438155207364608
1284438110403690496
1284437724104200192
1284437708438413313
1284437645767188480
1284437121667944449
1284437006240624640
1284436826011455490
1284436342752108546
1284436292990906369
1284435939050348545
1284435902853521409
1284435872671248384
1284435502641315840
1284435497297809409
1284435425654964224
1284435078156890112
1284434550861582336
1284434344036249600
1284434248221569025
1284434128302223360
1284433686679748615
1284433685215948800
1284433249721253888
1284431805668634631
1284431690874724353
1284431467968331777
1284431177370218498
1284430903947780096
1284430859358085122
1284430788214358016
1284430683100852226
1284430444600197120
1284429947503890433
1284429262183903232
1284429145439645696
1284429113088974848
1284428901142470656
1284428856137592834
1284428723303981057
1284428442960830465
1284428441413210112
1284428202052587521
1284428069705580544
1284428069667770368
1284427993658601473
1284427932677672960
1284427806928232451
1284427741954179072
1284427702469107712
1284427699218456578
1284427694155931650
1284427111579758592
1284426969531154441
1284426685736198145
1284426387428958210
1284425894807965698
1284425868807479297
1284425753736732675
1284425542381576193
1284425319710183424
1284425175795146753
1284424872454750208
1284424867262148608
1284424791500500992
1284424425954320384
1284424300779507714
1284424109628235777
1284423979680309248
1284423735496323073
1284423640667369473
1284423631666282498
1284423621780406273
1284423513101737984
1284423208029085697
1284423099253960704
1284422926796824578
1284422897088462848
1284422846681317376
1284422841077829634
1284422428417032193
1284422161164374016
1284421777234571264
1284421728526127106
1284421578558713856
1284421472166072322
1284421375520735233
1284421194616365056
1284421027779555333
1284420837630775296
1284420089861885952
1284419809514594305
1284419207518617600
1284418821747605505
1284418781507457026
1284418734246047745
1284418575013482496
1284418561587458054
1284418546164998144
1284418525709254656
1284417994224029697
1284417884735680512
1284417799578943489
1284417771070201861
1284417697955143681
1284417536336035841
1284417518942257152
1284417398033068034
1284417381113171968
1284417379032801280
1284417307998134272
1284417267606982656
1284417208857362433
1284416813464530946
1284416753792163841
1284416696888041472
1284416293270106115
1284416255357788161
1284415831112396800
1284415719560695808
1284415157721010177
1284415116612698113
1284414947053772802
1284414520237142017
1284414070045773825
1284414055256653824
1284413980035948544
1284413899056480256
1284413752285310976
1284413539751526400
1284413532512059397
1284413323484766208
1284413102876917760
1284413065803464710
1284413021549469697
1284412648780697600
1284412603809357824
1284412597027004416
1284412568463904769
1284412564508737543
1284411973342552066
1284411961757904897
1284411929709154305
1284411734824976385
1284411703606878208
1284411668198494208
1284411287238332416
1284410717060370433
1284410037579001857
1284409940711477249
1284409720015552512
1284409255198588928
1284408996087177216
1284408993100824577
1284408861122756608
1284408730700976128
1284408432691380226
1284408395001364480
1284408218681315328
1284407904670560256
1284407560041369600
1284407160340873217
1284407145677623298
1284407090451296257
1284406846611230721
1284406797852385281
1284406707922378754
1284406687764566017
1284406432838881280
1284406388089860096
1284406315687837697
1284406078785150977
1284405899113750528
1284405843652481024
1284405750123630593
1284405341527187456
1284405204515983361
1284405185268330497
1284404511558303744
1284404266292195333
1284404079624691712
1284404017955831813
1284403963350134784
1284403914104803328
1284403876804820997
1284403447417249793
1284403376260878336
1284403224091533312
1284403118017589249
1284402302288302080
1284402058121052160
1284401987371569153
1284401778663002113
1284401627231924224
1284401533459861504
1284401155695575040
1284401049579802624
1284400494392348672
1284400463635505152
1284400010537209856
1284399896368492544
1284399895151931393
1284399592013008898
1284399549629554689
1284399504595324928
1284399263158538242
1284399234012401664
1284398861558190080
1284398552068874240
1284398408804048897
1284398403611512832
1284398164775239680
1284398031337594881
1284397922940051457
1284397751309041665
1284397727183446018
1284397654168997891
1284397615623417858
1284397567887933441
1284397557087707137
1284397176785981440
1284397021919682562
1284396802897317889
1284396411342196736
1284396391645814786
1284396287094394882
1284396247634280448
1284396174259236864
1284396055103234048
1284395771639586821
1284395605440200704
1284395594543509504
1284395560028516352
1284395513182334978
1284395512435802112
1284395201189023744
1284395133522399238
1284395128396959745
1284395122474573825
1284395065947959297
1284394935228276737
1284394674715791360
1284394577147944960
1284394224235040769
1284394143230418946
1284393799263948800
1284393608095956995
1284393539418443777
1284393531319169025
1284393514764247040
1284393315954241538
1284393287810514944
1284393191601512448
1284392643179565059
1284392621201293312
1284392525361553409
1284391827278368768
1284391659527114752
1284391499845828610
1284391269083549696
1284391060681236482
1284391000404828160
1284390905336733698
1284390817793220608
1284390640525234176
1284390577161809920
1284390482492219402
1284390399952461825
1284390191675957249
1284390187850764288
1284390130841800704
1284390047463112704
1284389994451423233
1284389991179849732
1284389783951806466
1284389677504618497
1284389310679130112
1284389262243385345
1284389215447347200
1284389070811078657
1284388740677410820
1284388707831873536
1284388505284685824
1284388422354898944
1284388147946758144
1284388046830477312
1284387612569018368
1284386690665259008
1284386677964800001
1284386587787366404
1284386079358046208
1284386010982424578
1284385879948132352
1284385851808665600
1284385774629277697
1284385622950580225
1284385559927029760
1284385339113693185
1284385260520775680
1284385245291307009
1284385077150060545
1284384754595504128
1284384635674386432
1284384532758749184
1284384503750959105
1284384391905583104
1284383963348434945
1284383961096032256
1284383888358465536
1284383715456581632
1284383713468481536
1284383687346397186
1284383634208825344
1284383497696747520
1284383398962880513
1284383332546097155
1284383015184015360
1284382964449779712
1284382959378857985
1284382192928534530
1284382054285807617
1284381834323857408
1284381750936965120
1284381741248061442
1284381711195951110
1284381458614886400
1284381240150417409
1284381045400502272
1284380440422428672
1284380359761821697
1284380255822712832
1284380230451429376
1284380197064708096
1284379853966499842
1284379431155507200
1284379321637928960
1284379272791109632
1284379113533378560
1284379077181308928
1284379006259822592
1284378785148796928
1284378735857283073
1284378414862995456
1284378014013370369
1284377970103246848
1284377968039665664
1284377958585638912
1284377718428229633
1284377605492400128
1284377563234816001
1284376912488521728
1284376869182332928
1284376570526928897
1284376341446569984
1284376074990878720
1284375469899632640
1284375201787064325
1284375192878358528
1284375040352497664
1284374551078592513
1284374429154316289
1284374359742742528
1284374350020345858
1284374166603550720
1284373855625191424
1284373787140673536
1284373586011201543
1284373388497215488
1284373348907126785
1284373129192771586
1284372948674125824
1284372832408014848
1284372774350446593
1284372773780041728
1284372532943101953
1284372490647678976
1284372476181479426
1284372400558223360
1284371685161009152
1284371376699310086
1284371294683901952
1284371075032326145
1284370740930908160
1284370740083654657
1284370314810589184
1284370198921871361
1284369903714213890
1284369801146703872
1284369694175244288
1284369670506778624
1284369568736129024
1284369242012495872
1284369210311938050
1284369033786261504
1284369032985141249
1284368971551121408
1284368687617781760
1284368481350287360
1284368337330417664
1284368127292317696
1284368062242787330
1284367752992624640
1284367697359384578
1284367661347024896
1284367622767890437
1284367576550776834
1284367559853252609
1284367478538330112
1284367230424293376
1284366913167032320
1284366801170763776
1284366759227793408
1284366737425793024
1284366481757802496
1284366396554706945
1284366343769333761
1284366336009940993
1284366261208723461
1284365385094115328
1284365373089943552
1284365166562480128
1284365093778722817
1284364979878199298
1284364865025474560
1284364777238732801
1284364704283013120
1284364622582120453
1284364377475383298
1284364180078899200
1284364038194040833
1284363899756781570
1284363833516138499
1284363576615096320
1284363508730060801
1284363330682052608
1284363250495356928
1284363168626683906
1284363077354487808
1284362841533841410
1284362767269535745
1284362510452260864
1284362358719225862
1284362077168173057
1284361959035621376
1284361957127135232
1284361642034200581
1284361545250742272
1284361380724912129
1284361354879664133
1284361226257084416
1284361190496493568
1284361136763277312
1284361024909520897
1284360984635809792
1284360918026067968
1284360737159368704
1284360648701480960
1284360501208715269
1284359916933844992
1284358977699090432
1284358926755155971
1284358737508081665
1284358260070518784
1284358222762184706
1284357600302202883
1284357586104573952
1284357272454537216
1284356514917036032
1284355979707068416
1284355966524444672
1284355807249915905
1284355746566742024
1284354679586119680
1284354646082035712
1284353697389191168
1284353620419448832
1284353515561811968
1284353413673889792
1284352721659858944
1284352594119450624
1284352560019714048
1284352403974709248
1284351787236032513
1284351723923013633
1284349776327331840
1284349535301570561
1284349181461700608
1284348855832780801
1284348207594692608
1284347917407526912
1284346492224811008
1284346165639741442
1284345820347801602
1284345057789829121
1284345016933113857
1284344280560160768
1284343873335185409
1284343654992273408
1284343594908880898
1284343177210744833
1284342418763067394
1284342270016225280
1284342269483646976
1284342268577624064
1284342217851703296
1284340935480848384
1284340380461408259
1284340291596623872
1284339910325997569
1284338411042725890
1284337997819850752
1284337648392429568
1284337227510747138
1284336734088695808
1284336535979130880
1284336476101251072
1284335978665181184
1284333795508916225
1284333145127624704
1284332372025135104
1284332079182946307
1284331783660670976
1284330939892498432
1284330613353459712
1284329553842839552
1284324266134122496
1284321092224589825
1284319630719361030
1284319336795000832
1284319330533023744
1284315806147514370
1284314596019494917
1284313188390047748
1284312899909873664
1284311116240257024
1284309636460535808
1284308637096321026
1284306356770570243
1284304969974374402
1284304356230279168
1284302588691845121
1284302541283622913
1284302509331357696
1284302503643840513
1284300858763739139
1284299448726822913
1284299448236089355
1284299423451947009
1284299377348096002
1284298399932715009
1284295995388551169
1284293041281478657
1284292985665007617
1284292034375843843
1284290518004961280
1284287430347165702
1284287085764128768
1284286198496800769
1284284559731961863
1284284208970706947
1284283366616059906
1284282675633754113
1284282574706180096
1284282453235040256
1284282222414114818
1284282221105500162
1284282150599131136
1284281680690393091
1284280659499003904
1284280112230391808
1284277648852647937
1284277299802714112
1284277053307736065
