1280652737097719808
1280652269487378432
1280651607303163904
1280650812813905920
1280650748301389826
1280650742647447553
1280650585994399748
1280650534593191942
1280648002999369728
1280647289548296193
1280647144005828608
1280646876992323584
1280646476725661696
1280646122327982082
1280646022625189897
1280646020754538496
1280645914483396615
1280645885664415744
1280645808816357376
1280645492767162372
1280645347191205889
1280645052814045185
1280644870160502784
1280644683354574850
1280644677927079937
1280643990170279940
1280643862340534274
1280643833575940096
1280643796372525057
1280643577165553664
1280643355676938241
1280643151988998149
1280642686744223744
1280641488096026626
1280641241986842626
1280641235217272839
1280641233967292417
1280640663823036417
1280640555932889088
1280640467915472896
1280640417915179009
1280640197793910785
1280640196342579200
1280640195579297794
1280640177791275010
1280639898874249221
1280639760302776320
1280639604694167556
1280639009526603776
1280638761169301506
1280638514665840641
1280638308129951745
1280638117494562817
1280637954260688902
1280637383935954945
1280637015743246338
1280636797333245957
1280636114240524293
1280635902272901120
1280635820626653184
1280635788452155399
1280635766008352771
1280635690359967744
1280635614904401937
1280635609116270593
1280635557039742981
1280635242110504968
1280635163744120832
1280634763162849280
1280634724566872066
1280634625925267463
1280634265483476992
1280633711634120704
1280633699093090306
1280633416774549504
1280633373359329287
1280633116458192906
1280633012917620737
1280632963525414913
1280632849050284033
1280632458308960256
1280632004216795142
1280631921291202562
1280631861073645568
1280631783520907264
1280631717364224000
1280631670794850308
1280631650133688321
1280631574208405506
1280631251238600704
1280631124344082433
1280631052227293186
1280630988473802752
1280630934954553344
1280630797611995136
1280630677764005888
1280630638673043458
1280630608025341954
1280630479327240194
1280630178666942478
1280629876417015808
1280629675086282752
1280629647563259907
1280629641464688640
1280629563165474818
1280629524867297281
1280629451844395008
1280629415773384710
1280629414208974850
1280629313482735624
1280628904647106561
1280628821813846030
1280628781309407238
1280628766943952897
1280628742591832065
1280628679962505219
1280628554376589312
1280628203837685761
1280628001131171841
1280627829298913280
1280627576625672194
1280627439971053568
1280627093097889795
1280627016853848065
1280626696144781312
1280626644307378182
1280626634882678789
1280626489088782337
1280626390983938048
1280626355017842689
1280626217469739008
1280626215586594816
1280626184288690178
1280626072938336257
1280625965736103938
1280625272899985408
1280624881147797504
1280624827540426752
1280624818157686784
1280624539727269890
1280624401357176832
1280624390779084803
1280624110872285184
1280623545064787968
1280623407403597825
1280623304374697985
1280623253137108992
1280623034202808321
1280622869463121923
1280622842191765510
1280622788907319296
1280622775301013504
1280622558166028288
1280622379799109632
1280622299075555332
1280622129613070340
1280621976227282948
1280621427050373121
1280621405965606915
1280621188126031872
1280621160628133888
1280620942016815104
1280620811028779009
1280620771782488064
1280620675057815553
1280620535366463489
1280620348271198208
1280620239521275904
1280620222412709888
1280619853053755392
1280619815229706248
1280619813929435136
1280619638146113545
1280619315159617536
1280618967015587841
1280618920391716865
1280618633430020099
1280618510587170817
1280618499480715264
1280618441054060545
1280618414130827264
1280618387597676544
1280618247499517958
1280618235168260099
1280618160601935872
1280618137424199680
1280618105799168000
1280617518403551238
1280617431606706176
1280617397729312768
1280617272919363587
1280617270293794816
1280617205810503680
1280617037686071296
1280616993457143808
1280616987467620353
1280616966227742725
1280616853329661953
1280616827333357571
1280616803941650435
1280616437011357700
1280616382393090050
1280616328035008514
1280616226109165568
1280616195834687489
1280615936303796224
1280615865998868483
1280615793538076673
1280615780296667146
1280615625858199554
1280615623433822209
1280615588759588870
1280615110797557762
1280614871994957830
1280614743833817090
1280614742072201216
1280614636711264257
1280614587906351104
1280614397749182466
1280614185681014785
1280614081183940608
1280613956579725312
1280613904440340483
1280613746629644289
1280613718401912832
1280613260664897536
1280613046881267720
1280612894833545216
1280612582903160834
1280612474111299584
1280612117729722368
1280612072708083713
1280612016386977796
1280611912733151233
1280611853652029440
1280611801160396801
1280611685871616004
1280611629596631046
1280611306370936832
1280611176129454080
1280611141639639041
1280611101839888388
1280610963125940224
1280610953508335618
1280610748125847563
1280609957164068864
1280609477851578372
1280609397123751939
1280609371068805122
1280609298448515079
1280609294027829249
1280608939659399171
1280608932596154370
1280608726110687235
1280608517313957888
1280608418512896000
1280608391434559492
1280608314544488448
1280608296571936773
1280608260941320198
1280608259548856321
1280608138304110592
1280608124077047810
1280608044460711936
1280608031877869570
1280608021853474816
1280607615337271297
1280607585104773123
1280607524039921664
1280607521795964929
1280607437888905218
1280606999051407367
1280606772957413377
1280606768972906497
1280606588127055873
1280606531910844417
1280606448196751361
1280606430039547907
1280606340189126656
1280606185171955712
1280606152309592068
1280606074865881091
1280606043307999232
1280605989641781248
1280605962668310529
1280605955500249097
1280605772012019717
1280605620320731137
1280605522954194944
1280605439743463426
1280605231269793792
1280605047433412609
1280605038176538624
1280604883482284034
1280604660651429891
1280604629785554944
1280604611175493633
1280604492900323334
1280604491889418247
1280604487573528579
1280604327384616960
1280604311052005376
1280604220174073859
1280604211433164800
1280604205796003842
1280604183016677382
1280604078939267072
1280603988178751491
1280603809836826625
1280603698914381825
1280603590424514561
1280603508291645442
1280603272236187650
1280603186320101376
1280603158427906048
1280603150731423744
1280603126937128968
1280603098369724418
1280603028802998272
1280602865770299395
1280602838184398849
1280602809965125635
1280602750338969608
1280602588967247872
1280602568650108936
1280602440342126599
1280602380787167240
1280602261664694272
1280602120102633472
1280602111026376704
1280602040721440770
1280602000066064385
1280601988502347780
1280601907174805506
1280601867119136771
1280601716099026944
1280601658255380481
1280601608280301571
1280601589263335426
1280601428332077060
1280601425593217024
1280601416994824195
1280601322354544642
1280601298891681792
1280601083782541313
1280601049183764481
1280601047652761603
1280600910645903361
1280600786700034049
1280600719326949380
1280600627836485633
1280600461020626945
1280600211933532161
1280600123018543105
1280600088159621120
1280599817853513728
1280599691923775488
1280599659984171010
1280599639465525251
1280599404706177026
1280599377392873477
1280599187856515073
1280598975628939264
1280598954821013506
1280598896813760514
1280598714348900364
1280598631763107840
1280598617431126016
1280598346105847808
1280598078060404737
1280598063598440448
1280597873177047041
1280597732093235208
1280597723356545024
1280597704654106626
1280597622194081797
1280597526459101198
1280597456519077889
1280597435878948865
1280597417239379969
1280597395378765824
1280597357416058883
1280597063391236096
1280597047486361601
1280596924698103809
1280596921502089222
1280596904599007235
1280596840442929154
1280596837901180929
1280596828682104833
1280596827688120322
1280596806271938561
1280596773078290442
1280596710784458753
1280596622544637954
1280596580140290051
1280596518324535296
1280596511567552520
1280596406802288640
1280596350397186049
1280596300556316687
1280596262321106947
1280596168272117763
1280596052261863425
1280595857256206338
1280595739576598529
1280595706038956032
1280595525025370113
1280595427222532096
1280595367055306764
1280595254962503680
1280595237790982144
1280595121524953090
1280595025953468418
1280595004575145985
1280594930977705984
1280594920009498626
1280594739637690369
1280594727151308801
1280594647694348290
1280594628069273600
1280594504702210053
1280594405582409731
1280594197150666756
1280593991587827716
1280593971224379392
1280593963884466176
1280593907605295104
1280593866509467649
1280593827087163400
1280593719394291712
1280593716131045376
1280593654713856003
1280593648795688961
1280593631976488960
1280593612473065477
1280593508164939778
1280593500266999808
1280593283325079553
1280592939354382336
1280592824162045955
1280592548357181443
1280592533874188290
1280592519521349633
1280592388063461376
1280592249198391300
1280592074266619905
1280591989155811328
1280591925721120774
1280591693369282560
1280591689846063104
1280591650067185664
1280591547109523458
1280591494139666432
1280591376477020162
1280591371485827073
1280591359976583175
1280591304896978947
1280591245644124160
1280591131693154305
1280591098818240513
1280591068233371649
1280590983521017856
1280590937366974466
1280590916789682177
1280590820157075463
1280590595652816896
1280590203506380801
1280589922198577157
1280589888572796929
1280589833258369026
1280589595848171521
1280589580891066368
1280589339257450510
1280589299486871552
1280589175977377792
1280589135032582144
1280589060063604750
1280589005369810946
1280588979381792768
1280588945680740352
1280588898566094850
1280588838436470789
1280588823005728769
1280588659826327553
1280588608949440514
1280588594969706496
1280588532051050499
1280588506948087814
1280588501449420800
1280588469769822211
1280588309417406470
1280588120656879616
1280588008769622016
1280588006399922176
1280587722680414212
1280587154381512709
1280587080477876224
1280587076820492288
1280586977956560902
1280586917109796864
1280586823329296385
1280586669805142024
1280586540280938498
1280586520131403776
1280586448928997376
1280586044937768962
1280585973957623808
1280585893099835395
1280585822249648129
1280585784484126720
1280585730327281665
1280585579881803778
1280585545744343040
1280585519735414789
1280585299916193793
1280585194236514310
1280585114993516545
1280585057816719365
1280584888014569472
1280584757949186049
1280584500515405824
1280584487102042114
1280584348178284551
1280584037891964929
1280583974654480393
1280583803950387200
1280583748849975297
1280583215628136453
1280583214894120961
1280583185601044482
1280583167242616834
1280583109550002177
1280582349151965184
1280582257300910080
1280582217182437376
1280581974445473792
1280581727656738818
1280581280007159809
1280580859465101312
1280580781853806593
1280580622713585664
1280580612093546502
1280580560990154752
1280580459622170629
1280580225051623428
1280579776005144576
1280579769231446022
1280579650637434881
1280579600763011072
1280579585801846784
1280579493845970946
1280579449256398856
1280579440884547586
1280579271770214405
1280579135933485056
1280579098943913984
1280578897214660612
1280578869163184129
1280578853413453824
1280578750330134528
1280578715617914881
1280578660676915200
1280578638702882817
1280578589549826049
1280578562253377537
1280578544180101120
1280578506955657218
1280578335404425217
1280578038741307392
1280578038112169989
1280577789930942465
1280577690291011586
1280577596749733889
1280577511085215746
1280577485969768449
1280577468626280448
1280577340519723009
1280577276837584896
1280577212530462721
1280577064010231810
1280577038789869568
1280576880459100160
1280576827493421056
1280576752872456193
1280576705732755456
1280576689685307398
1280576654495158278
1280576599772082183
1280576491626135553
1280576308548972546
1280576297052356608
1280576287950716929
1280576203112546304
1280576186058498051
1280576074351550470
1280575985713381377
1280575839881646080
1280575782650249217
1280575536050384896
1280575161738104833
1280574484064489472
1280574377046802432
1280574210948173824
1280573746718351361
1280573643987333120
1280573596302262273
1280573554367610881
1280573455918927873
1280573410846932995
1280573242747555842
1280573025293938690
1280572838102151170
1280572695114022913
1280572626327474177
1280572597491699712
1280572450200334336
1280572372978892804
1280572354670854146
1280572225561780225
1280571929213186048
1280571611066875904
1280571556155056130
1280571478635937798
1280571474580049924
1280571361174437888
1280571293134446593
1280571181171703816
1280570844155183104
1280570743982604288
1280570700785504257
1280570288544112640
1280570111879979008
1280569988584267776
1280569744844820484
1280569675068424193
1280569559448260608
1280569437595348992
1280569417005490176
1280569241205424129
1280569224235278336
1280569062041554945
1280568990654500864
1280568940444475392
1280568920454430720
1280568907112333314
1280568882839814145
1280568877592838144
1280568633199071232
1280568631802429440
1280568477145796623
1280567876303413250
1280567564750512131
1280567493036302336
1280567427257040902
1280567162294480896
1280567091586793474
1280566905863122944
1280566869494321157
1280566578426372097
1280566533790588929
1280566486650834944
1280566460671238152
1280566451666145280
1280566451091517441
1280566390043402242
1280566370208448515
1280565711996411906
1280565579934507008
1280565570954579971
1280565256209776650
1280565174865461248
1280565066425749504
1280564960368754690
1280564917293154304
1280564904399863808
1280564856882675713
1280564830290825216
1280564716251815937
1280564576074022912
1280564337745309701
1280564328966557697
1280564185362022400
1280564154630275072
1280564118634868736
1280564037445660674
1280564026532134918
1280564014985220096
1280564013701742593
1280563963999248386
1280563838698610688
1280563822382714883
1280563686466301953
1280563481692045313
1280563475383713793
1280563359490990081
1280563349340684288
1280563204876382208
1280563025758629895
1280563005218910209
1280562891163340801
1280562591476207621
1280562534769217539
1280562251288776705
1280562130031456260
1280561984296103936
1280561865530257408
1280561588752318464
1280561574810443779
1280561181015650306
1280561162095071234
1280561112375857157
1280561088707395584
1280561011175698434
1280561001814020099
1280560488544428033
1280560346978226179
1280560341081108482
1280560263301935104
1280559866151669760
1280559607602188290
1280559171990163456
1280559039148146688
1280558874421088256
1280558775695552517
1280558697731829762
1280558505842311168
1280558318956826625
1280558282848055296
1280558104372023298
1280557563759800320
1280557031653588992
1280556947109019648
1280556923088142338
1280556819555987457
1280556811091881984
1280556789361184769
1280556737767133184
1280556617826734094
1280556578660331523
1280556505373310976
1280556388037640193
1280556304810082309
1280556245460582400
1280556118121594883
1280556105781911554
1280555780224270339
1280555396286078977
1280555320599883776
1280555232255193090
1280555196284833793
1280555158955528192
1280554375774117888
1280554356564201478
1280554346640539653
1280553791591534593
1280553701762007047
1280553623236288512
1280553335200690177
1280553222948753408
1280552862523801600
1280552834514259969
1280552650854014983
1280552436940386304
1280552293402845186
1280552110984134657
1280551913851928579
1280551731508719618
1280551641142497280
1280551492492103687
1280551279291518984
1280551083799183362
1280550985509765125
1280550923002150912
1280550505614360576
1280550452434800640
1280550323438960640
1280550284154908672
1280550211195154432
1280550194514472962
1280550012825501697
1280549915710685187
1280549823649906689
1280549649053597696
1280549643802357768
1280549496070512640
1280549458455998465
1280549379892543490
1280549202766987266
1280548886466224144
1280548846926548992
1280548772142071811
1280548093117808649
1280547979141754880
1280547934799609858
1280547807968088066
1280547684261285888
1280547578707353605
1280546993161502721
1280546852430020609
1280546626013220866
1280546373067329537
1280546047723438081
1280546004165632003
1280545966773460992
1280545940437446660
1280545774963736576
1280545752339677189
1280545712648990721
1280545701743808512
1280545506326970368
1280545472751587335
1280545359480205313
1280545266396008449
1280545225023291393
1280545192911818752
1280545081150312448
1280545039014297601
1280544783556128769
1280544733572534272
1280544356366245888
1280543920661856256
1280543773244735490
1280543532944670720
1280543520139497474
1280543242019319813
1280543233907609605
1280543070241656834
1280542922094624768
1280542116045893632
1280541547835129861
1280541419879444480
1280541371309400064
1280541248340852736
1280541243433455616
1280541173254361088
1280541158486179847
1280541101095559168
1280541021663830017
1280540761122050048
1280540727114641408
1280540522352959488
1280540349337948160
1280540328768880640
1280540116180705282
1280540038791643137
1280539967178059776
1280539731328217089
1280539587270541312
1280539582862368768
1280539516898545669
1280539494912049154
1280539409679634435
1280539311994212354
1280539274887270400
1280539157153173505
1280539123405803526
1280539118112591875
1280539016853688321
1280539006720237570
1280538892119220224
1280538848892772353
1280538462198870016
1280538017216815104
1280538012506521602
1280537916620627969
1280537392240365569
1280537247620661249
1280536830719467520
1280536758812377088
1280536621352452098
1280536618554753026
1280536314392256513
1280536084087275521
1280535983960793089
1280535780507766784
1280535492921098242
1280535336716767232
1280535210979930113
1280534844070596608
1280534781525196801
1280534642395922433
1280534543720742913
1280534492076261376
1280534183945830400
1280534161602854912
1280533584189718531
1280533499339030529
1280533384075399170
1280533285504978944
1280533230966525954
1280533227950702596
1280532956935847939
1280532812223971329
1280532741973577733
1280532735367565312
1280532407653994498
1280532238548033539
1280532047283486720
1280531989850918913
1280531808837304322
1280531672023392256
1280531367311392768
1280531178148298753
1280531150574948354
1280531142316380160
1280531003900125190
1280530892285493248
1280530545198403585
1280530444631650304
1280530431935492097
1280530426969427968
1280530347181121538
1280530042607620097
1280529533695860736
1280529435654062081
1280529213129404417
1280529190413049856
1280529181114318848
1280529162667724808
1280529018287271936
1280528976335831040
1280528938087956482
1280528733523382275
1280528640015400960
1280528494590668800
1280528435778138112
1280528201920524288
1280527963910438912
1280527865482747905
1280527661098467328
1280527616622108673
1280527616458530816
1280527426548838402
1280527084465594368
1280527043097231360
1280526915531673600
1280526842437537795
1280526427805356036
1280526394196402177
1280526391646306306
1280526324289994753
1280526280635678723
1280526173928411136
1280526136204832772
1280526047923122177
1280525868469817345
1280525722524794881
1280525700613779457
1280525619500023809
1280525494136512512
1280525488599887873
1280525230927237122
1280525037557231619
1280524980804083714
1280524957034983425
1280524932674437121
1280524918271152131
1280524842232696832
1280524638490185733
1280524215070982146
1280524057847500800
1280524049941237764
1280523968177455110
1280523783669985280
1280523755173920768
1280523505642156036
1280523027260850177
1280522900127309825
1280522790102327302
1280522417316691969
1280521921533227013
1280521666351824897
1280521643761295368
1280521381097152512
1280521018264690695
1280520929404162048
1280520898706112513
1280520791256444930
1280520732703895552
1280520689343254528
1280520687455801345
1280520613476675585
1280520580542930944
1280520577804091393
1280520531054395393
1280520501429964802
1280520166242234375
1280520019865219075
1280519831138295808
1280519819931115524
1280519819188678656
1280519657884172289
1280519641157206021
1280519613588148226
1280519565831745543
1280519402694348801
1280519390010781707
1280519358893174786
1280519222540541961
1280518928477929472
1280518904436133888
1280518874967019524
1280518647639945219
1280518486742175745
1280518300531929089
1280518239676751873
1280517949388980225
1280517825166221315
1280517250307538944
1280517097651609602
1280516925412593669
1280516818713673729
1280516748895301633
1280516395785216007
1280516266973966337
1280516212556996609
1280516163819253768
1280516089189974020
1280515982558199812
1280515967261573121
1280515894116925440
1280515768304762882
1280515647823323137
1280515432827453443
1280515412652851201
1280515394084777987
1280515280511344640
1280515249502859264
1280514897986686976
1280514893322559488
1280514856425328647
1280514817909030913
1280514679375302657
1280514479671980040
1280514358137815042
1280514115321106436
1280514073885577221
1280513806192521223
1280513765797232640
1280513239537856512
1280513127784873990
1280512976655650818
1280512912172421132
1280512819268587524
1280512440556556291
1280512279461666818
1280512131239161857
1280512047034310657
1280511535249526785
1280511506166226946
1280511491071004672
1280511483370254341
1280511469948407808
1280511469612945416
1280511391712137217
1280511296635645952
1280511245985230858
1280511072596905984
1280511013339770880
1280511009514553347
1280510993102241792
1280510793419718658
1280510750658871299
1280510670820302851
1280510381115404288
1280510360936763396
1280510083970064385
1280509903547834376
1280509810866257927
1280509735524085764
1280509667429531650
1280509649226215430
1280509602119979010
1280509514622603267
1280509483375083520
1280509429029404672
1280509322884243458
1280509279863287818
1280509235776966665
1280509184535117831
1280509164121448450
1280508708506796033
1280508554739417091
1280508314133188610
1280508305727787011
1280508187947524104
1280508063146037254
1280507767632125953
1280507677769072641
1280507641534480389
1280507637667414025
1280507577995051008
1280507562140602373
1280507506524131329
1280507493819518978
1280507480083238917
1280507376844619777
1280507353729765376
1280507201635979268
1280507152306708488
1280507123831574542
1280507116093136898
1280506906285608968
1280506837352296448
1280506816653340673
1280506537052639235
1280506501002657794
1280506483197779971
1280506459810402310
1280506385466380289
1280506273776259075
1280506214141562881
1280506121288114180
1280506102426341383
1280506064316891141
1280505530910466048
1280505500946309126
1280505336097656838
1280505286252474370
1280505253343965191
1280505163837571085
1280505010523115521
1280504990310846464
1280504858739605507
1280504858173415427
1280504711377027075
1280504705140039685
1280504512638332928
1280504476529561604
1280504471030726658
1280504455239290880
1280504345663098888
1280504219401928704
1280504146941169666
1280504084102107141
1280504077332418563
1280503851246931968
1280503796842614799
1280503743507726336
1280503561319841797
1280503503111303172
1280503462225158144
1280503228254257154
1280503219798577154
1280503136734543873
1280503010666389505
1280502968052330496
1280502935273824257
1280502893985095680
1280502766813745157
1280502756915269632
1280502650392453121
1280502590392893442
1280502454765920257
1280502381684408326
1280502207310376962
1280502033070555140
1280501965957496834
1280501774093254656
1280501721010188288
1280501650193612800
1280501537429741569
1280501415845212162
1280501260978921474
1280501210240503811
1280501116308983809
1280500996016345088
1280500811248947204
1280500493282881538
1280500488585306112
1280500222024658950
1280500124645539843
1280500093959974914
1280499786806951936
1280499756620484608
1280499698252554240
1280499649951006720
1280499556938067968
1280499540051865600
1280499356504920071
1280499197213659136
1280499170319781888
1280499138740858882
1280499023967850507
1280498990119780352
1280498968380821512
1280498899300515843
1280498561872953345
1280498292233773057
1280498223157858307
1280498168665341954
1280497989765693442
1280497908866076672
1280497839152549897
1280497777932480513
1280497692901285889
1280497571551678466
1280497535635918848
1280497464861167624
1280497183742099461
1280497085452861440
1280497025981825024
1280496668828413953
1280496601136578560
1280496592982888449
1280496565199818754
1280496524611522574
1280496469900963841
1280496197782953984
1280496056913051652
1280495994371821576
1280495969726062602
1280495731628027907
1280495715152781312
1280495667404734466
1280495385002328065
1280495159378096129
1280495104583704578
1280495072065335300
1280494978230366208
1280494923289112576
1280494840095047682
1280494818859397120
1280494660486643713
1280494496950689792
1280494351169327106
1280494324359344130
1280494282210791425
1280494237096738816
1280494181299994624
1280493933185859590
1280493917398618114
1280493903997743106
1280493846430916608
1280493607322103811
1280493426534998016
1280493346155364358
1280493306066210818
1280493222020685827
1280493163359150081
1280493123756531712
1280493072061734916
1280492764153643009
1280492751017123841
1280492703776735232
1280492640069353472
1280492506803822597
1280492456719585281
1280492435068649480
1280492424993923079
1280492401526812673
1280492339002310658
1280492249504194560
1280492078154252289
1280492045023526912
1280492009862676480
1280491938576314373
1280491708803923970
1280491567434944512
1280491142929317890
1280491119462187008
1280491062461677569
1280490860543651842
1280490715328532480
1280490643618496512
1280490590355050497
1280490565000400897
1280490543135494145
1280490541030006786
1280490486671773696
1280490432108138496
1280490393965117441
1280490336851234816
1280490081497858055
1280490076359856128
1280490023905898496
1280490000929435648
1280489887888748544
1280489612012597248
1280489592802680832
1280489580760838144
1280489503967322114
1280489491891916800
1280489439836471296
1280489387504140295
1280489314388934656
1280489260118945795
1280489142946840576
1280489113297305602
1280489017440702464
1280488989053632512
1280488966341492738
1280488907877027841
1280488847231549440
1280488725575880706
1280488703438262272
1280488655862280192
1280488644080435200
1280488638309109760
1280488515927707649
1280488374344863744
1280488361510285312
1280488275631845377
1280488252324093954
1280488249782386688
1280488174045839362
1280487999134990336
1280487963324022784
1280487933502533635
1280487809724436480
1280487734344396800
1280487636247949313
1280487632573693952
1280487569973747713
1280487512197210113
1280487462066892800
1280487386670149633
1280487377971097600
1280487266360623108
1280487223566221317
1280486943449645057
1280486906158071810
1280486630344794112
1280486603253784581
1280485727457992705
1280485674668494850
1280485617227440128
1280485384137445376
1280485374008139777
1280485360913518592
1280485320291749889
1280485271356821505
1280485195666411520
1280485177991495680
1280484975003959297
1280484832322215936
1280484744141119488
1280484628516782081
1280484625534668802
1280484611651502083
1280484337713065985
1280484207098236934
1280483820261736448
1280483690917900291
1280483622621937666
1280483552300273669
1280483551755018241
1280483231519956993
1280483021641089024
1280483001961504769
1280482864392437761
1280482824307564545
1280482692908408840
1280482649568616449
1280482645672165377
1280482593243385858
1280482288493645824
1280482268302188545
1280482230087933955
1280482163721490434
1280482039146446848
1280482012701380609
1280481809009184769
1280481734862266374
1280481512509579264
1280481467047575552
1280481251888181248
1280481243000422401
1280481088368979969
1280481086326411265
1280481069284933632
1280480979036102659
1280480953098547200
1280480796298674177
1280480771279589376
1280480663930572801
1280480654078214144
1280480586629611520
1280480501917196289
1280480468014637057
1280480437253652480
1280480432052670464
1280480319515381761
1280480251806715905
1280480245448167424
1280480221993598977
1280479955835662338
1280479938311749632
1280479937477124096
1280479862927560709
1280479838399270912
1280479773249220610
1280479749257736194
1280479671503724546
1280479667519135744
1280479664289517569
1280479654181298176
1280479582286688267
1280479578230861825
1280479355291000834
1280479326778130432
1280479161476362240
1280479036121153536
1280479021118169088
1280479008732438530
1280478940587593728
1280478904281636866
1280478880437059585
1280478810278957056
1280478657287458817
1280478646319407105
1280478576568143873
1280478539918315520
1280478443780612099
1280478441570275329
1280478432019787781
1280478281402376193
1280478085297721345
1280478005823967234
1280477953563000832
1280477952631885824
1280477803956383745
1280477798289850368
1280477762604748800
1280477748587364354
1280477479635955712
1280477460421840898
1280477232750870528
1280477228158115840
1280477227491241984
1280477224827785216
1280477091830599681
1280477087262965761
1280476881570201602
1280476795490504704
1280476758459002881
1280476701043105792
1280476645216989184
1280476588413521921
1280476577902493696
1280476572592615425
1280476530481737733
1280476529093488641
1280476415608139777
1280476317243314176
1280476314949091329
1280476001760403456
1280475961780289543
1280475773015658496
1280475726760882177
1280475613766340609
1280475586180329473
1280475571651260419
1280475547039150085
1280475520933810176
1280475430269714433
1280475387588415490
1280475351605481473
1280475294529445894
1280475232776736768
1280475218709004288
1280475194629533698
1280475168608051201
1280475109094981633
1280475086437433350
1280475028530831360
1280474821193801728
1280474691942187008
1280474547028983808
1280474534630621184
1280474515378757632
1280474453064011778
1280474235895525377
1280474091967909888
1280474017535795200
1280473964452732928
1280473874287779840
1280473873767714816
1280473838636208129
1280473806524596224
1280473800526778368
1280473751839219712
1280473730272169984
1280473616581304320
1280473613313900546
1280473545198448643
1280473448888832001
1280473308396388352
1280473301337477122
1280473293741580289
1280473143514103809
1280473008583462912
1280472967835721728
1280472953587728386
1280472898965327872
1280472867981996033
1280472761861840896
1280472619955953665
1280472570945404929
1280472505568899072
1280472434504761346
1280472410517639169
1280471945407074304
1280471777332940800
1280471705115332608
1280471639789010944
1280471587112792066
1280471577243660293
1280471204378353671
1280471179325771777
1280471109524168704
1280471077655924737
1280471076972253184
1280471068755529728
1280471045045092355
1280470964267036672
1280470930783965192
1280470923037073409
1280470919929114629
1280470850945331200
1280470818984726528
1280470803612647424
1280470734477963264
1280470174567718913
1280470015490342913
1280469953116811264
1280469792915415041
1280469771230875650
1280469643170381826
1280469627710160896
1280469609695580165
1280469595237867520
1280469569006698496
1280469453831053312
1280469358825914369
1280469312298516480
1280468850832793600
1280468672918835200
1280468618900312064
1280468459344867329
1280468441493901312
1280468433801527296
1280468405104054275
1280468357020557312
1280468340989968385
1280468198702415874
1280468173524013058
1280468143773802496
1280468105978880000
1280468042284228609
1280467947358691329
1280467876688912386
1280467862927347713
1280467801728266240
1280467697566978049
1280467654424309760
1280467634593705985
1280467509934686209
1280467483951017987
1280467475952553984
1280467443698237440
1280467416217268224
1280467398496313344
1280467158741508097
1280467067666391041
1280467041477177346
1280467039870545920
1280467033839329280
1280467020048408581
1280466915555717121
1280466757904486403
1280466712975073280
1280466693119184896
1280466645459369984
1280466564534411264
1280466546381463556
1280466486650449920
1280466477401997318
1280466445810511875
1280466426889940992
1280466409231986689
1280466315040509952
1280466311265562625
1280466249147875330
1280466236627968001
1280466183834284037
1280466159641526272
1280466017525825536
1280465988069326849
1280465987947634689
1280465848562593792
1280465743939862529
1280465715980533765
1280465543611514882
1280465533876436992
1280465519720660993
1280465461340188672
1280465428368760832
1280465420860960768
1280465290451705857
1280465236395466752
1280465174860832769
1280465056606666752
1280464925744402433
1280464889014820865
1280464878562664448
1280464864683732997
1280464816793178112
1280464803769790467
1280464783922380800
1280464719028072448
1280464625729966080
1280464619153297409
1280464553529217025
1280464538614353921
1280464496344121344
1280464473640390658
1280464417612861440
1280464248657887232
1280464233738711041
1280464192936566784
1280464153019383808
1280464134803468297
1280464068336287745
1280464016209596417
1280463888618860544
1280463879479406598
1280463810759987200
1280463787489927169
1280463670246543360
1280463664349360129
1280463660788469761
1280463572666060801
1280463558925602816
1280463502306611200
1280463480584318977
1280463402234793985
1280463325902577665
1280463321771245573
1280463303278542853
1280463266435735554
1280463250757423104
1280463223318351878
1280463181811499008
1280463132750741504
1280463127231021061
1280463113104523265
1280463091986239489
1280463066438742016
1280463012730753025
1280462924176338945
1280462815455739905
1280462793297334272
1280462581384261632
1280462529005748225
1280462514921357312
1280462502736920577
1280462501885460481
1280462440615030784
1280462331659550722
1280462270095675398
1280462264227815425
1280461808428613633
1280461747795759104
1280461724878077952
1280461718016098304
1280461715390562305
1280461709942173697
1280461666174603266
1280461664245219330
1280461645349781505
1280461624533495808
1280461608293105664
1280461517893390336
1280461504748359680
1280461436649648129
1280461396619210753
1280461370815807488
1280461368525807618
1280461331846639616
1280461308463329283
1280461201818955778
1280461094377721861
1280461082222645248
1280461020058787841
1280460773941280769
1280460712385679362
1280460681926639616
1280460622703009792
1280460427969912832
1280460389478793217
1280460353323835392
1280460343257464838
1280460304032452608
1280460298005229569
1280460187799707649
1280460186654855168
1280460145382875136
1280459998238257154
1280459963836620802
1280459872639877120
1280459782059692033
1280459670562508800
1280459653831438336
1280459643169505281
1280459509933256704
1280459393851670528
1280459130034171904
1280459113248501761
1280459036308246529
1280458988488818689
1280458956587126785
1280458932759248897
1280458926891438080
1280458923242393600
1280458822558126082
1280458804971343872
1280458802664476672
1280458663304585217
1280458641510993920
1280458635722792967
1280458561882148864
1280458556228198401
1280458392243441664
1280458385293533185
1280458278204518400
1280458191801929729
1280458177440616449
1280458161388949504
1280458016324714498
1280457956031639554
1280457894341881858
1280457812070498304
1280457792969736196
1280457783977091074
1280457731246379008
1280457700237770752
1280457652586381321
1280457549150670849
1280457533325533186
1280457451544948736
1280457416006684677
1280457370485784577
1280457352609771523
1280457346255409153
1280457332850376704
1280457184040685568
1280457147013369856
1280457136623976448
1280457128252248065
1280457023709200385
1280457009922523136
1280456938296356865
1280456901353000960
1280456802476462080
1280456749091360774
1280456575401046016
1280456574142644224
1280456558837719041
1280456531939454977
1280456530048024576
1280456396081790977
1280456390134444032
1280456250749341699
1280455917096644608
1280455858166681600
1280455822573699073
1280455779699568640
1280455757033541632
1280455726054457344
1280455556176674818
1280455405722730501
1280455400156999681
1280455281814712321
1280455272763457537
1280455251242426368
1280455205755195392
1280455092748062720
1280455027040157698
1280455005179346944
1280454982119100417
1280454943112118273
1280454927215714305
1280454903572373504
1280454659740774400
1280454512810082304
1280454344249393152
1280454320371257346
1280454313219891201
1280454260661071872
1280454060391436288
1280453996898062337
1280453979038781440
1280453977390317568
1280453876408299520
1280453845089427456
1280453646887641088
1280453582291116034
1280453565459451906
1280453553702780928
1280453334969786369
1280453294352207873
1280453270541041664
1280453169986797568
1280453151385096192
1280453093373730816
1280453092559986689
1280453012230725634
1280452991708008448
1280452984904855552
1280452964583432194
1280452920648105984
1280452917175169024
1280452800107986944
1280452778155008000
1280452419533627392
1280452338457640961
1280452335160963072
1280452328387117057
1280452081502040064
1280452052750123008
1280452021204680706
1280451905492258816
1280451766140776449
1280451740786180096
1280451608678187008
1280451539270803456
1280451244910403585
1280451244272816129
1280451243622707200
1280451242209271811
1280451167903002625
1280451072126042112
1280451040127713283
1280451022087954432
1280450861659979776
1280450798539988993
1280450703094415361
1280450687722237954
1280450653702283265
1280450636702715904
1280450634785964033
1280450586413084672
1280450525734096896
1280450498408185856
1280450455089360896
1280450431966208001
1280450412060041217
1280450203229847554
1280450201380102145
1280450171592212480
1280450028264468483
1280449989496524802
1280449880880799744
1280449831564120064
1280449815265017856
1280449774316072960
1280449755131326464
1280449689092083714
1280449662475022336
1280449458602467336
1280449417435283463
1280449073896718346
1280448877850759170
1280448728336400385
1280448600552738817
1280448466959949824
1280448465198288897
1280448369345921024
1280448282368577536
1280448278153375747
1280448190802726917
1280448173752954885
1280448098909720576
1280448029229711360
1280447898447200257
1280447837088690177
1280447797448278016
1280447728053628929
1280447612710268928
1280447605248573440
1280447429570109441
1280447379938979841
1280447340889980929
1280447333424082946
1280446919412760576
1280446829595955200
1280446708682539009
1280446705188601859
1280446590352793602
1280446535076020224
1280446461696712705
1280446067465768960
1280446017553473537
1280445979918061568
1280445879380557826
1280445867368108033
1280445832458907648
1280445777685381123
1280445599016538113
1280445216714043392
1280445210728726528
1280444980935475200
1280444974409101312
1280444967752806401
1280444956298088455
1280444781127237632
1280444622393802752
1280444546799800322
1280444395100295168
1280444260471406593
1280444123900776450
1280443765384269825
1280443445304229890
1280443426631286785
1280443184590487553
1280443126835032064
1280443086846537729
1280442820806008833
1280442587808256000
1280442574663270405
1280442292013236224
1280442276087566336
1280442033707069441
1280441884188577793
1280441657171890176
1280441473138405377
1280441253491085314
1280441188894625825
1280441135274405888
1280441098909908992
1280441027703308289
1280440954944512000
1280440942957334528
1280440890805403649
1280440786715377669
1280440571136479232
1280440523413749760
1280440358833446912
1280440299555295232
1280440289619050497
1280440275295440896
1280440214889078784
1280440193498177537
1280440106957111302
1280440023511425026
1280439986488258561
1280439966682710016
1280439911703810049
1280439896554057729
1280439834725793793
1280439816933556224
1280439762067828738
1280439747131985920
1280439676474658816
1280439573655572481
1280439545520099330
1280439491237498881
1280439416239067137
1280439411478605826
1280439410652307457
1280439366733750272
1280439270931673088
1280439212580507652
1280439137712115712
1280439122621054976
1280438818076844034
1280438746501066752
1280438734417256448
1280438541609246720
1280438494712737798
1280438456527847424
1280438308154126336
1280438287165988864
1280438209865043968
1280438124141740033
1280438041316855809
1280437971351670786
1280437876887609346
1280437582338408450
1280437569218580480
1280437549354422273
1280437468748275712
1280437341560193025
1280437311277338624
1280437200497397760
1280437115252363264
1280437087515402246
1280437027843039232
1280437022113574918
1280436942216335361
1280436814361227264
1280436770140798976
1280436760837840896
1280436723697299456
1280436714675240960
1280436701173866496
1280436633788170241
1280436382066974720
1280436135278317568
1280436084539883520
1280436070837112832
1280436041976070144
1280435877450264577
1280435812564377601
1280435709824897024
1280435663540813824
1280435558179909633
1280435513514758144
1280435131573043207
1280435093987868672
1280435049779867649
1280435014711357440
1280434907777564672
1280434880741081090
1280434824470282242
1280434820368273409
1280434799405142016
1280434749195137025
1280434688230862849
1280434653661462533
1280434650456915968
1280434537466605568
1280434443212242945
1280434310672236546
1280434264811679745
1280434245475991553
1280434185577078784
1280434169521324033
1280434123425886208
1280434101930123266
1280434076365852673
1280434033122574339
1280434022930407424
1280433968689680384
1280433887211069440
1280433711327129607
1280433617215373313
1280433601218260993
1280433600069074945
1280433485099008001
1280433453415227393
1280433452681170945
1280433355809570817
1280433260263280640
1280432984387194880
1280432776316104704
1280432650847690754
1280432631742676994
1280432513136185346
1280432464129716224
1280432447755296771
1280432309657796608
1280432232742768646
1280432198626181122
1280432106120847360
1280432097136644097
1280432014827696128
1280431970548363264
1280431762758385665
1280431711956975617
1280431676179562497
1280431509569183745
1280431405546328064
1280431368632221698
1280431190483353600
1280431065144983552
1280430965949632512
1280430964615917570
1280430959779856385
1280430947926708225
1280430727356710917
1280430547995709440
1280430471135080451
1280430342265020416
1280430234354024448
1280430217572626432
1280430193820254208
1280430187440726016
1280430017093255168
1280429976676958215
1280429902643200001
1280429860280832000
1280429847051939841
1280429826214694912
1280429813006827520
1280429803770961920
1280429712570023936
1280429485351895041
1280429293760372738
1280429266614792192
1280429211442954240
1280429179604013057
1280429167142744064
1280429108770603009
1280428944374849536
1280428715101630464
1280428627272884224
1280428602597744641
1280428478282809345
1280428454173958144
1280428409332563973
1280428384972087297
1280428319868059648
1280428123411144704
1280428023746101248
1280427916485156864
1280427894301474817
1280427885300535299
1280427792576937984
1280427759710461953
1280427678974324737
1280427562724884480
1280427538683224069
1280427514339491841
1280427461927370752
1280427439269851137
1280427425801867264
1280427417048436736
1280427369346539520
1280427307858046976
1280427196440555521
1280427019558424576
1280426957906345984
1280426909181108224
1280426717195177984
1280426670848172032
1280426452459106304
1280426389930418176
1280426371316174849
1280426280761143296
1280426037550161921
1280426021033054209
1280425991442255873
1280425860638613504
1280425745920266241
1280425608393129984
1280425597005635587
1280425469536546816
1280425463844872193
1280425266033111040
1280425201835147264
1280425164002467841
1280425120264224768
1280425086294667264
1280425084122025986
1280425012080652289
1280424945072451585
1280424942299951104
1280424766181163009
1280424763559677954
1280424706273955841
1280424520281620481
1280424435519049728
1280424143498948609
1280424121151533056
1280424103858618368
1280423818121666560
1280423598122033152
1280423568476721152
1280423462297907202
1280423384694824964
1280423018808971265
1280423010227359744
1280422854723538944
1280422805620785152
1280422745373892609
1280422663786246144
1280422439302901761
1280422366288515072
1280422305416560641
1280422255621582848
1280422158792081408
1280422017959890944
1280421703219363840
1280421386067066881
1280421322238148608
1280421209537044480
1280421191833042944
1280421108685123585
1280420997657776128
1280420972328296449
1280420947917488128
1280420850689290245
1280420750239956992
1280420745315856387
1280420483545083908
1280420440637345792
1280420412661383168
1280420364674306053
1280420198227591168
1280420193236287488
1280420192930222080
1280420161586106369
1280419982002831361
1280419963531145217
1280419825907613696
1280419815145046016
1280419711482761217
1280419544067117057
1280419460973813760
1280419313334333440
1280419182476214272
1280419104436994048
1280419093397602305
1280418972605861890
1280418966104653824
1280418693235855361
1280418636805672960
1280418572070682624
1280418459793403904
1280418224794931202
1280417885610016769
1280417634849370112
1280417556801748992
1280417539009495040
1280417488908570624
1280417469367308289
1280417430167269377
1280417332108681216
1280417260159545349
1280417244888158208
1280417204278886400
1280417169474490368
1280417133328060416
1280416888531623936
1280416824232947712
1280416782839357443
1280416767307907073
1280416684315197440
1280416675293204481
1280416624231813126
1280416623933915136
1280416469017333760
1280416281880133634
1280416276318486528
1280416270299652096
1280416226217517056
1280416141077291008
1280415429089951744
1280415290942160896
1280415047223848960
1280415028110376960
1280414996787322880
1280414842147520515
1280414678154436609
1280414584046788608
1280414568196509696
1280414520549179392
1280414102771376128
1280413794661830657
1280413715364487168
1280413612675420161
1280413402247188480
1280413396672880640
1280413361461760000
1280413360274767872
1280413281337950209
1280413230893010944
1280412969143336961
1280412947681095680
1280412945130889216
1280412894811881472
1280412311396761600
1280412230467665920
1280411914942722048
1280411875377889283
1280411721908264960
1280411570720440320
1280411564613545985
1280411563799859200
1280411511656255488
1280411415304601600
1280411376264138753
1280411244642603008
1280411122588356608
1280410827540049920
1280410771722309638
1280410767511126018
1280410645247201282
1280410610652663809
1280410474941685760
1280410458168659968
1280410375566090240
1280410337804726273
1280409947474403329
1280409919976607744
1280409888318017537
1280409819615199232
1280409741647323136
1280409651096555520
1280409471253176320
1280409427938619392
1280409337723265029
1280409201102204930
1280409154268598272
1280409062040129536
1280408920742395904
1280408882456788992
1280408861401329664
1280408797316632576
1280408699027292160
1280408583205793792
1280408527035645958
1280408422878531590
1280408395317641216
1280408359162839041
1280408217680400384
1280408135820345344
1280407997005606912
1280407988478541824
1280407986805055488
1280407896241713152
1280407854739083265
1280407744399511552
1280407718390640643
1280407676107849728
1280407619593789446
1280407618692026368
1280407219616571392
1280407097776144384
1280407018340323333
1280406980054732800
1280406973771591681
1280406946038849536
1280406813897342976
1280406630635536385
1280406607600459776
1280406604886806528
1280406512364670981
1280406484644515840
1280406457972899840
1280406444580442113
1280406444374921216
1280406337663401984
1280406284353880066
1280406232336138241
1280406042476675074
1280405913615155200
1280405901829120000
1280405833386536960
1280405792387104769
1280405589433233408
1280405474228219904
1280405290249265152
1280405280573083649
1280405193318948864
1280405178164948992
1280405168325001216
1280405020610121730
1280404909213585409
1280404829026889736
1280404794771988480
1280404682737934337
1280404682628829185
1280404664152924161
1280404657085571072
1280404586461827072
1280404562998853634
1280404550432591873
1280404497727131649
1280404492685578241
1280404490571649024
1280404456065175552
1280404405527941120
1280404387895140352
1280404381461106693
1280404337227956224
1280404277391953920
1280404275282264064
1280404238485655553
1280404207678431232
1280404166129713154
1280404102191681537
1280403881923678209
1280403860507500545
1280403842740432896
1280403733529182208
1280403214144339969
1280402838963785728
1280402831292477448
1280402643991609344
1280402485283258374
1280402468086714368
1280402448742580224
1280402446943207426
1280402417222406144
1280402137709715462
1280402041807024130
1280402037126160384
1280402019870822402
1280401897803911168
1280401891034267648
1280401787875463168
1280401759907840001
1280401754094473216
1280401693096763392
1280401651157929984
1280401437193900032
1280401402037223424
1280401307724021762
1280401254817189888
1280401181257367553
1280401156095737856
1280400914210308096
1280400882031644672
1280400834967285760
1280400802918662144
1280400724954841089
1280400668973555713
1280400569811812352
1280400371492552704
1280400269034033153
1280400080063823872
1280400045825761280
1280399955895685120
1280399685291773952
1280399538222772224
1280399341983850496
1280399215030607873
1280399147749838848
1280399141118541824
1280399118188363777
1280399030296760321
1280398999908909058
1280398970548891648
1280398774884610053
1280398747453632513
1280398662292701185
1280398601370218496
1280398538535514114
1280398531518488576
1280398415848001536
1280398338890838017
1280398311124545536
1280398109588295681
1280398032488579072
1280398000897089537
1280397944336846848
1280397757853900805
1280397689621041153
1280397681773461504
1280397551506722816
1280397501787451392
1280397448981217281
1280397414990520321
1280397400134373376
1280397153664405510
1280397148438347776
1280397129140273154
1280397127005409282
1280396934096859136
1280396747517427713
1280396739808243713
1280396715091165184
1280396597101318144
1280396533939175424
1280396501072707584
1280396471934881793
1280396377164525568
1280396289272877056
1280396175837925376
1280396172574756864
1280396118254333954
1280395945402908672
1280395937899257856
1280395924028690432
1280395868055707650
1280395765697916929
1280395641328467968
1280395532104499200
1280395430061314048
1280395400390852609
1280395398864146432
1280395364307292165
1280395351191666690
1280395166323552257
1280395148883623936
1280395028859322368
1280394746998009856
1280394738198286338
1280394682141376512
1280394384450752512
1280394280712929280
1280394277500182529
1280394174911651840
1280394098990559232
1280394072943886336
1280394062458208256
1280394049808150528
1280394043659366400
1280393847152017410
1280393713961832449
1280393642088312832
1280393478636220416
1280393444725329920
1280393345966247943
1280393325078556672
1280393297832402944
1280393292144934912
1280393020047872005
1280393011025924096
1280392928553246720
1280392924476387328
1280392885330944001
1280392830247145474
1280392738945601539
1280392645521608709
1280392419419308032
1280392355816841216
1280392163768049664
1280391891104792576
1280391737203216384
1280391617845870592
1280391472190304256
1280391425440481280
1280391397800017920
1280391289037561867
1280391278233034752
1280391252454842368
1280391203037614081
1280391089279700993
1280391004567359488
1280390912783331329
1280390870630612992
1280390856432730112
1280390853178032128
1280390631219740672
1280390618003509249
1280390617856643074
1280390499677933568
1280390330211348485
1280390311878017025
1280390116519878656
1280390062388240384
1280389934034141188
1280389837519028226
1280389810889375744
1280389773551710208
1280389628361617409
1280389547415810048
1280389376304873473
1280389269627043841
1280389181433397249
1280388884766089217
1280388760333701120
1280388593094135808
1280388578955202560
1280388513763135489
1280388513293307904
1280388407026429953
1280388386667315200
1280388337967267848
1280388319508037633
1280388259902783490
1280388170203488257
1280388153359175681
1280388086409637888
1280388027907440640
1280388007967838209
1280387659794386944
1280387656812310529
1280387624235139075
1280387515409666048
1280387497516830720
1280387287398993921
1280387259775234048
1280387069500633088
1280386887732080640
1280386836611895297
1280386645355900928
1280386600065740800
1280386576728625152
1280386306682560512
1280386132031737857
1280386083193262082
1280385926829617153
1280385917316988928
1280385683736190976
1280385555709247489
1280385410628300802
1280385342177239040
1280385201147990016
1280385134114504705
1280384963838386177
1280384957135945728
1280384903264251904
1280384849786912768
1280384847580667904
1280384817876602880
1280384769210097670
1280384639283204098
1280384525059710976
1280384488934191104
1280384203515932673
1280384177259626496
1280384129499095043
1280384088902381568
1280383936158466048
1280383925597212672
1280383903057022976
1280383892810334208
1280383794424446976
1280383788451803136
1280383563360165890
1280383424520425473
1280383391930765312
1280383373899423746
1280383310208827392
1280383217946759168
1280383216797519872
1280383169850736640
1280383153312538625
1280383118415929344
1280382947959476224
1280382919819907072
1280382865151340545
1280382596048990208
1280382561068482561
1280382484870463498
1280382302024073219
1280382299209695233
1280382018703044608
1280381844106678272
1280381837412577280
1280381816696905728
1280381676946886656
1280381671628509184
1280381527323561990
1280381380480970752
1280381354102923264
1280381082173669379
1280380810395295745
1280380796117934081
1280380534779260932
1280380383100575745
1280380178368208897
1280379776587481088
1280379771864723457
1280379408411484161
1280379336449839104
1280379122603249664
1280378973709615106
1280378829798809602
1280378657266171905
1280378226712481793
1280378206072209408
1280377951901700096
1280377913091768321
1280377780253982720
1280377706119606273
1280377693796741120
1280377626776010753
1280377589484445696
1280377376027881472
1280377332293869569
1280377311431401472
1280377067171962880
1280376833880592385
1280376744697049089
1280376613046280192
1280376520394117120
1280376510801723392
1280376288168083456
1280376261379055616
1280376195507462146
1280376065702199297
1280376006256123905
1280375986706690048
1280375816992546816
1280375326539907074
1280375324971237376
1280375271833640971
1280374801043992577
1280374760552177665
1280374722321166342
1280374082937262081
1280374047306428417
1280373934492393472
1280373861587070976
1280373769605918720
1280373667516612610
1280373470442983425
1280373428390973444
1280373384912740352
1280373322157522944
1280373261839273984
1280373099448369152
1280372890093998081
1280372611659239426
1280372395220643841
1280372220402053122
1280372103649333249
1280372009789263872
1280371553050427392
1280371521165430785
1280371491666829312
1280371448562036737
1280371433152090112
1280371378152185857
1280371355574296577
1280371331759058950
1280371219502678018
1280371134030995456
1280371088044756992
1280370980712599552
1280370810142756865
1280370708216979456
1280370325893586945
1280370304817250304
1280370054937358337
1280370021873696770
1280369826742120448
1280369611725312001
1280369368409550849
1280369368174604289
1280368946873499648
1280368816992718849
1280368760726192128
1280368621764706306
1280368600998645762
1280368465199718400
1280368406949134337
1280368385562419200
1280368142217338880
1280368067701362688
1280367936096608258
1280367917369098240
1280367858883706880
1280367832870649857
1280367533711917058
1280367285945933826
1280367147273904128
1280366879790546944
1280366851017576448
1280366790644772868
1280366571123290112
1280366272656674816
1280365937737314304
1280365771831619586
1280365330104287232
1280365179067404289
1280365176265617409
1280365025677508609
1280364866021228549
1280364774551846912
1280364527322910720
1280364503797022722
1280363870536830976
1280363868519313409
1280363710666727425
1280363552088436737
1280363384429580290
1280362395593039879
1280362367658926080
1280362265594781701
1280362014792200192
1280361951252615168
1280361934240522240
1280361876061335558
1280361799859294209
1280361500113342464
1280361163205816320
1280360896095588352
1280360600418291713
1280360467064553472
1280360380737478656
1280360143385956354
1280359883481718785
1280359839173160965
1280358764827291649
1280358263087927297
1280358203944054788
1280357770093637632
1280357167128772609
1280356444320272384
1280356110684360709
1280355940106207239
1280355909684924416
1280355677299449860
1280355460558848001
1280355127556296704
1280354993216815104
1280354945640906754
1280354680506396672
1280354665914339328
1280354043848790016
1280352754444185601
1280352427980578817
1280352141962600448
1280351455594020864
1280351042006323201
1280350972863266816
1280350789685444609
1280349411432894466
1280348751031394304
1280348428963319808
1280348322939777026
1280348261388152833
1280348052763676674
1280346974529740811
1280346406402867202
1280345426839973889
1280344293362872320
1280343988038512641
1280343874448359427
1280342900761661440
1280342797762146304
1280342773154095105
1280340958215909377
1280340881002954753
1280340865362415618
1280340702082281479
1280339296088711168
1280339036327022596
1280336812100268032
1280334323258982400
1280333782344699905
1280333529180786688
1280333413459918848
1280333158899163136
1280331777563930625
1280331101123289089
1280330948949786625
1280330023870910464
1280329336952958978
1280326618326630410
1280323422225076224
1280322453462560769
1280320029087719426
1280319254538203139
1280318935322308608
1280318824978550784
1280317217901510657
1280315412782219266
1280315343043518465
1280314960841760769
1280309575502245888
1280309233595154437
1280307551284932609
1280306465207713793
1280306369757937664
1280306349046366209
1280305687676047361
1280305400081002496
1280304879232258050
1280304455800565763
1280303949904568327
1280301621319172099
1280301529916989444
1280301505443246080
1280301318268162049
1280300847583371265
1280300359794274304
1280299811430969346
1280297401119629313
1280296988685357057
1280296809643102211
1280295966390849538
1280295818365407232
1280295658067558402
1280295355482099712
1280294640508428288
1280293805984559106
1280293680503492610
1280293461720268802
1280293137546653696
1280292788891004934
1280291141699743744
1280290972975464449
