1288262735692783617
1288262630914883585
1288262543786606592
1288262086787764225
1288261996702584832
1288261888472764418
1288261872618213377
1288261658578690048
1288261496141742081
1288260966032060417
1288260888336707584
1288260715221078016
1288260672334303232
1288260591631695875
1288260465647288320
1288260325733806081
1288259332082208768
1288258677934370816
1288258615216943104
1288258412292329472
1288258225637404672
1288257817435152386
1288257549372985349
1288256869665050625
1288256476931403776
1288256466214739969
1288256068183715840
1288255018823487488
1288254971532775424
1288254746223095820
1288254174237462533
1288254147209437185
1288254013289443328
1288253963867914247
1288253899162484737
1288253759110483969
1288253614343979015
1288253430616788995
1288253337343856640
1288253050495406080
1288252503797182464
1288252382707687425
1288252290462298120
1288251995460075520
1288251921946607617
1288251915516760064
1288251899238584321
1288251536443940865
1288251518819467267
1288251463760830464
1288251253928206339
1288250760740970496
1288250713798332418
1288250486026633216
1288250364546949122
1288250296192376835
1288250175283232769
1288249866100105218
1288249151550033926
1288249045463506945
1288248994477604864
1288248946809331713
1288248936818450432
1288248707922776064
1288248634862051328
1288248609801211904
1288248547377283077
1288248427646791680
1288248319228116993
1288248281722761217
1288247935805853697
1288247933306118144
1288247812015218693
1288247610570989569
1288247574420488193
1288247531529555968
1288247407185190912
1288247392916168704
1288247301719363585
1288247175756095496
1288246987826106368
1288246881685037058
1288246656476028940
1288246647064072195
1288246430818357250
1288246301499568128
1288246291760402434
1288246271174737920
1288246074780655625
1288246073111257088
1288245389141970944
1288245330866245632
1288245297597087749
1288245185898598400
1288244926753447936
1288244819672866817
1288244690299555848
1288244374799814662
1288244258252754944
1288244235901308928
1288244133346390016
1288244092460310528
1288243900969373696
1288243822602878977
1288243717019701251
1288243650074304514
1288243644726738946
1288243418561380355
1288243325867261959
1288243241004019712
1288242999038803969
1288242990251749379
1288242982622199808
1288242933838352384
1288242700102311938
1288242311441330178
1288242221892935680
1288242094977540097
1288241968473092098
1288241896167481345
1288241768014712834
1288241715959287813
1288241642982572042
1288241493015240708
1288241489273921538
1288241486530846723
1288241083147792385
1288241049882759171
1288240838103969793
1288240696525193219
1288240403779653633
1288240370288070658
1288240298586447872
1288240243242676231
1288240235541823488
1288240096425259010
1288240028498432005
1288240017937182721
1288240001801740293
1288239650570739713
1288239544631001094
1288239436011118592
1288239359007895552
1288239175142182914
1288239109841006592
1288239051871531010
1288238814104899595
1288238540548116482
1288238375921745921
1288238304287232000
1288238038963953664
1288237818846883840
1288237769702150144
1288237582409773056
1288237575409414152
1288237490164375559
1288236012527849475
1288235790758227969
1288235720457564161
1288235556124725249
1288235366848372738
1288235331943305216
1288235015076229120
1288234877213650944
1288234856980373505
1288234841486524422
1288234809521778688
1288234616151838721
1288234606244880394
1288234533385646081
1288234393748766722
1288234338501500929
1288234261393428480
1288234093088509953
1288234045147623426
1288233779857850368
1288233777785982978
1288233700908556291
1288233684408164353
1288233641936654342
1288233423379849217
1288233391461203971
1288233250532589569
1288233133599535112
1288233084421386242
1288232899393785858
1288232858100916225
1288232854279905282
1288232814693974016
1288232780158115848
1288232388749918209
1288232216221360128
1288232154506420224
1288232025502220288
1288231929251336194
1288231889162166272
1288231715157180418
1288231688477319176
1288231346264055810
1288231131834470401
1288231112788062213
1288231058304114688
1288231036707581952
1288230756259713029
1288230706624319488
1288230459705524224
1288230406337310721
1288230395893424131
1288230364889206784
1288230360673931275
1288230337244471296
1288230217341980673
1288229748120989697
1288229645939245057
1288229524203864066
1288229429475520514
1288229360315650048
1288229344159174658
1288229158418558978
1288229115464765444
1288229073303543813
1288229046250283008
1288228940331589634
1288228867560427520
1288228608151101440
1288228592422461442
1288228521559695363
1288228492879036417
1288228491905970176
1288228325714952194
1288228276725399557
1288228251756720128
1288228133347500040
1288228017848889357
1288227600423428096
1288227584300457991
1288227543640936449
1288227464402087937
1288227319367241728
1288227214132228096
1288227140245303302
1288227089561407489
1288226980077469700
1288226897764261893
1288226859457687554
1288226786694828041
1288226781342961666
1288226778159419392
1288226627483308042
1288226537272233986
1288226423933730816
1288226383936868353
1288226362759815168
1288226356850053123
1288226300151443463
1288226115186831361
1288226094555058176
1288226073826734081
1288225927424548868
1288225862521937920
1288225748390752258
1288225596045230081
1288225569214271488
1288225439811604481
1288225412695363584
1288225371419217920
1288225300820656131
1288225263059337216
1288225087460704257
1288225003192963072
1288224983408402433
1288224928848846848
1288224873781907456
1288224815879512066
1288224754785296384
1288224707200909313
1288224706240356352
1288224671381557250
1288224647104929792
1288224591798829056
1288224501566709763
1288224436735414272
1288224297283182592
1288224227406028809
1288224190601015298
1288224155113070598
1288224138797232129
1288224072518774785
1288224064264339457
1288224016545853440
1288224001823735810
1288223864602927107
1288223826543874049
1288223811440181248
1288223741781082112
1288223606019952640
1288223585396457472
1288223576047452161
1288223549799489538
1288223467775696898
1288223457788993536
1288223363379298304
1288223218524971009
1288223108453761024
1288223098781741056
1288223094075805699
1288222811761197057
1288222810737975296
1288222754207129600
1288222752479096832
1288222733982224390
1288222644119183364
1288222506927742982
1288222452301139968
1288222428620034048
1288222352778637312
1288222213892722690
1288222206829486084
1288222167675674626
1288222129855528961
1288222050587377664
1288221860052774912
1288221858710650881
1288221813714104321
1288221766729572363
1288221731883225091
1288221671808274437
1288221656066994179
1288221644859879430
1288221623812796418
1288221457932333056
1288221403708366849
1288221300914368514
1288221021888303104
1288220933912756224
1288220919085838341
1288220781068070914
1288220692568301569
1288220647177453569
1288220608514465794
1288220590868967425
1288220554672185344
1288220520689938432
1288220512305524738
1288220368113631232
1288220277999120386
1288220038755954689
1288220029729873927
1288220010754772993
1288219993520451591
1288219895235215360
1288219831251210241
1288219778478411776
1288219746492731392
1288219733347753986
1288219665286782976
1288219547158417408
1288219296229928961
1288219259374645250
1288219257315065856
1288219245952872449
1288219226717782016
1288219209722474497
1288219200469831680
1288219118177591303
1288219110682308608
1288218950690643981
1288218947410710530
1288218946206924801
1288218943287697411
1288218941026951168
1288218937784762368
1288218935775694848
1288218931002593280
1288218930021048323
1288218913478717443
1288218906692329474
1288218890993115137
1288218863046397952
1288218858462076929
1288218828296671234
1288218826266619905
1288218824706326532
1288218823171215365
1288218821787099138
1288218818767093761
1288218784784945152
1288218752077762561
1288218748080525313
1288218652941201413
1288218622813503489
1288218582875283456
1288218510494257154
1288218506622898177
1288218392072159232
1288218380433010689
1288218370433744901
1288218275122470913
1288218229958115330
1288218219099107329
1288218211264208898
1288218184823250945
1288218170562678786
1288218123456393217
1288218106645577730
1288218066996867072
1288218057081585669
1288217957118742533
1288217950147805184
1288217944502272007
1288217871592685573
1288217763736170497
1288217672203800577
1288217623998734336
1288217617929572355
1288217590758866945
1288217430179880965
1288217386747858945
1288217273816227840
1288217177078878211
1288217168895717377
1288217108719992832
1288217062532358145
1288217028730458112
1288216974342881285
1288216918193778690
1288216890872147968
1288216824337895424
1288216805941616641
1288216779035160577
1288216753844215808
1288216687377108992
1288216661707956231
1288216574495784960
1288216473996013568
1288216454836387844
1288216385106182145
1288216362943488007
1288216361609695232
1288216357033713669
1288216314482499588
1288216208999948290
1288216136266514442
1288216109234167819
1288216078011826176
1288215953424158721
1288215950525894657
1288215931773214725
1288215717171560449
1288215689912881153
1288215618676756481
1288215540578869250
1288215480638099458
1288215445967966209
1288215361020661762
1288215300412977152
1288215264040030212
1288215150332387329
1288215092966952960
1288215014613098500
1288214900989452293
1288214841480613888
1288214828943847427
1288214696936513536
1288214574399987713
1288214412776689664
1288214348436054017
1288214249869901827
1288214190818295820
1288214169926471680
1288214165295898631
1288214059561758722
1288213930133925893
1288213714852876293
1288213660263948288
1288213578085007364
1288213432890798082
1288213282797617152
1288213188308348928
1288212985002037253
1288212840524939264
1288212769985171457
1288212605505613824
1288212583082795008
1288212548634935296
1288212547611566081
1288212317801533440
1288212229104570368
1288212227028389893
1288212210901188609
1288212193075494912
1288212188277211136
1288212123479429120
1288212121906536448
1288211961411514369
1288211723250536449
1288211682888691716
1288211563967586309
1288211510746066944
1288211462561964034
1288211400943378433
1288211389908230144
1288211338083401728
1288211333251510275
1288210919806455810
1288210912755712001
1288210735940734982
1288210704634454018
1288210704479277056
1288210664775966735
1288210513340629006
1288210415621746688
1288210257978822657
1288210234243256321
1288210100516257792
1288210048070701057
1288210037228347394
1288210026931380224
1288209776082669570
1288209737041969152
1288209670268686336
1288209639683874817
1288209609082253313
1288209580946857986
1288209557274198016
1288209522214002690
1288209489443921921
1288209463896309762
1288209299932618752
1288209294761041921
1288209143187243008
1288209037276872705
1288208923128991744
1288208909170335745
1288208771920076802
1288208669897883648
1288208478247550983
1288208348278665217
1288208337809661955
1288207711696551936
1288207676854472704
1288207521426153475
1288207365133815810
1288207312763723776
1288207252369932288
1288207244409090053
1288207239849811968
1288207185307205634
1288207079124144129
1288206941265833986
1288206914371936262
1288206704736378880
1288206577061842946
1288206575585427456
1288206505771245568
1288206504152240130
1288206433285267462
1288206315337199618
1288206301953130502
1288206245560758274
1288206122835468291
1288205903527849986
1288205880677281795
1288205833361338368
1288205798217261056
1288205585054404611
1288205495715725313
1288205483468349446
1288205469492838406
1288205391327907843
1288205373372071942
1288205369781694467
1288205336965505026
1288205334356557828
1288205120942018560
1288205051798990848
1288204913353404416
1288204910840905729
1288204835234484229
1288204829064679430
1288204671161696258
1288204531902357505
1288204404395573250
1288204309566562307
1288204126464204800
1288204014392430593
1288203838927843331
1288203708610813952
1288203698657726464
1288203611915390978
1288203600867602434
1288203583092031488
1288203540138283008
1288203529312772102
1288203356150943745
1288203274353545216
1288203120410071040
1288203043465551874
1288202229430849537
1288202209570754563
1288202174670004227
1288202077722890245
1288201856653709316
1288201849393352709
1288201790438215680
1288201746909736966
1288201606673190916
1288201547806105605
1288201448841412609
1288201309179576320
1288201263532904449
1288201218142220294
1288201112147943432
1288201102937260035
1288200977141596162
1288200787198455809
1288200486219390977
1288200469895094275
1288200321223852034
1288200255398449152
1288200233986535432
1288200186158878720
1288199969074274309
1288199929161232388
1288199849842745345
1288199800937226242
1288199798856855554
1288199718569496577
1288199679897776128
1288199534095499264
1288199513971265536
1288199503493967872
1288199079328088064
1288199012131188736
1288198857713754119
1288198748070457344
1288198626016100354
1288198515806605315
1288198487377620992
1288198438170112001
1288198276559392768
1288198232145895429
1288198183542194177
1288198132002689025
1288197990147121159
1288197986577678337
1288197912955105280
1288197846278250496
1288197845804355584
1288197708864528386
1288197571236724736
1288197485870096390
1288197321939996673
1288197215664713728
1288197072613711872
1288197046659354626
1288197027483004929
1288197026027626496
1288196752743563264
1288196733248339973
1288196728429125632
1288196646103375872
1288196576469553152
1288196567732813824
1288196522820206592
1288196319144706051
1288196235371978752
1288196229948678144
1288196190094467083
1288196099833057286
1288196062059143175
1288195929993097217
1288195929770795010
1288195899785715714
1288195898900713473
1288195839790391300
1288195747092070401
1288195714305187840
1288195683862876160
1288195654389506052
1288195526647779328
1288195487280123909
1288195322171330567
1288195286733672450
1288195228864778241
1288195198934228996
1288195123029958660
1288194876371345413
1288194799711985666
1288194688625848321
1288194557021245441
1288194489660710915
1288194390926725121
1288194382206836736
1288193996251107334
1288193779682488321
1288193778235383810
1288193670173396993
1288193618617028610
1288193513411272709
1288193492464939009
1288193491542183936
1288193462404292608
1288193436651331584
1288193401888878595
1288193398898413570
1288193374630154240
1288193368275787776
1288193345882292226
1288193319097507843
1288193114612670473
1288193087395831811
1288192852602781702
1288192826900123653
1288192793723232259
1288192752598110209
1288192544485117954
1288192421260660736
1288192313798332417
1288192301978836992
1288192251265519617
1288192191567998976
1288192090627809285
1288192073611522049
1288191839561035776
1288191814588039168
1288191600812855296
1288191532512808960
1288191486400573440
1288191308574740481
1288191257353822208
1288191205516419074
1288191162122219522
1288190977879035905
1288190631710470144
1288190478802915328
1288190328546168839
1288189971162107910
1288189828530679812
1288189721898823682
1288189689913118720
1288189503996338181
1288189382902657024
1288189251918663683
1288189164542926856
1288189004966395905
1288188716536799235
1288188710555721728
1288188641978744834
1288188555957800962
1288188509476589570
1288188455453958146
1288188251648524288
1288188120459091974
1288188076997652488
1288188021314027522
1288188001642852355
1288187946517004291
1288187796717436934
1288187792556806144
1288187685262237696
1288187455527686145
1288187306235629568
1288187249209810946
1288187225226838016
1288187073934102531
1288186997207597066
1288186981831315456
1288186928760868869
1288186925212479489
1288186882120196103
1288186864835473409
1288186834405777409
1288186763035385857
1288186692634128386
1288186415256403968
1288186389545328640
1288186378900176897
1288186360378077184
1288186284507267072
1288186208816967681
1288186105741946881
1288185881824829447
1288185840393388039
1288185827265253379
1288185639008178176
1288185625716436992
1288185588881985536
1288185560641699846
1288185554316800000
1288185509295149059
1288185499325280257
1288185491276341248
1288185480874532865
1288185399521746946
1288185398112522241
1288185264490401795
1288185130650152960
1288185122102050817
1288185101549961216
1288185045077950464
1288185042548727809
1288185018335010820
1288184963154812929
1288184786331283458
1288184778139807746
1288184724696031240
1288184692345364481
1288184613446266880
1288184546714890240
1288184447402033152
1288184413080170496
1288184348538216448
1288184300630835200
1288184251318509570
1288184242644688897
1288183889886957570
1288183608000294913
1288183589096558592
1288183586257076225
1288183465716912129
1288183326486999042
1288183058978537474
1288182802236809216
1288182769600864256
1288182749636055040
1288182655465422848
1288182616211042304
1288182301713670144
1288182027917893634
1288181994560663560
1288181898225815557
1288181897399611392
1288181841216888839
1288181791380054016
1288181746434019328
1288181730877288451
1288181564166242305
1288181216408207360
1288181112305520641
1288181037433061382
1288180908030337026
1288180893513809921
1288180730061893633
1288180549987827713
1288180519008702465
1288180328515985410
1288180103575371778
1288179979566686210
1288179903209316364
1288179702805532672
1288179676456914946
1288179645914001408
1288179576934486016
1288179425151004673
1288179407513964544
1288179322021445635
1288179300534038529
1288179142857560064
1288179123815354374
1288179008983699456
1288178922807611392
1288178911235448833
1288178820596539392
1288178650345545730
1288178523597922311
1288178460997955584
1288178405645725698
1288178364231094272
1288178334107607041
1288178282471489540
1288178222539116546
1288178161671446531
1288177901188395010
1288177897220517892
1288177796817342465
1288177663950172162
1288177639740538882
1288177439382867970
1288177375965044737
1288177296914944001
1288177288006316033
1288176811717865474
1288176641353699330
1288176556511236097
1288176433139982338
1288176214621003778
1288176209138987008
1288176041152991232
1288176009485967360
1288175967463264260
1288175942171537408
1288175940934279168
1288175882998362112
1288175819873976320
1288175807253426181
1288175364485906432
1288175339080945664
1288175259749842945
1288175258353180672
1288175210391314432
1288175194473934848
1288175122311000065
1288175033643401218
1288175010624880641
1288174989183787009
1288174782501060608
1288174715161452544
1288174703920766979
1288174700200329217
1288174581379997696
1288174292660817920
1288174178739326978
1288173957200347136
1288173730414260224
1288173632653492230
1288173626831917057
1288173608016252928
1288173556321394688
1288173381477699585
1288173331938717698
1288173255648575489
1288173191798628353
1288173187872808960
1288173180247584768
1288173154767114241
1288172923954647046
1288172921295458304
1288172838546022400
1288172698280103939
1288172630550302720
1288172586908758022
1288172481006764039
1288172346839375872
1288172259115507714
1288172177913675776
1288172092622503936
1288172087530618880
1288171970459205632
1288171804880564224
1288171742830223365
1288171725751025664
1288171512097382403
1288171462579322880
1288171413220851714
1288171407122272257
1288171357453406209
1288171171431809025
1288171153551503362
1288171147763372038
1288171074677506053
1288171012463439872
1288170786935709696
1288170762852012035
1288170756069830662
1288170683265167361
1288170606991749120
1288170376871190529
1288170357304721410
1288170274001690625
1288170202442719235
1288170043390468097
1288170034922237953
1288170019696914450
1288169991427297281
1288169847566860290
1288169768982372356
1288169722463354881
1288169716570259457
1288169672345563136
1288169468011700231
1288169096752881664
1288169087546294272
1288169069787717634
1288169008844464129
1288168817387016194
1288168780686864388
1288168736009195520
1288168729365405699
1288168321372880899
1288168258986807297
1288168242847113223
1288168084881264642
1288167979168026627
1288167957298905091
1288167890752024577
1288167739606077440
1288167734698803200
1288167658152693760
1288167638124957699
1288167569497743360
1288167531258281985
1288167522571816962
1288167519698771968
1288167519308701698
1288167502212726789
1288167424911695872
1288167416112062469
1288167342372016128
1288167334826455044
1288167204903624711
1288167169696694272
1288167147663962118
1288167132300279810
1288167124721176576
1288167094010470400
1288167021813862403
1288167016763920384
1288166903026941958
1288166812555902978
1288166789659205633
1288166703508094976
1288166550961356800
1288166368219746304
1288166284149108736
1288166219279994881
1288166055601479680
1288166045795127296
1288165849367547907
1288165755423543297
1288165719407054848
1288165685370249232
1288165682559975426
1288165669813485570
1288165526498430978
1288165496517533696
1288165421951131648
1288165359456071680
1288165291998969857
1288165260277538823
1288165182754172929
1288164937886576640
1288164850124890112
1288164841451065345
1288164787176824833
1288164695673909248
1288164681065127937
1288164659074404352
1288164337933340674
1288164259524939777
1288164231997796352
1288163845937278981
1288163754832797696
1288163749313085441
1288163719806103554
1288163629477564418
1288163625212010498
1288163606983475200
1288163530198458369
1288163428901834754
1288163315672391680
1288163215172612097
1288163137787777025
1288163135174651906
1288163020464623616
1288162930459115520
1288162676154208256
1288162620760088576
1288162418833620992
1288162325351063554
1288162245587931137
1288162212058734595
1288162133390364679
1288162078138814470
1288162077325000705
1288161978326962181
1288161741608820736
1288161606573199360
1288161383855591424
1288161346241155072
1288161307192176647
1288161266025074688
1288161142183989248
1288161124110802946
1288161060294451200
1288161057937281025
1288160802156040192
1288160615157190657
1288160512463839244
1288160047193890824
1288159923491295233
1288159898098966528
1288159893665599489
1288159769665187841
1288159754787917832
1288159666946572291
1288159629067849729
1288159562835668993
1288159554145067008
1288159518870970370
1288159448637284362
1288159415682695169
1288159248870969350
1288159073167384580
1288159020331802625
1288158785035481088
1288158741557379075
1288158588754628608
1288158490138214400
1288158362673254400
1288158095806537729
1288157854269157377
1288157806345048068
1288157805141254144
1288157800099729408
1288157636723126279
1288157619170037760
1288157469135507457
1288157226570584070
1288156969442910208
1288156959896735745
1288156781181640706
1288156639380623361
1288156608019791872
1288156390310195202
1288156350439137280
1288156298014597120
1288156268729901062
1288155958368243713
1288155907516444678
1288155775425290247
1288155386646794253
1288155344447901696
1288155338932465664
1288155181272707073
1288155082832453633
1288155004826718208
1288154927957782530
1288154891924496386
1288154817555202048
1288154660617027585
1288154495969562627
1288154468626964486
1288154453426798592
1288154156260298752
1288154087360540672
1288154027440713729
1288154018842386433
1288153444038127616
1288153379399774209
1288153290329464832
1288153242367598592
1288153231600885764
1288153222771875840
1288153181902589953
1288153054110507012
1288153022996996096
1288153001039933440
1288152954982277121
1288152848279183368
1288152559916654595
1288152431206051840
1288152022953472000
1288152019862278144
1288151643788398594
1288151603044855809
1288151569989545984
1288151448367357953
1288151348576493569
1288151294151208964
1288151241357434884
1288151217521254400
1288151196453285890
1288151001686511616
1288150747520139265
1288150691068903431
1288150608638357509
1288150531614158848
1288150469509029889
1288150423203872768
1288150380208164864
1288150345852624896
1288150244132360193
1288150220006731779
1288150205699969031
1288150152700723200
1288150097142964225
1288150058194604034
1288149989655367680
1288149914732630017
1288149822235705344
1288149805148131335
1288149661216366592
1288149652580311042
1288149474213322755
1288149322480209921
1288149315375046656
1288149219342155782
1288149179227877379
1288148717355360261
1288148704545976320
1288148464044576769
1288148437880446976
1288148296830201858
1288148229159358466
1288148121202171907
1288148009566560256
1288147961709506568
1288147733807865856
1288147688568102912
1288147671878959104
1288147661355454472
1288147660533309444
1288147645299601409
1288147565213626368
1288147553901514753
1288147431427891201
1288147425568399360
1288147415644635139
1288147395189059584
1288147380920029184
1288147332094218241
1288147216780201984
1288147214171340801
1288147188162469890
1288147134127255553
1288147099113185282
1288147079869665280
1288147028808290308
1288146993810944003
1288146976824004608
1288146913125117954
1288146873895845895
1288146816807178240
1288146603195465729
1288146539869884416
1288146462736621568
1288146364866662400
1288146274454298627
1288146233765265414
1288146210029699073
1288146184016723968
1288146151607283713
1288146144753856512
1288146122138161154
1288146090685079552
1288146059437514753
1288145896035823622
1288145890587414529
1288145858412908549
1288145742943653891
1288145670789050368
1288145612517642241
1288145596579303427
1288145529751379975
1288145501448216577
1288145483286949889
1288145463833694208
1288145427188133889
1288145203916759040
1288145193825374209
1288145180571447297
1288145061222518785
1288145022584487937
1288144982344335364
1288144968863883266
1288144915793354753
1288144868016107521
1288144763263176706
1288144743994667008
1288144660658032642
1288144564696551425
1288144458396180482
1288144365618180099
1288144350363488256
1288144296269537281
1288144198223441920
1288143812087488513
1288143810090991616
1288143783163461633
1288143759981641728
1288143638963335168
1288143466086703106
1288143457341575169
1288143391180689413
1288143386764091392
1288143158849744897
1288143111768727554
1288143082551115776
1288143018055303169
1288142971880210432
1288142861683367940
1288142855488315394
1288142799951605763
1288142782855610368
1288142756733489155
1288142693718269955
1288142679780589569
1288142571475283968
1288142504039153665
1288142429691011072
1288142407847075841
1288142305556398080
1288142247058432005
1288142098223501313
1288142061502332933
1288142022231162881
1288141961300512769
1288141820443144193
1288141808636252164
1288141794040057856
1288141776658800640
1288141644844457984
1288141637533802496
1288141598547685377
1288141534693556224
1288141382859870209
1288141161576701952
1288141156199653378
1288141023756124160
1288140984346443778
1288140921113108480
1288140713721503744
1288140634491150336
1288140600739586048
1288140540152872961
1288140488885886977
1288140304902758403
1288140274380746752
1288140230411812864
1288140165966376961
1288140120558899200
1288140028997259264
1288139949557112832
1288139893177225217
1288139876400078849
1288139815712686093
1288139645134536704
1288139536539758596
1288139472526352389
1288139472182349831
1288139396869390339
1288139395984482305
1288139369665224704
1288139258348347395
1288139168196026368
1288139132984864771
1288138999543083011
1288138874879975431
1288138855586177024
1288138754360774658
1288138701307088896
1288138665345122306
1288138597225377799
1288138563742306304
1288138374616932352
1288138343147016193
1288138137525518337
1288137954511265797
1288137777658372104
1288137723375685638
1288137594119872513
1288137514910351360
1288137509621334017
1288137497646632960
1288137184323797008
1288137119085584384
1288137102987857925
1288137085979959297
1288136898796556290
1288136841531621378
1288136837744283648
1288136746987814913
1288136704826671105
1288136494893465604
1288136401037426691
1288136269331968000
1288136244145401860
1288135875843547141
1288135702807547905
1288135551820992514
1288135509265481728
1288135454831841281
1288135453208698880
1288135316038193153
1288135114967351296
1288134983257907200
1288134950613659650
1288134870573764609
1288134761962262536
1288134561357090816
1288134183622246403
1288133912846376967
1288133908551413761
1288133750786789377
1288133687046012928
1288133650031284226
1288133434712502272
1288133354492170242
1288133318698049539
1288133255259131913
1288133253342400512
1288133192088772609
1288132907815632896
1288132749170216960
1288132705159348225
1288132692983320576
1288132415697846272
1288132233983860736
1288132206028902403
1288131885001056257
1288131823999098880
1288131823403503617
1288131713495789568
1288131598546862083
1288131568742129664
1288131557673361410
1288131392258400256
1288131333219328000
1288131186347450370
1288130869249675265
1288130850853396481
1288130774894546945
1288130772776488961
1288130715771637760
1288130683400003584
1288130597597122561
1288130485932236802
1288130171476860928
1288130099624259585
1288130093894832129
1288130027419250688
1288129987757957122
1288129937749217280
1288129586262241281
1288129394658160640
1288129380502437888
1288129374361919488
1288129306862989313
1288129258146201600
1288129110846431232
1288129106350092295
1288129044261883904
1288129024942891009
1288128952591147008
1288128942638092290
1288128917572919297
1288128771535536128
1288128725423476743
1288128692057567233
1288128678203781121
1288128609752883200
1288128569109962753
1288128412977115136
1288128305535709186
1288128106906017795
1288128088740691968
1288127865779699718
1288127715627790347
1288127625970368514
1288127622145142786
1288127611994959874
1288127575340904449
1288127573554163721
1288127423158996993
1288127342208942087
1288127304422440961
1288127272923217920
1288127190052122632
1288127159203057667
1288127148142649345
1288127106245787649
1288127072754253832
1288127025434173440
1288126959390662670
1288126847771791363
1288126828087926785
1288126805568700421
1288126760945516545
1288126732910780425
1288126677592104960
1288126653068005376
1288126641479196677
1288126477427302402
1288126200737488898
1288126162334408707
1288126133037236228
1288126067677380610
1288126024329203723
1288126002481123331
1288125974689665029
1288125632589598726
1288125601291751425
1288125580559278088
1288125446782033922
1288125427832111105
1288125407527497728
1288125398019002369
1288125379593428994
1288125244578738178
1288125166988324866
1288125147321208833
1288125129227001858
1288125092501680134
1288125088936497156
1288124989346988035
1288124908594032641
1288124814264111104
1288124756907028480
1288124690993618949
1288124656583499780
1288124563365085184
1288124460885630977
1288124295533625344
1288124278831906817
1288124235253047296
1288124167498342402
1288124148464496648
1288124017858101248
1288123985561964548
1288123985469743107
1288123945594441728
1288123943799238663
1288123900367212547
1288123896856588289
1288123571668041734
1288123517657968641
1288123512796766209
1288123491380637704
1288123437798449159
1288123304797024261
1288123294483456000
1288123253030936579
1288123235532333056
1288123226938204160
1288123134277689344
1288123010344300548
1288123002974920710
1288123001523695621
1288122868841082883
1288122637877538818
1288122596257492992
1288122551034494976
1288122521565327367
1288122509414432773
1288122413771710466
1288122371518291972
1288122330590281729
1288122308083630080
1288122225485164550
1288122201430843396
1288121930478845952
1288121771464433671
1288121704632393728
1288121689113468930
1288121667030355971
1288121489770688520
1288121405867823106
1288121321088376835
1288121154729721856
1288120970595581953
1288120676100972547
1288120620278939650
1288120481409724416
1288120285720264704
1288120240266604546
1288120085412888577
1288120064537817093
1288120062570688513
1288120036826046465
1288119977120133128
1288119948514979844
1288119896509788163
1288119771611803653
1288119693488746497
1288119672378802177
1288119608860278784
1288119508129865732
1288119505764286473
1288119403721052164
1288119379029180421
1288119296833413127
1288119272212819969
1288119266747674627
1288119217854676995
1288119154399051777
1288119119846371333
1288119091358654468
1288119054612324353
1288118817223110657
1288118794875895814
1288118735585177600
1288118697710608386
1288118538771734528
1288118486426742785
1288118471847342082
1288118400607084546
1288118392742764544
1288118322408484865
1288118318545526792
1288118120851234818
1288118023325278211
1288117913308733441
1288117912985731072
1288117902231527424
1288117865728466946
1288117766285750275
1288117708723109889
1288117544281284609
1288117504267579394
1288117426668724224
1288117394548785153
1288117383660331011
1288117362944696322
1288117353255845889
1288117329016942592
1288117146623434752
1288117064742232073
1288117060699004928
1288116909146169356
1288116873712680963
1288116820965089280
1288116774433505284
1288116554161242120
1288116458157834240
1288116428600557569
1288116317837434881
1288116245154263040
1288116206570835969
1288116047443144711
1288116032096178176
1288115963083149312
1288115907865137154
1288115512967217152
1288115493849591810
1288115388945858560
1288115325053988864
1288115252131794950
1288115195802300418
1288115179482263554
1288115161199284227
1288115049794428929
1288114958018818049
1288114949248565249
1288114899495788546
1288114786471837704
1288114743777955842
1288114743643746305
1288114742330970119
1288114698487885833
1288114641051062272
1288114567164256267
1288114548365332481
1288114502811054081
1288114474516230146
1288114405096321024
1288114195863486465
1288114189106417665
1288114138938408960
1288114126951034882
1288114111658602496
1288114087784660993
1288113964518277123
1288113865968902144
1288113865314594823
1288113837833560064
1288113775711666177
1288113763573305345
1288113687337684992
1288113622506303499
1288113466067128322
1288113437763989504
1288113415722942467
1288113336282787842
1288113319153266692
1288113229487472646
1288113218594865153
1288113173233455112
1288113128052416520
1288113091662589958
1288113054933110785
1288113040957665280
1288112915975872520
1288112907507519489
1288112813928407046
1288112730193276935
1288112676854353920
1288112649843089414
1288112595669364737
1288112531660144644
1288112503717691394
1288112476211408900
1288112389506756613
1288112330128023552
1288112206203109380
1288112078947905547
1288112068944519168
1288111986157350912
1288111945157996549
1288111937855737863
1288111761699135495
1288111685492826117
1288111563237289995
1288111549781950464
1288111233577521152
1288111065331462152
1288111044183777281
1288110935475855362
1288110912264523777
1288110900897918984
1288110830911811589
1288110719867580421
1288110693397327878
1288110681250660356
1288110663319949313
1288110562165972992
1288110562044346373
1288110560672804864
1288110408042033155
1288110305063518209
1288110284859510788
1288110267839127553
1288110260842926085
1288110260662673409
1288110241171660803
1288110024586227719
1288109992772423680
1288109972451033090
1288109713599602690
1288109697606639617
1288109644561305602
1288109556308926466
1288109366978023430
1288109322531045376
1288109314377310209
1288109276104282113
1288109214775181314
1288109040673808384
1288108985543831554
1288108961606975490
1288108944250900483
1288108832254652417
1288108746024001539
1288108722477101056
1288108689572810754
1288108623764189190
1288108561352896514
1288108547465609223
1288108432986259462
1288108342913597444
1288108326966841345
1288108293039075333
1288108278858182659
1288108270125584387
1288108195374723077
1288108187883773953
1288108175854469121
1288108055054315520
1288107996824735750
1288107878906126341
1288107878700609538
1288107865207533568
1288107773444517890
1288107625893122054
1288107608939696130
1288107529856094213
1288107504300224519
1288107414143692802
1288107367507222530
1288107351124226049
1288107339413741570
1288107263522086916
1288107226830233609
1288107226586968074
1288107086853758977
1288107084832100354
1288107034483679234
1288106977629888519
1288106973829844997
1288106972760256515
1288106952556511232
1288106914975383557
1288106910667780099
1288106903612973057
1288106886768680960
1288106780870885378
1288106719231451137
1288106644144967680
1288106582471921666
1288106525437829122
1288106471901655044
1288106443502006272
1288106407452000259
1288106406067843072
1288106297708015618
1288106287041929220
1288106216602791936
1288106188870057984
1288106188664524802
1288106116614967297
1288106042333605894
1288105917691473920
1288105900394180609
1288105867246620673
1288105754327539714
1288105628162854912
1288105599574503425
1288105569551704066
1288105547045015557
1288105481458704385
1288105390383624195
1288105372301930496
1288105257566785537
1288105206631235584
1288105056038842370
1288104999688364033
1288104989290708993
1288104914065924097
1288104887020998657
1288104807329181696
1288104741302493185
1288104725527715843
1288104713422962695
1288104574536966146
1288104545403277318
1288104338720612354
1288104312967557120
1288104307863166977
1288104200270798855
1288104145707098117
1288104065419718656
1288104027620876289
1288104007995555852
1288103978748669953
1288103865468874755
1288103790948675586
1288103775727575040
1288103717892308997
1288103678788820994
1288103625672318979
1288103605409665024
1288103563244142593
1288103557569421312
1288103466053718017
1288103430980960258
1288103390736654341
1288103337628499968
1288103321702666245
1288103227649486855
1288103191641575424
1288103153934561280
1288103120095064064
1288103003417800704
1288102948900343810
1288102856667602944
1288102801935986694
1288102727432785922
1288102640329531392
1288102606909431808
1288102526844370944
1288102415909171200
1288102388943982593
1288102337999974400
1288102199709429760
1288102100837126144
1288102020201639937
1288102010168934400
1288101974697639937
1288101933064978432
1288101921010511874
1288101904313016320
1288101842287640583
1288101832338714624
1288101788407799808
1288101751867035654
1288101724994056194
1288101619624751104
1288101500359761920
1288101466171944962
1288101347661840385
1288101294247251970
1288101277138903040
1288101268096000000
1288101263213645824
1288101136868823040
1288101048222179333
1288100868286447617
1288100852251725824
1288100831288598529
1288100715739648004
1288100591663710209
1288100565998809093
1288100517546205189
1288100495484243968
1288100426387259392
1288100403993870343
1288100319780642817
1288100252411670529
1288100182677229568
1288100175186206722
1288100161542131713
1288100027416576002
1288099937679482884
1288099874425188353
1288099859699040256
1288099761057402881
1288099757316091914
1288099600239407105
1288099559114072065
1288099350808350721
1288099319086800896
1288099299293892608
1288099249796915200
1288099231291645954
1288099173137616896
1288099163645911043
1288099045412675584
1288099039519690757
1288099016740343808
1288098996981051392
1288098970133299201
1288098956669603841
1288098943323107330
1288098767191838721
1288098659759009797
1288098582738894849
1288098560899264512
1288098521795747841
1288098517869907969
1288098490791399425
1288098373472522240
1288098203821375490
1288098173538443266
1288098127174676481
1288098124553170946
1288098088750665729
1288098069490401280
1288098067602964480
1288097905916682240
1288097766560927748
1288097761871761410
1288097748139544577
1288097736294895620
1288097705617772544
1288097682351849473
1288097346128171008
1288097338909691909
1288097257192136706
1288097224828825600
1288097168390266880
1288097123087593473
1288097109481119745
1288097050450690048
1288097037725110273
1288096947870601218
1288096932569796609
1288096826478997506
1288096822817361920
1288096797139914752
1288096781591629824
1288096753116471298
1288096729716461569
1288096717750116352
1288096716072394752
1288096618580004864
1288096613366484993
1288096612905091072
1288096487893798913
1288096481132642307
1288096237284098049
1288096198365192194
1288096144640348160
1288096026188972039
1288095985349079042
1288095821096001536
1288095807015727104
1288095801592487936
1288095766754529280
1288095680934879233
1288095628346765313
1288095590006558722
1288095557811154950
1288095384787714049
1288095370355056640
1288095212234055681
1288095155598307330
1288095140243013634
1288095116717064195
1288095038308638720
1288095038011039746
1288095030910091264
1288094986483970048
1288094954707984387
1288094939205771264
1288094899158552581
1288094877281136640
1288094854787076097
1288094555338924033
1288094516071870465
1288094423205773312
1288094313147256832
1288094209061330950
1288094165994295296
1288094156041211904
1288094117713543168
1288094090387697664
1288094076080979971
1288094033114476545
1288093999648190465
1288093979301601280
1288093968669040645
1288093956052377602
1288093875198930945
1288093809994276865
1288093736686297090
1288093710178295809
1288093698971119616
1288093680675500035
1288093573980868609
1288093378291408897
1288093135529287681
1288093128730304513
1288093111692996608
1288092935268061185
1288092847913218048
1288092714026905600
1288092529230057472
1288092461424934913
1288092428914876419
1288092394622255105
1288092391610691584
1288092359310233600
1288092334073225216
1288092271401992194
1288092264116486144
1288092213205970945
1288092209930276864
1288092076647874565
1288091937434673152
1288091929956306944
1288091833181048832
1288091827330068488
1288091730005430273
1288091723349057536
1288091694911676417
1288091693510733824
1288091684526596098
1288091650552733699
1288091628977164296
1288091538027839488
1288091534295015424
1288091443949711364
1288091387926323201
1288091342367854593
1288091295794241537
1288091236105158657
1288091222230343680
1288091207382573057
1288091193373593601
1288091111207116805
1288091096082522114
1288091042588364802
1288091026293432320
1288090954847727618
1288090825172426752
1288090794730164226
1288090726149095425
1288090527758417925
1288090519189561344
1288090476424433666
1288090414424227840
1288090375945703424
1288090359327862784
1288090297755488257
1288090151588188165
1288090094537256961
1288090034881671168
1288090009287954432
1288089994482122758
1288089857630380032
1288089810025021443
1288089785744195584
1288089684850151425
1288089657431949312
1288089565689974786
1288089562493997057
1288089511919067139
1288089503899324418
1288089480658923520
1288089321464111104
1288089318209314816
1288089253021388802
1288089222000324613
1288089207479697408
1288089096175394817
1288089032635883523
1288089007918919681
1288088989854052353
1288088934023487488
1288088910036443136
1288088874208636929
1288088855313371136
1288088791262138369
1288088762870792193
1288088762388566016
1288088750212501506
1288088718843285504
1288088707203989504
1288088674069090305
1288088647569420289
1288088556687302657
1288088550056046594
1288088544406310912
1288088474667679744
1288088405293793280
1288088318031343618
1288088277296324608
1288088190948179969
1288088188922269696
1288088143934173184
1288088140272607242
1288088099789078528
1288088044617322496
1288087979878223873
1288087819450286081
1288087727947350016
1288087700021678080
1288087598146232320
1288087522153828352
1288087510669819904
1288087465434243073
1288087398560276482
1288087376565342210
1288087294075981827
1288087208642187264
1288087180921929728
1288087037296422912
1288087015704211456
1288086977632440321
1288086940038832134
1288086909542072322
1288086896552402944
1288086882572734464
1288086738653663233
1288086514187067393
1288086338252738560
1288086330799521793
1288086283835912192
1288086258045136899
1288086214596231169
1288086065790832643
1288086014511198213
1288085879865712641
1288085832767873025
1288085819832635392
1288085799855173635
1288085798202597376
1288085753965182977
1288085693609259009
1288085623438479361
1288085614475325440
1288085556354834432
1288085463505539072
1288085457985732608
1288085430689304584
1288085397097066496
1288085313630461952
1288085284517826560
1288085263613337605
1288085246236397569
1288085196248621057
1288085188073816066
1288085132822433792
1288085120730173445
1288085068125282306
1288085055143845893
1288084998986313730
1288084768337395713
1288084655644844032
1288084625475207168
1288084573167988741
1288084552926273540
1288084483166687232
1288084384113926145
1288084373758259203
1288084307744034816
1288084286596407296
1288084211275046912
1288084177401843712
1288084130786357253
1288084096778940416
1288084068408729600
1288084051010740226
1288084028176859142
1288083975425204224
1288083863860903936
1288083836941873153
1288083732432379907
1288083687049961473
1288083377522987010
1288083366651277312
1288083292080742400
1288083280827428864
1288083186069770242
1288083184526274560
1288083109385326592
1288082993072963585
1288082988782301185
1288082924630421504
1288082871190802435
1288082805738672128
1288082768753233920
1288082747945291776
1288082698129604610
1288082688423886856
1288082688373673984
1288082658363416576
1288082513215332352
1288082496505118721
1288082487952969729
1288082483599245312
1288082473474306049
1288082449977745411
1288082370415996928
1288082318477930497
1288082312584888321
1288082258675609601
1288082225112719360
1288082213058285568
1288082209061122050
1288082115712745472
1288082095378771968
1288082089020137473
1288082087128510466
1288082061887246337
1288081915933843456
1288081898296807429
1288081871042158592
1288081870639509510
1288081818651172865
1288081776561328128
1288081713231474695
1288081675788976128
1288081655308066818
1288081569308119041
1288081500764856320
1288081477654257664
1288081459987783682
1288081372473700357
1288081325493235712
1288081196535119873
1288081128369336320
1288081057527418882
1288081051127095297
1288081046748028929
1288081042742611969
1288080925159546887
1288080886060253186
1288080811548463104
1288080758268100608
1288080753239248897
1288080749384564737
1288080676147941378
1288080655910203393
1288080649262227458
1288080614965510147
1288080594929426432
1288080535781244929
1288080461667991553
1288080404545540096
1288080394735308800
1288080370529964033
1288080354465787907
1288080199180079105
1288080123200249858
1288080118963769344
1288080118624256000
1288080089809326080
1288080086638497793
1288080041503596545
1288080025288421376
1288080011338174468
1288079996712628231
1288079978467393538
1288079963955003393
1288079961501454341
1288079849555464192
1288079836033032192
1288079698799534080
1288079676351668225
1288079597788106752
1288079559188000769
1288079533464334341
1288079460059799552
1288079406938968069
1288079402878803968
1288079309832368129
1288079207382294528
1288079042009346050
1288078861356478465
1288078806192984064
1288078783300481024
1288078773326356484
1288078765688606721
1288078727147130881
1288078639679111169
1288078635497336833
1288078627796660224
1288078560012513280
1288078522896928769
1288078513162137600
1288078511467528192
1288078499975245824
1288078457877004289
1288078379942584320
1288078343112470528
1288078267187171334
1288078231309103105
1288078183024254976
1288078155224424449
1288078147724902400
1288078121556742151
1288078106625019906
1288078089684234240
1288078033488949248
1288078009589592066
1288077972830904323
1288077959673323520
1288077938248888321
1288077937527398403
1288077918376271872
1288077890739986433
1288077870242430977
1288077866241011712
1288077835811409922
1288077828219719680
1288077816479842311
1288077800520536065
1288077789820854272
1288077746531377153
1288077685487534081
1288077674070581250
1288077605300731904
1288077515559493637
1288077497427517440
1288077487860318210
1288077435100106752
1288077320079773696
1288077250546618370
1288077190454812674
1288077157525344256
1288077148184551425
1288077097676738561
1288077092412887040
1288077088097001472
1288077065447772160
1288077049916272641
1288077045315055616
1288076917468532736
1288076917351088130
1288076914389909504
1288076855468265474
1288076846031085569
1288076830474407937
1288076808689274880
1288076698186113025
1288076694130221057
1288076677818585088
1288076652606455809
1288076644599631873
1288076549716168706
1288076505671700482
1288076489574035458
1288076454887137281
1288076344920768513
1288076327187361793
1288076298296987650
1288076295272792066
1288076284766167040
1288076260329967617
1288076103245008897
1288076003101814784
1288075982906294272
1288075943559532550
1288075938488389635
1288075907480064000
1288075868355661825
1288075852962553856
1288075845807083521
1288075812667826184
1288075778157150214
1288075754396430336
1288075713615142917
1288075705297833984
1288075702223478792
1288075675224727552
1288075598582218754
1288075530709893123
1288075488758583296
1288075487454072838
1288075486669791232
1288075442285694976
1288075399503712257
1288075329886707713
1288075328439689216
1288075279055937541
1288075204871237635
1288075189792710658
1288075159442726912
1288075143152046081
1288075089397907456
1288074985681149953
1288074983139414017
1288074974218063873
1288074971730845701
1288074939036307458
1288074922447835137
1288074904869404672
1288074891342815233
1288074849928306688
1288074779556282368
1288074747687964673
1288074727442001920
1288074669946437632
1288074625130344450
1288074576879136769
1288074531416965120
1288074453872713728
1288074398369546240
1288074381558714370
1288074345785499649
1288074271353376770
1288074175702282240
1288074158279139328
1288074103837138945
1288074053778051073
1288074033595121665
1288074019388915713
1288073915638718464
1288073811410264066
1288073742841765889
1288073720217640960
1288073692782702594
1288073536175833088
1288073474532089857
1288073474318229504
1288073433482498049
1288073327177859074
1288073315534483457
1288073301634555904
1288073278016430080
1288073248438194183
1288073241177841664
1288073203705884673
1288073173464952835
1288073056381014022
1288073021501186048
1288073018397335556
1288072896229801984
1288072845969575938
1288072834821038082
1288072826075979776
1288072653060878339
1288072636212404226
1288072614964060160
1288072608169299969
1288072554998124545
1288072530192994310
1288072495317295104
1288072446336212993
1288072410273587201
1288072396688232448
1288072339779915776
1288072315679453184
1288072305831288832
1288072234427387904
1288072174511759361
1288072112025067522
1288072111345602562
1288072038930886656
1288071804284698624
1288071802858754049
1288071753097338880
1288071701922709511
1288071601905434624
1288071585719615490
1288071575028326402
1288071503674773505
1288071443125866497
1288071428596797443
1288071232508829696
1288071193438887936
1288071148119429121
1288071106046447618
1288071083472683009
1288071034701258752
1288071028246228992
1288071012567982080
1288071004615581696
1288070895311912960
1288070856535674880
1288070788986347520
1288070777317871617
1288070721441280001
1288070693217869824
1288070618714386433
1288070588926504961
1288070540738076672
1288070463470678016
1288070458198433794
1288070397708075009
1288070361951744000
1288070295417499650
1288070244758683649
1288070197467918336
1288070002344591361
1288070000838836224
1288069970430058496
1288069965497503744
1288069957528571905
1288069927404998657
1288069918416678913
1288069840654274561
1288069811419979777
1288069772190584836
1288069772094119941
1288069707996844034
1288069635083051008
1288069623917707264
1288069532674916352
1288069515704754177
1288069341410402305
1288069322976436224
1288069298112606211
1288069289736536064
1288069214121668608
1288069184094699522
1288069129539387394
1288069120836108288
1288068985888612353
1288068940007182336
1288068925251616775
1288068812282232832
1288068808301846528
1288068731407601664
1288068644703002625
1288068628391383040
1288068479007043584
1288068478814097408
1288068382101774338
1288068363474829313
1288068330834800642
1288068301529243653
1288068291936825346
1288068287201509377
1288068212203163648
1288068209506230273
1288068007256895488
1288067973719064576
1288067972280582144
1288067955356565504
1288067940198252544
1288067844438138881
1288067823433125888
1288067569044398081
1288067551755477003
1288067486777212929
1288067418796036100
1288067407353909248
1288067285945655297
1288067227237920769
1288067212083974145
1288067210402041857
1288067209437339648
1288067207956766721
1288067207033913351
1288067205557616646
1288067204102201344
1288067203435241472
1288067193998016512
1288067191766646785
1288067130177576960
1288067128504070145
1288067084014977024
1288066999696928768
1288066962002763776
1288066932378349568
1288066902099726336
1288066842850988032
1288066835854888961
1288066784176812033
1288066754229477376
1288066712340959232
1288066685279313920
1288066662009372673
1288066569642409984
1288066557839585281
1288066540416442368
1288066434329976832
1288066346392199175
1288066341866479618
1288066250308976641
1288066223788429314
1288066218994348033
1288066207774576642
1288066192310181890
1288066145380118529
1288065853259382784
1288065740667527168
1288065723089203201
1288065717376561156
1288065666839453696
1288065626007719938
1288065624460201989
1288065597364985859
1288065572580859904
1288065535515799552
1288065526598717440
1288065477432967169
1288065472227876864
1288065421166469121
1288065375297511425
1288065360499965952
1288065339121717255
1288065327239172098
1288065301922361344
1288065293017849857
1288065282578231296
1288065265528438785
1288065171831783425
1288065151485325313
1288065107457712130
1288065005062168576
1288064996069580800
1288064901634756608
1288064840536338433
1288064809074864129
1288064637897003017
1288064624106012672
1288064542447144962
1288064539364392960
1288064487950553089
1288064456665292802
1288064417477795840
1288064385315995650
1288064290096844800
1288063925393686528
1288063877868138497
1288063841797050370
1288063775401287683
1288063730866167809
1288063728047591424
1288063718564278272
1288063717805096961
1288063660271775745
1288063623940767745
1288063564893347841
1288063542780887040
1288063527228497921
1288063432210685955
1288063419233505285
1288063414032576512
1288063413005045761
1288063327403376640
1288063323850919936
1288063312228491264
1288063286701948928
1288063242133282816
1288063174613315584
1288063160231002112
1288063156313522177
1288063095877836800
1288062872799580162
1288062620885557250
1288062453536915456
1288062442275315718
1288062434511663104
1288062427721072641
1288062413867278339
1288062281432039424
1288062269599997952
1288062196782632960
1288062056399347713
1288062047805231106
1288062005493080064
1288061980830466048
1288061966246973445
1288061876744716288
1288061839197327362
1288061799150034944
1288061639913353223
1288061445905817601
1288061362288173063
1288061303085576192
1288061293132488706
1288061244247769088
1288061090899857415
1288061035019198465
1288060872699580417
1288060780978593793
1288060773009371137
1288060550254141445
1288060467005591552
1288060412446089216
1288060272469516288
1288060271404158977
1288060252747857920
1288060179481845764
1288059995238670337
1288059853982830593
1288059847041310720
1288059843539075072
1288059833699241985
1288059720834650112
1288059598650388481
1288059581072134144
1288059470782898178
1288059461932855296
1288059372229267458
1288059302691901441
1288059225466380288
1288059176971841538
1288059161138343936
1288059018771079169
1288058954245902336
1288058900953083905
1288058885341884416
1288058780828282882
1288058762952048642
1288058584522252289
1288058571142451202
1288058468142927874
1288058412262137856
1288058373179678720
1288058329013596160
1288058144300695552
1288058092647743488
1288058066123075584
1288058027296399361
1288057897558126593
1288057594037383171
1288057514895060992
1288057493487222785
1288057401262985216
1288057368954245120
1288057365175193600
1288057177568157696
1288057040926117888
1288057023637196800
1288057010144116736
1288056996172890114
1288056923263250432
1288056905617887232
1288056828945928194
1288056804249870336
1288056774961045504
1288056421276426244
1288056389840101377
1288056312316780544
1288056266422726656
1288056261498621953
1288056133454893056
1288055958082670592
1288055935211110401
1288055761076191236
1288055630142595073
1288055487401996288
1288055453910433792
1288055452538937346
1288055414429552640
1288055348968988673
1288055308754067459
1288055231645917184
1288055122770132995
1288055105779118080
1288055088582361088
1288055035524505602
1288054969178914816
1288054940406034433
1288054829655498752
1288054773678211073
1288054740912427008
1288054453480886272
1288054284093984768
1288054182348574720
1288054023552151552
1288053941868134400
1288053885635047427
1288053849035542529
1288053841972342784
1288053788033548293
1288053728122146816
1288053684522356736
1288053666696630275
1288053660736421890
1288053601424859137
1288053468851183617
1288053459980365825
1288053439122018304
1288053424454500354
1288053388840706049
1288053363033157633
1288053362513137664
1288053361728724992
1288053319785750528
1288053305902616576
1288053204098396160
1288053177670086656
1288053073156485120
1288053005422678017
1288052990729957377
1288052943749611521
1288052775239258112
1288052739604393985
1288052735758290944
1288052709862637573
1288052664320823296
1288052624827256836
1288052622801412097
1288052593600671744
1288052584255807488
1288052577796591616
1288052527997562880
1288052384934047744
1288052376184725504
1288052284551823360
1288052231825129473
1288052154570342400
1288052126472720386
1288052103311699968
1288052100237230082
1288051805717438466
1288051764814655488
1288051758443397120
1288051735341273088
1288051562150010883
1288051549802037249
1288051509893173250
1288051476183515137
1288051379379097600
1288051376375894018
1288051246830702592
1288051233996115968
1288050990453870594
1288050943397957633
1288050876641357825
1288050857272119296
1288050847008653312
1288050820953575424
1288050655668707328
1288050586940825600
1288050433412530176
1288050426357649410
1288050374662856704
1288050303439458304
1288050188284760064
1288050083699789824
1288050027043094529
1288050012145033216
1288049973897105408
1288049629301559297
1288049599538778113
1288049566626045952
1288049536146046976
1288049527694532609
1288049490142912512
1288049375755763714
1288049372840833024
1288049354096476160
1288049275407142914
1288049225553653760
1288049071039684608
1288048963174764545
1288048930933084161
1288048925023309825
1288048749172801542
1288048713659813888
1288048667857833984
1288048626753851392
1288048589936250881
1288048569950371842
1288048560496353282
1288048551629656064
1288048389083602944
1288048294246199297
1288048284255301633
1288048268056895488
1288048234418573323
1288048198456664066
1288048198087581697
1288048164113731585
1288048148687052801
1288048118932676611
1288048062401622019
1288048050200555520
1288047946316025856
1288047742422585344
1288047740900069378
1288047684104970241
1288047660268740609
1288047464864460800
1288047446833201158
1288047404202237953
1288047327069057025
1288047275793686531
1288047238221107201
1288047152703381507
1288047101755219968
1288047099779653632
1288047005793689600
1288046986319593472
1288046977641590784
1288046949107736577
1288046936373825536
1288046799715008520
1288046733910519808
1288046732295778305
1288046731528220675
1288046633939357696
1288046556483129345
1288046533204680704
1288046498010279936
1288046389943992320
1288046362991513600
1288046293458259968
1288046176965734401
1288046136922705920
1288046109735223296
1288046066626170880
1288046003908759552
1288046003472535552
1288045966688497664
1288045875823075329
1288045858244775937
1288045786299801601
1288045780385832960
1288045722164756480
1288045710408069120
1288045662681083905
1288045541067313152
1288045533332824064
1288045473882877952
1288045423798685696
1288045415862951938
1288045257146466304
1288045171045801984
1288045092184498176
1288044957115330560
1288044886978105346
1288044522354679808
1288044463596670976
1288044446496559104
1288044445666086912
1288044355358531584
1288044333938204672
1288044244121333761
1288044029259788288
1288044022141943808
1288044015955456001
1288043743640276992
1288043705212035072
1288043686119563264
1288043663239581696
1288043593135992832
1288043559745134597
1288043424915038215
1288043398583267329
1288043275941744640
1288043269721657344
1288043198556905472
1288043137986854912
1288042849070702593
1288042840501694467
1288042761007104000
1288042653767147520
1288042552969572353
1288042446530793473
1288042239525093377
1288042119890980864
1288041879200845824
1288041818119077888
1288041765946249217
1288041675584135168
1288041631372005376
1288041578779615232
1288041561163542529
1288041476992245762
1288041339960152065
1288040984912289792
1288040974476881927
1288040965068947456
1288040962799865856
1288040957280161792
1288040919225249792
1288040648927588352
1288040593780875265
1288040571001540608
1288040509349470210
1288040350146269184
1288040349106044928
1288040305854382080
1288040144872919043
1288040134303027200
1288040077772423168
1288039894032539648
1288039858628419586
1288039789866950657
1288039778009731072
1288039734137282561
1288039710837944321
1288039618487754752
1288039524912766977
1288039486597795840
1288039472068796417
1288039463071997952
1288039449494982656
1288039424270508034
1288039401491136512
1288039256292831233
1288039237288435713
1288039081235091457
1288038897952403457
1288038836782739464
1288038670478565376
1288038503746600960
1288038490781949953
1288038387971219456
1288038364151676928
1288038339656941571
1288038269289193472
1288038187781230592
1288038177752723457
1288038140234682368
1288038129203642373
1288038076372180993
1288038049339842565
1288038048756903938
1288038048198987776
1288037993983414273
1288037874953334784
1288037801527844866
1288037778178154496
1288037699618770944
1288037521562177536
1288037456001015808
1288037439945216000
1288037403563892736
1288037361541099520
1288037346483539968
1288037327982534656
1288037191986434048
1288037034301558786
1288036982204047362
1288036911190286337
1288036864151224320
1288036617198993408
1288036597410271232
1288036536471126017
1288036479726387200
1288036478283583488
1288036477184561154
1288036472248045572
1288036469358174209
1288036459648229377
1288036435694624768
1288036395534163968
1288036185189867521
1288036151887044608
1288036092650946560
1288036037755797506
1288035986325352448
1288035944935886848
1288035803462021121
1288035690115149824
1288035377924780032
1288035353732022273
1288035342940086272
1288035023514468352
1288034991646138373
1288034989712474112
1288034837174067205
1288034817787990016
1288034806547320832
1288034787320639488
1288034778881589248
1288034760749731845
1288034734543601664
1288034337544441856
1288034267247910913
1288034182900461568
1288034103359569920
1288034085961596929
1288034036858916864
1288034009142964226
1288034002570444801
1288033908404125701
1288033861574819841
1288033833020018688
1288033648323813384
1288033590932992000
1288033560805416960
1288033077181194240
1288032959849791489
1288032763967426560
1288032602113421312
1288032539534331904
1288032437050671104
1288032398152794114
1288032366892593152
1288032344658653186
1288032318934982656
1288032308143030273
1288032246490894337
1288032023995715584
1288031949605548032
1288031929762275329
1288031878222684160
1288031846907879424
1288031829497454592
1288031761230901261
1288031708760150019
1288031661662380032
1288031647481434113
1288031637855510528
1288031469961719820
1288031140432039936
1288031130734735361
1288031114062442496
1288031042545364992
1288030905286762500
1288030685433942016
1288030542420676609
1288030423101186048
1288030399214624768
1288030387571220480
1288030355820359681
1288030066031710208
1288030042119909376
1288029955297771520
1288029917075079169
1288029826348195840
1288029755795738626
1288029631963070464
1288029594919079936
1288029323212083201
1288029316266315778
1288029255197175809
1288029149488193537
1288029071318962177
1288029060434743296
1288029048950620160
1288028944327901184
1288028852908957702
1288028842456752128
1288028838803443713
1288028701481893888
1288028504399982592
1288028414885203968
1288028373197955073
1288028368298967040
1288028338292916224
1288028259079327746
1288028254935408642
1288028246211272706
1288028221846491138
1288028024768798720
1288027873945759745
1288027846439567360
1288027721273151488
1288027641887457280
1288027590079414272
1288027509477519362
1288027497188270081
1288027373410164738
1288027340400922625
1288027259161530368
1288027197312311296
1288027073475481600
1288027028294377472
1288026957326802946
1288026907146100737
1288026695879004160
1288026611632287744
1288026611116314625
1288026610583601152
1288026610051014657
1288026591377973251
1288026448788324353
1288026314826567680
1288026293980655617
1288026165970698240
1288026160534880256
1288026136237219841
1288026011209289730
1288025992213258241
1288025922633859072
1288025776202358785
1288025722674720768
1288025657767866368
1288025588683493376
1288025587760726017
1288025259086614530
1288025220331319296
1288025065133613056
1288024985697755136
1288024909659148288
1288024896497487872
1288024749164187649
1288024625549660161
1288024611452522496
1288024602480910341
1288024542359814145
1288024506792058880
1288024457592930304
1288024258971488256
1288024244778143744
1288024152411115520
1288024115996172288
1288024041169850368
1288023802350317571
1288023704279093249
1288023466193625089
1288023453459775488
1288023419540340736
1288023336468074497
1288023254251327488
1288023185812848641
1288023120541093888
1288023063754309632
1288022994791600128
1288022933101785088
1288022843733803010
1288022786653523968
1288022783478374400
1288022747159891968
1288022668172824576
1288022658014154759
1288022571116625920
1288022483967315969
1288022444587065347
1288022380527472640
1288022308523835393
1288022273471975425
1288022239959486464
1288022195223003137
1288022177351176194
1288022115019563008
1288022083549777920
1288021999923625984
1288021968227389446
1288021917493010432
1288021869740924928
1288021845468499968
1288021829798506496
1288021680988860416
1288021665910333440
1288021631311519744
1288021550130696193
1288021537921081345
1288021519541706752
1288021507638272002
1288021504366608386
1288021504333053955
1288021500516335621
1288021497001451520
1288021490248687618
1288021488801644546
1288021468236914688
1288021423009812484
1288021375748198400
1288021374414585857
1288021291614769152
1288021200728358912
1288021178653773829
1288021081165631488
1288021070314967040
1288020658723729409
1288020592466239488
1288020570504933376
1288020383359275009
1288020324785598465
1288020315159789568
1288020278950465536
1288020157995065344
1288019762228887553
1288019753861296134
1288019751684444162
1288019520871895043
1288019491729870848
1288019363732369408
1288019342588817408
1288019319251763200
1288019234312904705
1288019202469695488
1288018785790832641
1288018640072314880
1288018639631851520
1288018605100208128
1288018533927063554
1288018501307961344
1288018481464504320
1288018105667657730
1288017901769887745
1288017712451661824
1288017664842043394
1288017465847558145
1288017419961802755
1288017284754284545
1288017279343632385
1288017213472026624
1288017183122038785
1288016979689955328
1288016772004798466
1288016747912728576
1288016738756567040
1288016727947837440
1288016651804344320
1288016602806587392
1288016538629550081
1288016463287259136
1288016404822855680
1288016343250489344
1288016322232750080
1288016261931302913
1288016261205696512
1288016252083077125
1288016202590228482
1288016116590272512
1288016106389635072
1288016061649084419
1288015972821999616
1288015934498713600
1288015903771242496
1288015899342057477
1288015857927495681
1288015813581185025
1288015769226313728
1288015731582541824
1288015720656146433
1288015701635145728
1288015679954792449
1288015609435955201
1288015608622219269
1288015568428244993
1288015522425184256
1288015433069662208
1288015421820608512
1288015406922375168
1288015390304546822
1288015245596925952
1288015128840077313
1288015122938683392
1288015115074375680
1288015099320573952
1288014913580019715
1288014876703678465
1288014801034186752
1288014734697148416
1288014705395740674
1288014636894355456
1288014611220967426
1288014585325289472
1288014442337382406
1288014408774549505
1288014161805443077
1288014111062872064
1288013907861413889
1288013898063515650
1288013676574842880
1288013619314262016
1288013515651981312
1288013514993537024
1288013484853207041
1288013416662261760
1288013382310928384
1288013243651366912
1288012833737846785
1288012769531514880
1288012709200629762
1288012599964180480
1288012440177971201
1288012346766643202
1288012283147411456
1288012281473904641
1288012217930088448
1288012153526595585
1288012101177479168
1288012034651684864
1288011939638136832
1288011928766488576
1288011860554461189
1288011854674038784
1288011846499409920
1288011845731844096
1288011746419118080
1288011634758365185
1288011477895479296
1288011426628612096
1288011420181966848
1288011346873929734
1288011324493111301
1288011168309805056
1288011068602818561
1288010991800811520
1288010861081133056
1288010848980676608
1288010790142910465
1288010726771240960
1288010689567752192
1288010565236011008
1288010542234443776
1288010473498185728
1288010430275899394
1288010426056417280
1288010406460633089
1288010394351677440
1288010379172487168
1288010319961493505
1288010205003943936
1288010183977902080
1288010148267593728
1288010067464327174
1288009996811345921
1288009992621248513
1288009973599961088
1288009954633318400
1288009871061811200
1288009766116249601
1288009692476825600
1288009687544270848
1288009622960381952
1288009602500644865
1288009448569671680
1288009314792280064
1288009282097733632
1288009271179911168
1288009248513941505
1288009234320437249
1288009166456590337
1288009040711360512
1288008953327235072
1288008942619103233
1288008926387150849
1288008885647933441
1288008824415289344
1288008766542221314
1288008705766825985
1288008614372945921
1288008601462878214
1288008352929390593
1288008320452788224
1288008290807537665
1288008084095475712
1288007977933447168
1288007908605808641
1288007899315351552
1288007869061898240
1288007748978868224
1288007723372683266
1288007718859616257
1288007685959561218
1288007684135018497
1288007667596787712
1288007584084107264
1288007367188262913
1288007229606633473
1288007217631965186
1288007214217789440
1288007189651697666
1288007144260935682
1288007128700137473
1288007103857254400
1288007083238010880
1288007043626995712
1288007030947667969
1288006841977446406
1288006711828127745
1288006688038170624
1288006665997037569
1288006661085573120
1288006618274299904
1288006539350089730
1288006536225329152
1288006522333802496
1288006402955509761
1288006282880995328
1288006117122084869
1288006071391531009
1288005928567136256
1288005897659338753
1288005879934210049
1288005751387172867
1288005737134907392
1288005618834472961
1288005548013686784
1288005520771645440
1288005516841701378
1288005489457078272
1288005310670606337
1288005158316773379
1288005121222352896
1288005068147523584
1288005022849077249
1288005012778618884
1288004983196188672
1288004873125072896
1288004870432329728
1288004840069767168
1288004832092205056
1288004497344798720
1288004447747084288
1288004323406995456
1288004305212014593
1288004248387584000
1288004116443209733
1288004115113574400
1288004023472345089
1288004014085373953
1288003969059631104
1288003958724845569
1288003726284935171
1288003595892293633
1288003572328812545
1288003546672254986
1288003432356499456
1288003211350216706
1288003199421632512
1288003067733041152
1288002951387254784
1288002951206899712
1288002758348541952
1288002675704029187
1288002066170941440
1288001975204929540
1288001877511221248
1288001809588654086
1288001690034221058
1288001661361938432
1288001473016668166
1288001434383011840
1288001415802163201
1288001412824276992
1288001263540621312
1288001206686801922
1288001070770401280
1288000998829629441
1288000982715191296
1288000880143474691
1288000816079671296
1288000715848376321
1288000669232910338
1288000248376328192
1288000219473416193
1288000209478389760
1288000183482155014
1288000077710188545
1288000029618315264
1288000005878550528
1287999939830845441
1287999923447894019
1287999899380985858
1287999870796812288
1287999869353893888
1287999867915304960
1287999720066093056
1287999637589241856
1287999560376254465
1287999545180393476
1287999504193662976
1287999479610834944
1287999477840846851
1287999327378472960
1287999145329000448
1287999086445187072
1287998986192814085
1287998935408287746
1287998907352584193
1287998875953963008
1287998848623947776
1287998827933376513
1287998817699233792
1287998776423133191
1287998638128533505
1287998637121904640
1287998535351308289
1287998476513665025
1287998451427545088
1287998420406370307
1287998353222098944
1287998305646125056
1287998240592461825
1287998230937116672
1287998056986705920
1287997987919147008
1287997861452566529
1287997718762266627
1287997601917407234
1287997424389193729
1287997408220196864
1287997094037528576
1287997003583164417
1287996681808744449
1287996676016418816
1287996615496740865
1287996464434761728
1287996409548083200
1287996156706988033
1287996156199436290
1287996154786074624
1287996026020864000
1287995986506403841
1287995943812509696
1287995933859487746
1287995904654483457
1287995887134937088
1287995811213840384
1287995804347764737
1287995735531806720
1287995679638528001
1287995592459812865
1287995294764994560
1287995031253647360
1287994901871960066
1287994852932825090
1287994778274193409
1287994758930014210
1287994750134620160
1287994720367648769
1287994701765849089
1287994690919436289
1287994560942157824
1287994478956085248
1287994476896694272
1287994233778049024
1287994177519677440
1287994084267884544
1287993957855694848
1287993821939355648
1287993792117837824
1287993681568509953
1287993497488887808
1287993376370044928
1287993230714441729
1287993182475767808
1287993164129882112
1287993098681950209
1287992765742223360
1287992762734968832
1287992524548841473
1287992427362557952
1287992255391895552
1287992244407087105
1287992231916212225
1287992200257605632
1287992119026647040
1287992097379885061
1287991974742634496
1287991896095240194
1287991780995207171
1287991749093269505
1287991413561491456
1287991362181312512
1287991354874896384
1287991322264113153
1287991306237747200
1287991289007550464
1287991249216196608
1287991186024783872
1287991070886899713
1287990927848546306
1287990920378552320
1287990786148249602
1287990714513739776
1287990512629305345
1287990308513419264
1287990240951574529
1287990064757321728
1287990054778859520
1287990029474770945
1287989908997627905
1287989839497961472
1287989758094913536
1287989519392935936
1287989490590666754
1287989468008415232
1287989459108147202
1287989435083247616
1287989433229283330
1287989415315480577
1287989262231703554
1287989163393011713
1287989147098062848
1287989049047896066
1287988932332969986
1287988752850329602
1287988571484323843
1287988488273625093
1287988438344572929
1287988278738784256
1287988240578904065
1287988184371081218
1287988130830835712
1287987897140948993
1287987865624993792
1287987834348015617
1287987806086795264
1287987646107713537
1287987590445043714
1287987389995061249
1287987357669625856
1287987354909712385
1287987349381619712
1287987262375034886
1287987158154969088
1287987107647172609
1287986872308895744
1287986692075532293
1287986527176470534
1287986448273154049
1287986364106133506
1287986284355637248
1287986249123471361
1287986175949647872
1287986007456055297
1287985991576358913
1287985960865673217
1287985872072323077
1287985845694279682
1287985842145964032
1287985788710522880
1287985733496639496
1287985718103552000
1287985675304865792
1287985664122933253
1287985589590032384
1287985530022633473
1287985488213811201
1287985323557957636
1287985270667837440
1287985244604432384
1287985165264916481
1287984995441811456
1287984986826694658
1287984824347656192
1287984776985620480
1287984630533173248
1287984605186985984
1287984286646312961
1287984255268728832
1287984234683076608
1287984206556155904
1287984158870994945
1287984152042704896
1287984137685606400
1287984134141485057
1287984083369426945
1287983977589080066
1287983973570936832
1287983836966658049
1287983689582944261
1287983640371253249
1287983622159585280
1287983478999572485
1287983460116828160
1287983459957440512
1287983321851494401
1287983294315888640
1287983279367434241
1287983224749162496
1287983024819314688
1287983022881505285
1287983021585563653
1287983019261927424
1287983002128195584
1287982997153734657
1287982986110140416
1287982958951960576
1287982766764818433
1287982558270160896
1287982536891801600
1287982400878903305
1287982381065019392
1287982294062465025
1287982202924478468
1287982115091554309
1287982073811210240
1287981981633056768
1287981972862767105
1287981932190601216
1287981919490244608
1287981792151113729
1287981680180056065
1287981663604047872
1287981605487874049
1287981464315928576
1287981433492058113
1287981321285926913
1287981257096343555
1287981145993478144
1287980999578726412
1287980901993861126
1287980777880379392
1287980606320779273
1287980438263390208
1287980433662193665
1287980360505200641
1287980291936727040
1287980112399478785
1287980096612184065
1287979999862161409
1287979915502026752
1287979206631215106
1287979033066692608
1287978730992934913
1287978599853821952
1287978344416514048
1287978316432134144
1287978211784130560
1287978082503143424
1287978073615458306
1287977955268984832
1287977928622571520
1287977823387496450
1287977787689775104
1287977722145320960
1287977575072116739
1287977438308376576
1287977399842476033
1287977380284452864
1287977104722796544
1287977103003193346
1287977042013753345
1287976808529436672
1287976799155224577
1287976332597624835
1287976254784888832
1287976207313666048
1287976192105222144
1287976073981054979
1287975998902931456
1287975787979825158
1287975685282299905
1287975315969540098
1287975099539357697
1287974878096887808
1287974735578636289
1287974669585395712
1287974547505938437
1287974432431112192
1287974408833957888
1287974359919988736
1287974098681974784
1287973957367365633
1287973909841809408
1287973862588715008
1287973686738395136
1287973639846088704
1287973516311253003
1287973255215755265
1287973223171272705
1287973085078052866
1287972727693938689
1287972565395415040
1287972561599561728
1287972226499780608
1287971567121641474
1287971560423292929
1287971502827200512
1287971398435168256
1287971177814777858
1287970792425299968
1287970536715440128
1287970430003949568
1287970110683131910
1287969677327638528
1287969547191029761
1287969382686228480
1287969332065075200
1287969318014156801
1287969229879336961
1287969126812651521
1287969100367626240
1287968560191610880
1287968201322758144
1287967819511009281
1287967793841938433
1287967431047163905
1287967283831279621
1287967131380973570
1287967013575557120
1287966913990189056
1287966734356549633
1287966642295779328
1287966517586546694
1287966469884727297
1287965687370194944
1287965434365587457
1287965122544238592
1287965067523305472
1287964784428818433
1287964770214326274
1287964689079599104
1287964647879061505
1287964550235656192
1287964117219909633
1287963718987522048
1287963714537357312
1287963481615065094
1287963366728839168
1287963291692732416
1287962973936418816
1287962751130906625
1287962646621323264
1287961806401679360
1287960710291619852
1287960505819246592
1287960110325796864
1287958129653809152
1287957424243081218
1287957047204618242
1287956216212267008
1287956146129690624
1287955522218528769
1287954929009790982
1287954702165061633
1287954409356431361
1287953910305521665
1287952108642357248
1287951119671529473
1287951047801974784
1287949167881408513
1287949041716920320
1287948859604373506
1287947211540705281
1287945800002273280
1287943911474892803
1287943477658034177
1287942119454367744
1287941250893729793
1287941091627606018
1287940923066912769
1287939471783137281
1287938837906423809
1287938465741410304
1287936329171574785
1287936199680827392
1287932980950904834
1287932963414564865
1287932619896872965
1287931949374464000
1287930813556940801
1287929896266866690
1287929547137130496
1287929190596173827
1287928836345257984
1287927647843110914
1287927098632372224
1287926463963037696
1287925623638253570
1287925097601400832
1287925048922312708
1287923574372696064
1287923388594507776
1287922676540084224
1287921846940205061
1287920995475628038
1287920932837826562
1287920721960804353
1287920411372642304
1287919337416937474
1287919106843451394
1287918039896395776
1287917992957874176
1287917219888930817
1287916981321170950
1287916916833689601
1287916868490199040
1287916710922801153
1287915951443152896
1287915628750413824
1287915384721608704
1287914985184735232
1287914831010574336
1287914740115738630
1287914709824544769
1287914461160972290
1287913925833498624
1287913578557628416
1287912315799646208
1287912285974011911
1287911284659441664
1287911160239579146
1287910853145251841
1287910192378781697
1287909937302114306
1287909467087081474
1287909405971877889
1287909019940728833
1287908993223077891
1287908883705593858
1287908665203347462
1287907695807410176
1287906669574397952
1287906465592877057
1287906213003431937
1287905542225231872
1287905251673202688
1287904383431319553
1287903678981115905
1287902839516405760
1287902116120535040
1287901084724400130
1287900975852859392
1287900921230483457
1287900651188621315
1287900580313260032
