1286450970721951744
1286450415580729345
1286450000650809347
1286449858728136704
1286448239844167683
1286447753518821378
1286447651597299713
1286447492058492928
1286447218036289541
1286447109647073287
1286445545490456577
1286445416486232065
1286444838628491264
1286444670214692864
1286444421320339456
1286444121327099910
1286444044390981638
1286443747128094723
1286443577040490496
1286443557621043200
1286443322052149249
1286442255172198400
1286442236650098689
1286440312626384896
1286440146829803520
1286439920224079875
1286439580883976202
1286438996936142850
1286438822939709441
1286438498766131201
1286438436602249218
1286438012751142913
1286437972989087744
1286437855192133635
1286437805711925249
1286437656587452417
1286437412600676352
1286437227896209410
1286436537626918917
1286436360337989638
1286436115302490112
1286435376199065600
1286435362173325314
1286435307567620098
1286435261136744453
1286435194006900737
1286434917031849988
1286434915895119872
1286434914251022341
1286434913697312778
1286434913084944386
1286434912548130818
1286434911403024385
1286434497618223110
1286434258303815680
1286434248438710273
1286433775065477130
1286433713845407745
1286433680559353857
1286433014831079429
1286432737998639109
1286432340160413696
1286432327451762694
1286432293062692866
1286432273483673606
1286431978384957440
1286431921195671552
1286431816971419663
1286431486686703618
1286431342230732800
1286431280054378497
1286431076748079104
1286430885236137985
1286430756361969666
1286430736678092802
1286430137387548684
1286430028516007942
1286429988200349696
1286429893891362819
1286429827407515648
1286429644003172355
1286429601091256322
1286429308601466891
1286428834221432833
1286428783097131009
1286428718689329154
1286427972006752261
1286427960048844800
1286427949395324930
1286427772760588288
1286427623351095296
1286427596281057280
1286427532070461443
1286427269301444609
1286427240528568322
1286427117085954052
1286427029341118466
1286426940770078727
1286426855193575434
1286426842711326720
1286426753532125184
1286426186822963200
1286426161619369985
1286426088734949376
1286426046557032449
1286425851475656710
1286425785432264706
1286425750632112128
1286425603068121090
1286425577646424065
1286425378907660293
1286425314781007873
1286425248280313857
1286425116964990977
1286425031820664833
1286425008357638144
1286424948576264198
1286424931719315461
1286424895837134850
1286424847736868864
1286424839482421253
1286424678559617024
1286424568358412289
1286424482899468289
1286424325176922113
1286424304968773632
1286424267718971392
1286424259208908805
1286424213289656320
1286424090765676544
1286424013200396288
1286423958926110720
1286423800859459584
1286423770828345344
1286423628033273856
1286423623964725249
1286423511033143300
1286423364869947395
1286423364400222208
1286423167590899713
1286422914091360258
1286422735770529793
1286422541691650049
1286422510351929344
1286422398384910336
1286422124966682625
1286422115026120719
1286421887296339972
1286421854572417025
1286421752462094338
1286421636036599810
1286421601353900033
1286421427906912256
1286421118618939397
1286421065028317184
1286420750895898630
1286420681748549632
1286420656649916417
1286420636651397122
1286420246098857992
1286420213639065611
1286420195473588226
1286420128989622272
1286420117484707841
1286420097502978048
1286420051285991424
1286419873967505411
1286419808704253953
1286419804140777472
1286419680748601344
1286419334831706112
1286419282470019073
1286419274161172483
1286419186797903873
1286419027892592641
1286418997316124676
1286418756537901057
1286418729224609801
1286418250683822080
1286418052628860933
1286418051177512967
1286417959024558080
1286417823124852741
1286417580954128385
1286417289886269441
1286417261956419585
1286417243455315970
1286417067579670530
1286417067101626371
1286416681737302016
1286416607422615552
1286416424328744960
1286416343055642635
1286416296381472771
1286416289024692224
1286416094593519620
1286415990448885774
1286415948224827393
1286415804771250177
1286415559295479808
1286415520447770625
1286415366097444865
1286415356714725379
1286415285042503682
1286415243980283907
1286415170412130311
1286415168705003523
1286414998932267011
1286414842220478467
1286414505182994432
1286414449780301824
1286414428519505921
1286414326111375362
1286414309107605504
1286414277818163205
1286414262425063434
1286414163162660869
1286414146855153670
1286414144980357122
1286414143415824386
1286414140819595265
1286414135023017985
1286414055041912837
1286413962695893000
1286413920702468096
1286413883654254600
1286413791123693569
1286413768193388545
1286413402496274434
1286413225307836416
1286413189480091651
1286413162691076097
1286413076275826689
1286412988304556032
1286412986895282176
1286412879177097221
1286412854304935936
1286412705457479681
1286412684762767360
1286412674713243648
1286412594060890120
1286412550503047170
1286412472677785601
1286412468714180613
1286412441732227072
1286412420366434304
1286412374661111816
1286412362145304580
1286412327630376969
1286412294960840710
1286412210374414340
1286412087707738112
1286412067130540041
1286412025816645632
1286411968862212097
1286411825177931777
1286411771532673038
1286411767082553345
1286411615911411714
1286411526723850242
1286411438559559680
1286411370511171586
1286411136179548163
1286411104458084354
1286411065325166597
1286411014418857989
1286410984287088643
1286410981325901830
1286410930058858497
1286410863562428424
1286410223759044609
1286410194101166080
1286410187549679617
1286409919336517632
1286409856661049348
1286409803594686464
1286409647184805893
1286409551051464705
1286409393395957765
1286409336026259456
1286409328497434625
1286409225162326018
1286409114684403718
1286408891455213568
1286408881250471937
1286408829392097282
1286408767454818305
1286408634231074816
1286408555038494721
1286408508389425153
1286408321633845248
1286408195183915008
1286408146043506689
1286408123914297346
1286407993857380359
1286407988836741122
1286407885208027145
1286407871719247872
1286407455421988873
1286407372617981953
1286407164295294981
1286407025790943233
1286406692180197376
1286406686295588865
1286406529600692230
1286406525267910656
1286406324641767427
1286406192076673029
1286406147864498182
1286406144194498562
1286406093812400128
1286406050313363458
1286405533239521281
1286405502604390401
1286405452297887747
1286405170134487041
1286405153978032129
1286405057710362626
1286405034654277632
1286404983852863490
1286404886100410368
1286404808736485376
1286404691304361992
1286404669380722688
1286404577437388800
1286404477046738946
1286404388903419904
1286404363401998343
1286404347052675078
1286404220783075328
1286404179330838528
1286404049479389185
1286403998086582275
1286403975521206280
1286403774244892672
1286403749716647937
1286403544296443906
1286403470317232129
1286403215261601792
1286403032666771458
1286402816215527425
1286402781495136259
1286402720728059908
1286402560199462912
1286402515534315522
1286402200785256450
1286402044308402183
1286401906265542656
1286401900770988035
1286401870844628998
1286401858433683458
1286401742528184321
1286401720214532099
1286401691802308614
1286401348179722245
1286401005639344128
1286400895731806212
1286400813573824513
1286400799334182912
1286400672783572992
1286400552918831106
1286400467426189313
1286400243991490560
1286400143026262017
1286400064219426818
1286400063028310016
1286400061803503617
1286400034238541825
1286399980471750656
1286399905641246720
1286399777534550017
1286399774149795845
1286399658097598465
1286399642649993216
1286399636203352066
1286399560986898432
1286399557258170368
1286399514488836098
1286399452220207104
1286399443852386304
1286399443433136128
1286399270560714755
1286399195012894721
1286399101727367176
1286399038825340928
1286398944474521600
1286398927584088066
1286398879575965696
1286398569063370753
1286398566735519744
1286398551820505089
1286398509562961921
1286398415644110853
1286398283997380608
1286398280990154752
1286398253064478721
1286398249377595399
1286398229765074945
1286398186794487809
1286398007102054401
1286397995240628226
1286397946762866695
1286397754625929218
1286397618537537536
1286397557233549322
1286397556675813394
1286397555983765504
1286397555325247489
1286397554486317058
1286397495497707520
1286397463654432769
1286397438086053888
1286397408017035269
1286397361346969602
1286397253134032897
1286397124406583296
1286397116965892096
1286396999181492224
1286396990360891393
1286396935398727685
1286396927576346636
1286396926615851029
1286396882860871680
1286396764963168256
1286396691135037440
1286396689109090304
1286396515347570688
1286396360179232768
1286396216369123329
1286396050971000833
1286395850852315137
1286395813950881792
1286395767373156353
1286395734565289987
1286395695218532357
1286395694048313344
1286395670446903297
1286395562884046850
1286395392893095944
1286395354569736198
1286395338505555972
1286395189356105728
1286395169730957320
1286395141675257859
1286395041171243019
1286394977900204032
1286394896514011139
1286394885344550912
1286394715915653131
1286394542313398277
1286394432435228691
1286394266785374208
1286394065504829440
1286394051781165056
1286393744401608704
1286393630845014024
1286393532887048192
1286393531087585281
1286393454914875394
1286393269912571906
1286393210319900679
1286393202078093328
1286393099405668352
1286393000675942400
1286392737550532608
1286392702632955920
1286392676145823744
1286392623280852992
1286392314257178627
1286392145486786567
1286392127111532548
1286392004050640896
1286391963797852160
1286391833845792769
1286391702383742977
1286391602789965826
1286391552965840896
1286391552760217605
1286391545395019777
1286391471571111937
1286391386699452419
1286391320886611969
1286391255048560640
1286391248698343426
1286391016073965569
1286391006259302402
1286390999414190087
1286390999409987591
1286390971836641280
1286390919558828032
1286390829096017921
1286390778592473088
1286390631137333248
1286390433619283978
1286390420784713728
1286390388836769792
1286390354942533632
1286390196372725769
1286390182657380353
1286390110594969602
1286389895796346886
1286389887437021185
1286389866968821760
1286389608947896327
1286389364604440582
1286389341015674881
1286389296048615424
1286389217296363520
1286389146668367881
1286389057971527680
1286388810566303747
1286388688335835136
1286388419648729089
1286388326803615746
1286388302417993729
1286388233581010946
1286387930496368641
1286387910783139840
1286387859277197312
1286387844387409922
1286387762355154945
1286387747385741318
1286387670076268545
1286387634219233280
1286387633451663362
1286387527012823040
1286387452035424257
1286387238868262915
1286387219897483266
1286387149080797190
1286387137533927432
1286387117548019720
1286386973297582082
1286386915101544448
1286386851234938887
1286386844645588993
1286386764098285568
1286386749149716482
1286386559739199494
1286386559219007490
1286386529594679303
1286386474414415878
1286386417120272384
1286386373721825280
1286386362611118081
1286386227340615682
1286386201608564737
1286386177403236353
1286386135212621826
1286385989527711744
1286385946557112326
1286385824855199747
1286385811110465538
1286385778503843841
1286385743326257154
1286385572911681543
1286385555593453571
1286385553852825600
1286385549922709506
1286385549712994305
1286385455542554625
1286385440891830274
1286385390249811968
1286385356817018883
1286385304392347653
1286385260792623104
1286385216970424322
1286384831992127488
1286384822370414598
1286384794050453506
1286384778120396801
1286384764874784768
1286384691688480777
1286384685074063361
1286384569541951488
1286384478693269505
1286384307645407232
1286384257242406913
1286384237810192384
1286384147917950982
1286383924709662722
1286383857852350469
1286383813552209921
1286383776944332800
1286383704735195136
1286383696354910209
1286383692835954689
1286383667607150598
1286383653375926284
1286383571133968390
1286383493375721472
1286383483678609410
1286383445921366019
1286383386949554179
1286383295048056832
1286383277050396672
1286383129603837952
1286382968957698055
1286382900196319233
1286382735335006208
1286382677671780352
1286382634973761538
1286382519890456580
1286382467050541056
1286382450239832070
1286382387786473472
1286382342651740160
1286382338998284288
1286382314373644296
1286382310129106946
1286382209935585280
1286381915973521408
1286381876383539202
1286381815872323585
1286381782846365699
1286381739858972672
1286381390196551680
1286381386883104770
1286381326673862664
1286381304343339008
1286381254615736321
1286381243756576770
1286381243387404289
1286381235351302150
1286381225163264000
1286381212513316864
1286381130976038918
1286381128841072640
1286381015481626624
1286380898611605505
1286380859680063489
1286380824011714561
1286380703756750852
1286380663629910017
1286380495295729664
1286380306581336066
1286380303729209345
1286380037554540546
1286380014137741312
1286379963822886914
1286379950975655936
1286379946752040961
1286379942557745156
1286379907313008644
1286379889378172928
1286379888426004481
1286379848710094850
1286379827705131008
1286379589279907853
1286379492446019587
1286379406282432512
1286379400380981248
1286379395737964544
1286379343405617152
1286379174358286336
1286379139759562758
1286379024747503616
1286379022172250114
1286378938399367168
1286378873039585281
1286378865355620353
1286378795113512961
1286378714331324417
1286378628205424640
1286378543891480584
1286378530255798279
1286378476296118273
1286378425033412614
1286378372562587649
1286378359270891521
1286378337833824258
1286378290224209929
1286378218765848579
1286378153045364736
1286378065770291201
1286378063891136516
1286377996065091584
1286377942369607687
1286377917564559360
1286377815512940544
1286377800224710662
1286377771107852288
1286377728963420162
1286377603910205440
1286377572943695874
1286377566035730432
1286377486826311682
1286377456283385864
1286377452512649219
1286377150568902662
1286377062530506757
1286376993177600000
1286376891725877249
1286376891331600384
1286376864098004998
1286376749136318464
1286376715967750150
1286376701455458307
1286376629401460736
1286376511340261376
1286376436828450817
1286376397125058561
1286376339667324929
1286376312555425795
1286376296495316997
1286376254543998976
1286376245173850119
1286376238077161479
1286376198990372864
1286376197241405440
1286376125892042758
1286376093981773827
1286376068262309888
1286376055964655622
1286376050121936896
1286375846941470723
1286375789538279428
1286375764150099968
1286375758311706629
1286375757640540161
1286375744625618945
1286375734366396419
1286375717274562561
1286375655781916675
1286375645262610433
1286375584092893184
1286375581911842817
1286375480707473411
1286375331981602819
1286375312897511425
1286375298007814146
1286375293402386432
1286375122451017728
1286375117048762368
1286374816098942976
1286374690425053190
1286374686973100032
1286374629897101313
1286374499378749440
1286374391228567552
1286374380147298304
1286374364959694848
1286374360228540421
1286374290548563973
1286374251574984709
1286374136592375808
1286374098336198656
1286373851342024704
1286373823886000128
1286373674971537408
1286373653551165441
1286373566213165058
1286373507383926785
1286373485070168065
1286373469756829696
1286373431894827009
1286373280484601859
1286373185353592833
1286373084853948416
1286373052809347072
1286373027043848195
1286372998610661377
1286372953882537984
1286372922656010240
1286372856776007681
1286372844994269187
1286372766074179584
1286372655097143299
1286372607114215426
1286372596422971395
1286372566790217728
1286372548058460165
1286372492848889856
1286372420966850562
1286372405494124546
1286372362057912320
1286372354474627078
1286372224442806278
1286372196919709697
1286372079672188929
1286372067852640258
1286372058788659205
1286372028426182658
1286371967998799872
1286371943281811474
1286371927062347776
1286371911564513280
1286371837107150854
1286371827414175745
1286371773425102848
1286371687836135425
1286371684510044160
1286371637726773249
1286371621003984896
1286371611030036486
1286371591379705857
1286371585423794183
1286371443723382785
1286371441856909312
1286371420709228550
1286371385800097794
1286371336512774147
1286371332746248193
1286371324231913473
1286371244984676353
1286371210155171841
1286371190412648455
1286371137941917702
1286371106480414722
1286371101770240000
1286371070673661952
1286371055007825920
1286371000884572160
1286370979674038273
1286370977568309248
1286370943934308354
1286370893145559043
1286370804570128384
1286370673737293826
1286370662857179136
1286370621920808960
1286370561787076608
1286370529054785536
1286370451174940673
1286370435567943681
1286370346212433930
1286370345927286791
1286370278256316416
1286370258270539781
1286370254294323200
1286370166444634113
1286370094583603213
1286370086639607809
1286370075654619136
1286370029307666432
1286369992708104194
1286369983715577856
1286369976731996172
1286369911250530304
1286369901762969600
1286369879856119809
1286369859593543680
1286369845009940480
1286369798939705344
1286369752965951489
1286369542327939074
1286369504377933825
1286369464662073345
1286369457179430913
1286369428968484864
1286369400589877251
1286369382223040513
1286369351516524544
1286369326912671744
1286369312547250177
1286369258096791557
1286369257929007111
1286369250719010816
1286369205034647553
1286369191801626626
1286369181672312833
1286369166811963401
1286369132796170241
1286369081797599235
1286369062377984000
1286369059928408065
1286369032988438534
1286368988151283713
1286368977611096066
1286368900381376514
1286368899446054914
1286368897206231041
1286368879279853568
1286368850712375297
1286368846753026053
1286368832450437121
1286368810606505987
1286368798107369472
1286368778964664320
1286368734349688832
1286368723188813825
1286368668486696960
1286368664871145473
1286368654062424065
1286368613360979969
1286368566401544192
1286368492258766856
1286368477717180416
1286368426685009920
1286368422125809666
1286368417101090816
1286368412910878724
1286368397090004992
1286368379977293824
1286368379775975425
1286368350059343872
1286368303661948928
1286368226318974982
1286368186057863170
1286368172401197056
1286368171344134146
1286368157125562369
1286368129690501128
1286368099999059974
1286368093086851077
1286367957908705280
1286367943371247619
1286367891693219841
1286367816422227969
1286367812978606082
1286367799321997314
1286367755051114499
1286367746498932736
1286367721308008452
1286367714664226819
1286367710163632128
1286367676747722758
1286367672884756490
1286367671102177280
1286367650533310464
1286367648461336577
1286367596787490824
1286367546753658883
1286367546271244288
1286367531175948289
1286367521168412672
1286367477694451712
1286367476725547010
1286367391073665030
1286367389052022786
1286367377005871106
1286367313495838720
1286367310173949953
1286367258676273152
1286367209800060930
1286367205182013440
1286367183019413508
1286367170465869824
1286367148902932487
1286367110919266309
1286367053507694599
1286367051347562503
1286367026349563905
1286366925765869570
1286366905712943107
1286366902151938049
1286366899736117248
1286366894761684994
1286366873123205120
1286366870774394888
1286366864969531397
1286366852927631360
1286366848343314432
1286366847584149504
1286366732047843334
1286366728029601794
1286366618646446081
1286366401566056453
1286366042378375175
1286365986724237312
1286365851642470400
1286365308861714433
1286365230898065408
1286365221385371648
1286365189588365313
1286364747286360064
1286364691556638721
1286364616415678467
1286364549420142592
1286364404502736900
1286364264329105413
1286364246666772481
1286364046623674370
1286363924288372737
1286363597594152962
1286362965533392905
1286362945363025920
1286362840006307841
1286362504621326336
1286361988419985409
1286361906245185537
1286361832341544961
1286361831494291456
1286361623456882689
1286361506138001408
1286361457874083840
1286361377406431232
1286361364055953409
1286361150708473860
1286361015865810945
1286360900811751425
1286360860139626496
1286360678366941184
1286360618870738946
1286360493414850560
1286360388876021765
1286360351861334016
1286360286165979138
1286360169048399872
1286360094150733825
1286360066124394502
1286359575650799619
1286359448336961536
1286359330569289732
1286358865311866880
1286358316516614144
1286358315782504454
1286358248874967042
1286358118377697289
1286358109649350657
1286357946742562816
1286357927385862149
1286357696913047554
1286357535629422592
1286357261837832199
1286357085773598721
1286357025287438336
1286356755853774848
1286356660500541446
1286356334993182721
1286356276813987840
1286356216235675649
1286356192688832519
1286356052469059585
1286356025629708289
1286355660347789315
1286355653011922947
1286355631801344001
1286355424250343425
1286354981747150848
1286354529156501505
1286354213535199234
1286353812828102658
1286353113771921409
1286353103340658688
1286352987997253632
1286352966358794247
1286351879941828609
1286351876892635143
1286351806268833795
1286351757497507843
1286351754875949056
1286351734265217025
1286351536013090816
1286351288205225985
1286350895316381696
1286350867545948160
1286349552979775495
1286349157289033728
1286349068814491651
1286348461986783232
1286348277600915457
1286347866617806848
1286347727513759744
1286347643015311368
1286347356154273799
1286347077744824328
1286346818381545475
1286346602479783941
1286346524255977478
1286345870758367239
1286345805473951744
1286345402883739649
1286345374790287361
1286345328673923073
1286345320910204933
1286345283715178497
1286345084062097421
1286344855220817920
1286344390156464134
1286344082718109697
1286343577589751810
1286343538381402116
1286343298249043969
1286343165507768320
1286342061743058944
1286341760847839234
1286341682867449858
1286341551589908482
1286341533390778375
1286341117512945666
1286340835890667521
1286340372462014464
1286340287133032449
1286340204043919362
1286339949177053191
1286339881191563265
1286339736815239173
1286339621450915841
1286339588219379715
1286339410796187649
1286339391418441728
1286339385131245568
1286339328101224453
1286339301928771588
1286339287563239429
1286339028242124800
1286338638939381760
1286338266527080449
1286338091469373442
1286338021806297088
1286337835260416003
1286337796647596033
1286337732776792066
1286337719099105280
1286337567772880901
1286337430065500161
1286337393554083841
1286337314235580416
1286336898412290053
1286336892707930117
1286336667633188866
1286336054266560518
1286336026743574529
1286335973111017478
1286335529378811909
1286335410776322049
1286335219088457728
1286335191624167425
1286335102092541953
1286335058266206208
1286335018692947969
1286334900560433157
1286334878116610051
1286334495671619591
1286334057945739264
1286334022826766336
1286333771034304512
1286333442909777924
1286333097760481281
1286333000582561794
1286332786845126656
1286332686848667654
1286332583350095872
1286332444971610119
1286332077592453120
1286332012970889223
1286332007031742465
1286331996411699202
1286331942800175107
1286331627921002496
1286331581460881409
1286331573323935747
1286331518894387200
1286331376673992706
1286331187145973760
1286331117243715585
1286330686601867271
1286330582801231875
1286330372175912963
1286330233973403650
1286330162351681537
1286330158614487040
1286330052934868992
1286330003458797569
1286329990469091328
1286329638919319552
1286329606971195393
1286329197070290944
1286328826964959232
1286328792420679681
1286328583586185217
1286328547464941569
1286328516443807744
1286328389184425986
1286328357291020289
1286328273555918848
1286328213455634432
1286328176642228224
1286328067309416448
1286327961617129476
1286327441192099843
1286327140716359680
1286327053017636864
1286327040317296640
1286326753338839041
1286326574791495684
1286326384374185986
1286326130405003266
1286326100298215424
1286325867128524800
1286325862137245696
1286325288864022528
1286324972412112905
1286324924446134273
1286324852299829250
1286324748465647617
1286324612872232962
1286324292205060103
1286324283438960641
1286324057252737027
1286323430699261953
1286323190487060481
1286323146635841543
1286323131267915777
1286323068374142977
1286322990070681600
1286322742338494465
1286322556249702400
1286322552567103494
1286322519881011205
1286322407863656451
1286322400091615232
1286322123947020294
1286322105827708929
1286322012881915904
1286321985732194304
1286321077287899143
1286320765617438720
1286320319691739137
1286320193208225797
1286319856221069314
1286319590985871361
1286319530059476992
1286319403999604737
1286319331375276036
1286319326115627013
1286319223892058113
1286319010691321858
1286318811021541376
1286318772043816962
1286318707552264193
1286318663407149057
1286318633778655233
1286318575721091074
1286318217913344003
1286318081606922240
1286317686788632579
1286317679247335425
1286317666718842881
1286317659055849475
1286317537244983300
1286317482228228100
1286317422845124608
1286317362258620425
1286317214229041152
1286317053230616578
1286316821075894273
1286316797445251072
1286316625981997056
1286316485779116037
1286316220254388235
1286315668669960195
1286315412435677185
1286315354705334275
1286315117676822529
1286315035531321344
1286314928899600386
1286314781880864768
1286314717187837954
1286314565827997696
1286314521582329857
1286314378279694336
1286314237594345473
1286313835692003330
1286313807367864322
1286313780553687042
1286313689247887363
1286313673015926785
1286313666917343233
1286313562642710528
1286313511572901888
1286313443864322049
1286313298128969730
1286313287697793025
1286313277950230529
1286313219917860865
1286312942552702981
1286312935292383232
1286312837674147840
1286312743616892929
1286312552192864263
1286312479430238213
1286312398715060224
1286312349574533121
1286312283552059392
1286311509497393152
1286311168244686849
1286311077064712192
1286310648633229313
1286310568043970560
1286310536100098048
1286310294126563328
1286310293367390208
1286310200824266755
1286310117621850112
1286309996662337536
1286309669699551232
1286309664012083203
1286309638498144258
1286309630394720257
1286309531606290436
1286309458336010240
1286309288806420485
1286309065233256448
1286308750329032705
1286308727402967040
1286308668477255680
1286308546494308353
1286308363308093446
1286308322539438082
1286308246861557763
1286307946058612737
1286307729343217666
1286307616105299969
1286306839995527168
1286306412021391361
1286306283382087681
1286306113453948928
1286304663919300609
1286304515474350082
1286304487582437377
1286304425997475841
1286304357412212737
1286304211697897473
1286304171587702784
1286304137693597697
1286303608456253447
1286303565359788033
1286303405120663552
1286303153349103616
1286302888730464257
1286302525172350980
1286302338995625986
1286302326857375744
1286302324344999936
1286302301800615937
1286302080072929280
1286301986921611264
1286301855715336193
1286301625603284992
1286301441590792193
1286301114141466624
1286301064682188800
1286301057405063168
1286301001109118977
1286300830002565122
1286300777972142080
1286300671181029376
1286300638255742978
1286300353303056387
1286299907440160769
1286299901668851716
1286299877421522946
1286299827169562631
1286299475175247874
1286299471832285185
1286299408922038273
1286299388407619589
1286299386083975168
1286299346762440704
1286299243821568002
1286299037508014081
1286299036375371778
1286298933011062786
1286298460367597576
1286297739064741889
1286297475926630401
1286297295928143872
1286297281818275846
1286296982491934720
1286296958135607300
1286296943690383366
1286296936593739778
1286296446149578753
1286296259784052740
1286296125713121288
1286296112723263489
1286296103839764480
1286296076442574848
1286296053524897798
1286295882573533185
1286295727061250051
1286295506453508099
1286294746248470528
1286294579495473152
1286294453607641090
1286294294014427136
1286294080763449345
1286293765477498880
1286293570383761409
1286293560829136897
1286293545595404289
1286293131818864640
1286292644856045568
1286292453482430466
1286292287123857409
1286292283474747393
1286292067925340163
1286291956239392769
1286291786009382913
1286291751649423361
1286291673400487936
1286291573773422594
1286290992690233345
1286290644823146496
1286290442674417665
1286290314634973187
1286290031510986752
1286289740464087041
1286289683450867715
1286289068171702272
1286288825094897665
1286288816479907842
1286288749492568064
1286288545573941249
1286288268062003200
1286287913924296711
1286287768784601088
1286287758936465408
1286287520670593031
1286287512625872900
1286287444850225152
1286286955026583555
1286286758515298304
1286286720359714817
1286286546501591040
1286286513429524481
1286286383825522689
1286286370491817984
1286286206381236226
1286285964168527872
1286285714007695361
1286285707045146624
1286285445555462145
1286285330967080966
1286285285693759489
1286285107863715841
1286285107796627457
1286285106685059072
1286285105665912833
1286285104663461889
1286284664689381376
1286284563183017988
1286284522158522370
1286284378486845440
1286283994322145281
1286283549377798144
1286283377822269442
1286283327540994049
1286283172947402755
1286283106580869120
1286282892079960064
1286282890234540032
1286282815248699392
1286282664203476992
1286282648424505344
1286282610033950726
1286282398179655681
1286282135603679234
1286282081232916482
1286282032755150850
1286281897388257280
1286281889997824001
1286281872595734529
1286281849938104320
1286281605355581442
1286281236428750850
1286281191360999427
1286280999152869376
1286280411040145408
1286280351283806208
1286280182156886016
1286279983003041793
1286279174936825859
1286278818433503233
1286278746518040579
1286278576124420096
1286278444591058945
1286278420570152960
1286278357504667649
1286278240030646273
1286278022383968257
1286277748177145856
1286277725116870656
1286277334203428865
1286277304562454528
1286277097208651782
1286276764931563522
1286276764130406402
1286276606961627136
1286276393349844992
1286276384923553794
1286276172171620352
1286276088218484738
1286275875659546624
1286275869141602306
1286275820819030018
1286275703646937089
1286275649842417664
1286275494183305220
1286275441729376256
1286275368245239809
1286275337043742720
1286275092750761984
1286275040703586304
1286274906431336449
1286274691372658688
1286274611303284736
1286274577203593219
1286274542135017472
1286274417773993984
1286274386731905026
1286274383699476480
1286274080895905792
1286273986003959811
1286273960460587010
1286273720412262401
1286273696433418240
1286273533891485698
1286273396339281922
1286273156865560577
1286273101186183170
1286272875427778560
1286272754614927366
1286272473445662722
1286272423306895360
1286272404474531840
1286272370232168449
1286272149230096385
1286271873446281216
1286271552422653953
1286271537708969984
1286271525923041281
1286271215611633665
1286271026389823488
1286270987185598464
1286270955485114369
1286270924279422980
1286270742410285056
1286270721166135296
1286270516165324801
1286270414541459458
1286270114535542790
1286269817356460034
1286269794698878976
1286269709453795328
1286269577479913473
1286269347502206976
1286269172977213440
1286268936993071104
1286268512424665088
1286268430367195137
1286268346351136768
1286268275882680322
1286268263350128640
1286268071049678848
1286267940007010306
1286267863955836928
1286267706077921285
1286267597089116161
1286267554038779904
1286267430042513408
1286267294407163911
1286267174429044736
1286267036407074817
1286267033135579137
1286266935215296512
1286266767011205120
1286266653685293057
1286266538941710336
1286266502916833280
1286265877890039808
1286265832369201152
1286265704715608067
1286265609836285953
1286265375794044929
1286265251663618048
1286265194084065285
1286265190636326912
1286264823735635969
1286264613923950592
1286264330393137156
1286264287430926336
1286264272541159424
1286263994391695361
1286263809812893697
1286263726010699782
1286263697837568000
1286262724008304643
1286262666122670082
1286262487256567821
1286262484849045504
1286262345895993344
1286262318679154691
1286262279240024065
1286262039380459528
1286261523929866240
1286261194584731655
1286261109113094148
1286261093694873600
1286260951424159744
1286260887851094021
1286260411508064256
1286259702750416897
1286259351519465474
1286259127979843584
1286259076436025344
1286259039165456384
1286258981300838400
1286258808541663232
1286258790598356992
1286258690920677377
1286258618137038850
1286258205132296193
1286258053109682177
1286257889162809345
1286257643384967168
1286257545024278528
1286257400341762051
1286257370239315968
1286257206544019456
1286257157625786368
1286256919158689792
1286256421580013569
1286255978720133120
1286255834805284865
1286255685060132865
1286255684036825089
1286255169416593411
1286254777383477248
1286254536525582337
1286254487192178689
1286254348511649797
1286254217917796352
1286254079732330496
1286253644057378816
1286253514226839555
1286253365534564352
1286253221422477312
1286253216276127745
1286252998524641280
1286252995508805632
1286252911434104832
1286252818429546497
1286252727555837953
1286252678230806529
1286252364492660737
1286252304157552640
1286252190504554497
1286252106224218112
1286252088016670724
1286252052012834816
1286252034572812294
1286251881208205312
1286251874287587328
1286251830985601024
1286251803051536384
1286251758201835520
1286251571668451328
1286251283289124866
1286251183053692928
1286251093027172353
1286251074035363844
1286250923879276544
1286250796355551233
1286250771001073666
1286250187212623873
1286250084968144896
1286250071688978432
1286249836795375617
1286249714564956161
1286249482787721216
1286249467453362183
1286249358401380357
1286249198829146112
1286248800743546881
1286248735090061315
1286248621671882753
1286248176966676480
1286248156322308096
1286247996934561792
1286247830710030337
1286247651260936192
1286247543999954945
1286247464891232263
1286247321622073345
1286247199257624576
1286247161387245569
1286247094123212802
1286247025433083905
1286246962912796675
1286246895875166208
1286246624348561408
1286246172722704385
1286246058113355776
1286245863858348037
1286245718680895489
1286245682211422208
1286245422185492480
1286245224948400128
1286244824492969984
1286244567705096195
1286244244886298624
1286244043958231041
1286244033006841862
1286244006888906754
1286243180405383168
1286243154518319105
1286242924909363205
1286242815849226241
1286242729291395073
1286242638945976320
1286242580951437319
1286242554632196097
1286242486109732864
1286242230672535552
1286242208421744640
1286242118600658945
1286242055883313152
1286241876471885824
1286241756053463040
1286241564142993408
1286241563887230976
1286241484119867392
1286241482119286788
1286241480051437568
1286241478751277056
1286241475186118658
1286241472300408838
1286241447977652224
1286241425026420738
1286241267467329536
1286241222034628610
1286241221095170049
1286241219400683521
1286241219060826114
1286241217458638849
1286241214631743496
1286241100345286657
1286240955943788549
1286240742101352449
1286240650338467845
1286240367541727244
1286240324940115968
1286239733958541313
1286239730015903754
1286239535202959362
1286239442634768384
1286239361068150784
1286239229845164032
1286239114623410176
1286238926651510785
1286238611436863489
1286238488447328258
1286238407593807873
1286238394314457088
1286238393253466112
1286238361439666176
1286238311653269504
1286238165737648131
1286238151128879115
1286238042282500096
1286238023735222272
1286237794470330372
1286237472633032705
1286237356530511872
1286237295285280776
1286237276616503296
1286236706145013761
1286236536955187201
1286236461772267522
1286236290502066176
1286236161258725381
1286236134293606407
1286236133106606092
1286235958057238533
1286235943066832897
1286235936771182592
1286235694407528449
1286235459518181377
1286234954297421824
1286234866821079042
1286234800475508736
1286234715960348674
1286234494794706944
1286234335511818240
1286234013049532416
1286233962852098048
1286233814981844992
1286232900950687745
1286232719140233216
1286232612529410048
1286232401656655872
1286232308740165633
1286232295196811268
1286232260816109570
1286232086999949312
1286232083397058561
1286232081312428032
1286232080817373184
1286231965474193409
1286231959979646976
1286231843017285633
1286231660007247872
1286231380624658432
1286231323837898753
1286231299997544448
1286231129192833026
1286231126479183873
1286231114953129985
1286231049580806150
1286231024763011073
1286230995558191104
1286230966223110146
1286230695325696000
1286230654838087681
1286230341959798785
1286230155518713858
1286230077693460481
1286230023507259392
1286229887452434432
1286229751313637376
1286229282092658689
1286229255131664388
1286229087225249792
1286228173923983360
1286228106139885568
1286227868159270912
1286227716958752769
1286227194423971843
1286227107685826560
1286226995442061317
1286226969860988929
1286226765145399296
1286226631414222848
1286226572047872006
1286226423519289345
1286226114373976069
1286225928339693568
1286225802158206976
1286225441683103745
1286225430438174724
1286225389765918720
1286225104423333888
1286225028724531201
1286225018570121220
1286224997925740544
1286224969622589441
1286224564813533184
1286224563102195712
1286224093319135232
1286223921285660672
1286223853086285824
1286223725252218881
1286223462143422464
1286223268551237632
1286223099399147522
1286223071607762945
1286222960320282624
1286222768728690689
1286222753440444417
1286222430684553216
1286222354302087168
1286222341580750848
1286221847676108801
1286221517433511936
1286221501373579269
1286221434830884864
1286221238289993728
1286221131717005312
1286221112200790018
1286221032869769218
1286220936451182592
1286220389094510592
1286220133426397184
1286220035539730432
1286219777493565441
1286219497226018816
1286219496588541953
1286219416154365952
1286219252563955713
1286219245165121537
1286219227247136768
1286219212827111427
1286219204081967104
1286219195886305284
1286219133445578754
1286219057302249472
1286219031255687168
1286219023097778176
1286218969767174144
1286218944752365569
1286218791765106688
1286218581978611712
1286218527939190784
1286218332035784706
1286218268429225985
1286218159591170050
1286218127643115520
1286217856506568705
1286217750688477185
1286217744208125952
1286217555854667777
1286217302673969158
1286216994270978048
1286216584239951872
1286216505164783617
1286216301451542529
1286216107993509889
1286215948962275328
1286215847959236608
1286215522250641410
1286215107337388032
1286214695075098624
1286214467840286720
1286214460546453504
1286214426211778560
1286214304480530432
1286214210494619648
1286214159894491137
1286213971981164545
1286213969259061248
1286213967690387456
1286213962103582721
1286213851843833857
1286213672080220160
1286213575938318336
1286213507122376713
1286213491691487233
1286213457478549505
1286213392630456322
1286213293170765824
1286213121997250561
1286213016783118338
1286212938555154432
1286212935379906560
1286212935170363394
1286212934260199430
1286212933911851008
1286212932343193603
1286212930845868032
1286212913196404736
1286212808619827200
1286212532773027843
1286212278992408577
1286212144510504963
1286212024150753280
1286211960690941954
1286211918332559361
1286211692322590720
1286211660424925185
1286211647854575616
1286211179401162753
1286211149944496130
1286210996080652293
1286210844372738049
1286210811439054849
1286210381225103361
1286210349709037568
1286210135283638272
1286209343218647040
1286209233080537088
1286208622150778881
1286208478391029760
1286208459596353536
1286208104795910153
1286208012953227265
1286207686892294144
1286207676029046784
1286207567002316804
1286207336076447744
1286207286860558338
1286206975278223361
1286206939668545538
1286206937143676928
1286206930181140481
1286206878570209280
1286206822957887493
1286206697124618240
1286206692775141376
1286206692569632768
1286206421227442176
1286206314092298241
1286206212833529858
1286206160824160257
1286206007425806339
1286205659378221061
1286205595033440259
1286205098734030851
1286205082040664065
1286204906727243776
1286204421173583875
1286204261588754432
1286204108752523267
1286203799544254464
1286203779386310656
1286203742992379908
1286203584946765824
1286203501010472964
1286203447151337472
1286203437105983488
1286203353882664961
1286203295355240449
1286203036390522880
1286202768961806337
1286202627705856000
1286202501658824704
1286202405961465858
1286202395030982656
1286202386969747456
1286202373535338498
1286202272251174912
1286202205226270720
1286202034979590145
1286201892784275457
1286201682758688768
1286201605319204864
1286201558385012736
1286201198660460544
1286201157875044352
1286201097342930945
1286201081874219008
1286200647235375112
1286200619792039938
1286200616214245376
1286200566012620800
1286200471867338752
1286200446059716608
1286200319362445312
1286200025740128257
1286200015740903424
1286199890322829323
1286199755908034560
1286199552366780417
1286199498331631617
1286199422137794566
1286199106218663936
1286199102435401728
1286199076816642048
1286198856099811328
1286198690982645763
1286198250798829569
1286198149166628865
1286198115134066688
1286197579265572865
1286197492292284422
1286197434994110466
1286197355906125824
1286197347970682882
1286197329637384192
1286197211429314566
1286197187530174464
1286196716794937344
1286196465312948224
1286196267488600066
1286196071287468039
1286195923174002689
1286195900675772416
1286195851308695553
1286195642184892416
1286195599914696704
1286195510492241922
1286195403642343424
1286195314991534082
1286195257525313537
1286194840309567488
1286194470627627008
1286194458439163904
1286194339371196417
1286194305422557184
1286194244160557057
1286194222622703618
1286194210203480065
1286194186174312455
1286194172379176960
1286194114405502977
1286193965507547137
1286193964693897216
1286193964236722178
1286193909614469121
1286193904891691008
1286193893692907520
1286193841926619136
1286193649534095362
1286193587152023552
1286193463810314246
1286193299179569153
1286193277750906886
1286193135610101762
1286193111098691590
1286193080664817670
1286192970396585984
1286192810388000770
1286192772865765390
1286192721531670535
1286192689642340358
1286192351111720961
1286192265791234049
1286192081015365634
1286192038187335680
1286191777066684417
1286191604647317506
1286191589027721216
1286191548842074117
1286191465023102977
1286191458987335680
1286191227675783171
1286191215285805057
1286191047643734016
1286190588661030915
1286190528376254466
1286190363615600640
1286190022232875008
1286189979379675136
1286189965240684545
1286189915487731713
1286189841479340032
1286189814816153607
1286189413224132611
1286189375240495104
1286189282428936192
1286189192263929861
1286189178569588737
1286189172219351040
1286189154775240704
1286189080863219712
1286189010734460929
1286188904895389699
1286188826499731456
1286188772225429504
1286188476556247041
1286188364186521605
1286188341944373248
1286188327935369217
1286188191591157760
1286188139648868352
1286187862644465664
1286187551628419073
1286187418425733120
1286187080448651265
1286187075486834688
1286187017089552385
1286187006893199361
1286186948231651328
1286186710250946561
1286186575366422528
1286186527299706880
1286186480520626176
1286186443065430017
1286186292854894593
1286186024603987968
1286185689973960704
1286185529109876736
1286185492212588545
1286185363241930754
1286185263643885575
1286185228210503680
1286185165186912256
1286185031233343488
1286184899125432320
1286184894067085312
1286184519372951552
1286184400884047874
1286184249989771265
1286184206301900800
1286183867456659458
1286183814738436097
1286183708337344512
1286183619774611456
1286183576632020992
1286183557174571008
1286183527294226434
1286183077572743168
1286182616836853760
1286182350779494400
1286182325936689153
1286181942807887873
1286181573998632961
1286181535041945600
1286181358268747781
1286181016877576192
1286180981083377664
1286180939618377729
1286180889274310657
1286180677612904451
1286180670218412032
1286180637909684226
1286180538852794368
1286179824147587072
1286179786969276416
1286179625094115330
1286179453962465281
1286179132221673473
1286179025828950016
1286178519186276352
1286178474093404160
1286177902246207488
1286177696209395713
1286177694477164544
1286177353626984453
1286177223360294912
1286177018040778754
1286176742818881536
1286176739580878848
1286176152374185984
1286176113748836356
1286175970160979969
1286175868432388097
1286175778124816384
1286175284463570946
1286175139399380994
1286174950018121731
1286174712410910721
1286173899181490177
1286173665936236544
1286173415381110784
1286173413523021824
1286173409563508738
1286173356908216321
1286173355536723970
1286173266810408962
1286172914962837504
1286172719344758785
1286172716823990273
1286172707219013632
1286172703586750464
1286172700977901569
1286172697001680897
1286172633030164480
1286172502608289794
1286172342713028610
1286172066954256391
1286172016828088320
1286171911299440640
1286171211156815872
1286171151715139586
1286171109298262017
1286170719525703680
1286170711925624833
1286170188619165696
1286169265788395521
1286169142035394560
1286168300926402560
1286168230751612928
1286167338245591042
1286167322252570624
1286167195005997058
1286166407554662400
1286166356627460097
1286166202616811520
1286166164721348610
1286165940430872576
1286165752521928704
1286165590529445890
1286165480160595969
1286165470949801984
1286165341312360453
1286165312220651520
1286165163712880640
1286164746077708288
1286164570969714690
1286164486567624704
1286164369223700482
1286163541129601025
1286162602695958535
1286162158775160833
1286161455906250752
1286161434058149888
1286160382365773824
1286160069650976768
1286159777823961088
1286159607661043723
1286159213664907267
1286159190285783040
1286159039815135233
1286158407267909635
1286157951904944130
1286157102956896256
1286156595206983680
1286156211033964554
1286155893592162308
1286155626935193602
1286155425675649024
1286155410878210048
1286154610089091073
1286154338184945665
1286154277325602817
1286154068579225600
1286150713035366400
1286149600164876288
1286148040131215360
1286147924972441602
1286147790662512642
1286147613453094916
1286146808822075393
1286146567976747009
1286146033978871810
1286145409321185281
1286141512758317059
1286140295302840322
1286139249134383105
1286136661886283776
1286135112153862145
1286131310818361344
1286126490652901376
1286123486298112000
1286123216239501312
1286122548573462529
1286122454499446785
1286122043373649920
1286121417189318657
1286121371555307520
1286121306824552448
1286121284032704512
1286118316210294790
1286114889782697984
1286113127797600258
1286106058914701313
1286105061685440513
1286104082780954627
1286103018522411008
1286102718109618178
1286102372138311680
1286100590620291077
1286100529928642561
1286100217876668416
1286099845040746497
1286098900709933057
1286098067503054848
1286097598290501634
1286096659227844610
1286096423939977216
1286096167630143488
1286095694781206530
1286093828777287681
1286093664406638592
1286093576015949829
1286092871288979458
1286092463179014147
1286092327501606912
1286090841489121281
1286090604682805248
1286089572980465664
