1283550841299972097
1283550472582856704
1283550446976675841
1283550266625794049
1283549148323573760
1283549024352690178
1283548935441846272
1283548557669277697
1283547418982850562
1283544881416286211
1283544758988738562
1283544696984346625
1283544633172267010
1283543181955665925
1283542684569939969
1283542581436088320
1283542527577133056
1283541446835019777
1283540965479927813
1283540497395585025
1283540410518904833
1283539516670738439
1283539281403928582
1283539162151428100
1283539080060575744
1283539007561859072
1283538221180256261
1283538009217019905
1283538003873456128
1283537751091093509
1283537728882212864
1283537676789075969
1283537595205668864
1283536853908553730
1283536134119796738
1283535891374448641
1283535818439753728
1283535693524938755
1283535311881019393
1283535081030799361
1283535047950303235
1283534704172584961
1283534693334421506
1283534643208298496
1283534588258717696
1283534551004872705
1283534480276365320
1283534435980390403
1283533926816980992
1283533799935168516
1283533337550893060
1283533263424958464
1283533153513111552
1283532972478664709
1283532906275713026
1283532872826191873
1283532736146419724
1283532542377955328
1283532408025907200
1283532196322652161
1283532158339026944
1283531344031686658
1283531288159432704
1283531178130063360
1283530633504067584
1283530232675422213
1283530127956152320
1283530034356072449
1283529905565827072
1283529878659387398
1283529865153712128
1283529781229899776
1283529747373395969
1283529473716092928
1283528995078918145
1283528880356294659
1283528830137831425
1283528761456173057
1283528700655472642
1283528596062117889
1283528451304161281
1283528423974019072
1283528328272654339
1283528204901396485
1283527882795515915
1283527738624806918
1283527666692431880
1283527652415082497
1283527480184373248
1283527356884361219
1283527341478739974
1283527241083817985
1283527093024960513
1283527042085130243
1283526862090776577
1283526774295531525
1283526752279691264
1283526750086012933
1283526633866092550
1283526620977025030
1283526427539898369
1283526145686806529
1283526132428615680
1283526127361888256
1283526055752544259
1283525945962434561
1283525918862999554
1283525741829853204
1283525517933711367
1283525298995290112
1283525020241874947
1283524613448835077
1283524600786309121
1283524374532894722
1283524369206083586
1283524324830437377
1283524174640746497
1283524121649913856
1283524071758733312
1283523867575812099
1283523803759489027
1283523720980635650
1283523326871252993
1283522542171561984
1283522263137034246
1283521999193735185
1283521882755653632
1283521527078686723
1283521411378798592
1283521386506592256
1283521349319905286
1283521332219609094
1283521070566387712
1283521012349521941
1283520641669435394
1283520444071641090
1283520379106058242
1283520362215604230
1283520102030336003
1283519983222497280
1283519866599813120
1283519763126333443
1283519719648051201
1283518553413517312
1283518405966991361
1283518202065100800
1283518028118925312
1283518020342755333
1283518004215664642
1283517878403293184
1283517778163650566
1283517771612139520
1283517752213270528
1283517645833338888
1283517618381619204
1283517606998224897
1283517182186532864
1283517174351626242
1283516993048633347
1283516975029911556
1283516893538779141
1283516800676892678
1283516686361153536
1283516584162557952
1283516500972843012
1283516273192767488
1283516155039285248
1283516027075211267
1283515969055449089
1283515676733452291
1283515564875493376
1283515422256648197
1283515336223068160
1283515227842191362
1283515225199783937
1283514987626012672
1283514905027641344
1283514848815480833
1283514711657656322
1283514632641052683
1283514585379753991
1283514535563931649
1283514494937960448
1283514439115956225
1283514362775379968
1283514259377475592
1283514102023950339
1283513910423883777
1283513808884060165
1283513802500321280
1283513726474366977
1283513505384103938
1283513447666405376
1283513207072710656
1283513203184537607
1283513140790124547
1283513024452730880
1283513022795976705
1283512928621207557
1283512797096222721
1283512631886860290
1283512551192629250
1283512321621594114
1283512281419198465
1283512264247713795
1283512212540317696
1283511809157337091
1283511722142126080
1283511446412894209
1283511281497133057
1283511249708486667
1283511204389019649
1283511092799590400
1283510871327637511
1283510768558907392
1283510705388429314
1283510681954856968
1283510605018738690
1283510544905969664
1283510538324963329
1283510428849647620
1283510410000334857
1283510284498370560
1283510184791474179
1283510137584603138
1283510104835395585
1283509995464728577
1283509944524865540
1283509673732321280
1283509667675676676
1283509448506474498
1283508854878339077
1283508610874707971
1283508461377064962
1283508382369042433
1283508185689722881
1283507979116072960
1283507898979688450
1283507877001539584
1283507720163860483
1283507705932546057
1283507454245036032
1283507399807180801
1283507355607617539
1283506957362638848
1283506915457339392
1283506799677632513
1283506749480337410
1283506545947488258
1283506533863653376
1283506275985367043
1283506196184522754
1283505856752082944
1283505612970700800
1283505267922149382
1283505102024835074
1283505097213988864
1283505015315980293
1283504752412758018
1283504747421597696
1283504638390673408
1283504620581597187
1283504615552581632
1283504556257796096
1283504413194227712
1283504281111474176
1283504266209099778
1283504175918256128
1283504108146753536
1283503836108394497
1283503769091747840
1283503647406673922
1283503461573722116
1283503406183743488
1283503314114674689
1283503272838520836
1283503109805875200
1283503086665949184
1283503006978375681
1283502989760696320
1283502943623352321
1283502864384643073
1283502816292753417
1283502661791363073
1283502557348929539
1283502446111850496
1283502342952935425
1283502245632512000
1283502134768672768
1283502108818513921
1283501744341815296
1283501699450253313
1283501327222403072
1283501161807589376
1283501134137655296
1283501076323479552
1283500953103208450
1283500852364349440
1283500770290216962
1283500742758801409
1283500601448566786
1283500570326773761
1283500558733770755
1283500513565310980
1283500461316886528
1283500354781556736
1283500185910378496
1283499907345797120
1283499826919989253
1283499654026530816
1283499598032580608
1283499568437444609
1283499226983530504
1283499098952392704
1283499054819926016
1283499003594838017
1283498981188751360
1283498967104475143
1283498894811377669
1283498802960375815
1283498790343909376
1283498788359897095
1283498571413716993
1283498570943954950
1283498545732091907
1283498543328747522
1283498479088697351
1283498456586366981
1283498435551911941
1283498428060905479
1283498401569677315
1283498342224408579
1283498246011342857
1283498207142645762
1283498150662209543
1283498077958086657
1283498075466629120
1283498046320508930
1283498001609240577
1283497936488468480
1283497883036262408
1283497864442916867
1283497847959298051
1283497840384278530
1283497838354325505
1283497753297944589
1283497698335895552
1283497618535002112
1283497587077787649
1283497571869229056
1283497403585355776
1283497335583113218
1283497209212829702
1283497051242758151
1283496983492284417
1283496981835452419
1283496740000280592
1283496739719335938
1283496708580704257
1283496640226250754
1283496558957416448
1283496509271691273
1283496438807375874
1283496294309404683
1283496140516864000
1283496126348394496
1283496108329771008
1283495980239912966
1283495917514039297
1283495865919971329
1283495776136699904
1283495329178976257
1283495120189435904
1283495085619978243
1283494956129300482
1283494886944182272
1283494869734952965
1283494613068787714
1283494580009263111
1283494536011014149
1283494365814501380
1283494336320212995
1283494169651171335
1283494159333109760
1283494157244342278
1283493950922412032
1283493698014269447
1283493617324228615
1283493384691372033
1283493241460072448
1283493170681176067
1283493012509806593
1283492921707245573
1283492881815281664
1283492733429178369
1283492597114306561
1283492590562705409
1283492572380499968
1283492405422030849
1283492212005908482
1283491943692021760
1283491826209558528
1283491483639861253
1283491407328616451
1283491283022094338
1283491206241103875
1283490917056421888
1283490767508590592
1283490756133625857
1283490755043041282
1283490564298727424
1283490520799621120
1283490450876305408
1283490254947835904
1283490251395260420
1283490197682950145
1283490105152462851
1283490057110904833
1283489585268436997
1283489176864915457
1283489135068667906
1283489049739694081
1283489048624091136
1283489013991641088
1283488944798261249
1283488847255556096
1283488567633772544
1283488456891564033
1283488432636022788
1283488274770788361
1283488071246327808
1283488028510621713
1283487802076930049
1283487769432600577
1283487474879205376
1283487324903530501
1283487140266020865
1283487013593849857
1283486962243035138
1283486780621230080
1283486697938919426
1283486573661696000
1283486517953003522
1283486517592195074
1283486513049862154
1283486497656709122
1283486414290718726
1283486390374797312
1283486091136442371
1283486067887411200
1283485931866128385
1283485556442357761
1283485383515426821
1283485262954352640
1283484719649300492
1283484290148446209
1283484264655462405
1283484250516467719
1283484231570784256
1283484206522400772
1283484193197109248
1283484120425934850
1283484069536378883
1283484004096921602
1283483889563041792
1283483521370206209
1283483506866257921
1283483497076789248
1283483354394963968
1283483264330727425
1283482954866528258
1283482926710218753
1283482924663349248
1283482689136472065
1283482642483208192
1283482611239858177
1283482381085794305
1283482357299904512
1283482298353160195
1283482265968877576
1283482204165873679
1283482175728422912
1283482166274424833
1283482114558758912
1283481990596091905
1283481816930881536
1283481632318652417
1283481500470652933
1283481421886164997
1283481409080963073
1283481350973149184
1283481281070866439
1283481249772982273
1283481102888337411
1283480953357205505
1283480905194110977
1283480802404315137
1283480629753991168
1283480518512738304
1283480246608703491
1283480202836938762
1283480181819289604
1283480128920616960
1283480026235777025
1283480012075806721
1283479885839839237
1283479875383439365
1283479809193136131
1283479499758338049
1283479421987491840
1283479351237976067
1283479286188515329
1283479223240359936
1283479076167090176
1283479063215177729
1283479050175090688
1283478996378955779
1283478923112849411
1283478761732743173
1283478621437534208
1283478617469734914
1283478345993388033
1283478317086183427
1283478316226416641
1283478315647541250
1283478315064528896
1283478313927942152
1283478312753528836
1283478312187301896
1283478311587454980
1283478150345826305
1283477785558880257
1283477684660690945
1283477202013741057
1283477049894633474
1283477000196435968
1283476826317258752
1283476650571767808
1283476637821132801
1283476560322994186
1283476409382567936
1283476162849775618
1283475891012734978
1283475750709088261
1283475723450224643
1283475483594719233
1283475450572898309
1283475440364146691
1283475386811256833
1283475329441501187
1283475120502300672
1283475109416783872
1283474744491364353
1283474694180679681
1283474579021856769
1283474367834447878
1283474264130293760
1283474211491778562
1283474178583207937
1283474068986044416
1283473933321285633
1283473837817049088
1283473763137466369
1283473689414115330
1283473554357592066
1283473436409552900
1283473422006259714
1283473374904233984
1283473084167659520
1283473075628126217
1283472966630735872
1283472593748668417
1283472382796140545
1283472235735523330
1283472158371590146
1283472094702051337
1283472090344169472
1283472032508850176
1283471914527338501
1283471802099015684
1283471628920389633
1283471608930283523
1283471527170789376
1283471497634418688
1283471368428965889
1283471210068795394
1283471072424321025
1283470931680206849
1283470879624777730
1283470818316623873
1283470695607959554
1283470533691047937
1283470269038964738
1283470177905119233
1283470164739096579
1283470054508695552
1283469890041651202
1283469781337866240
1283469634419724292
1283469509760897032
1283469450117820417
1283469186493292545
1283469146634752000
1283469061339394049
1283468986781446145
1283468893596639233
1283468835312603136
1283468782061719552
1283468656169623556
1283468461688131590
1283468416788111360
1283468384584302593
1283468379110756353
1283468224630329346
1283468142317051905
1283467953548267523
1283467514555531270
1283467453415260160
1283467145171611648
1283467054243250176
1283467049398935554
1283466985444118529
1283466890187345920
1283466878891982855
1283466739263713282
1283466533289828353
1283466484757540864
1283466424632188928
1283466352951537664
1283466152358879233
1283466048952401920
1283466047379525633
1283466045513019392
1283466042598014977
1283465987325669376
1283465758794756101
1283465703949922305
1283465631036321792
1283465462735613954
1283465251221123072
1283465115959013376
1283464985344184320
1283464945921855488
1283464906768080900
1283464753701105664
1283464723715981314
1283464662474993675
1283464453460234242
1283464428827160576
1283464413639585796
1283464400091975680
1283464350888595458
1283464254268542984
1283463930044702720
1283463919529611265
1283463894581874689
1283463642890084354
1283463549000581126
1283463524933668864
1283463408961163272
1283463214160904194
1283463204195229698
1283463143109402629
1283463086985416704
1283463077070020608
1283463054806724608
1283463017930383361
1283462933180227586
1283462894454280193
1283462861226938368
1283462846748200962
1283462774677544960
1283462658033963008
1283462532393508876
1283462504530796546
1283462489016016897
1283462445521088514
1283462416588832769
1283462177010188288
1283461993668763648
1283461882960121859
1283461843541995531
1283461792136601601
1283461623617855489
1283461589304315906
1283461439156518913
1283460978047426561
1283460964147503105
1283460813395828736
1283460760778280960
1283460741652197376
1283460692666912771
1283460690464911360
1283460659305381889
1283460431059791873
1283460349300297728
1283460321877819392
1283460222078640129
1283460030646321158
1283459979391963138
1283459816183214082
1283459702475485190
1283459622729396227
1283459474217369603
1283459328171704320
1283459238195535874
1283459103017316353
1283459071752974342
1283459068741419009
1283458897659990016
1283458707456757763
1283458668042870785
1283458220971962368
1283457775343984640
1283457756310253573
1283457564542251009
1283457399433691136
1283457285264756737
1283457246681276416
1283457129077248005
1283456742379196418
1283456507795902464
1283456412794916866
1283456310831468544
1283456268980621313
1283456200592498688
1283456176294965250
1283456095055478786
1283455944010104834
1283455735960154113
1283455708592300035
1283455625511546882
1283455549481324551
1283455450466459648
1283455443881295872
1283455344736428032
1283455249953554435
1283455174510600193
1283455134756896769
1283455112451633155
1283455013071851523
1283454851045892097
1283454661685587968
1283454546375778312
1283454481431240706
1283454330004221952
1283454123531214850
1283454016790421505
1283453859885703169
1283453814616489984
1283453715207401473
1283453533120016384
1283453424651177985
1283453347782107141
1283453302072647681
1283453276617416704
1283453184262930434
1283453124280291332
1283453113077243906
1283453020618055680
1283452720024883206
1283452426637508609
1283452396631449601
1283452365845213184
1283452359377653767
1283452336162168832
1283452248748679174
1283452195481026565
1283452095300067329
1283452034298019840
1283451970624397313
1283451935392182273
1283451761295003648
1283451584844894208
1283451539202478081
1283451506486845440
1283451431664615431
1283451400190676992
1283451383514112000
1283451363842822145
1283451359426220032
1283451313356001283
1283451295572135937
1283451290694148097
1283451208599048193
1283451207353335811
1283450930004983815
1283450635040575499
1283450512159977472
1283450353170743297
1283450297763926018
1283450288792309764
1283450227735908352
1283449952677646336
1283449932620406784
1283449885849722882
1283449802316013571
1283449723408482312
1283449703452090368
1283449672615559168
1283449594681139201
1283449280712376321
1283449130187202560
1283449115901341696
1283448984158326784
1283448939484717056
1283448905758384128
1283448890868543490
1283448847226867712
1283448785906159621
1283448709632729089
1283448698714951680
1283448399778525184
1283448359647416322
1283448310234324993
1283448259881639943
1283448115467620353
1283447901511987200
1283447476633120770
1283447340649648130
1283447214426198017
1283447149385207810
1283447052865884166
1283446908481163264
1283446870111662082
1283446825811357696
1283446743263252480
1283446688758341634
1283446552573468672
1283446516942876673
1283446477419839488
1283446469903683584
1283446328211759104
1283446177229352962
1283445911700541443
1283445818620612609
1283445780511166466
1283445751453024256
1283445517192757248
1283445472309501956
1283445413962493952
1283445282064281601
1283445270919950338
1283445078682468357
1283444987657584641
1283444876823191553
1283444804567916544
1283444804022669316
1283444803234074625
1283444488157966343
1283444423834165248
1283444294574116865
1283444083588059137
1283444066059980801
1283443844722372617
1283443704171290625
1283443651071414273
1283443315812204544
1283443169376514048
1283443067840876545
1283443024320704513
1283442904338272258
1283442867789271041
1283442856166928385
1283442847975444480
1283442842740961280
1283442840664711172
1283442837024112640
1283442836474601475
1283442833832247302
1283442824168562688
1283442818866982913
1283442686725324806
1283442673127428097
1283442540868509697
1283442499881762816
1283442498698981379
1283442487516893187
1283442486384431104
1283442317920276480
1283442283484938241
1283442264149123072
1283442067226730497
1283442000898007041
1283441742528774144
1283441453193220096
1283441337262628866
1283441298473713665
1283441231826223105
1283441147134828544
1283441140260372485
1283440979324948480
1283440955618729984
1283440877768257537
1283440838979342342
1283440710826504193
1283440643717713923
1283440579200811010
1283440548301492232
1283440472988561411
1283440453417873408
1283440428554031105
1283440213688295425
1283440174425350144
1283440073489502208
1283440004958756867
1283440004778397698
1283439929721331718
1283439886926786567
1283439876357206016
1283439828688928772
1283439740914720768
1283439658043678720
1283439630998798336
1283439576166600706
1283439570525343746
1283439566385377280
1283439531266580481
1283439465780912130
1283439423288479747
1283439372168241154
1283439362705887232
1283439272142528513
1283439226403598336
1283439079783366659
1283438950573645825
1283438918852120576
1283438842817712130
1283438804674793473
1283438758164078592
1283438520254828544
1283438495399321600
1283438406224273409
1283438201680560128
1283438175323643905
1283438082860158979
1283437998995058690
1283437697462394881
1283437673856872454
1283437428011917313
1283436936313462786
1283436686186352640
1283436479155326976
1283436387799314433
1283436231301496834
1283436163643080704
1283436068558327808
1283436038564839425
1283435996059783169
1283435917181620224
1283435744355389442
1283435736742715395
1283435597881892866
1283435454130466816
1283435445884538882
1283435436350869504
1283435414523719680
1283435256469749760
1283435234776748032
1283435139226316800
1283434873248714752
1283434558940155911
1283434492334661635
1283434335987798021
1283434238960902149
1283433917136228353
1283433862467551234
1283433745421348865
1283433667264684039
1283433561371049987
1283433493113049088
1283433344827641859
1283433110760284160
1283432971501031429
1283432665912311809
1283432387129618434
1283432377247846404
1283432357605900288
1283432277331062791
1283432221991469056
1283432204417236993
1283431938875887616
1283431914238599168
1283431639897509890
1283431589024870400
1283431540173819907
1283431506082435073
1283431337915973632
1283431311932305411
1283431200225468416
1283431153261842435
1283431102678544386
1283431097523507200
1283431039365459970
1283430754387726336
1283430670467989504
1283430669310464001
1283430637257596931
1283430439475204097
1283430366628458506
1283430097404547072
1283430042228469764
1283429641282256896
1283429487175184385
1283429476144222209
1283429396171366402
1283429204030361603
1283429168387153920
1283429137194024960
1283429063537958912
1283428943740239872
1283428904691269632
1283428675669696514
1283428649136541697
1283428574494588928
1283428559936196608
1283428445830156288
1283428418441420801
1283428327454314501
1283428114589261825
1283428110751485954
1283428090018959361
1283428072398692353
1283427993294118923
1283427847290355712
1283427828118282241
1283427827065528320
1283427666385948672
1283427660396466176
1283427543492812803
1283427525583155201
1283427446348566528
1283427421811867657
1283427370087493632
1283427244472446978
1283427216865538050
1283427148947238912
1283427143863676931
1283427085797777415
1283427031557050368
1283426984677257217
1283426975672041472
1283426725960003584
1283426696679522304
1283426624747327490
1283426550726131713
1283426487434182656
1283426418194632710
1283426262699188224
1283426235914362880
1283426188984287236
1283426158533586944
1283426153030705154
1283426132528857088
1283426115487399938
1283425983538888705
1283425608882688002
1283425461473812480
1283425082380111875
1283424978164219906
1283424837197864962
1283424753018175489
1283424651218243585
1283424580653256706
1283424561548218369
1283424299370663936
1283424289170116609
1283424265669419009
1283424100053127168
1283424094092963842
1283424089911238656
1283423905789759493
1283423757877510146
1283423717108973568
1283423598846320640
1283423576905916416
1283423562012020738
1283423482815160320
1283423467350757377
1283423464980979712
1283423450615382016
1283423367836708864
1283423327390961667
1283423272059777024
1283423123983998977
1283423118590083073
1283423077137883137
1283422984452091905
1283422667656372225
1283422597120757763
1283422577352900608
1283422315854942210
1283422297303523331
1283422287631462400
1283422223001358338
1283421980398620673
1283421963873128448
1283421886462992384
1283421762622029824
1283421669483307008
1283421623824064516
1283421476541079553
1283421445461344257
1283421438620426244
1283421396140531714
1283421269573197824
1283421094314213383
1283421081630584836
1283421030338498560
1283420999699050496
1283420883399442432
1283420821780742146
1283420816814886913
1283420813341782017
1283420789535059973
1283420604033531909
1283420598601949186
1283420481878732801
1283420436748029956
1283420201917337601
1283420155767382016
1283419818570452993
1283419648612954112
1283419583840489474
1283419577410621442
1283419528538599426
1283419446435078147
1283419388683657220
1283419387723239424
1283419273256488962
1283419242902228993
1283419221972705285
1283418972503912455
1283418923837382657
1283418853792526342
1283418520760590336
1283418402879676417
1283418349796495362
1283418348785733632
1283418281081274368
1283418125103517699
1283418053359828992
1283418045432684545
1283418044576956416
1283417966307094529
1283417895914045441
1283417880437100544
1283417737038114816
1283417736023023616
1283417623196323842
1283417558293544960
1283417537586307072
1283417529797545984
1283417508859576320
1283417423815667712
1283417398775820289
1283417387103117313
1283417206022438912
1283417192567103490
1283417087772426246
1283417012698480640
1283416998798675970
1283416924509151232
1283416918448275456
1283416888501051397
1283416835359113219
1283416754002309123
1283416736818253826
1283416596535488513
1283416579972182018
1283416477408940034
1283416475571826688
1283416306012893186
1283415959177498624
1283415954349797377
1283415942647754755
1283415922095554573
1283415916462723073
1283415800079056902
1283415780462399490
1283415651474911232
1283415360235077633
1283415264088989700
1283415202432724997
1283415094328786946
1283414936694198272
1283414883132989441
1283414788907905026
1283414774110461952
1283414677163257857
1283414399823351808
1283414363261607938
1283414362376544256
1283414288586223617
1283414089792925696
1283414033895436288
1283414018846334976
1283413936793161729
1283413886205595648
1283413805775585281
1283413611944333312
1283413551168851968
1283413394440192003
1283413270259535872
1283413241847218176
1283413158472888333
1283413095000539138
1283413041401475072
1283412989425614848
1283412980043063296
1283412977144811521
1283412947700719616
1283412933469446145
1283412911663329282
1283412910107230208
1283412832055427073
1283412767685382144
1283412713746640898
1283412622721810432
1283412558297346049
1283412529088258049
1283412488051097601
1283412485731758080
1283412475623411715
1283412384737107970
1283412284375588864
1283412120189771777
1283411826177380352
1283411581154492416
1283411454171979779
1283411283098898432
1283411178367180803
1283411099279331328
1283410949743968257
1283410809830465537
1283410808316342273
1283410513909743616
1283410511758004225
1283410481374547973
1283410266592612359
1283410203287920641
1283410144064409601
1283409871807877121
1283409847602610182
1283409796553519104
1283409729994264576
1283409712130789378
1283409707043033089
1283409354973155328
1283409264057491456
1283409185112301568
1283409061627801602
1283409010159476736
1283408971152465920
1283408817036853249
1283408789882970114
1283408745981247489
1283408729560551426
1283408653945643010
1283408653501030401
1283408611285381120
1283408341037985792
1283408334217977856
1283408260784107528
1283408218526486529
1283408091598467078
1283408026158936064
1283408011541741568
1283407856922963968
1283407728074002432
1283407633798619137
1283407510502887426
1283407487757099011
1283407441842114567
1283407378982076420
1283407356022398976
1283407239571800064
1283407210685620224
1283406950944976896
1283406934171885572
1283406809882034177
1283406769201582080
1283406756367011840
1283406734942441473
1283406688503160833
1283406647881277441
1283406629258625027
1283406234310389761
1283406059605024771
1283406026394533890
1283405835805368321
1283405743883005954
1283405658453422080
1283405650010267648
1283405594142089217
1283405549636333575
1283405466715017217
1283405414995046404
1283405209482534915
1283405175370272768
1283405156076462085
1283405129685913600
1283405014308978689
1283405011276435459
1283404600196902913
1283404512359841794
1283404432391249921
1283404339592060929
1283404326489264128
1283404324484321282
1283404312010534912
1283404208553721864
1283404020284116993
1283403834988072960
1283403801093906433
1283403783196807170
1283403762695110661
1283403695846232064
1283403649255907330
1283403620239708162
1283403472021475334
1283403452236754944
1283403427393998848
1283403328823664640
1283403284955516929
1283403177619005440
1283403133566300160
1283403132635095048
1283403076729294848
1283402963864768512
1283402957434781699
1283402831723102208
1283402801184493571
1283402740899741696
1283402649006739456
1283402609601191937
1283402569256239104
1283402522644840451
1283402357905268737
1283402102954434565
1283402096012918784
1283401879637110785
1283401581229211648
1283401519849668608
1283401479294943233
1283401455236513793
1283401333077356547
1283401331881934848
1283401311292141568
1283401305759854592
1283401241578668032
1283401185014292484
1283400927790141440
1283400910467665921
1283400876011532289
1283400578756902913
1283400542274936832
1283400489523191810
1283400295226265600
1283400247499198464
1283400226502397954
1283400224464142336
1283400223474233351
1283400221850914821
1283400220143808513
1283400195355619328
1283400173893320705
1283399650784010242
1283399638909882374
1283399636271669250
1283399626679353350
1283399563261423616
1283399543212605440
1283399431346421763
1283399415642968070
1283399399465418752
1283399321308856320
1283399201175502848
1283399199590096897
1283399132435165184
1283399076210409475
1283398818814480384
1283398783192248320
1283398718750957570
1283398704737722372
1283398672252694533
1283398623032758277
1283398613012340736
1283398595006402561
1283398456543977475
1283398447488536582
1283398419826999296
1283398375841378304
1283398014594363398
1283397923976417280
1283397871547670529
1283397854174879751
1283397733068546048
1283397607759450112
1283397494689406976
1283397461160206336
1283397323960332290
1283397320986566656
1283397309129273345
1283397172252246016
1283397142980239363
1283397099049168896
1283397059412930565
1283397037954863104
1283396961266171906
1283396948863717383
1283396853095178242
1283396852419907587
1283396642843107330
1283396600442888197
1283396588887511040
1283396452149067777
1283396356653056002
1283396337145393152
1283396302554963976
1283396244744941568
1283396244006731778
1283395624248004609
1283395584662085632
1283395262422093824
1283395224962772992
1283395178657722369
1283395124211453953
1283395113234898945
1283395019043463168
1283395013175640064
1283395003583205378
1283394923400761344
1283394794924933124
1283394773714444295
1283394760217186305
1283394724980817920
1283394445103243264
1283394336445652993
1283394314622709761
1283394239909552128
1283394099454844937
1283394098712514560
1283393968450002946
1283393947105206273
1283393913009643524
1283393908211417089
1283393640002457600
1283393604363460608
1283393320576790531
1283393241904103424
1283393173654511618
1283393012136058888
1283392899653275648
1283392739682455552
1283392739179143169
1283392579187421185
1283392569280532482
1283392482500399106
1283392431493349378
1283392414900719617
1283392413415944197
1283392382340345861
1283392341294878720
1283392317047689217
1283392288748601346
1283391994761551872
1283391916709679106
1283391752888627200
1283391738367938563
1283391687503613959
1283391642960121856
1283391607782420485
1283391606071140353
1283391565751291905
1283391551390076928
1283391524496080903
1283391422134210560
1283391399258468353
1283391309651292171
1283391305025032195
1283391014347169796
1283391000786894848
1283390912371085314
1283390790170017803
1283390769349505030
1283390732427026438
1283390635987423232
1283390618526515200
1283390566936580098
1283390455519088640
1283390376028647431
1283390254414692353
1283390233762029568
1283390086676131844
1283390040354283521
1283390014592888833
1283389989724856325
1283389976709869568
1283389917125652480
1283389774024380417
1283389760761995267
1283389549549428737
1283389484969713664
1283389329776222208
1283389303050178565
1283389132325232647
1283389080571727873
1283389011718012931
1283388897368715264
1283388842226180096
1283388728153710593
1283388609769492480
1283388518660804608
1283388500285497346
1283388423454236682
1283388353271025664
1283388346841137153
1283388303090298882
1283388219304837120
1283388188174712834
1283387635952738304
1283387576888578048
1283387531158003714
1283387386349707264
1283387326643806210
1283387232594866176
1283387216379731971
1283387194359590912
1283387184972783619
1283387125468200960
1283387087132266498
1283387067377090560
1283387028634304513
1283387026285514753
1283387024054063105
1283387000507305985
1283386912473047041
1283386905082712064
1283386899881656325
1283386882383138818
1283386876343328769
1283386876213243904
1283386847255724033
1283386843380277254
1283386781967286274
1283386736698064896
1283386693358366730
1283386687213756419
1283386669186650112
1283386564501020674
1283386546859790336
1283386542921220096
1283386456187318273
1283386444296392705
1283386436033622016
1283386211432910852
1283386145737445377
1283385998911700993
1283385967097925632
1283385938647932929
1283385894330925056
1283385835438645248
1283385765146304512
1283385706195320834
1283385615858442241
1283385563958120448
1283385452540637186
1283385438238121984
1283385391672971264
1283385323242881026
1283385200597237760
1283385106066026496
1283385037900087298
1283384876079763456
1283384854873284612
1283384747327184899
1283384664632238080
1283384653588635648
1283384653001490438
1283384583719989249
1283384569333506050
1283384484545662977
1283384434222391296
1283384339443732481
1283384262977355782
1283384015215525888
1283383873645182980
1283383822755794944
1283383792359682048
1283383689897009152
1283383678719143937
1283383647740076033
1283383546623729665
1283383484556378112
1283383419511152642
1283383361571041286
1283383307179360256
1283383297524019200
1283383214015483904
1283383156972777472
1283383088941342726
1283382930824364032
1283382863052898305
1283382848767098884
1283382719070830592
1283382601609359361
1283382554129727492
1283382480234569728
1283382447623876608
1283382445371514880
1283382432499204096
1283382417823338499
1283382403868893185
1283382340484567040
1283382217071304705
1283382143364870145
1283382104135532550
1283382080622264321
1283381934702329856
1283381628765638658
1283381605227274240
1283381593986523136
1283381590605930497
1283381538613321729
1283381488206184449
1283381480757104641
1283381405398048769
1283381399265980417
1283381337114779648
1283381278398652418
1283381269468983298
1283381242357055488
1283381189894647817
1283381172899381248
1283381151198044160
1283381078691057666
1283381046231347204
1283381029777088512
1283380948910977025
1283380944687239171
1283380943135309831
1283380818795204613
1283380772775354368
1283380765200388098
1283380645243367425
1283380644517748737
1283380643506917379
1283380564716859392
1283380554432491521
1283380493451485187
1283380430356516869
1283380377894125569
1283380361058299904
1283380299431391233
1283380282402447360
1283380218275782657
1283380202635239424
1283380179071533069
1283380130518376449
1283380015133069312
1283380008980033536
1283379951035719682
1283379929254629376
1283379917493764103
1283379858576486404
1283379823797243906
1283379799684243456
1283379790721024000
1283379734429212676
1283379691051790336
1283379664900120576
1283379527561945091
1283379527427792897
1283379442539212800
1283379432447778816
1283379347177574402
1283379300641775617
1283379247311183873
1283379222317355010
1283379160669392896
1283379114418810881
1283379106999148545
1283379002242142218
1283378982696759301
1283378891135029248
1283378861078650880
1283378814060552192
1283378783995809795
1283378768736813057
1283378618329161728
1283378597470834693
1283378511705776130
1283378496694255617
1283378464825933824
1283378446568173568
1283378409096318976
1283378406546190336
1283378397188689920
1283378323905744896
1283378235414392832
1283378145303900167
1283378136089006082
1283377988034273281
1283377968635617284
1283377933529362433
1283377840331862020
1283377803388424192
1283377785088557056
1283377743414145026
1283377721226207238
1283377689408212994
1283377617794727936
1283377490770235392
1283377455982682113
1283377436156141569
1283377415742521345
1283377408415072257
1283377396918497282
1283377345026564102
1283377337678082048
1283377284712484873
1283377264361693184
1283377207403053056
1283376805093748736
1283376758486708225
1283376727511703552
1283376654342029312
1283376513048621058
1283376425681248257
1283376418257330179
1283376369745965059
1283376345712648194
1283376266960408582
1283376251336630272
1283376228444012549
1283376192205271043
1283376086383026183
1283376077763743744
1283376014291329029
1283375997379915777
1283375938894520322
1283375875816337408
1283375744631156739
1283375743234383872
1283375735735029763
1283375719549206528
1283375673596313600
1283375618613227520
1283375535717056512
1283375507111911425
1283375492708671488
1283375491848851456
1283375401428029446
1283375211665068033
1283375157072076800
1283375097257000962
1283374981871788038
1283374930604756993
1283374927178072064
1283374831069782016
1283374747364065281
1283374689918889986
1283374680162865157
1283374593454026753
1283374521404329986
1283374456661069829
1283374452999421952
1283374280324022274
1283374262544367618
1283374151353368577
1283374130239361024
1283374080260034561
1283374069744902145
1283373989746925569
1283373819802025987
1283373764269559809
1283373603640217601
1283373485201530880
1283373384995414017
1283373273787650048
1283373267349377024
1283373204107661312
1283373155336237058
1283373059479605248
1283373058548473862
1283373053532045312
1283373002298728452
1283372992463020035
1283372937064656898
1283372916105764867
1283372877509734401
1283372794882002945
1283372778931003392
1283372734060388352
1283372692322742273
1283372629131436035
1283372326957002753
1283372304525860865
1283372245302358019
1283372216193777666
1283372109922738176
1283372101878120450
1283372012103229449
1283371984689205256
1283371981673570307
1283371975549816833
1283371942083518466
1283371926933700610
1283371806229921794
1283371780908945408
1283371720632655876
1283371492911259648
1283371466160046084
1283371397260115972
1283371370089521153
1283371327299223552
1283371305778241537
1283371136919707657
1283371049221005314
1283371013250719744
1283371010750808066
1283371007827488768
1283370959802642432
1283370914025963525
1283370768966057984
1283370728344227841
1283370619409702913
1283370605451137026
1283370538770079744
1283370474039390208
1283370407052161024
1283370335589539842
1283370230060912640
1283370226189574144
1283370214516756480
1283370027371180032
1283369905065209856
1283369895904841728
1283369868167913476
1283369763285196800
1283369695731683329
1283369645605560320
1283369640584937475
1283369634708824064
1283369611124256769
1283369568610770946
1283369529305894912
1283369524604084225
1283369466093539328
1283369446338437121
1283369379963559937
1283369374133432321
1283369339173974018
1283369335378124803
1283369326398115847
1283369254834888705
1283369188204195841
1283369137457311744
1283369126568894465
1283369120881410048
1283369068075024386
1283369067479523333
1283369034042560512
1283368985560518661
1283368936730439680
1283368894389006339
1283368855004479488
1283368742051864576
1283368717880102912
1283368581686755328
1283368564427292673
1283368491324780549
1283368465882112011
1283368397456257025
1283368383879229440
1283368334113767424
1283368277427838976
1283368256695304193
1283368148834619393
1283367925399912448
1283367914922561537
1283367886975901702
1283367886631981057
1283367829807534080
1283367810354286593
1283367803693797377
1283367734160629760
1283367729228128257
1283367710999683072
1283367694398623746
1283367574726680582
1283367506003009538
1283367377980264449
1283367369964949506
1283367316814802946
1283367310888177665
1283367265610735621
1283367234707107847
1283367185755312128
1283367181997223938
1283367162149777408
1283367071385100290
1283366886319718408
1283366850131382274
1283366837829476353
1283366769533517824
1283366720535699456
1283366660498427904
1283366585856593928
1283366524951175169
1283366511734857730
1283366483452731392
1283366458354012162
1283366439974567937
1283366416226418688
1283366415249084416
1283366347754418176
1283366343333609473
1283366279768875011
1283366254900908032
1283366243576111104
1283366205559111680
1283366172944150529
1283366125821218816
1283366090983251970
1283366071010037763
1283366059450523648
1283365967691735042
1283365943125647363
1283365788590780416
1283365766222557191
1283365680935571458
1283365664086990848
1283365649805434881
1283365635037302784
1283365488568012801
1283365485514563585
1283365381638361088
1283365281298100224
1283365242324615171
1283365209000816641
1283365125915893761
1283365049722179585
1283365033972502529
1283364975663349760
1283364882038034432
1283364825515593728
1283364802589593600
1283364708800765952
1283364576126308353
1283364549790507013
1283364542446292993
1283364498674520066
1283364481637244928
1283364428273123328
1283364397738598401
1283364396048306176
1283364352855285763
1283364316390068224
1283364227588272134
1283364149175685121
1283364032435687424
1283364029491294208
1283364001221615617
1283363976001335312
1283363897513316352
1283363860179832832
1283363842261753857
1283363839241838599
1283363838667169793
1283363826684043264
1283363779804356608
1283363770627239936
1283363651605405697
1283363644978409473
1283363639374811136
1283363638439444480
1283363591354298369
1283363576896462849
1283363531765710850
1283363396872802305
1283363217797001217
1283363140361687040
1283363119503466496
1283363116206653443
1283363103963480065
1283363044345688070
1283363034887598080
1283362971784290304
1283362940377272321
1283362764183023616
1283362756037664770
1283362696818307073
1283362608544919554
1283362559685517313
1283362542094553089
1283362518065451008
1283362464407719939
1283362461387755522
1283362408430473217
1283362376377602048
1283362366466543616
1283362339279036417
1283362327459516417
1283362236732452864
1283362136736108544
1283362120344702976
1283362109032738817
1283362067026771968
1283362045170155523
1283361908561793026
1283361839171145730
1283361797865648130
1283361768115326976
1283361690801889285
1283361613240766464
1283361580432982018
1283361580374265856
1283361282343698432
1283361154602086400
1283361153540927489
1283361069638004737
1283361060137951232
1283361059999490048
1283361041573969920
1283360885952700425
1283360873340379139
1283360734731272192
1283360685183905793
1283360662471815168
1283360634978140164
1283360609803829250
1283360558608195586
1283360502446424064
1283360500450041856
1283360425527173120
1283360410763067393
1283360410729684992
1283360193909272578
1283360166893760513
1283360108102275079
1283360060614344704
1283360049071628290
1283360008986677249
1283359852232941568
1283359728358350848
1283359697177911296
1283359571348787202
1283359527702867968
1283359491988348930
1283359391090200582
1283359390234542081
1283359365056143365
1283359156070645761
1283359116006744064
1283359027431387137
1283359022909919234
1283358898183962624
1283358867431329793
1283358830982836224
1283358698304352260
1283358525406806019
1283358473749778432
1283358446092521474
1283358440367284224
1283358438605688832
1283358422273064961
1283358403167911936
1283358399799930882
1283358376706154496
1283358241779580930
1283358216680878082
1283358216676610050
1283358149081260033
1283358103581396992
1283358071566344192
1283358012502167552
1283357965161037831
1283357924182487040
1283357806314369026
1283357777780510721
1283357691746889734
1283357654098890753
1283357599627456512
1283357587698790400
1283357558619635712
1283357518475988992
1283357473781567488
1283357287218917377
1283357233112383488
1283357202175205377
1283357145036132356
1283357095430168581
1283357083245707268
1283357051263934465
1283357026475802624
1283356981533773832
1283356935572664325
1283356870552543232
1283356702562295810
1283356647554002944
1283356589852942338
1283356526049202176
1283356463906328577
1283356447087251457
1283356321614639106
1283356312152289281
1283356225674125312
1283356222863876098
1283356210578837504
1283355993628446721
1283355947591766019
1283355878020784128
1283355817308229632
1283355812459683841
1283355743496941568
1283355631013920773
1283355594641027075
1283355583668727813
1283355565192773634
1283355401610768384
1283355343872045058
1283355324209074179
1283355254612951042
1283355203648008192
1283355063013040128
1283355035229990912
1283354986492178433
1283354969794654209
1283354894561353728
1283354874751533056
1283354702625808384
1283354666143711232
1283354552679436291
1283354361708589060
1283354313646116870
1283354308516380673
1283354282843152392
1283354157261479945
1283354123782553601
1283354102014054411
1283353926901915648
1283353916185481216
1283353892072435712
1283353868450111490
1283353778360512512
1283353683560980482
1283353670156013568
1283353659217256453
1283353621099352064
1283353501423276033
1283353409190535168
1283353255481753602
1283353181356003329
1283353152591470592
1283353140843081728
1283353136187547648
1283353121058705408
1283353092763856896
1283353044084809728
1283352980046131200
1283352830905135105
1283352817000947715
1283352688504299521
1283352642165583872
1283352615393398784
1283352540596391937
1283352484807835648
1283352468706009088
1283352398761791488
1283352350971899904
1283352310538805253
1283352288950722560
1283352239814434818
1283352220831043587
1283352154732998656
1283352083215851520
1283352068527460353
1283352025607163906
1283352025107968001
1283352005004742657
1283351953985228800
1283351921856860162
1283351751937187840
1283351730747510785
1283351603966365696
1283351492091674624
1283351378530832385
1283351369173303296
1283351345987289088
1283351345588830208
1283351211824099328
1283351164734537729
1283351099982909444
1283351057637277711
1283351019532017664
1283350972992028677
1283350851499839488
1283350821783195648
1283350760990879744
1283350689838764033
1283350644296953858
1283350589200576514
1283350580212256768
1283350579637555203
1283350533793820674
1283350505910153216
1283350436813168640
1283350417892683776
1283350310728216576
1283350256403517441
1283350250179235843
1283350144809873412
1283350123418918913
1283350052661071874
1283349994406383618
1283349846783557632
1283349786075201536
1283349728726523905
1283349717934645250
1283349716122636288
1283349556927836161
1283349505602195462
1283349502137704448
1283349432721911808
1283349322973810688
1283349297539567617
1283349277180395529
1283349222926848000
1283349213942702082
1283349205545820165
1283349187275497472
1283349147719008259
1283349007406899202
1283348871020716032
1283348851575971840
1283348815383322624
1283348792184647680
1283348788627865600
1283348741697802242
1283348726086541317
1283348721351229440
1283348561451720704
1283348551087554560
1283348546343915526
1283348545643388928
1283348545001709568
1283348544036929536
1283348522209882113
1283348520553058307
1283348458561253377
1283348409383100416
1283348301098745858
1283348272627757056
1283348189840576514
1283348146999918593
1283348062589657088
1283348038417879042
1283347965390868480
1283347836256518158
1283347789045551112
1283347776273866752
1283347767637794816
1283347759685349387
1283347585164607488
1283347449525022721
1283347350862340097
1283347167751688192
1283347021332701184
1283347001116168192
1283346972599029761
1283346949580750849
1283346776624443398
1283346760245620736
1283346683473154048
1283346575947948034
1283346527352770566
1283346478547828737
1283346471048417281
1283346458842935297
1283346407429148674
1283346392099041281
1283346373761552385
1283346325262798848
1283346213652385793
1283346188696264705
1283346186196443136
1283346166248136705
1283345953379033088
1283345812148420608
1283345793274044417
1283345763343511553
1283345739154960389
1283345735887527936
1283345629398302720
1283345396186722305
1283345289668067332
1283345288921583619
1283345234332651520
1283345165361569792
1283345151457460224
1283345004904230912
1283344726469627905
1283344650053574656
1283344635939770369
1283344573117366273
1283344539693068289
1283344487121588224
1283344478397489152
1283344410835587072
1283344363737751553
1283344241939415040
1283344239271784449
1283344211828498432
1283344146304991232
1283344068903178240
1283344049324384256
1283343912745213953
1283343906285981701
1283343830260101121
1283343778535833601
1283343778175164416
1283343709870919701
1283343479272345600
1283343463740837888
1283343286481158146
1283343280776843264
1283343157594333184
1283343055358238720
1283342860042084374
1283342812046557185
1283342757042565121
1283342756858023939
1283342696451641346
1283342686410485761
1283342645968896005
1283342587856924677
1283342562934140929
1283342429383389184
1283342395195695104
1283342299540447232
1283342245891051522
1283342237636730881
1283342162084728832
1283342103540633600
1283342099103055872
1283341965506093057
1283341947671924736
1283341897424142336
1283341750321459200
1283341713726156805
1283341571568672768
1283341542111969283
1283341436935639040
1283341410658406400
1283341390756417536
1283341388210475008
1283341236276023297
1283341222191538176
1283341166122065920
1283341006247735306
1283340940728578052
1283340924215603200
1283340838643392514
1283340837607428096
1283340790627016706
1283340737564770317
1283340725229359110
1283340660993556480
1283340639187488769
1283340585315831810
1283340579531874304
1283340446207533056
1283340438318063617
1283340426729201665
1283340405111570432
1283340392650412037
1283340340108419085
1283340330323120145
1283340314250481665
1283340299314634759
1283340277193662464
1283340230863597568
1283340076731203585
1283340070129405953
1283340047970959363
1283340039301324800
1283340036080046082
1283340030195503104
1283339888717369355
1283339828390658049
1283339766285643776
1283339757943164933
1283339668831047680
1283339624765689856
1283339622173544449
1283339588765921280
1283339554175557640
1283339550803341312
1283339537855524877
1283339509074210816
1283339340035358725
1283339270846066688
1283339257566965760
1283339251174838272
1283339221554601985
1283339174427480064
1283339154433159168
1283339116860579841
1283339066117890048
1283339038460715009
1283338976460513280
1283338963286216710
1283338963172950016
1283338882604507138
1283338821275398144
1283338794603814914
1283338776283156483
1283338650424672258
1283338601758183426
1283338525753126912
1283338521495953408
1283338493238882304
1283338476096806913
1283338427799416834
1283338413786247168
1283338405426925568
1283338346899660800
1283338300443561991
1283338285151133697
1283338276183650304
1283338273780305921
1283338265588912128
1283338261176430592
1283338082247495681
1283338042984587264
1283338024898584577
1283337969055694848
1283337926089334789
1283337905457569793
1283337884557365248
1283337742848536581
1283337592650506245
1283337589026684928
1283337550401241090
1283337549461757952
1283337538485313536
1283337415080529920
1283337403298729984
1283337343878017026
1283337322705059840
1283337306708103169
1283337290065022976
1283337240916230147
1283337115170897920
1283337064642154496
1283336793967013888
1283336713914515457
1283336656863535106
1283336636701515776
1283336632842825749
1283336628203921408
1283336566115532804
1283336563330621440
1283336509551046656
1283336506678091776
1283336485840838656
1283336437014945792
1283336429410627584
1283336420841660416
1283336370614829057
1283336344295669760
1283336255183425536
1283336133255008257
1283335867545923584
1283335851343253505
1283335776709881861
1283335729481949185
1283335567363760129
1283335509604007937
1283335460551643137
1283335438544113664
1283335410110861313
1283335404838690817
1283335403060318209
1283335400631808000
1283335321506258946
1283335320189186049
1283335177633177600
1283335174655221762
1283335138122903553
1283335114219556865
1283335104283238400
1283335058905014274
1283334901668941826
1283334870647951361
1283334700988276744
1283334672924192768
1283334635339091968
1283334559543767042
1283334417784741890
1283334385606037504
1283334376118517760
1283334370091294720
1283334277623685122
1283334227430432771
1283334141052952576
1283334134589468673
1283334099801985024
1283333935422996480
1283333933736906753
1283333913549647874
1283333874639151106
1283333872189689857
1283333870176423938
1283333861074755585
1283333849771122694
1283333814744502275
1283333780888072192
1283333764140150789
1283333712281829376
1283333692077813761
1283333474418647040
1283333442093096961
1283333434367246337
1283333304880713729
1283333298266296323
1283333107614195714
1283333050563268609
1283333008175648768
1283333004207820801
1283332866022268928
1283332838117584896
1283332830311993346
1283332798980513792
1283332783872638976
1283332752411172864
1283332750355755008
1283332736476995586
1283332660450992128
1283332641442402304
1283332621855084545
1283332575969370112
1283332473280180225
1283332425674825730
1283332419429556236
1283332406414585856
1283332294284017664
1283332276156235781
1283332248780050434
1283332236893458432
1283332200520441859
1283332194363150336
1283331997453160449
1283331978570465280
1283331949768118272
1283331942843285505
1283331940591050752
1283331912543752194
1283331860643405824
1283331769379573761
1283331763486560256
1283331712416649218
1283331637644800006
1283331615972827136
1283331595039059968
1283331573597839360
1283331543939907584
1283331536880914433
1283331467737739264
1283331431117316106
1283331361730854912
1283331350355947521
1283331326909779970
1283331321062924288
1283331292843696131
1283331207057612800
1283331055328595969
1283330995786321920
1283330978178412544
1283330935333806080
1283330905713577989
1283330876126961665
1283330872834510848
1283330860620681217
1283330752751468545
1283330728936329218
1283330696011030529
1283330670639620096
1283330649110315008
1283330592420122625
1283330473763184641
1283330400010543105
1283330385712209920
1283330312953638921
1283330226379001856
1283330116647559180
1283330011903266816
1283329909193084929
1283329868650995712
1283329769854181376
1283329765680783366
1283329757212561408
1283329740108169217
1283329705836531715
1283329705312215042
1283329539041636353
1283329533056364545
1283329518695002114
1283329486600179712
1283329434779553793
1283329349664546816
1283329254697111553
1283329237756383232
1283329204982030353
1283329191883296769
1283328908012720128
1283328748369203200
1283328712251977730
1283328669629526017
1283328517749575680
1283328484761378817
1283328449919225856
1283328177289474048
1283328176823861248
1283328133702324224
1283328103662735365
1283328048276942852
1283328039548575745
1283328038676189184
1283328035429679105
1283328000558325762
1283327954521665536
1283327953972142080
1283327898338889729
1283327888327094282
1283327697570140160
1283327672282750993
1283327609280114692
1283327578372280320
1283327543010107394
1283327529516965888
1283327524580335616
1283327499288666113
1283327439352082432
1283327433857544193
1283327386319233024
1283327382846406656
1283327367075762177
1283327352819396613
1283327317012549637
1283327275296063490
1283327236926570500
1283327148367982592
1283327138251378688
1283327133230800898
1283327056185569281
1283327035260252163
1283326954951802886
1283326922928410625
1283326912882974721
1283326855001640961
1283326843236552705
1283326644736983047
1283326561639333890
1283326324967432193
1283326322417168385
1283326321096044551
1283326197846376450
1283326163302088704
1283326106884603904
1283326029839433729
1283325960947982337
1283325916421279745
1283325835316023299
1283325785638666241
1283325697394647048
1283325643283931136
1283325598568460289
1283325551848153093
1283325545795801088
1283325434491363328
1283325242082045952
1283325145227165700
1283325119344107520
1283325075706523648
1283324812841099264
1283324761595158542
1283324704829431808
1283324667290320902
1283324483122716672
1283324482606833664
1283324402973716480
1283324383071817728
1283324349072715776
1283324109569568769
1283324070440980480
1283324032834842625
1283324000169529344
1283323979286155264
1283323937477271552
1283323869269458944
1283323819726458880
1283323784859197442
1283323719641964544
1283323682136391682
1283323537172959232
1283323483464830976
1283323458789744640
1283323372521299975
1283323364183093249
1283323285451747329
1283323273510629378
1283323272323571712
1283323265214283776
1283323148755181568
1283323124864475136
1283323049446649856
1283323011576332290
1283322966906998785
1283322884946120709
1283322857154580486
1283322776103915520
1283322755858010114
1283322681308446720
1283322679156768768
1283322639440842760
1283322580204756992
1283322533962551301
1283322497308545024
1283322472373399557
1283322458934845440
1283322380157419520
1283322360272216064
1283322297483325441
1283322257058799618
1283322201140334594
1283322158924681216
1283322154587762689
1283322131372298245
1283322118164316161
1283322103404601344
1283322084018593792
1283321859996553217
1283321487827533825
1283321464964501504
1283321429086404608
1283321414284713987
1283321323612188674
1283321322186080256
1283321273200803841
1283321230897160193
1283321162303303682
1283321053402533889
1283321012445155330
1283320678649868290
1283320648954187776
1283320630251794432
1283320623897485312
1283320619900248064
1283320619157934080
1283320601265025030
1283320592674979840
1283320471233212416
1283320438471491584
1283320396922535940
1283320350604959744
1283320261631258624
1283320150201184257
1283320011206139904
1283319991761342464
1283319871963631617
1283319863679815680
1283319861125545984
1283319623396593665
1283319547563585536
1283319221930393601
1283319159556907008
1283319124098252800
1283319084730462208
1283319043953491968
1283319040900038659
1283318949044793346
1283318906036187136
1283318865016033281
1283318815099625473
1283318771030142976
1283318728239845376
1283318702927216642
1283318552649445376
1283318408700887042
1283318128982798348
1283318084326043651
1283318041401536513
1283317977480404992
1283317875500036097
1283317858760634370
1283317854847348736
1283317837315047424
1283317800568852480
1283317704804401154
1283317686034927617
1283317614387834880
1283317492434325505
1283317467528359936
1283317297881460736
1283317174095028229
1283317154541174784
1283317153811357696
1283316863359836160
1283316858146435077
1283316668786237445
1283316668735856652
1283316638880866305
1283316573764280320
1283316563492429825
1283316536493723657
1283316495746039808
1283316492734472192
1283316492076032000
1283316491421704197
1283316490498957312
1283316454901850113
1283316436933517312
1283316397209198594
1283316377068150784
1283316374547443717
1283316367119310851
1283316324161269761
1283316231211286528
1283316194049765378
1283316143017603073
1283316130032029697
1283316111082168320
1283315775693033477
1283315651092926471
1283315643702489088
1283315597816799240
1283315543244771328
1283315527604150273
1283315496192966656
1283315487577964548
1283315436403253248
1283315397295513602
1283315350218715137
1283315246518632448
1283315178000482310
1283315157649764352
1283315122509877249
1283315076238381057
1283315044818792449
1283315028108681216
1283314958671978498
1283314912354340865
1283314890300694530
1283314855538315265
1283314760361160704
1283314746842910720
1283314712084652033
1283314711367475200
1283314668304502796
1283314652307427328
1283314641188380672
1283314588478517250
1283314514826592256
1283314320751943680
1283314260735557633
1283314238098997248
1283314230339538949
1283314224668848129
1283314136991117314
1283314116074110976
1283314041964953601
1283314025321967617
1283313957898518529
1283313938130665472
1283313871344689153
1283313838054612998
1283313832857939968
1283313773567148032
1283313582160203776
1283313528439529472
1283313517681147904
1283313516577947649
1283313506645872640
1283313497099599872
1283313462702223363
1283313455185960960
1283313423103725576
1283313381865336835
1283313317122056192
1283313245609172993
1283313118576365568
1283313108333629440
1283313012175245313
1283312989697966080
1283312962372087809
1283312921917915137
1283312853647126533
1283312853496168450
1283312853391302657
1283312825050574850
1283312704590159874
1283312685044699136
1283312395163709443
1283312372497645568
1283312324292554752
1283312269649154050
1283312252934815744
1283312228645535744
1283312203131740160
1283312199184900096
1283312198660628480
1283312167522111488
1283312157577314304
1283312104167010306
1283312018997551104
1283311696547807237
1283311636804247553
1283311597470064640
1283311575890354176
1283311565480120320
1283311563265445888
1283311452405805057
1283311337301581827
1283311242032152576
1283311220481757189
1283311219898822656
1283311165800669184
1283311138684506113
1283311030123274241
1283311019285250048
1283310921113309184
1283310895611994112
1283310822559817734
1283310768411365376
1283310753022464000
1283310740519243777
1283310740171108352
1283310697661816834
1283310688593743872
1283310667584409601
1283310643177816065
1283310615705026561
1283310583601934337
1283310567256502273
1283310557395812358
1283310508272168960
1283310435207348225
1283310430308442112
1283310396124913664
1283310345768046592
1283310300775809024
1283310170978816000
1283310166306414592
1283310154377768960
1283310127215517696
1283310086136434689
1283310068709171200
1283310044495466496
1283309999637266432
1283309819559108608
1283309759723188225
1283309745433014273
1283309739485560832
1283309524963725312
1283309475676463104
1283309467384320000
1283309425827160065
1283309422815698944
1283309365487960064
1283309265265004544
1283309259686588416
1283309231794421760
1283309203969499136
1283309177805381632
1283309037807960064
1283308933667606528
1283308921592184832
1283308885923827712
1283308753622794240
1283308691278704640
1283308645145509888
1283308586358235146
1283308568276611072
1283308543895056387
1283308539751075841
1283308439922515969
1283308419890458624
1283308417415864321
1283308375628025856
1283308353507262464
1283308303825735680
1283308245147357184
1283308090247585793
1283308036120092676
1283308003756834817
1283307956667387904
1283307947007901703
1283307876400996352
1283307812525875200
1283307699569033218
1283307686642298883
1283307598867988480
1283307456345657346
1283307414943563781
1283307414113189889
1283307381707939840
1283307359234924545
1283307359226470400
1283307203533963264
1283307198626639873
1283307172936536065
1283307147711873024
1283307136047603712
1283307119316480000
1283307097699082240
1283307087871782912
1283307087448154112
1283307053126168577
1283307035191386112
1283306975737126915
1283306961258401795
1283306946079203329
1283306941524180992
1283306887082057728
1283306879813378049
1283306803816812544
1283306734292008960
1283306709268795392
1283306700666294272
1283306636615077890
1283306629505720320
1283306611516342273
1283306566867812353
1283306541777653762
1283306529643520001
1283306473758629890
1283306444373110785
1283306436232192001
1283306412362338304
1283306342548230145
1283306333165551616
1283306212256370688
1283306196603219969
1283306191712641024
1283306189326032898
1283306174063038465
1283306168115507206
1283306135542472704
1283306128508624901
1283306079582064640
1283306068567875585
1283306065145163777
1283306017284149248
1283305886119866368
1283305867446833152
1283305739352768512
1283305670096359424
1283305643408007168
1283305632918122496
1283305619819237380
1283305603524366337
1283305591587450880
1283305515204988929
1283305433348931586
1283305418324877318
1283305333289623552
1283305321277030400
1283305201223467009
1283305148966735872
1283305123796656128
1283305108403625987
1283305104179896320
1283305091345285121
1283305045732335616
1283305022923722752
1283304989792833536
1283304915339825152
1283304896138285058
1283304815137828864
1283304811035635714
1283304794996776962
1283304757436841984
1283304738201702400
1283304737698467840
1283304713685999616
1283304702034284545
1283304695747022848
1283304649941028864
1283304632991780864
1283304589069029376
1283304514838237184
1283304479761338369
1283304479090257920
1283304472240955392
1283304461411262466
1283304415886299138
1283304389722218496
1283304263012286464
1283304244611866624
1283304235682103297
1283304205357326338
1283304136629538816
1283304113493680129
1283304110910046215
1283304021781090304
1283304007348432901
1283303949114716161
1283303919289081857
1283303856588423168
1283303838271680513
1283303824837541888
1283303821020717056
1283303704800776193
1283303696923795456
1283303603772567558
1283303586005385223
1283303584562589698
1283303584172515328
1283303569282740225
1283303528182751232
1283303441746583552
1283303396691320833
1283303329884495872
1283303317515403270
1283303310183759872
1283303277086613505
1283303262071009280
1283303225668575232
1283303079555805189
1283302992838627328
1283302910055645184
1283302818376560640
1283302780610863106
1283302776639021057
1283302714659737603
1283302694980132865
1283302505477177345
1283302492671967232
1283302482031108096
1283302437395324929
1283302432882204672
1283302308537864193
1283302296458272768
1283302287520260098
1283302282759745538
1283302256054501379
1283302214166097922
1283302171036065794
1283302170650120194
1283302161141686272
1283302143634571264
1283302107781701632
1283302103335661569
1283302030522626048
1283301958791692288
1283301912150978561
1283301885466877952
1283301825412837377
1283301813454856192
1283301806890614784
1283301797680025605
1283301745507086336
1283301553835778048
1283301460550324224
1283301411367923714
1283301399548264448
1283301345500569600
1283301311279177729
1283301302555025408
1283301274025369600
1283301250847723520
1283301169943793665
1283301155938938880
1283301142307516416
1283301036371910656
1283301032487944193
1283301029715619840
1283301024770469889
1283301015656239109
1283300953802911746
1283300908416356353
1283300811234250752
1283300801780252673
1283300753428406272
1283300666069454848
1283300628891148288
1283300606480994304
1283300565821333504
1283300555654336512
1283300542777905152
1283300518572560384
1283300513849790464
1283300508057456640
1283300500050456581
1283300450700165121
1283300445742600194
1283300438767480833
1283300410925686786
1283300402960707584
1283300314800705537
1283300293548048386
1283300284840775682
1283300276531859457
1283300250820714496
1283300231229177858
1283300187218284544
1283300152929914885
1283300111565623296
1283300090032148481
1283300045559861248
1283300004526989312
1283299966233071618
1283299960939782144
1283299940761047041
1283299913690906624
1283299898452873216
1283299835815362560
1283299809470930944
1283299777719996417
1283299698183413760
1283299640520192000
1283299638423048194
1283299517589151744
1283299516133912579
1283299366338531329
1283299364165820416
1283299345492840448
1283299275657576448
1283299240048046080
1283299220523556866
1283299197056430081
1283299153678938112
1283299050645790720
1283299024146173952
1283298978889637893
1283298927106809856
1283298852934754305
1283298791676936192
1283298783955124224
1283298783925874688
1283298722349289472
1283298720675778560
1283298719945949184
1283298719379656704
1283298718863822848
1283298718322696192
1283298717660061696
1283298716766666753
1283298684525043712
1283298670176337920
1283298573396905984
1283298536017231872
1283298533895012352
1283298500235714560
1283298491742195713
1283298470590283777
1283298447651741699
1283298431797276674
1283298403435372544
1283298392404381698
1283298373324484608
1283298355850903552
1283298351128162304
1283298335139540992
1283298315703066626
1283298313379422209
1283298307813650432
1283298299609587714
1283298192440819718
1283298159960174599
1283298085066756097
1283298080889208832
1283298013205716995
1283298011876139009
1283297959434739712
1283297917370011651
1283297886298607617
1283297878434361344
1283297852630994951
1283297808179777537
1283297784658120704
1283297765796319232
1283297747895033856
1283297662830284800
1283297661265870848
1283297659776905216
1283297606228213760
1283297573227376640
1283297563727233024
1283297533561896960
1283297407825043456
1283297404901621761
1283297332914774016
1283297330071044097
1283297311163133952
1283297233908137985
1283297174164590592
1283297170515546114
1283297123153436672
1283297021634502656
1283296959793684480
1283296954395635712
1283296905389395968
1283296838897082369
1283296773411426304
1283296723432087552
1283296672399929346
1283296448419962881
1283296373396451332
1283296306383945728
1283296264835211264
1283296233692463104
1283296218819497984
1283296210552524800
1283296113198497794
1283296112032571392
1283296099785150464
1283296018986041346
1283295918012366849
1283295804795609088
1283295731521146880
1283295698138652673
1283295689930350595
1283295579678875648
1283295532065185795
1283295473927892998
1283295372727611392
1283295346647617536
1283295174647582720
1283295127075782658
1283295039125430272
1283294907935985670
1283294888239550464
1283294870464069634
1283294661130493955
1283294576363679744
1283294480272101377
1283294457811607552
1283294424596992000
1283294398797799426
1283294299967426561
1283294167779749893
1283294128940421120
1283294100842786816
1283294095474069504
1283294077891629056
1283294060132937728
1283294013110525954
1283293992269078529
1283293738786316289
1283293679181008897
1283293605910593536
1283293535823855621
1283293424997851137
1283293411794092033
1283293405444022275
1283293359755362305
1283293320819675136
1283293246668578816
1283293228612149248
1283293195552600065
1283293158324015104
1283293142591115264
1283292989209681923
1283292896674959360
1283292795311194112
1283292778890293248
1283292752562847745
1283292688876478464
1283292683117694978
1283292654395166720
1283292577400332288
1283292526124961792
1283292445237809153
1283292153528094720
1283292141301768193
1283292032392482816
1283291939417325569
1283291856604930049
1283291711016501250
1283291513733218306
1283291411077574656
1283291376386547712
1283291249630490624
1283291203853856768
1283291139156647936
1283291109901381634
1283291078821662721
1283290981295685634
1283290934927667200
1283290926043893760
1283290830778896385
1283290762164264961
1283290756418084864
1283290709458657280
1283290565543682048
1283290536502321152
1283290464494538757
1283290459578793984
1283290416733880325
1283290386702708738
1283290341769203712
1283290269350268929
1283290214581047296
1283290189067059200
1283290130422390784
1283290100328206337
1283290095747989505
1283290021710176256
1283289929704001537
1283289899458801665
1283289793762340866
1283289780546154499
1283289687923335169
1283289651613229057
1283289574391910400
1283289522349002752
1283289505483587589
1283289452270563328
1283289405898334209
1283289394221326337
1283289351925964802
1283289338210668544
1283289248037298186
1283289232623177729
1283289170421710850
1283289061264891905
1283289039576207360
1283288945011425280
1283288820801245185
1283288796474347521
1283288793773215744
1283288734151200768
1283288707852914688
1283288696364695552
1283288691742584832
1283288673073737728
1283288636994322433
1283288616261820417
1283288597039329281
1283288586369081346
1283288547382956035
1283288533361401857
1283288498720702465
1283288464776200193
1283288453585809408
1283288420740141056
1283288407012265984
1283288392051183619
1283288328599740416
1283288293430435841
1283288284123340801
1283288259498475521
1283288211356356610
1283288108637868034
1283288079088984066
1283288077625102336
1283288074420498432
1283288018976149506
1283288006762336256
1283287951762427904
1283287891863576576
1283287804110348296
1283287773408108544
1283287700154580992
1283287682907623425
1283287646865948674
1283287629627363328
1283287609922461697
1283287562442940418
1283287554243153920
1283287497175375874
1283287303193067522
1283287287246323713
1283287200289914881
1283287199648284673
1283287181407264768
1283287141385216001
1283287128793899008
1283286989735890947
1283286982278422528
1283286939253211139
1283286937449701378
1283286893401169920
1283286886598021120
1283286828687261696
1283286572859822081
1283286568334237696
1283286426604523521
1283286328327708672
1283286323151998981
1283286299311570946
1283286193816457217
1283286176019943424
1283286151734927360
1283286102196006913
1283285982054359040
1283285855860383749
1283285840853184512
1283285837178863617
1283285827989250049
1283285722565402624
1283285574527463427
1283285473830592513
1283285401466273793
1283285353076531201
1283285177314226176
1283285151863234561
1283285141108948992
1283285100562612228
1283285098717163520
1283285015183450112
1283285014558515203
1283284955322359813
1283284922447400963
1283284918852870146
1283284867762003970
1283284692297568258
1283284656847298560
1283284474902523904
1283284447748665345
1283284349052424192
1283284309617577984
1283284183696236551
1283284166226870273
1283284069422379009
1283283998396092416
1283283979567800320
1283283963944022023
1283283931643740161
1283283914006683648
1283283871329652736
1283283847891890176
1283283821660712963
1283283807693615105
1283283705893720064
1283283704367001601
1283283665787785217
1283283662281363456
1283283655222267904
1283283593561812994
1283283591875702784
1283283577111748608
1283283507515731968
1283283444399833088
1283283430105591808
1283283387193741312
1283283317245313026
1283283283011403778
1283283267505074176
1283283263000399872
1283283242477588480
1283283224752521216
1283283207157424133
1283283179194003457
1283283164501356544
1283283162072743936
1283283096897454080
1283283092040495104
1283283079117910017
1283283056002924544
1283282984234344448
1283282969113788416
1283282802075738112
1283282747935653889
1283282747587473408
1283282717086490624
1283282536744062981
1283282532411166720
1283282530372915200
1283282449422848000
1283282383001849861
1283282240861016064
1283282236314460160
1283282156714954752
1283282075920093184
1283282069360189440
1283281928385331200
1283281799020503040
1283281744289050625
1283281653973028864
1283281567780143105
1283281458292051968
1283281430953459713
1283281323570978817
1283281318378438658
1283281316121903104
1283281299822780418
1283281242507575296
1283281181505654784
1283281169740705794
1283281153517129731
1283281122932060160
1283281100249473024
1283281051897520128
1283281018724724736
1283281001591050241
1283280922570379265
1283280753569275904
1283280752193478659
1283280736330579968
1283280724825722881
1283280720409120768
1283280571104362496
1283280524543266816
1283280508542124032
1283280442095996928
1283280316942213120
1283280286852288512
1283280223262449664
1283280191272423425
1283280037358313472
1283280032505397248
1283279957133754368
1283279926108577792
1283279913097859072
1283279843002548224
1283279819120287745
1283279791223910401
1283279755312279552
1283279738920931328
1283279714292051969
1283279411081547776
1283279270341758976
1283279254067843072
1283279210749087745
1283279178549338116
1283279155090644992
1283279036135997440
1283278993618345984
1283278969077485568
1283278948885987333
1283278928388468738
1283278840001966080
1283278812118224896
1283278732153757699
1283278718522265601
1283278665837674499
1283278613392101376
1283278564259921922
1283278539731750912
1283278413961338880
1283278412245860353
1283278331828469760
1283278129314893827
1283278019885518849
1283277982367350784
1283277949232390146
1283277925429764097
1283277710408601601
1283277679001821185
1283277653651476480
1283277568859426816
1283277547787165700
1283277494800527361
1283277420578123776
1283277254940864512
1283277236750213120
1283277157565902850
1283277082995433474
1283277079820279809
1283276974560030720
1283276963524882434
1283276955257843713
1283276945141239808
1283276883514269703
1283276857761292288
1283276844779937793
1283276814987788288
1283276776874086400
1283276594027663360
1283276550046199808
1283276517393551360
1283276468806725633
1283276443565334529
1283276400225652738
1283276340112904193
1283276279651999745
1283276225545408514
1283276162437914624
1283276153722155009
1283276009417080832
1283275921353515008
1283275865594437638
1283275862704619522
1283275789501227008
1283275705359491072
1283275538224865280
1283275433748955136
1283275296196759553
1283275281973874688
1283275206589665280
1283275195764092929
1283275147475116033
1283275014683451392
1283274999785283584
1283274984186621957
1283274889378570240
1283274798165041153
1283274790812504070
1283274737767129089
1283274730208931840
1283274698063785984
1283274643768475653
1283274623778533377
1283274610692292609
1283274578203222016
1283274546196480000
1283274529725313025
1283274516618268672
1283274335457771520
1283274298766098432
1283274294798286849
1283274267828932608
1283274166540603392
1283274004846043136
1283273923786874882
1283273849178595334
1283273808271609856
1283273742630739969
1283273721432682496
1283273633624928258
1283273522907930624
1283273441102172160
1283273435251187713
1283273426401210368
1283273403584184326
1283273345350475776
1283273343756623872
1283273341743267840
1283273313465270272
1283273313003999232
1283273281173368833
1283273220989362176
1283273145231781888
1283272987555373056
1283272938486202368
1283272923357290498
1283272852582666240
1283272747569876992
1283272688203685889
1283272654414393347
1283272549808443392
1283272523858288646
1283272504879075328
1283272488777060354
1283272452991311872
1283272444585881600
1283272414181445633
1283272381709070337
1283272159553630215
1283272147377557506
1283272094550233089
1283272046521339904
1283271958008930306
1283271929265356800
1283271924936843266
1283271831991078912
1283271821962477568
1283271811694813184
1283271772381622272
1283271768585777153
1283271688210337793
1283271626960908288
1283271612150829057
1283271601820229638
1283271565665280001
1283271556601384967
1283271555401883648
1283271507712630785
1283271296940482562
1283271222009241606
1283271156519391232
1283271017369083904
1283270995801972736
1283270987862233090
1283270944681857024
1283270922997096448
1283270885877649408
1283270832253546496
1283270830613499905
1283270813555265536
1283270799928045569
1283270498265247746
1283270492301008897
1283270491520798720
1283270491323748355
1283270418233729024
1283270368162086913
1283270344091095040
1283270294984183809
1283270234334535681
1283269931325423618
1283269819991838720
1283269808210022407
1283269804258930688
1283269755017859078
1283269696733818880
1283269686780624897
1283269670175375360
1283269449332727809
1283269423231533056
1283269260068950016
1283269245275713536
1283269229844860929
1283269198941224960
1283269136685035521
1283269103491457025
1283269082037583872
1283269063079268352
1283269010474389511
1283268956321701888
1283268727908245507
1283268626037051392
1283268605409452032
1283268570571575296
1283268389696352263
1283268380615675904
1283268257185697792
1283268117486018561
1283268117364441088
1283268113442705408
1283268113174343681
1283268087974899714
1283268066093281280
1283268010648702976
1283267796533682176
1283267767593041921
1283267764975788033
1283267735171076097
1283267646159544320
1283267553629011971
1283267455176052736
1283267444744888320
1283267311105912832
1283267295327002625
1283266915612360704
1283266915197222917
1283266865704435712
1283266831336091649
1283266716018114560
1283266687501041665
1283266680869785600
1283266617410035714
1283266571734056961
1283266561126653958
1283266519535886341
1283266511315111936
1283266508127428608
1283266420495835136
1283266374215892992
1283266337477988354
1283266103314132993
1283266096422948865
1283266038533169153
1283266001757495297
1283265966483415040
1283265949538439168
1283265893015982080
1283265855388876803
1283265816499191808
1283265760798924801
1283265759049850881
1283265543408099331
1283265445575962624
1283265416656293888
1283265411417542657
1283265343838978048
1283265330463346688
1283265103127670784
1283265068709412864
1283264939562618880
1283264762948849667
1283264655545303045
1283264598506967040
1283264595910701062
1283264545813913600
1283264441023442945
1283264193630806016
1283264043118141441
1283264033232224257
1283264022628962305
1283263986159452163
1283263816973901824
1283263779707420677
1283263753501446147
1283263706311385088
1283263678075342848
1283263655555944449
1283263636727754752
1283263419756556288
1283263403939815426
1283263401418948609
1283263334654054400
1283263302374694919
1283263186276421634
1283263092974116864
1283262860966207488
1283262756767109120
1283262631734849537
1283262613380632576
1283262501300449281
1283262440655007744
1283262408115593217
1283262382786195456
1283262267400900609
1283262219757789184
1283262202330460160
1283262151029919745
1283262064136540162
1283262015881043968
1283261958431682561
1283261844925427713
1283261841511190528
1283261833500135424
1283261677392334850
1283261381459009538
1283261370130194432
1283261356964184065
1283261347963252738
1283261335871074305
1283261277121413121
1283261142001999872
1283261115909144576
1283261073316028418
1283261033281466368
1283260840108425216
1283260708080291840
1283260477133524993
1283260446624145415
1283260430006259712
1283260183695757313
1283260172803231744
1283259555212820480
1283259523281694720
1283259455627571202
1283259276182659074
1283259096993497088
1283259095328321536
1283258983290146816
1283258946506063877
1283258167590256640
1283257932302491648
1283257635765194753
1283257603791949824
1283257543201103873
1283257483457368066
1283257454697099270
1283257446505619456
1283257097459834880
1283257084113563649
1283257029528780800
1283256984167428096
1283256830744043526
1283256585272406016
1283256528393338886
1283256461351702528
1283256171978268672
1283255619483578368
1283255576865255424
1283255505662746629
1283255323839651840
1283255309000159232
1283255076958744576
1283254718379315200
1283254622518497280
1283254355949424640
1283254207156551680
1283253769321488384
1283253688279146496
1283253663469895680
1283253660408053760
1283253658185011200
1283253610126749696
1283253599271886849
1283253319763398656
1283252796188483584
1283252648364384256
1283252617926369280
1283252532412846080
1283252477631041543
1283252440972894208
1283252426322190336
1283252187330744322
1283252176958128128
1283252086306725888
1283252047157100544
1283252007541907458
1283251929703907328
1283251909319626752
1283251773843660801
1283251703802929152
1283251582805708800
1283251536458477569
1283251325652926465
1283251310285000710
1283251277443543040
1283251268820127745
1283250989190045701
1283250429288230912
1283250335423832066
1283250083937628161
1283250016858103808
1283249943008903168
1283249941704511495
1283249823949492231
1283249548933181440
1283249164734922752
1283248987332542465
1283248902637051909
1283248712836427777
1283248682201157632
1283248592459829248
1283248507483193344
1283248379921932288
1283248325102362624
1283248139894435841
1283248013226528769
1283246536936259584
1283246505596456965
1283246333307092994
1283246215971446784
1283245996705808384
1283245602931908614
1283245593293455367
1283244923026890752
1283244751828013058
1283244581983858689
1283244539327795200
1283244156459126786
1283244135403716615
1283244109461889030
1283243942239244290
1283243766518820864
1283243537052598272
1283243463530680321
1283243210039537664
1283242850084433920
1283242807902306306
1283242771797520385
1283242658480128007
1283242122506903552
1283241834916061184
1283241779421224960
1283241585422065664
1283241523593830402
1283241362918432768
1283241041060139010
1283240946939944960
1283240795240308736
1283240018547539968
1283239991901138946
1283239370619854848
1283238734306189312
1283238587216072704
1283238526772027393
1283238464893460481
1283238371964391428
1283238348094570496
1283237534089306115
1283237190772948999
1283236852871430144
1283235639010492417
1283235567459868674
1283235382910488577
1283235261485391872
1283234366261473280
1283234168600776705
1283233553254363141
1283233312849494016
1283232786090885121
1283232728046088192
1283232725030371329
1283232086422441986
1283231152602570752
1283230361980477440
1283230265549234176
1283230149790642178
1283229188149960705
1283229115949232128
1283229043601678339
1283229032771981312
1283228530269024257
1283227505273573382
1283226665137500160
1283226507163447303
1283226226077904896
1283225070564003840
1283224953052168192
1283224899402727424
1283224468312203267
1283223867012644864
1283223666784899072
1283223478179512322
1283222423593275394
1283222254848036864
1283221901238775808
1283221801766735878
1283221310689157120
1283221120133615616
1283219620275671041
1283218481924587520
1283218301947084800
1283217927236444161
1283216735223652352
1283216416758353920
1283215813642727429
1283215526404259841
1283215457990959109
1283215450751598592
1283214864236851201
1283213931385937923
1283212850161487872
1283212836408381440
1283211965079400449
1283210614312247297
1283210569030541312
1283210439250280449
1283209794883649541
1283209435033239552
1283208389863116805
1283208120605564928
1283207034528313345
1283206315662286852
1283206113249427457
1283205958055927808
1283205352004214785
1283205232827273216
1283204996989935622
1283204744006205446
1283204703187345408
1283204463629684737
1283203902289084416
1283203506053283840
1283202515094458374
1283201700279529472
1283201596306989056
1283201030008840193
1283200922005405696
1283200873292849154
1283200477937754112
1283200171589935105
1283198652593385473
1283198480694104064
1283198473404395520
1283198372392898560
1283198339111100433
1283198266532921350
1283198218575192064
1283198084693008386
1283197784846479360
1283196512810532865
1283195973750185994
1283194231167877120
1283194124636651531
1283194085042524160
1283193675439316992
1283193610524135426
1283193527015542785
1283192902634614785
1283192666130440192
1283192503177535488
1283192301896990720
1283192138457587712
1283192099010236416
1283192033830735873
1283192002948009985
1283191371587891204
1283190816513699841
1283190364602597381
1283190152416899073
1283190038419955712
1283189901094256640
1283189598537969664
1283189544406388736
1283189538396033026
