1284272866243022851
1284272479528247296
1284272369113149442
1284272144059424769
1284270300063059973
1284269387399213061
1284269201323155457
1284267821724241921
1284266597239185408
1284266483556720640
1284266391219118082
1284266381832314884
1284265937005359106
1284265749276745728
1284265514513174533
1284265405360623616
1284265349127561225
1284265017739747334
1284264142925377538
1284263609552568321
1284263595073839104
1284263412399251456
1284263143636639744
1284263076200697856
1284262835091124225
1284262808444719104
1284262496736555008
1284262292557828098
1284262176824479745
1284261984146526208
1284261881343930369
1284261701857280000
1284261533652938753
1284261107864080389
1284260982047608832
1284260537875005440
1284260420082163713
1284260298933886978
1284260296094294016
1284260173322780672
1284259691900567552
1284258937609555970
1284258774044336130
1284258666192023552
1284258503335596035
1284258234145083393
1284258224586346496
1284257684070506503
1284257409800769539
1284257027653545986
1284256657472716800
1284256213664964608
1284256056693186563
1284255644766306304
1284255505469321216
1284255373176733696
1284254875635847169
1284254715623202816
1284254396436697088
1284254170241957888
1284254084166561792
1284253890536517639
1284253556380512258
1284253181183242241
1284253036433608705
1284252761199173632
1284251755296030732
1284251589251928073
1284251417692315648
1284251161399300102
1284250759018807307
1284250397901758468
1284250375097384966
1284250010671034370
1284249809269006336
1284249474215313409
1284249439520133120
1284249324394872837
1284249295181557763
1284249270384762882
1284249079086821381
1284248976154333184
1284248620276092928
1284248593994584069
1284248566555463680
1284248503326253060
1284248309998202880
1284248273771999237
1284247963003486210
1284247925334388738
1284247783994732551
1284247721537351693
1284247696736423937
1284247478884335617
1284247439063560198
1284247256741425153
1284247059126792193
1284247004110098432
1284246703193894914
1284246690153857024
1284246442471829504
1284246369289609218
1284246173587570695
1284246063105413120
1284245895748427776
1284245848545787905
1284245576054341632
1284245569142235144
1284245531825446914
1284245337960570885
1284245227918839810
1284245184524492804
1284245053695766534
1284244967104356355
1284244715773341699
1284244637784449025
1284244036736483328
1284243720372658176
1284243522967810049
1284243337378226185
1284243277764538370
1284242650711949312
1284242556042321925
1284242291708891136
1284242237753303041
1284242229695926272
1284241905958739970
1284241636751540225
1284241492085809154
1284241154243022851
1284241079735332872
1284241024274042881
1284240900495998976
1284240892547739649
1284240641652858880
1284240522995994624
1284240324148310018
1284240218875453446
1284240025308332034
1284239910212427779
1284239665466355712
1284239583362809862
1284239512554659843
1284239509920653317
1284239311664283648
1284239111889448960
1284239071720673280
1284239061767598081
1284238911322173442
1284238796121399296
1284238695814627328
1284238642639249410
1284238423860154375
1284238291647307778
1284238073807671298
1284238060524363779
1284237976004943873
1284237802427813889
1284237761063649280
1284237442980220928
1284237332271505408
1284237301221072897
1284237224226304000
1284237180894875648
1284237061571186690
1284236942545215489
1284236918318862346
1284236886517723137
1284236882755358729
1284236781089693696
1284236743802224640
1284236664395751425
1284236659106689025
1284236633370394626
1284236558464409610
1284236498238398464
1284236422891941889
1284236320454381568
1284236314406248450
1284236240007639040
1284236160999587844
1284236145765896192
1284236074332696581
1284235943617138690
1284235703052906496
1284235620433498112
1284235596718903296
1284235580918857736
1284235574187036672
1284235524727877636
1284235383631417352
1284235267373703174
1284235132090671104
1284234852213108737
1284234813864640513
1284234708575027200
1284234304445394946
1284234175290265600
1284234160329105410
1284234118931283972
1284234109527752704
1284233692806774784
1284233681079537665
1284233439047307264
1284233173832994820
1284233111736332288
1284232898799964161
1284232821184368642
1284232509639860226
1284232300004286467
1284232238452875267
1284231967932919808
1284231755122257921
1284231707466633217
1284231568278597632
1284231541607075840
1284231520375517184
1284231195782451200
1284231046838530049
1284230839031812097
1284230734803238912
1284230701278208000
1284230654687838209
1284230574631202820
1284230572496359426
1284230520197521410
1284230516447862789
1284230483065409538
1284230441776685056
1284230403528761349
1284230255461519361
1284230250210177033
1284229892868120576
1284229780678868995
1284229583462596609
1284229514147635200
1284229138900025344
1284229069366845442
1284228946591125504
1284228914844401665
1284228808015519749
1284228732736221185
1284228426245840896
1284228348311416833
1284228223296057344
1284228141603594240
1284227985386680322
1284227870336995328
1284227834647662592
1284227759502438400
1284227738132533251
1284227649632636929
1284227630766665729
1284227590719516673
1284227560021413888
1284227524038451204
1284227175189815296
1284227103928483840
1284227070785191936
1284227065953345543
1284226989625417734
1284226972676235266
1284226960919597058
1284226311960043527
1284226298634805250
1284226152983396357
1284226002042990592
1284225966647267329
1284225882111053824
1284225742704975876
1284225678557302785
1284225583187099650
1284225471681626114
1284225448579403777
1284225411149332486
1284225406837686273
1284225249970724866
1284225104398999553
1284224485395226625
1284224379350667268
1284224283582042115
1284224021018574848
1284223943063359490
1284223514015301636
1284223411372384256
1284223207826956289
1284223135487864832
1284223100159234048
1284222996744478722
1284222944525406208
1284222811993767939
1284222106062987264
1284221959006543877
1284221696657043456
1284221428485808130
1284221389839503360
1284221314518188033
1284221176336789510
1284221065548488705
1284221052407754753
1284221006127738880
1284220642909458433
1284220634915057664
1284220624580366337
1284220467889479681
1284219785098792962
1284219676080443400
1284219620552056833
1284219268553465858
1284219189511815169
1284219164639535109
1284218990458544128
1284218799118594050
1284218349183008768
1284218320577630209
1284218317897633792
1284217937814073350
1284217752379678720
1284217685690253312
1284217597999878146
1284217567003897857
1284217513841233922
1284217494224416773
1284217423269371905
1284217387311661056
1284217283284537346
1284216681875812355
1284216509569564672
1284216474056429568
1284216318170812417
1284216258960019462
1284216052864483328
1284215958874337280
1284215709543936002
1284215637301223427
1284215549795487745
1284215425396596737
1284215313966522371
1284215224300720129
1284215223134629890
1284215169753788417
1284214964283211776
1284214917831196675
1284214822847029249
1284214481682345986
1284214459414781957
1284214091742093312
1284214078798475268
1284214011056267265
1284213941401538568
1284213635619987456
1284213623385198593
1284213595434373120
1284213264428281856
1284213014334525440
1284212942540505089
1284212936005890049
1284212886328442892
1284212709916119045
1284212695479222275
1284212533428203527
1284212523680530432
1284212522501976068
1284212494396002306
1284212393241907200
1284212288254287876
1284212285620342785
1284212250006491146
1284212138794508288
1284212126840741894
1284212033945243648
1284212029163806720
1284211960830099457
1284211835529506817
1284211822393020416
1284211432666603529
1284211349208301568
1284211066524717057
1284210788136366081
1284210737439748099
1284210691113652232
1284210648377896961
1284210619764416515
1284210327224107008
1284209981089349632
1284209842601811968
1284209834913665024
1284209819277242369
1284209808023920640
1284209748712267778
1284209744727740418
1284209743234555911
1284209497741950977
1284209451105492993
1284209443144638466
1284209442448388098
1284209438711320576
1284209208569802755
1284209089921396737
1284209071764180998
1284208933499019264
1284208636085121026
1284208526194282497
1284208523799334913
1284208197264343042
1284207979919745024
1284207836311019523
1284207593347592198
1284207545205366784
1284207280381140995
1284207218817216512
1284207196453122048
1284206997492113409
1284206915875155970
1284206800552824839
1284206596080439296
1284206389347393538
1284206368644374535
1284206307948593152
1284206162720759813
1284206110753411076
1284206051353604096
1284205992457183232
1284205991995875333
1284205935800594437
1284205616907595777
1284205480781455361
1284205199893069826
1284205158763724800
1284205010025435136
1284204989842444291
1284204972775792640
1284204845940047874
1284204820635758593
1284204779548352512
1284204775156875264
1284204654704943104
1284204403008962564
1284204391260655616
1284204313561174018
1284204257420476418
1284204105079099394
1284203983398207494
1284203825222557698
1284203731370807296
1284203281380769793
1284203250577801216
1284203096692989952
1284202557330657282
1284202548434436097
1284202527240736768
1284202185799147520
1284202121534021635
1284202075996422145
1284201986100015105
1284201962959966209
1284201926108819458
1284201907771367427
1284201854495334401
1284201765844455429
1284201764678500352
1284201662735884289
1284201650941558789
1284201617215102977
1284201573934080001
1284201530376237056
1284201516358868999
1284200959804137475
1284200916082733059
1284200876257824768
1284200854925582336
1284200779193229313
1284200706694615040
1284200669893844992
1284200655469649921
1284200577145147392
1284200559663296524
1284200528281571339
1284200456856776706
1284200218423164929
1284200200249147397
1284199905406353408
1284199612937576448
1284199611633205250
1284199559560867842
1284199355126288384
1284198833065529344
1284198441925705728
1284198403107442689
1284198365815803904
1284198221275893762
1284198197167099905
1284198172231966723
1284197961904336899
1284197866177794050
1284197808069844997
1284197711374319618
1284197659755122691
1284197613038907392
1284197552594857985
1284197476946391041
1284197415009030144
1284197188466352128
1284197152617529345
1284197130039627776
1284196989073334274
1284196819732500482
1284196426013122561
1284196423790211076
1284196389686312962
1284196370509955074
1284196342542336006
1284196250116653061
1284195856799993859
1284195847857725440
1284195840941228032
1284195490087817216
1284195477517414402
1284194984091103232
1284194773419663361
1284194742008455168
1284194568339161088
1284194516002643968
1284194186884009988
1284194133750558722
1284194082508673026
1284194063340703749
1284193897103732738
1284193766622941189
1284193753121599488
1284193727829991425
1284193702299209731
1284193688504107010
1284193644346515456
1284193575811649538
1284193500892925952
1284193490554019848
1284193487794188289
1284193321225728002
1284192803225051136
1284192444121255944
1284192340278677504
1284192282976059392
1284192276260978689
1284192201677901830
1284191823485898754
1284191767542276098
1284191714912198661
1284191405343150092
1284191396044214272
1284191368529813505
1284191339165495296
1284191273310654466
1284191040916856835
1284190767649628165
1284190678239653890
1284190623524966400
1284190527215239170
1284190379399688192
1284190269605371910
1284190214240575500
1284190176248463360
1284189911927721984
1284189883238670339
1284189564215726081
1284189516945936387
1284189476131151874
1284189261089177600
1284189247424135168
1284189213613789185
1284188913960198146
1284188758598975489
1284188731893780480
1284188723912024065
1284188459989700613
1284188361683619840
1284188322286403584
1284188117931569152
1284188112415936513
1284187339527540739
1284187285831942144
1284187195033649154
1284186651305095169
1284186545302515712
1284186487832170497
1284186365354278912
1284186342721806336
1284186292096503808
1284186244348547073
1284185988676366345
1284185965377003520
1284185929045901314
1284185562677751808
1284185538715672580
1284185524664762381
1284185497380818944
1284185436475330562
1284185434982174721
1284185358490533891
1284185114029764609
1284184967279411200
1284184775868198913
1284184674567364609
1284184643445587969
1284184570993299456
1284184521873784840
1284184430735695877
1284183896763043841
1284183844044800002
1284183669125545985
1284183411993849857
1284183074130087936
1284182787210305538
1284182446188232706
1284182095045316609
1284182060920385542
1284181866581504006
1284181459943804930
1284181370923884547
1284181324555857920
1284181176945696769
1284181168519348224
1284181024935677953
1284181019718029313
1284180995831468032
1284180935408259075
1284180875492700160
1284180697142288384
1284180492686954498
1284180460093018115
1284180420721102850
1284180142961680385
1284180011692494850
1284179966125584384
1284179945833586688
1284179883019636743
1284179795639783427
1284179716430323713
1284179681785319429
1284179632405778433
1284179592618491904
1284179589212917760
1284179349869154305
1284179282005295105
1284179209569611777
1284179141886185472
1284179040098811904
1284178940840628231
1284178750121312256
1284178645309960192
1284178626796281857
1284178584974786560
1284178544453713920
1284178516297351168
1284178476187230214
1284178318254800899
1284178274206339073
1284178108686438401
1284177979191500800
1284177796999327745
1284177499551936512
1284177452114141184
1284177377451487232
1284177317137440768
1284177152150315008
1284176927503376387
1284176495708078084
1284176447750496256
1284176420470697985
1284176134234611712
1284176059173343233
1284175715215130627
1284175354358366208
1284175293352157184
1284175183801200640
1284175136556490753
1284174983829360643
1284174900832468992
1284174798873141258
1284174695919689735
1284174427224256512
1284174261419220992
1284174194041921539
1284173996817293312
1284173617736146944
1284173489340067841
1284173184502300673
1284172324858626048
1284172156746727424
1284172099603619848
1284172003625373698
1284171912789274626
1284171893118046208
1284171607062261762
1284171094983954441
1284171030227976199
1284171015413784576
1284170420330074113
1284170399572426753
1284170104280952838
1284169665430855682
1284169485667250177
1284169456881672192
1284169441820004352
1284169348693753857
1284169013522817025
1284168949140262917
1284168870887030788
1284168805019779073
1284168577961078784
1284168188159295490
1284168164822126595
1284168079925284869
1284167598100361216
1284167589804072962
1284167408530468866
1284167333838299137
1284167294810300419
1284167114228670464
1284167092346945536
1284167088412794881
1284166841905156098
1284166827040538625
1284166764717367302
1284166759021514753
1284166434696896530
1284166356968120320
1284166354631892993
1284166307534049282
1284166130123382786
1284166071986130945
1284166063912091648
1284165852384890880
1284165796164509698
1284165780574294017
1284165737066622976
1284165677218172930
1284165628857909250
1284165548146937856
1284165376285331456
1284165315820167168
1284165130717200384
1284164955500089351
1284164945492541440
1284164901339115520
1284164642751885312
1284164578016993290
1284163977853964300
1284163859243204608
1284163822899650563
1284163803375120384
1284163792650338304
1284163735079333889
1284163527578615808
1284163453666488322
1284163193112338432
1284163168357494785
1284163085511557121
1284162990800015365
1284162836961333250
1284162808146518016
1284162615166545927
1284162470140051459
1284162437084778496
1284162396022616070
1284162354255724545
1284162207622692864
1284161947999571968
1284161737089069057
1284161693250191362
1284161501457190917
1284161331126468610
1284161210049495042
1284161191850528774
1284161103115821056
1284161074166521862
1284161029568634887
1284160878187810817
1284160811246718977
1284160626076475394
1284160428621418496
1284160164577280005
1284160135426985984
1284160104842043399
1284159859496292352
1284159759055228928
1284159742026420226
1284159596664324097
1284159213552443393
1284159174553763842
1284159170384625667
1284159127774789633
1284159081205379073
1284158804641435648
1284158725968846849
1284158657375215617
1284158608310259714
1284158512134860801
1284158428399783939
1284157968431415297
1284157951826112515
1284157875108155397
1284157818099109890
1284157583515951104
1284157580013711360
1284157482235985924
1284157176358076416
1284157170481860609
1284156994002333697
1284156976285528064
1284156722517626887
1284156718990139393
1284156429058936833
1284156379033481218
1284156019980079104
1284155789066809347
1284155688026087425
1284155676558852099
1284155670770540544
1284155509117943815
1284155501954191360
1284155314451951621
1284155295179186176
1284155288854188033
1284155184260800513
1284154595149787139
1284154560844574720
1284154396646019073
1284154358205157384
1284154218593517568
1284154187517960198
1284154137664520192
1284154093443973120
1284154030693011458
1284154025349230594
1284153949235314692
1284153939118698496
1284153804896829441
1284153434392887297
1284153335239647233
1284153245108252680
1284153027583258626
1284152929885343747
1284152496412413953
1284152143805591553
1284151550789787648
1284151402001051649
1284151227123748870
1284150906020417539
1284150843529404417
1284150685769043968
1284150579053432833
1284150424845651970
1284150369367384066
1284150324454989829
1284150318247358466
1284150238874304512
1284150071295180802
1284149879875555330
1284149796853473286
1284149783402369026
1284149739823476736
1284149725122396163
1284149566774939649
1284149557618708482
1284149533031702528
1284149486063943687
1284149211332739072
1284149003379187713
1284148847892201475
1284148409226665987
1284148365798842369
1284148107102629893
1284148101805232128
1284148087343251458
1284147952018173954
1284147950613155841
1284147926445559808
1284147547351719942
1284147255973421056
1284147115485274114
1284147043087405056
1284146705265561601
1284146656934539264
1284146641499389953
1284146571303583744
1284146567390388226
1284146444958601216
1284146276725030912
1284146122659975170
1284146076606439427
1284145967663644672
1284145767502970888
1284145413365407745
1284145395635978241
1284145265667186694
1284145219370393601
1284145165104537600
1284145128404287491
1284145060397953027
1284144857880158209
1284144841912393737
1284144685968232452
1284144644675244034
1284144519081058304
1284144455092776962
1284144379360415744
1284144338465951746
1284144331956330500
1284144226188623874
1284144189769490433
1284144098807549952
1284144063797694464
1284143931031257088
1284143835547934720
1284143789972611073
1284143728232464390
1284143634712059908
1284143430340403203
1284143421435904001
1284143277189496834
1284143211464863753
1284143065163341825
1284143010238922754
1284142948603572224
1284142939648806912
1284142930710671365
1284142889904361475
1284142878948818944
1284142874704130048
1284142869645860864
1284142860674174977
1284142850117181442
1284142833482584066
1284142826213826561
1284142820660596737
1284142583174909952
1284142581727801344
1284142541248647169
1284142539809918977
1284142508952498179
1284142494993862658
1284142319189594120
1284142249073311744
1284141995926212608
1284141783690117121
1284141551732568064
1284141431003783170
1284141287034294272
1284141225046573056
1284141094855413760
1284140683893211136
1284140672849793026
1284140670802894849
1284140626418839555
1284140625739296768
1284140611537448965
1284140514145710080
1284140495581655045
1284140355387043841
1284140219890110464
1284140052029767681
1284140010279772162
1284139781975429120
1284139759888216071
1284139640845410305
1284139597778292737
1284139582414630913
1284139496771117058
1284139464546295809
1284139418761166849
1284139340470325249
1284139175537713158
1284139153572147202
1284139135150829570
1284139125818433536
1284139043148660738
1284138812562722816
1284138672569417730
1284138619893174273
1284138619213668354
1284138594668552192
1284138558463369217
1284138498149187584
1284138497885044737
1284138403441913858
1284138354053992448
1284138347489886208
1284138229067919365
1284138156103733248
1284138155663331329
1284138141050339329
1284138023844810753
1284138010330701825
1284137996716056577
1284137987564097538
1284137909461880838
1284137682298441729
1284137586659864576
1284137493458235395
1284137435337818113
1284137203124310016
1284137132815257603
1284136977588256776
1284136910428962818
1284136811439230978
1284136698704728064
1284136665926303744
1284136648905809923
1284136589065703425
1284136588503584768
1284136564180885505
1284136552633958402
1284136531385516035
1284136524267872256
1284136460929703939
1284136347196960769
1284136231723507715
1284136185808457730
1284136060683943936
1284136046444326913
1284135920418131968
1284135836670480385
1284135793666265088
1284135270938554369
1284135060195745792
1284135003522322432
1284134992096919553
1284134959712808960
1284134922857394176
1284134922777694209
1284134864644710410
1284134841034956801
1284134755756314625
1284134728015261698
1284134725838426114
1284134573186711552
1284134445340151808
1284134415837388800
1284134396556124163
1284134335579394048
1284134302075301889
1284134242780315650
1284134240431505408
1284134209322471424
1284134152938430464
1284134075905839104
1284134002853580801
1284133890756694016
1284133805138366465
1284133797227900929
1284133762008322048
1284133759911178240
1284133739413594113
1284133642063814661
1284133637538054144
1284133361431326725
1284133349502726144
1284133216354533384
1284133212256636928
1284133165913837569
1284132999047585793
1284132936569303040
1284132908505210881
1284132882693464069
1284132823776059404
1284132788086636544
1284132777546448896
1284132672848179208
1284132669660565509
1284132642045255680
1284132543541977089
1284132474323427328
1284132349115072514
1284132330941161479
1284132259461844992
1284132115265794048
1284132092230631424
1284132068209958912
1284132049998229511
1284132010433421314
1284131958411407361
1284131943395856385
1284131912957779968
1284131896608329728
1284131842627710981
1284131771802685446
1284131747630899201
1284131726688755715
1284131695034281984
1284131645893861377
1284131210248310786
1284131200140009473
1284131101179547648
1284131013250224131
1284130851782107136
1284130817107562506
1284130803333595142
1284130800213069824
1284130644365398016
1284130621695066113
1284130613021245440
1284130371278458880
1284130360226349057
1284130338223149057
1284130261316272134
1284130207469797377
1284130138356092930
1284130117430595584
1284130092390797312
1284130087458295808
1284129710235176960
1284129693810163713
1284129677074931713
1284129639934369792
1284129537345847296
1284129432362520576
1284129393628119045
1284129389865730051
1284129388364267520
1284129252141654016
1284129025917628416
1284128930916696067
1284128922054078464
1284128848469282817
1284128789740519426
1284128757666783232
1284128557082574851
1284128410151919616
1284128348025827329
1284128133076180993
1284128013358190599
1284127921008005120
1284127732381757441
1284127700731473920
1284127536180613121
1284127533403901952
1284127476768280576
1284127362641272835
1284127275076681736
1284127159913676801
1284127011431227392
1284126944397754368
1284126880338186242
1284126607024615424
1284126594697703424
1284126578159616001
1284126538540158976
1284126534249467905
1284126520521510920
1284126465555079173
1284126234121842688
1284126111962546177
1284125976922853376
1284125964025434112
1284125940935688192
1284125859151044611
1284125738057244674
1284125717077340160
1284125703969992704
1284125516082171905
1284125411086159872
1284125339657162752
1284125278634217472
1284125269515808775
1284125246870687745
1284125111122042880
1284125031832985601
1284125028905373696
1284124757546479617
1284124536229830656
1284124452687675393
1284124344747163651
1284124231601664000
1284124200404496384
1284123980119584769
1284123883268976640
1284123834874916864
1284123821776281600
1284123800150441990
1284123705988321281
1284123603072618502
1284123322918359041
1284123203758182401
1284123104776720386
1284122588512423936
1284122584158806017
1284122512331350020
1284122344232017921
1284122162274734082
1284122095857864705
1284121759655038977
1284121757419544576
1284121484231954436
1284121482478534659
1284121391458127879
1284121354644725760
1284121350588846082
1284121287259049984
1284121156723908614
1284121129414725632
1284121084355280896
1284121031599370244
1284121025966473216
1284120976540696576
1284120955883749376
1284120932882296832
1284120579172372486
1284120451791323136
1284120278684114944
1284120213462691842
1284120073368633344
1284120068427853827
1284119967349248000
1284119905751662594
1284119858842669059
1284119850928005122
1284119840404508678
1284119752382742530
1284119603745034241
1284119525122887681
1284119456931876866
1284119445716246528
1284119401143455745
1284119336429465601
1284119223376187394
1284119212785651714
1284119014017511426
1284118990021971968
1284118915602317313
1284118844592857089
1284118825848451074
1284118763441467397
1284118630335209473
1284118578766270465
1284118393805770755
1284118380144930823
1284118335425318913
1284118315934404615
1284118284820979712
1284118258719830016
1284118236414566403
1284118199362093057
1284118148816547840
1284118139790397440
1284117957216546817
1284117946047115264
1284117905571971074
1284117862702092289
1284117794863419397
1284117788345331712
1284117761317310465
1284117743952896000
1284117697438060545
1284117690198765573
1284117601652809728
1284117583927664641
1284117456206913536
1284117234546343936
1284117153210421250
1284117125397917698
1284117101851140096
1284117086248329217
1284117053461483522
1284116918983626753
1284116905612185601
1284116867108478980
1284116794035384320
1284116789845200896
1284116780571598849
1284116772854157313
1284116745914126336
1284116730843996162
1284116568528617472
1284116487138091010
1284116469639458816
1284116429290250242
1284116060548091904
1284115941983490048
1284115920810647553
1284115755529895940
1284115748420562944
1284115640769552384
1284115570229682183
1284115432367165441
1284115395067162624
1284115241756954625
1284115237998821376
1284115191714721792
1284115187478470656
1284115139768311809
1284114983924699137
1284114982854995968
1284114880216346627
1284114694861656066
1284114646853718016
1284114634933506048
1284114603631419392
1284114573608583169
1284114146221600769
1284114141804986370
1284114099488645120
1284114048624320512
1284114026004389888
1284113907196604419
1284113905674006529
1284113895452487682
1284113893946785795
1284113811537104897
1284113799251922951
1284113685003280384
1284113573875245058
1284113530485121024
1284113473069355009
1284113390974230528
1284113225450164224
1284113120022208512
1284113070336483329
1284112898491637760
1284112845462962178
1284112801980510209
1284112757407744001
1284112745659604993
1284112690349256704
1284112686402297862
1284112530722492421
1284112485360992256
1284112354263867393
1284112290279817217
1284112262622523393
1284112237469274113
1284112213289172992
1284112152870232064
1284111883629400065
1284111563457257472
1284111409094303747
1284111335920369666
1284111253321986048
1284111231503216642
1284111180647337984
1284111112695353345
1284111014389321734
1284110967371071489
1284110810181259264
1284110802446884865
1284110750592700416
1284110683102220289
1284110622406344704
1284110613606801408
1284110574968868864
1284110443552874496
1284110399927877632
1284110245363671042
1284110233124700160
1284110171992666113
1284109995039240193
1284109979318919169
1284109918505775108
1284109799404244992
1284109782392156160
1284109773785444355
1284109749550800897
1284109558986792960
1284109483879342081
1284109456897306631
1284109390862262275
1284109194535329796
1284109058115620864
1284108993443647491
1284108824262127624
1284108780016369665
1284108750312353792
1284108676861755395
1284108609765412864
1284108579411316737
1284108490072522752
1284108433080320001
1284108351253688327
1284108260736413696
1284108207837847554
1284108142389923842
1284108127915388929
1284108111431729152
1284108105656213505
1284108074391867392
1284108025763106816
1284108018599305216
1284107943957401600
1284107929734516736
1284107875368013825
1284107670706937858
1284107643527868418
1284107628726157317
1284107499881336832
1284107450149474304
1284107426376159233
1284107359925817350
1284107344050368515
1284107274261352449
1284107227385782277
1284107202698125312
1284107149820534789
1284107073148592128
1284106974469271552
1284106931171360769
1284106703294930944
1284106693371203585
1284106591038517253
1284106561883910144
1284106551414972416
1284106408879886336
1284106321801949185
1284106267016007681
1284106133599334402
1284106090649726976
1284106051739164672
1284105929819074561
1284105694430539777
1284105693038026752
1284105647118856195
1284105567485796352
1284105414133665797
1284105402364329984
1284105370332475394
1284105368164081664
1284105357741248514
1284105279592857600
1284105254091599873
1284105236295147520
1284105128379920389
1284105085295919104
1284105078824226819
1284105060356624384
1284104952529457152
1284104951803842561
1284104889308721154
1284104875001950208
1284104857859829763
1284104810200027137
1284104809197514752
1284104805741469696
1284104753585238017
1284104749248380928
1284104709180207104
1284104588782690305
1284104567702065152
1284104544998301697
1284104526061076482
1284104454330081282
1284104396922650628
1284104380061450243
1284104298897584133
1284104234103967746
1284104223563677696
1284104122950705153
1284104019858935811
1284103882101215232
1284103832834842624
1284103646360346624
1284103637380345859
1284103602055806979
1284103499593199616
1284103437387534337
1284103091508391938
1284103087242739712
1284103054413819904
1284103032679149569
1284103023422251009
1284103003860078592
1284102967944241156
1284102938017792000
1284102835915948033
1284102826629763072
1284102778252660741
1284102777690562562
1284102680764448770
1284102553379250176
1284102529106817025
1284102380896886787
1284102374819278850
1284102272092381184
1284102120187273220
1284102114025840642
1284102092840415237
1284102092156735489
1284101975026663429
1284101954222862337
1284101933918089217
1284101751596101632
1284101726237229056
1284101709627875333
1284101674190200832
1284101663922499585
1284101610289995777
1284101589792432128
1284101580632010759
1284101579805790208
1284101556628054016
1284101486176358401
1284101451804037121
1284101301396217862
1284101270370910208
1284101269444005890
1284101074102747139
1284101063856009217
1284100963008221189
1284100951717089280
1284100868565020672
1284100851422957569
1284100809907752966
1284100806321545217
1284100783525572609
1284100742211678208
1284100647017750535
1284100525517082626
1284100523990355970
1284100461851746304
1284100455614816258
1284100451768639489
1284100449449250816
1284100433347215361
1284100356348284933
1284100299750285313
1284100284898324480
1284100168493805568
1284100023974801408
1284099962050052099
1284099777895043072
1284099748304125953
1284099499531657220
1284099460415606784
1284099453373370370
1284099395911397376
1284099363875303424
1284099298091827202
1284099234984321024
1284099211177361409
1284099206492442624
1284099088301142016
1284099012791021571
1284098940690980864
1284098932432343044
1284098611974938624
1284098567011958786
1284098556882714627
1284098474372485120
1284098431296983040
1284098350422392832
1284098235850797060
1284098181396156417
1284098138135986177
1284097899849277440
1284097864256442369
1284097701513252866
1284097672375394306
1284097587272966146
1284097578972389376
1284097561188618245
1284097522898788353
1284097455894691840
1284097320804651008
1284097302865510400
1284097274109472768
1284097222385307648
1284096829844529152
1284096713586860032
1284096688047689728
1284096569743155203
1284096459839885312
1284096455574278145
1284096425626927106
1284096373114232836
1284096348141375489
1284096160928595969
1284096133090942977
1284096002115461120
1284095911719833602
1284095734925742081
1284095720258232322
1284095709055029250
1284095649009590274
1284095402216763392
1284095354858766336
1284095341051228162
1284095324412350465
1284095309052862464
1284095078571692032
1284095038851633160
1284094975886721025
1284094900418510848
1284094831309000705
1284094416635006980
1284094414755901440
1284094385668456449
1284094307847360514
1284094204487045121
1284093977352982528
1284093804728012800
1284093634162425856
1284093513437782017
1284093389257035778
1284093386094530566
1284093183262064642
1284093153419681795
1284093084956004352
1284093007747330048
1284092926994284546
1284092920400928769
1284092859831013376
1284092836955250688
1284092798950690816
1284092759213735937
1284092747851403265
1284092713579753472
1284092607577104394
1284092472356941825
1284092327888334849
1284092276428476416
1284092241800237056
1284092068311322624
1284091966146437120
1284091914673950720
1284091721983430657
1284091721085857792
1284091573823832064
1284091565858861056
1284091540760125440
1284091530224041985
1284091479141625857
1284091460934082561
1284091378423799808
1284091357351510017
1284091286132264967
1284091191047393280
1284091110600695809
1284091078329675777
1284091054644441088
1284090947870109698
1284090870606815234
1284090822716207104
1284090446826831877
1284090424345464832
1284090022258450432
1284090010548019201
1284089882361692162
1284089714610511873
1284089711137558529
1284089605965389824
1284089555927420928
1284089308773834757
1284089096797921280
1284089039864377345
1284088686255263744
1284088623747469313
1284088542331908097
1284088503396179968
1284088489588531200
1284088476221284357
1284088434110468096
1284088375993982976
1284088374018674688
1284088081600131073
1284088034816819200
1284088019218305025
1284087993196838912
1284087986817310732
1284087976063107072
1284087919418978304
1284087886623789059
1284087841891459072
1284087773578833922
1284087694562394112
1284087675046305792
1284087622034493440
1284087587645390851
1284087567340756993
1284087309709783041
1284087146664656898
1284087048916348930
1284087021724737536
1284087008349102080
1284086897585922049
1284086897128738816
1284086841533239299
1284086671391297536
1284086577564614663
1284086540516364289
1284086479833227269
1284086443737067526
1284086419061903360
1284086339282100224
1284086297267785729
1284086151905775621
1284086002177527808
1284085993365295109
1284085877107503110
1284085861378859009
1284085822808096768
1284085799550689280
1284085758492540929
1284085705258545155
1284085542112702464
1284085512450576386
1284085488631062528
1284085406548537353
1284085395630755840
1284085318598238208
1284085125765005312
1284085084132388869
1284085083478134785
1284085068017934337
1284085002741985280
1284084831153016832
1284084813612425216
1284084789058904064
1284084733333458944
1284084666769825792
1284084609240768512
1284084583248650240
1284084550147153921
1284084405678608386
1284084395838775296
1284084341543510016
1284084270928199680
1284084072478904321
1284084072420126722
1284084006959689729
1284083967004749825
1284083929910259713
1284083891956068354
1284083854249201665
1284083641514176512
1284083615916339200
1284083405316136960
1284083306347233280
1284083299221217280
1284083286285983744
1284083240198963200
1284083224222797829
1284082942676008960
1284082940285194241
1284082843614941186
1284082795028021248
1284082753609314307
1284082742083432448
1284082680653635586
1284082614652084225
1284082606867451904
1284082602341740544
1284082564278493184
1284082443369226240
1284082330383065092
1284082330349510657
1284082329774952451
1284082247293906944
1284082245523906562
1284082240125915136
1284082230042800130
1284082201282392064
1284082142323126278
1284082137470304257
1284082094918991872
1284082063256236032
1284082016355586050
1284081987364544525
1284081811908435968
1284081742383644672
1284081729024786432
1284081725275070464
1284081654739472384
1284081607117242368
1284081488850563075
1284081480411611137
1284081461973450752
1284081261888319488
1284081208989818880
1284081157999558656
1284080994035929093
1284080988675596288
1284080873810296833
1284080545140531201
1284080540572889092
1284080424310972418
1284080404752818178
1284080400470597632
1284080341381189633
1284080261257482240
1284080217775104000
1284079998677254144
1284079919794987008
1284079906234732545
1284079868695711746
1284079811103793152
1284079659777429506
1284079608757985281
1284079507310350337
1284079489274830848
1284079383150567426
1284079314577883137
1284079216053624834
1284079089645768704
1284079056812638210
1284078860271853568
1284078814541291520
1284078631711649793
1284078596584288257
1284078555845066757
1284078548429537283
1284078524974997505
1284078453512441856
1284078431479705600
1284078391117918217
1284078304371322882
1284078271634841600
1284077865722617856
1284077865118707714
1284077857883422720
1284077825826398210
1284077803911217157
1284077695689777152
1284077695022837765
1284077599493414914
1284077565477519360
1284077545416253441
1284077543491076096
1284077532804001794
1284077478466781184
1284077458489253888
1284077438692216832
1284077352838889472
1284077222433894400
1284077155853504513
1284076864374484992
1284076774452875264
1284076727187263488
1284076636481228801
1284076617673957376
1284076597662949378
1284076523474092032
1284076495237984256
1284076425159553026
1284076398236368897
1284076383577268224
1284076314643828738
1284076228090171392
1284076157453905920
1284076154215903235
1284076122179805185
1284075932593147905
1284075927568363520
1284075860492984321
1284075857062121472
1284075741106315269
1284075611548536833
1284075590937505792
1284075589352058880
1284075588144128001
1284075586726400000
1284075555386728448
1284075492463775744
1284075479977336833
1284075253199667200
1284075233222299650
1284075205124673538
1284075199374266369
1284075157364117506
1284075131761983488
1284075049142673413
1284075037260161024
1284074907589124097
1284074818485321728
1284074756153769984
1284074690928156674
1284074681306415106
1284074678282326016
1284074624062562304
1284074614197493762
1284074558795010049
1284074526129688579
1284074422299746304
1284074388611112960
1284074385255604225
1284074252359131136
1284074252271058944
1284074247263059968
1284074212274196480
1284073973903392768
1284073939178856449
1284073928881770501
1284073928181403649
1284073906039595010
1284073834015084550
1284073749403361280
1284073628682911745
1284073616649465856
1284073601067560960
1284073579269824512
1284073564988219392
1284073543710498816
1284073539449102336
1284073488630808576
1284073456372535296
1284073447480610816
1284073426509082624
1284073392354795526
1284073300482756613
1284073202105356288
1284073191451889665
1284073190608732160
1284073076393680896
1284072990364368896
1284072966674939904
1284072953697771521
1284072928578015232
1284072911368847362
1284072873183907841
1284072864342331392
1284072803512328194
1284072744871657472
1284072696880529408
1284072634519560193
1284072549228466182
1284072463010279428
1284072432253493248
1284072314808733700
1284072285972897792
1284072248400400384
1284072156230541312
1284072093492051969
1284072084780482560
1284071889254719488
1284071877988831232
1284071866127319040
1284071858992828417
1284071833046863873
1284071742378475522
1284071692474753024
1284071648988192768
1284071563990650880
1284071507384307713
1284071482902151169
1284071467148337152
1284071449083498496
1284071328006443009
1284071322696519681
1284071252563394560
1284071204039598080
1284071106270330882
1284071086615859208
1284070969158578176
1284070952058466306
1284070793849298947
1284070782533017606
1284070696046518277
1284070584406638592
1284070554950144002
1284070490836021249
1284070331293081600
1284069958884917249
1284069703103717376
1284069629703462912
1284069624825425922
1284069592411836422
1284069584081911808
1284069436866142210
1284069339113586688
1284069254212583424
1284069216581230593
1284069062683893762
1284069015762214913
1284069002176860160
1284068954097491969
1284068727802265601
1284068537515020288
1284068429151035394
1284068383579877381
1284068270048518144
1284068240193392640
1284068124225146885
1284068071578243073
1284067758649626625
1284067754606317569
1284067496547491840
1284067387818553344
1284067296487649280
1284067270696800257
1284067100127043584
1284067094745755648
1284067088152375296
1284067086281646087
1284067009613959168
1284066950159704064
1284066619812085760
1284066585074896896
1284066572353638405
1284066524496646149
1284066490665381889
1284066461951164416
1284066387737153536
1284066345420828672
1284066317843206144
1284066165145448448
1284065958663843841
1284065654165962752
1284065496715997184
1284065448309460992
1284065413807181825
1284065413547130880
1284065308685348867
1284065284500971521
1284065214745522177
1284065201420218368
1284065196403826688
1284065163386200065
1284065159846211590
1284065073531703297
1284065069853278209
1284064983958073344
1284064965570199553
1284064951515193345
1284064887610789889
1284064883907219457
1284064750704496641
1284064632555151361
1284064432096772096
1284064021885390848
1284063805614567426
1284063757476466689
1284063678543925248
1284063646218362881
1284063591218450433
1284063401216532480
1284063382455361538
1284063313379368961
1284063244089524224
1284063082281668608
1284063044902035456
1284062955605233664
1284062696866971650
1284062549651206144
1284062502045790209
1284062488640786432
1284062369841401857
1284062323250954240
1284062315541925889
1284062269144535042
1284061863228170240
1284061776427003904
1284061674358673408
1284061638795112449
1284061425258893314
1284061414064369665
1284061412306948097
1284061328588656641
1284061280828088320
1284061053614280705
1284061002326310913
1284060801779851264
1284060767688564736
1284060687724163074
1284060667046170626
1284060619503808512
1284060580987449346
1284060567473459203
1284060480991043588
1284060459197489153
1284060443615596545
1284060413727055872
1284060309238538253
1284060246693093376
1284060171011067904
1284060101763047424
1284060089452826625
1284060078916722688
1284060030753476608
1284060015435948033
1284060008322338816
1284059943801413634
1284059822585982977
1284059808140873729
1284059792470933505
1284059648010616835
1284059638384779264
1284059579496697860
1284059578162978818
1284059510571761664
1284059495254102018
1284059378472165376
1284059312596410368
1284059062112530434
1284058983922307072
1284058969162559488
1284058605826834432
1284058593927602181
1284058445726048256
1284058405821390855
1284058237860552706
1284058235331399682
1284058213147709440
1284058175948365829
1284058106968903680
1284058085036896256
1284057984822370305
1284057963813011456
1284057931235971076
1284057923505856512
1284057890899333121
1284057858317967360
1284057804224040965
1284057785903218689
1284057620198940674
1284057563089305601
1284057488510386181
1284057465311592449
1284057447964069888
1284057227620425730
1284057006907645953
1284056969486245889
1284056919796264960
1284056760395980801
1284056712408895489
1284056709108060161
1284056670436560896
1284056517759598592
1284056406648397825
1284056310036738048
1284056164242722820
1284056113009381378
1284056074602131457
1284056060853202945
1284055834859798528
1284055832901095424
1284055818346864640
1284055792593833984
1284055782238097410
1284055778945572865
1284055726059593730
1284055720850272256
1284055682585632768
1284055624578412544
1284055518693269505
1284055504805822464
1284055438129090560
1284055351827062785
1284055253332058114
1284055196658798592
1284055190962876418
1284055166300323840
1284055148013264896
1284055091578888195
1284054951958896640
1284054872254566407
1284054851232595968
1284054846518308864
1284054777165500417
1284054770706153473
1284054732932292610
1284054626204090368
1284054572651225089
1284054469983043585
1284054461414088705
1284054433828163589
1284054407986937858
1284054255222099969
1284054019313471488
1284053990179852289
1284053926715719680
1284053914749468673
1284053879500537856
1284053844343783424
1284053735782649858
1284053649166143488
1284053538683977729
1284053489837015040
1284053383456993281
1284053359163514881
1284053330789052416
1284053239697149953
1284053104938356738
1284052973996453888
1284052882212487170
1284052717707689986
1284052677538832394
1284052402275065856
1284052356984909824
1284052323799621632
1284052241062809605
1284052221605355521
1284052209823514625
1284052119553806336
1284052091787452416
1284052076398620672
1284052064616747009
1284052032157093889
1284052026175950848
1284051895666053120
1284051886019141633
1284051844201885697
1284051792884649984
1284051561539350528
1284051490378784768
1284051458879520768
1284051430224146432
1284051403883843584
1284051399366651905
1284051377870852106
1284051372657332225
1284051353233391617
1284051336393297920
1284051238913560582
1284051219993055234
1284051167048339456
1284051090779103233
1284051048974430208
1284050965839175683
1284050940195221505
1284050716810780672
1284050698636865537
1284050540381573120
1284050230959382528
1284050227104829442
1284050210419810304
1284050107176976384
1284049877299802112
1284049715785617409
1284049664879321097
1284049588949782528
1284049438898622464
1284049432204447745
1284049407361638405
1284049143787393025
1284049066834497537
1284048824479223808
1284048799464337408
1284048532903735296
1284048470949724160
1284048367467794433
1284048356663336960
1284048342310363136
1284048297771048960
1284048027775373313
1284047902747308032
1284047867464880128
1284047629719154688
1284047372453122050
1284047361648603136
1284047350512652289
1284047221672030208
1284047192165093382
1284047054600310786
1284046751566123008
1284046749200535556
1284046344773140481
1284046276749864960
1284046167563800576
1284046080309694464
1284045826600374272
1284045598799388678
1284044664094457856
1284044357348229120
1284044335449858048
1284044330303463426
1284043958662955010
1284043739304988674
1284043504201732104
1284043502985379841
1284043457766535169
1284043291927949313
1284043174420393984
1284043146280816641
1284043089192062977
1284042968639442945
1284042884505899008
1284042864339689472
1284042650971242496
1284042577906458627
1284042572760047617
1284042348650016769
1284042319373664256
1284042182383599620
1284042114750451718
1284042083838369792
1284041937654362115
1284041768409993220
1284041764400254977
1284041732548710404
1284041531549245440
1284041496145076224
1284041383670685704
1284041156653973504
1284041121266642944
1284040814872731648
1284040768278192130
1284040691971231745
1284040523414736896
1284040421954523136
1284040417806364672
1284040342954704896
1284040340912119809
1284040330569031680
1284040315586871296
1284040269277663232
1284040268673699842
1284040190105976837
1284040113916452864
1284040093280460800
1284040083058941952
1284040069372928001
1284039981456142336
1284039883233910784
1284039670981177344
1284039612546064386
1284039611388514310
1284039475736215552
1284039449664421888
1284039443763077126
1284039335105396743
1284039191341543425
1284039191064653825
1284039151684407297
1284038973485191170
1284038970712772614
1284038894133096448
1284038868161957890
1284038837694541825
1284038591207874561
1284038554289672196
1284038312043446272
1284038158385123329
1284038137312874496
1284038100818198528
1284037959172399104
1284037773087985669
1284037726816423938
1284037545664249856
1284037464395522048
1284037453213511680
1284037232643452936
1284037228080046080
1284037168286048257
1284036965164355584
1284036914945888257
1284036904602796042
1284036647777193985
1284036638000263173
1284036439580323841
1284036332038361088
1284036303370231810
1284036239864352768
1284036231295307776
1284036102375051265
1284036054543208448
1284035909420224512
1284035847436881926
1284035817783132160
1284035732533915648
1284035626829074432
1284035283479134208
1284035260641095680
1284035130970066945
1284035069405954048
1284035018415800320
1284034948442316800
1284034923364585476
1284034500570353664
1284034480374677506
1284034394940899328
1284034375303258124
1284034095740264451
1284034066623406080
1284033982800297985
1284033416753811456
1284033406481858560
1284033344490147840
1284033292086456325
1284033163648552960
1284033144321118208
1284032971008364545
1284032962149986309
1284032911688245249
1284032894013505536
1284032851030179840
1284032820634095617
1284032809590566912
1284032688618385408
1284032573056917507
1284032556564992003
1284032521236287488
1284032419423715328
1284032384493592576
1284032337303535617
1284032283574513664
1284032208752214016
1284032165110571009
1284032122475491328
1284032025058574342
1284031959904260096
1284031955760230405
1284031921845161984
1284031913942974464
1284031888747892736
1284031858049679361
1284031829046169600
1284031700557758464
1284031600355946496
1284031596048322561
1284031547461558272
1284031534274621440
1284031466905665537
1284031387926921216
1284031316359622656
1284031207379021825
1284031065313685504
1284031011370795009
1284030977036230656
1284030693639622656
1284030680557658118
1284030542565052417
1284030535996788737
1284030499128782848
1284030483769298946
1284030300109049856
1284030290013425664
1284030189593415680
1284030150921920512
1284030137915174917
1284030137537835009
1284029913532637184
1284029874114629633
1284029864010547200
1284029855974203397
1284029830669967360
1284029830158147585
1284029808637349890
1284029804250005514
1284029657864646656
1284029525798653952
1284029510879412224
1284029506399993856
1284029293228707840
1284029285221773315
1284029247472963586
1284029143412244480
1284029003091914752
1284028782907719682
1284028709356425218
1284028696257613826
1284028692256165889
1284028687030116352
1284028676410150912
1284028639777038336
1284028519081803777
1284028374277554178
1284028370733477888
1284028314961825793
1284028246972039169
1284028176876871681
1284027931442937864
1284027908181438465
1284027867765051392
1284027793072848896
1284027662533566466
1284027609203068928
1284027499920449536
1284027292625371137
1284027287504138240
1284027011074330624
1284027001440022528
1284026935237128193
1284026872586735617
1284026802437009408
1284026789950631937
1284026764721782785
1284026757721595905
1284026492448628738
1284026407161663488
1284026181373890561
1284026114948595713
1284026089543815169
1284025949705601024
1284025838766379010
1284025805992079360
1284025688295706624
1284025657920565248
1284025643290820608
1284025585132544001
1284025411274498049
1284025399291371525
1284025280395436032
1284025244336955392
1284025215031349248
1284025183850954752
1284025173004386304
1284025137931714560
1284025020247924739
1284024990929760257
1284024958151270401
1284024938509344769
1284024867046785025
1284024866400763905
1284024833643368449
1284024762361098240
1284024694044270593
1284024683122307072
1284024628072022016
1284024613492658176
1284024413302788096
1284024371787567107
1284024313432113153
1284024308147388416
1284024272646742016
1284024155587981313
1284024109165359104
1284024039808405505
1284023997739544577
1284023978860916736
1284023902486892544
1284023847445045251
1284023823197704192
1284023799223115776
1284023716159135745
1284023684215250945
1284023650618937346
1284023636668624897
1284023627759919106
1284023599083462657
1284023534449295360
1284023525964156929
1284023447056785415
1284023278827339776
1284023261421084672
1284023154567000066
1284023022303817729
1284023004301799425
1284022939235635201
1284022884734820354
1284022879605141505
1284022870822223873
1284022800341176320
1284022648268365824
1284022570036146176
1284022566026387456
1284022456366313473
1284022424649048065
1284022352766959616
1284022295946813440
1284022182293712896
1284022175654174722
1284022116451602432
1284022070058332163
1284021994678255616
1284021791011287041
1284021780546453505
1284021618864533511
1284021603047804928
1284021595359543296
1284021587616968704
1284021585842667521
1284021502229307392
1284021383526219776
1284021380040790018
1284021378245632000
1284021316060880896
1284021315511427073
1284021228240605184
1284021059092652032
1284021037450108933
1284020977375023104
1284020922660397057
1284020913697103872
1284020792704073728
1284020758713380865
1284020741147709441
1284020655688757249
1284020653235081216
1284020637984591873
1284020617315000320
1284020587191574528
1284020509047496704
1284020436402143232
1284020398355615744
1284020337466843137
1284020061368451072
1284020057929129988
1284019976614092801
1284019877888634885
1284019806606417920
1284019707415322624
1284019529635561473
1284019455803219973
1284019278895878145
1284019274462502912
1284019196825927680
1284019191029399553
1284019018131701761
1284018983973400577
1284018688539099136
1284018573262938113
1284018518485282816
1284018510205792261
1284018339292028928
1284018279426793472
1284018240163917824
1284018105115643906
1284018073150816257
1284018069367595008
1284018063499829248
1284018035343470593
1284017911775006720
1284017816652386306
1284017814018433024
1284017699677405186
1284017510480785408
1284017259032215552
1284017225561714700
1284017208935555072
1284017126836252673
1284017009710202880
1284016865963126788
1284016769997381632
1284016735339896835
1284016730671665154
1284016697494708225
1284016676770656257
1284016654289174528
1284016451628802048
1284016389519548417
1284016340278431744
1284016333831704577
1284016142764384256
1284015951634141184
1284015928817188864
1284015634758742017
1284015603234332673
1284015544270807043
1284015513132302336
1284015459969445889
1284015457528315904
1284015455972327425
1284015265760542721
1284015246710013952
1284015141810511872
1284015096289726465
1284015031550705664
1284015004229001216
1284014981034409984
1284014842492235776
1284014692877336578
1284014689924657152
1284014636677894144
1284014612342542336
1284014553311981568
1284014438085988352
1284014433472319488
1284014342120275971
1284014336273534976
1284014333933084673
1284014270708154370
1284014270431350785
1284014215720771591
1284014214445780994
1284014136716865536
1284014051228561409
1284014004470521856
1284013899243827201
1284013882747637761
1284013823897280513
1284013808357441537
1284013788807729152
1284013734915170304
1284013731157094401
1284013586184994816
1284013469268938755
1284013266323361792
1284013182873477122
1284013113357082624
1284013101571100674
1284013075549630465
1284013049356136448
1284012933677297664
1284012910096912385
1284012825199992833
1284012807667752961
1284012772284669954
1284012761811423237
1284012718224072705
1284012717066592256
1284012570324672514
1284012526930452482
1284012413499703297
1284012398307942400
1284012340845871106
1284012330938961921
1284012327088590848
1284012325738078208
1284012182842347522
1284012119260893185
1284011894936940544
1284011832697552896
1284011830763978752
1284011799994671105
1284011736702623745
1284011667743965185
1284011495072903168
1284011481214976001
1284011371051524098
1284011257889271808
1284011243355942917
1284011202000166918
1284011156605227008
1284011138599006208
1284011076611432458
1284011039324086276
1284011026183151616
1284010890711498752
1284010829625556993
1284010773422002185
1284010622955458562
1284010461328027648
1284010430843813888
1284010345992867840
1284010318235041792
1284010307376099336
1284010226363125762
1284010200035459074
1284010139801067522
1284010097933508611
1284010097820262401
1284009982426591232
1284009981017239564
1284009913044414465
1284009863635521537
1284009859428552705
1284009803912818689
1284009784321224709
1284009776784048128
1284009731422658566
1284009239346843666
1284009101027160064
1284009045314207744
1284008895745331200
1284008840393117697
1284008805429321732
1284008797976100864
1284008795820236800
1284008769253511169
1284008751977172992
1284008744997793794
1284008742854561795
1284008731970277376
1284008669630398465
1284008646746177536
1284008635589427200
1284008429460299776
1284008403375984640
1284008313710096384
1284008175037865984
1284008147594678275
1284008102682124288
1284008095824347136
1284008063247228929
1284008006150225925
1284007989502971904
1284007650511015936
1284007640427831296
1284007617300398080
1284007602020585472
1284007546253119490
1284007507447427072
1284007484844314624
1284007455597441028
1284007393739898880
1284007327465701377
1284007320293380101
1284007305529430016
1284007254199537667
1284007243386695692
1284007168400916481
1284007161627054080
1284007007247372295
1284006979531407362
1284006947038142465
1284006942646697984
1284006910098800640
1284006828800724994
1284006759435325443
1284006621472002050
1284006548784721922
1284006498402697217
1284006491524141056
1284006459173371908
1284006383759888385
1284006276297568258
1284006272736559105
1284006132244197377
1284006054607691777
1284005954816802821
1284005709370228740
1284005568391385089
1284005566197760001
1284005478008270850
1284005355949826048
1284005335628472320
1284005282755092480
1284005199271661579
1284005163951423488
1284005063413903364
1284005047714680832
1284005041314115593
1284004877987913729
1284004859168120833
1284004848778739715
1284004703253286912
1284004695812472833
1284004693128228864
1284004684026515456
1284004579743596544
1284004512894681089
1284004506540355587
1284004373186646016
1284004341095989248
1284004334557114372
1284004238302097409
1284004020915404800
1284003937574625287
1284003926476554241
1284003921971892224
1284003828803796992
1284003816300515328
1284003811523166210
1284003796536958977
1284003706443304960
1284003529372426240
1284003427610243072
1284003347620671493
1284003332449865729
1284003306772271104
1284003256159608832
1284003088932786176
1284003039213498368
1284002983592828930
1284002976730877952
1284002876549996553
1284002796484861952
1284002789694283776
1284002734459494401
1284002380363845632
1284002365629173760
1284001827432914944
1284001801478582273
1284001673791377409
1284001656963653633
1284001484833566720
1284001415355138053
1284001222157111296
1284001189122781184
1284001170550337536
1284001163004841984
1284001152812699655
1284001137365004288
1284001106683723777
1284001082063159303
1284000524824719360
1284000438329712640
1284000344373108738
1284000315826679809
1284000242577412111
1284000148805255168
1283999985776889861
1283999878671204358
1283999803937103880
1283999629286178817
1283999505797586944
1283999417947889665
1283999394564575233
1283999365623885824
1283999161625477121
1283999035297337345
1283998983355092992
1283998845362462721
1283998474577616902
1283998441010614272
1283998425231630336
1283998332222869504
1283998124755877888
1283998090375176194
1283998063233847297
1283997980366901249
1283997962520137729
1283997929120956416
1283997914424119296
1283997819934826497
1283997721217687558
1283997587868180484
1283997554506686464
1283997476102582272
1283997476022820864
1283997424772685824
1283997297760755717
1283997294900195329
1283997189606342664
1283997188763324416
1283997186653659137
1283997185173082116
1283997182643834880
1283997179129081856
1283997178927751168
1283997175580590080
1283997173584142336
1283997170035818496
1283997155112497153
1283997109553856512
1283997079086522369
1283997077115215874
1283996875650207746
1283996830242570240
1283996795270463488
1283996538633621506
1283996146491326464
1283996117403873286
1283995884812984320
1283995810305384450
1283995744698085378
1283995688385339392
1283995637781016578
1283995556659036160
1283995463021207554
1283995259526144000
1283995069754769410
1283995053258678274
1283994986950737922
1283994837482704896
1283994799675183110
1283994698617622530
1283994667219128323
1283994658012528640
1283994649045147648
1283994631605231617
1283994595479687169
1283994493436428288
1283994393540800513
1283994366575616000
1283994196731465728
1283994195515056128
1283994153790115841
1283993883639242753
1283993644123541504
1283993634736570370
1283993632299716610
1283993516964749313
1283993266489360384
1283993139083124737
1283993030354178053
1283992848845746176
1283992471253520386
1283992244425560065
1283992195159252992
1283992187865358337
1283991972970192897
1283991798541684736
1283991742312636417
1283990766940020736
1283990613852147713
1283990526539309057
1283990488345968640
1283990483157561346
1283990186213466115
1283990053216227328
1283989788828340225
1283989739553665027
1283989586327351296
1283989444564058113
1283989164975947776
1283989118746349568
1283988986902585344
1283988810376912896
1283988809097633793
1283988699097837568
1283988578037637121
1283988161572622336
1283988128483639296
1283987979443281921
1283987592686587906
1283987439548342272
1283987055446564864
1283986670258466817
1283986548271337472
1283985944815771648
1283985907624939522
1283985856093655042
1283985850636926979
1283985825823326209
1283985167594520576
1283985080524955648
1283984962669228032
1283984831773388800
1283984826161389569
1283984814543183872
1283984198802509825
1283984127079874560
1283983685348478976
1283983585586950145
1283983479844278273
1283983471363469312
1283983431915966464
1283983182820499456
1283982898777993221
1283982564525584384
1283982384115994627
1283982371612655616
1283981465538232320
1283981349637050369
1283981274407993345
1283981199397060608
1283981103288725504
1283981067452653569
1283980423555477505
1283980198778753024
1283980000304214023
1283979450393165824
1283979364548448262
1283979236794146816
1283979190929416197
1283978526933344256
1283978458008354817
1283978111391076353
1283977669885997058
1283977605230854145
1283977545076166657
1283976819482525698
1283976701572272128
1283976605082296320
1283976575189422086
1283975675339317250
1283975597312663552
1283974849950617603
1283974822696017920
1283974647189516288
1283974309069889537
1283974223892021248
1283974172553682944
1283974116383633408
1283974024931024897
1283973413569167360
1283973382128664576
1283972988573024257
1283972370890461184
1283972330553835521
1283971978534297603
1283971898091737088
1283971140315230215
1283970897590865922
1283970746495238144
1283970711871270912
1283970690094374914
1283969809684799489
1283969328090685442
1283966521421815808
1283966145738022914
1283965958403559424
1283965661572739073
1283965350279811073
1283965105848418305
1283965093328322561
1283964030537924608
1283963479091707904
1283963071682301952
1283962948931784709
1283962344503226369
1283961446498545665
1283961359085035520
1283961088812494850
1283959031955107846
1283958173242724352
1283957600883802112
1283956740967497730
1283956697615269891
1283951824123367427
1283951072705253377
1283950713459154944
1283950520579883010
1283950308490727424
1283949807904620544
1283948642882256896
1283946602454024193
1283945306829262849
1283941980041609217
1283941162722656258
1283940768101662720
1283940108702539776
1283939483805614080
1283939466604875777
1283937176141561856
1283936651417354240
1283934953877786628
1283934064165244935
1283933810900512768
1283932812417138689
1283931973786927104
1283931414430441472
1283931393509163009
1283931273225031680
1283931211166031872
1283930800942194693
1283930447995703296
1283930325392007177
1283930129039843328
1283929505988583424
1283927085363482628
1283926931151388672
1283926768047607808
1283926515248508929
1283926355348983808
1283925420828585984
1283925212308942856
1283924616621232129
1283924428787720192
1283924141532471302
1283923828951920646
1283923328026189825
1283923268634906625
1283923081799651328
1283922853402775552
1283922800181485570
1283922782686937093
1283922638646247424
1283922610913513472
1283922049501728769
1283921801391857664
1283919367252647937
1283919266153213952
1283919042248572929
1283919030034878464
1283918526567387139
1283918424167591941
1283918057103134735
1283917501450072072
1283917468545810432
1283917443866525697
1283917224688812032
1283916775105728513
1283916409937047552
1283916208107126789
1283916030012608514
1283915782662037506
1283915763204718595
1283915594690187264
1283915511047364608
1283915448627728384
1283915381984329735
1283914921613373441
