1287174389419708421
1287173688954060800
1287173653365481473
1287172968397901827
1287172837850206210
1287171026103734272
1287169142785622016
1287168827529342976
1287167383594049540
1287167365021671426
1287167244649332740
1287166290390593542
1287166258501353477
1287164981050576899
1287164694239883265
1287164538652106752
1287164470180159494
1287164313199882242
1287162574010822657
1287162361766391820
1287160746275737600
1287160697680547841
1287160428771135489
1287160363742527489
1287160213565517825
1287160196247281665
1287159852159172608
1287159468141228035
1287158370835800065
1287157409287417857
1287156275315449858
1287156236086124545
1287155417492201472
1287155069528477697
1287154998628036608
1287154970488438785
1287154242529239041
1287154121812914183
1287153898998947840
1287153650763210755
1287153400682106882
1287152785042149384
1287152063848370178
1287151939436924928
1287151895564505089
1287151776911757312
1287151686214090758
1287151653095903238
1287151619369566211
1287151495394336768
1287151173355671559
1287151062290497537
1287150393009594369
1287150240152289282
1287150029778702342
1287149286594097154
1287149084332175360
1287148702797307904
1287148144850079745
1287147221897695238
1287146872709222407
1287146752441753601
1287146032099459074
1287145899660017664
1287145842525245443
1287145640162713602
1287145600929148928
1287145535439347719
1287145530175389698
1287145454329790464
1287145310473670665
1287144928460627968
1287144831005974529
1287144794729439233
1287144675258912769
1287144669298728963
1287144652102148096
1287144525924794371
1287144518589063182
1287144506496868364
1287143787010166785
1287143716122251271
1287143596337106952
1287143474232545281
1287143191062487046
1287143187467980801
1287143094329257984
1287142923142922241
1287142905006759940
1287142892864188416
1287142887499726848
1287142832579448832
1287142678942175234
1287142548633464832
1287142457692565504
1287142452500062208
1287142338637246464
1287141752495919105
1287141609667268610
1287141439521120258
1287141114332491776
1287141088277528579
1287140742842982402
1287140723654107136
1287140472356470785
1287139118565208065
1287138922464567296
1287138450978803716
1287138295839850497
1287137755076624384
1287137722780483588
1287137603934998528
1287137425001779201
1287137418651607046
1287137403187220480
1287137358131986438
1287137039566147585
1287137037045334016
1287136938093412353
1287136713979179009
1287136636933988354
1287136523830341633
1287136334960787457
1287136170745434114
1287136124939505667
1287136109831639042
1287135912019861505
1287135535169929216
1287135520217235458
1287135149759627266
1287134868091084805
1287134828245192705
1287134681092292608
1287134464930385920
1287134145802645505
1287133988319109127
1287133987346022401
1287133912284659712
1287133699469959168
1287133155875586048
1287132996613570570
1287132910626185218
1287132864417599493
1287132647752380423
1287132453023420416
1287132347746471938
1287132084566401029
1287131862125682688
1287131805079015426
1287131423619645443
1287131337720303619
1287131335841075200
1287131294736973825
1287131223958204418
1287131169394491392
1287131035768098816
1287130999558742017
1287130770247692289
1287130468874366977
1287130327014670353
1287130141823508484
1287129954812080129
1287129729288609795
1287129612426911745
1287129214404235266
1287129200672079878
1287129058682208259
1287129021000622081
1287128351111614466
1287128007589670913
1287127903621316608
1287127626453311490
1287126793758146562
1287126022287175682
1287125929425342472
1287125862115086342
1287125674705260552
1287125625430577152
1287125343971749893
1287124973400854532
1287124348055232515
1287123929459576834
1287123804326690821
1287123412515774482
1287123368530055168
1287122978908639232
1287122956368449536
1287122790181744642
1287122660695179269
1287122316313473024
1287122102923952133
1287121599263539202
1287121189027155968
1287120819156660225
1287120771995893763
1287120495436091393
1287120464742162432
1287120195736293376
1287119910200659969
1287119030483116032
1287118635199275008
1287118569491304452
1287118551300608001
1287118537715261440
1287118468266033152
1287117479639212032
1287116996916781057
1287116348426944514
1287115649819594752
1287115605749968896
1287115492239593477
1287115458655723523
1287115406004584455
1287115405715283968
1287115033240051712
1287114079832875012
1287114064867581952
1287113526121836545
1287113116824866816
1287112664473362433
1287112642956595200
1287112116793638913
1287112045444370432
1287111578849083392
1287110896569978883
1287110875111972869
1287110795181076492
1287110401054908422
1287110149723873280
1287110020635795456
1287109836363177990
1287109671988408320
1287109473300107264
1287109456250261504
1287109292420726784
1287109154994356233
1287108914333519873
1287108743998603265
1287108380742561793
1287108146490740741
1287107605924646912
1287107513087926274
1287107299484499968
1287106968365289472
1287106966884700163
1287106962325491712
1287106960882573312
1287106957934026752
1287106956486991873
1287106947410530307
1287106943820193793
1287106847867113474
1287106826883014658
1287106607294291968
1287106606488985601
1287106426561798145
1287106405762293763
1287106382064484354
1287106295980609536
1287106016577032192
1287105500614742024
1287105424857104384
1287105412689530881
1287105060229591040
1287105002021036036
1287104753307136000
1287104695505498114
1287104675209261058
1287104640304254980
1287104394668933120
1287104384925675521
1287104097309655040
1287103394625224705
1287103393773899776
1287103029448253440
1287102835436511234
1287102105497620481
1287101751229915136
1287101638088499201
1287101151591178240
1287101053146726401
1287100874410598402
1287100576824778757
1287100514413486083
1287098887174590466
1287098871752073216
1287098533171126274
1287098515173384193
1287098514959486978
1287098438186938368
1287098301024796672
1287097962238107648
1287097825055178753
1287097704498200580
1287097488843972608
1287097059607289856
1287096991210668032
1287096357392711686
1287096357174628356
1287096056455606273
1287096007801569282
1287095180768743436
1287095168848613376
1287094891101728775
1287094870004436993
1287094731533701121
1287094589669756930
1287094235376816133
1287093884082966530
1287092840011567105
1287092111872057344
1287092103118499840
1287092008583139334
1287091532416323585
1287091264878530563
1287091073169477642
1287090532599189508
1287090360083271686
1287090256450387968
1287089662582980608
1287088847306792960
1287088665433378816
1287088377863569408
1287088372389904385
1287088301258805249
1287088105481277440
1287087495465832449
1287086565475450881
1287085745375780864
1287085409416237057
1287084993525747717
1287084263125458944
1287084178161442816
1287083336712826883
1287083269343907841
1287082996105973766
1287082916045086720
1287082661673078787
1287082553988526082
1287082549819449344
1287081137840553991
1287081033360449537
1287080943237439488
1287079388744384514
1287079052919087104
1287077971111694336
1287077767293612033
1287077427135553537
1287076969931321344
1287076746597195781
1287076565340377088
1287076310519623683
1287075259099893760
1287075127377698822
1287074973056671744
1287074863618940929
1287074116181340160
1287073622700560386
1287073564596862977
1287073444962738176
1287073406190592002
1287073357268123652
1287072856648691714
1287072146037133324
1287072066244685828
1287071959516356609
1287071670830862337
1287071063126532096
1287070818011426817
1287070420718571525
1287070126777479170
1287070106283999232
1287070057789558790
1287069923320242176
1287069781024178178
1287069763076849666
1287069629744058368
1287069173445787649
1287069064251285504
1287068738387402752
1287068301726830592
1287068105408221189
1287067793544880128
1287067626502529032
1287067483195822084
1287067397296447488
1287067313494261766
1287067210318569473
1287066952436011008
1287066894458146817
1287066626995695617
1287066533756317696
1287066255363538951
1287064993385652225
1287064732390895616
1287064622298812420
1287064383588376576
1287064359261413376
1287063634015920128
1287063442734690304
1287063287922860034
1287063244813881344
1287063158201495552
1287062835739209730
1287062513486569472
1287062386000756741
1287062234708037632
1287061639565582337
1287061269900558345
1287061200849772547
1287060717657567232
1287060427311128577
1287060199774343169
1287059971763572736
1287059966508044288
1287059894944911362
1287059427091243008
1287059406790823936
1287059403951280129
1287059397798236160
1287059394774077445
1287059392534372354
1287059389078212608
1287059047544487936
1287058998332727297
1287058929688760321
1287058500959567872
1287058459310149633
1287058414317830145
1287057734895054854
1287057626363318272
1287057545216102400
1287057300423876608
1287056856054222851
1287056493943152640
1287056074160340993
1287055924088246272
1287055893004275713
1287055783172157442
1287055772182908929
1287055619976036358
1287055445924904962
1287055440631730181
1287055438928896002
1287055381894762496
1287055070522150918
1287055007880110080
1287054466894766081
1287054428504240128
1287054142356283392
1287054022592147458
1287053830295891968
1287053811371081728
1287053430985560064
1287053201905246213
1287053070669688833
1287052875974053888
1287052780088233986
1287052600114909185
1287052485543317505
1287052079370924032
1287051854858379266
1287051795584495617
1287051462825193473
1287051192498032640
1287051038902620160
1287050680134508546
1287050080403546123
1287049187494944768
1287048832816218118
1287048438086074368
1287048150553899008
1287048026033459200
1287047994068566016
1287047939144257537
1287047743433826306
1287047277467574273
1287047177714511874
1287047168088514561
1287047031148732417
1287046924542124042
1287046743910219778
1287046626968838145
1287046599261261826
1287046280670306306
1287046129394126854
1287046089875562498
1287045990734856197
1287045822316781568
1287045137294594050
1287045043619016704
1287044454025633792
1287044403295592448
1287044387978059777
1287044333028466688
1287044291303550976
1287044276447313920
1287043728717250561
1287043566938796034
1287043501583208449
1287043460592263173
1287042573819944963
1287042507935756290
1287042376402427906
1287042315085926401
1287042134063882240
1287041656789901312
1287041339239075842
1287041254170271744
1287041144627564546
1287040878838788096
1287040806180847621
1287040731056668675
1287039949200556032
1287039862701527045
1287039202245390336
1287038825580187648
1287038619337797633
1287038505198194689
1287038311832399874
1287038301279576065
1287038288948338688
1287038059511513089
1287037928947015683
1287037771631284224
1287037249553666054
1287036983852838914
1287036905872384002
1287036592473829377
1287036562996371456
1287036073353388034
1287036016461778946
1287036010182987778
1287035902397681671
1287035498956042240
1287035459940605953
1287035358098731014
1287034859693768705
1287034841066803200
1287034442645725186
1287034111958421508
1287033986624233473
1287033885910589441
1287033582838599680
1287033551209279489
1287033491146903553
1287033047414702081
1287032686180208640
1287032666865442816
1287032591292530688
1287032591187619840
1287032494433370114
1287032285909458944
1287031845759193089
1287031704788643840
1287031668251951108
1287031391729876993
1287031367155560448
1287031342404952067
1287031208132698114
1287031054851768322
1287031022933204993
1287030850538872832
1287030791428550657
1287030738341302272
1287030636247764992
1287030615947325440
1287029916639416320
1287029852005183488
1287029800759173120
1287029247241072640
1287028868046561285
1287028836098605056
1287028815135473664
1287028591717474304
1287028269020262401
1287028238649352192
1287028151093276672
1287027991298613252
1287027941340258304
1287027882099867648
1287027814961680390
1287027580324007938
1287027353785376769
1287027037920731137
1287026980806950913
1287026721452064770
1287026625985622017
1287026465545039872
1287026119221358593
1287025990934368260
1287025879336484865
1287025759014596608
1287025455158239232
1287025187750326273
1287025100542312450
1287025043298451457
1287025031986511875
1287025017016979458
1287025006971625472
1287024623452860416
1287024541840084994
1287024253360054272
1287023661434703875
1287023507264753665
1287023201516756992
1287022612737130498
1287022575315562502
1287022549608488961
1287022548929183746
1287022525583589379
1287022124595646465
1287021946786504705
1287021870022369280
1287021859364536320
1287021665231220736
1287021537778970624
1287021522029367296
1287021370858233856
1287021289450995714
1287021211642363908
1287021029135659009
1287020690986737664
1287020652306878465
1287020520261787648
1287019627596455936
1287018484891889664
1287017902785404928
1287017541785845761
1287017362617663488
1287017328933326849
1287017026842697729
1287016299336536064
1287016057396436993
1287015568604897280
1287015326920605696
1287015283367063552
1287014947797508097
1287014698957836288
1287014696722280448
1287014694881034241
1287014430929301506
1287014005832392704
1287013834331426823
1287013787086790657
1287013563656220673
1287013426670325760
1287013423834857472
1287013399642152961
1287012773944348676
1287012664712077312
1287012641270005760
1287012440664924167
1287012429520568321
1287012308783431680
1287011782889033729
1287011364997922817
1287011299793272833
1287010444851523585
1287009893581561856
1287009745413574658
1287009613611782144
1287009454895095809
1287009420766072835
1287009122874019841
1287008958092382210
1287008948038533120
1287008663652241408
1287008652671492096
1287008463634214912
1287007863802560513
1287007756260642817
1287007657505763330
1287007584482992139
1287007556410499073
1287007118244155393
1287006686218194946
1287006401471164416
1287006090203467777
1287005856270356480
1287004964502622208
1287004616148779008
1287004404969803776
1287004359503552512
1287004283091791872
1287003602037374977
1287003187615076353
1287002681148616709
1287002626475819010
1287002431365296128
1287001848818405383
1287001533087977473
1287001437499727873
1287000257130311680
1287000139748593665
1286999690769248256
1286999670829481984
1286999320298954752
1286999258437124097
1286999151671222273
1286998965540585472
1286998844950155264
1286998578376966144
1286998309731815424
1286998218631520256
1286998085684596738
1286997817303674880
1286997551296774144
1286997378659213315
1286996901036990465
1286996810859458560
1286996713803218945
1286996684279603200
1286996636351311874
1286996620907872257
1286996599437176832
1286996527978815489
1286996476778905606
1286996084577972224
1286995749637632000
1286995415083122689
1286995195469365252
1286995136438730752
1286995133574066177
1286994681591717888
1286993703375196161
1286992980600029186
1286992978842734592
1286992845916823552
1286992625720078336
1286992538025566209
1286992292050608129
1286992138652311552
1286991508067975169
1286991367466614786
1286990444308635651
1286990225177288704
1286988938050244608
1286988524575756288
1286988227006660610
1286988093212549122
1286987922089086976
1286987384425525248
1286986832887021573
1286986797084561408
1286986730118184962
1286986557417807873
1286986428400967680
1286986219046473728
1286985688299245568
1286985303295746048
1286984829062479877
1286984802458046464
1286984769834811392
1286984755419000838
1286984633498898433
1286984440720297985
1286984187472498695
1286984032555802624
1286984011273981954
1286983898317062145
1286983540169736193
1286982631851208704
1286982530655293440
1286982466801106944
1286982254590386177
1286981957532954625
1286981201753001985
1286979969520939008
1286979849207394304
1286979438421450754
1286979154735443969
1286978970358087680
1286978814569046016
1286978323676004352
1286978130549321728
1286977642659545088
1286977482231513088
1286977367622266880
1286977102236065794
1286976961844252672
1286976766591074304
1286976571472044032
1286976177962389504
1286975954640830466
1286975612461232129
1286974945554300928
1286974901958606849
1286974783004057601
1286974622701883392
1286974504242163712
1286974495111208961
1286974372469772293
1286974365091987456
1286974140839350277
1286974064184229888
1286973669919657984
1286973657374494727
1286973398921416704
1286973389991817216
1286972768949547014
1286971749179981824
1286971575623995392
1286971320325091330
1286971237445578752
1286971037469626369
1286970196582948864
1286970076835520513
1286969821146554369
1286968549689430016
1286968512678944769
1286968458534629376
1286968258915115008
1286968063942955008
1286967493060329472
1286967430162583552
1286967309798641665
1286967136775176194
1286967047520493568
1286966912254193664
1286966850522316801
1286966698768322560
1286966568836947968
1286966533168795648
1286966476772122624
1286966300531621890
1286966206902263812
1286966039708872705
1286965947090325505
1286965908989190145
1286965904660729858
1286965611210379264
1286965399075131392
1286965381601558529
1286965331391651840
1286964805119758337
1286964498868383744
1286964458796003328
1286964378399629314
1286963970067378177
1286963919123357696
1286963605276168193
1286963354716839936
1286963028928471040
1286962861907075072
1286962713156100096
1286962652594544641
1286962649272655872
1286962646944813056
1286962643908075520
1286962639172706305
1286962636102545408
1286962634739404803
1286962632042385408
1286962510357241856
1286962507857506309
1286962505403768833
1286962502618828800
1286961996903129088
1286961804934086656
1286960910049976320
1286960364090003457
1286959902573961216
1286959876741173248
1286959554027311105
1286959434930020352
1286958880975736832
1286958317936480256
1286957979951083525
1286957542946603012
1286957489024569346
1286957334347096065
1286956574691516418
1286956397725388800
1286956070498336768
1286955431995334658
1286955331122278400
1286955057037152257
1286955041711063040
1286954976623943681
1286954798043082753
1286954791579594752
1286954528055721984
1286954391795306496
1286954257716072448
1286954249507811334
1286953819117674496
1286953772992864256
1286953405605457920
1286953136381464576
1286953123634970626
1286953103967870977
1286953043695722496
1286952594460610560
1286952593286221825
1286952175080550402
1286951745713836032
1286951139511021568
1286951017293189120
1286950951069323267
1286950594037547009
1286950496763285504
1286950109381644288
1286950029429792768
1286949968075464704
1286949876102844416
1286949714169135104
1286949624750714881
1286949560972173315
1286949539740626946
1286949429916962816
1286949348174168066
1286949243765297152
1286949226673471491
1286949183325339648
1286949046372962304
1286948886448414720
1286948694877757441
1286948507656609793
1286948455752048641
1286948435011219456
1286948392254537728
1286948339334946816
1286948262306631680
1286948135198228480
1286948057427464195
1286947972182355970
1286947960002088960
1286947711883894785
1286947635786588161
1286947627792310272
1286947425224097793
1286947398078664704
1286947345217859589
1286946950785441792
1286946915498758145
1286946860217884673
1286946737534492672
1286946653640032256
1286946607431331841
1286946466091667456
1286946169814384641
1286946156786995200
1286945475959173120
1286945396791619584
1286945235323551746
1286945173105188864
1286944755419676672
1286944746368196608
1286944699056619520
1286944489035173890
1286944438779105281
1286944344352620549
1286944288698445824
1286944055520309248
1286943957834854400
1286943925949865986
1286943771398217728
1286943643274805248
1286943324457361408
1286943069422723074
1286942850605776898
1286942356944584704
1286942235855138816
1286941949438697477
1286941387599097856
1286941075593146368
1286940825675608065
1286940717676400643
1286940649611198466
1286940387966357504
1286940347898253312
1286940114866888704
1286939951196774400
1286939940836737025
1286939832732844033
1286939580449644544
1286939175204327424
1286939090001244161
1286939038130343936
1286938994085896192
1286938940377837568
1286938680859471872
1286938333495656448
1286937894834319360
1286937796855332864
1286937740840501248
1286937673656078336
1286937520601739265
1286937480814501888
1286937106087055362
1286937081051262977
1286936914604576768
1286936782165217280
1286936368539676675
1286936248062541824
1286936154286305280
1286936093577936896
1286936016583110656
1286935994168676353
1286935690274582529
1286935637388656640
1286935457318817792
1286935360849813504
1286935053285588994
1286934992103395329
1286934968573272064
1286934936054829056
1286934935144669185
1286934835957833728
1286934647050575873
1286934462580826112
1286934437595406336
1286933977614487553
1286933793417449473
1286933642250465280
1286932641338597376
1286932605619900416
1286932409183809537
1286932140714864640
1286931015609528321
1286930995829235712
1286930513438089218
1286930391857868801
1286930294617051137
1286930241777278976
1286929865799864320
1286929849484009473
1286929578007629824
1286929477080154112
1286929282963578886
1286929165812465664
1286929152600428545
1286928747011153921
1286928677574447105
1286928653864099841
1286928519222693889
1286928500037947394
1286928461798531072
1286928457398718464
1286927765128839169
1286927751824519168
1286927623218700288
1286927597440507904
1286927495305076736
1286927380624420864
1286927318930337792
1286927216086048769
1286927169097170944
1286927168405147649
1286927029456314370
1286926803798548480
1286926483659907074
1286926439632326656
1286926420233551872
1286926353770713089
1286926264213868545
1286926107325988864
1286926009481211904
1286925961984970752
1286925390414516225
1286925314824732672
1286925276228857856
1286925167432740866
1286925148319252480
1286924632562511874
1286924632038281216
1286924344711675904
1286924212142321664
1286924169402298368
1286923746205470720
1286923344097488897
1286923274543407104
1286923210878001152
1286923183178813440
1286923046440374272
1286922939997323264
1286922888780619778
1286922455228059648
1286922011965558785
1286921989006012419
1286921890666287104
1286921782356779008
1286921756356337665
1286921221528072195
1286920886105387009
1286920837367500800
1286920805671211008
1286920523738382337
1286920507376439297
1286920464380698624
1286920402854387712
1286920357862137857
1286920253335887872
1286920136637575173
1286920096666050560
1286919969339572226
1286919937718722561
1286919782277709826
1286919765781614594
1286919749914501120
1286919654808723456
1286919383764410368
1286919073100685313
1286919071724900353
1286918533734117379
1286918289193672704
1286918168481533952
1286917760757518337
1286917736992571392
1286917630725689348
1286917417344655360
1286917403675447296
1286917251468320773
1286916963646701568
1286916951495839744
1286916878946971650
1286916693558796288
1286916616438067201
1286916567146606592
1286916466886008832
1286916197859164160
1286916079722405888
1286915876076347392
1286915738599591938
1286915712913637380
1286915451092697089
1286914987995418624
1286914889336999936
1286914853622501379
1286914680209002498
1286914514273869824
1286914378814689280
1286914295805157376
1286914219951169536
1286914100166041600
1286914076916973570
1286913999263735808
1286913858607751171
1286913848147169280
1286913164353961984
1286912835998621697
1286912734311911425
1286912629081092097
1286912451229908993
1286912436491231233
1286912417969176576
1286912334427029504
1286912108479819777
1286912073222561792
1286911875293339655
1286911849502511106
1286911185259028480
1286910966026960898
1286910847223291904
1286910727018684416
1286910640012001280
1286910019758432256
1286909923121602560
1286909889432911872
1286909790594138114
1286909607642898432
1286909391535472646
1286909261361156096
1286909070079860736
1286908535012548608
1286908481430343680
1286908388744605697
1286908379085115392
1286908167893516288
1286908161149075456
1286907948493611008
1286907768104869888
1286907663398383616
1286907602987888640
1286907593739337728
1286907541381951488
1286907492073603072
1286907481818640384
1286907094420074497
1286906556198551552
1286905702674571265
1286905670655188998
1286905259688890368
1286905210871439360
1286905075760275456
1286904959204839424
1286904825406525443
1286904367187144704
1286904205454839810
1286904132616572929
1286904082020663296
1286904011296309248
1286903441563025409
1286903333563834368
1286903132841218048
1286902860219908096
1286902777537536001
1286902770545709063
1286902687796256768
1286902685338415104
1286902417934757888
1286902351459213317
1286902326540763142
1286902004078477313
1286901800365363200
1286901746967678980
1286901641824927746
1286901510882893824
1286901422265704449
1286901344536875009
1286901265188913157
1286900975610011648
1286900609963229185
1286899932201390080
1286899477161418758
1286899205974433794
1286899188631052288
1286899025321627648
1286898804474642432
1286898792709619713
1286898623666626561
1286898559279931399
1286898441394823168
1286898192781578242
1286897829567500289
1286897314980941825
1286897250216681479
1286897026043727874
1286897000705937409
1286896917218299904
1286896546819309569
1286896397942390784
1286896314572308480
1286895901559197697
1286895781451112454
1286895399970713606
1286895369104875521
1286895049767256064
1286894602973261825
1286894386287083520
1286894204824805377
1286893800082808833
1286893762929729538
1286893327456010241
1286892853847826432
1286892306059100160
1286892234923741185
1286891985404649473
1286891583489613824
1286891553391366144
1286890685312925696
1286890505297682432
1286890276607463424
1286890167903621120
1286890124408696836
1286889552918061056
1286889481359052807
1286889147211358208
1286889078122786816
1286888914448523264
1286888909339852800
1286888825411829764
1286888615100940288
1286888572751151104
1286888404777676802
1286888188586471424
1286887762768076800
1286887601304219649
1286887251830607872
1286886019338567680
1286885957065674752
1286885767944515585
1286885738206961665
1286885565900750848
1286885269740945412
1286884665677291520
1286883884320399361
1286883468874600448
1286883302587195393
1286883153387360256
1286882550623932417
1286882505866477568
1286882446580080641
1286882382537203712
1286882317454245888
1286882161115660288
1286881122626961409
1286880811510267906
1286880419623960577
1286879738980708352
1286878669160558594
1286877681271873536
1286877375276421120
1286877250009300992
1286876897658441729
1286876470128914432
1286874907847073792
1286874879460085760
1286874828146970625
1286874196941762560
1286873343623401472
1286873024944320512
1286873023665053696
1286872919428206593
1286872917586960385
1286871201307140096
1286871113021128704
1286870777636282369
1286870776151408641
1286870751509917696
1286864847997751298
1286862594318438402
1286861793722347521
1286861424661233667
1286860975489134593
1286860847852158979
1286859283871805442
1286859126082015233
1286859101641879553
1286855699578916865
1286854268599906305
1286853169692237824
1286852976678776832
1286852876078383104
1286852767231901697
1286851870510780417
1286849463911436289
1286842360354267138
1286836834660687880
1286834877711687682
1286834544608509954
1286833578509246469
1286832908674588672
1286829843011731457
1286827654482669573
1286826142524203013
1286826139265257473
1286824656851349504
1286821477883445249
1286820868501495817
1286819541742387200
1286816891097538560
1286816494840623106
