1288625315976290309
1288625050745286658
1288625016003796993
1288624595927552002
1288622638005460996
1288622501669539841
1288622377568555010
1288622055013916674
1288622031559434250
1288621289163415552
1288620209721552897
1288620013742698497
1288619457200500739
1288619422257643521
1288619171153096704
1288617979534508033
1288617874416861185
1288617467221352450
1288617103709417472
1288616804131143680
1288616741308858371
1288616452841525249
1288615926452060160
1288615393108557828
1288615316394737670
1288614963142172676
1288614642567217159
1288614608681541632
1288614062708981766
1288614019549614080
1288613859549491202
1288613717983334404
1288613716750147586
1288613700170113024
1288613461090500610
1288613201727365120
1288612320596369413
1288612061317083143
1288611806756458501
1288611460764008452
1288611258103746568
1288611183784865794
1288610755147894798
1288610723451543557
1288610416986402816
1288610301743632385
1288610039993860096
1288609827703447558
1288609781046038529
1288609527739437059
1288608933616246784
1288607940983889921
1288607917730607105
1288607506537873410
1288607300501098501
1288607123178479616
1288607079364796417
1288606931914039299
1288606695191719937
1288606644713259008
1288606563112976387
1288606438064099329
1288605594769924096
1288605471545401344
1288605247305392132
1288605119106383874
1288604841258999808
1288604726897123329
1288604721016692737
1288604547481587718
1288604485531697154
1288604416057065473
1288604261811658752
1288604228601229312
1288604099680796674
1288604024871292933
1288603905589424131
1288603645735579648
1288603571295068164
1288603527653335040
1288603498691649540
1288603413329121283
1288603339064836096
1288603225927692288
1288602895563345920
1288602831294025730
1288602776751280133
1288602728332238852
1288602627224281092
1288602595100168192
1288602417840431105
1288602304183181316
1288602235035885568
1288602229147144193
1288601718138245122
1288601461325213697
1288601387820027904
1288601360280281089
1288600546744696834
1288600311180009475
1288600002491748356
1288599968337612802
1288599641857183744
1288599470674976768
1288599275836973061
1288599157985378316
1288599090863968257
1288599057280180232
1288598991320551424
1288598650277462016
1288598621861089281
1288598577615376385
1288598499400003601
1288598361822683141
1288597894417862657
1288597453780987904
1288596854939295744
1288596851718004736
1288596851516678146
1288596811402403842
1288596516345651201
1288596237202141184
1288596160991633411
1288596059405549569
1288595999624245250
1288595627518111746
1288595499214417924
1288595360491995137
1288595024452579328
1288594930856845313
1288594672663908353
1288594002061729793
1288593683495956481
1288593670715908096
1288593585550643200
1288593355518222337
1288593348266262528
1288593138446209024
1288593072067088384
1288592961543053316
1288592838729641984
1288592792390959108
1288592763810914305
1288592649822314499
1288592649759404032
1288592649528778753
1288592588207947776
1288592507333423105
1288592396066881536
1288592283961626625
1288592113932926977
1288592079657017344
1288591670909571077
1288591239726669837
1288590941658505217
1288590886520197121
1288590616545439745
1288590614498627586
1288590586568675334
1288590359358996480
1288590319504719872
1288590038222151681
1288589871347638273
1288589753869381636
1288589655697481729
1288589500222930945
1288589475317256193
1288589452391206913
1288589396258824195
1288589363690053632
1288589276767191040
1288589071913295872
1288589031908016128
1288588846805000193
1288588746426851328
1288588716014030849
1288588681985634305
1288588647709777920
1288588537143623681
1288588336207200262
1288588095118598146
1288587886691004418
1288587882031087617
1288587789517426689
1288587727236206598
1288587707128717323
1288587630612021249
1288587524777168896
1288587396737568775
1288587314726232064
1288587015261487106
1288586929181786112
1288586811523170310
1288586804921327620
1288586634036944896
1288585742940340225
1288585733649903617
1288585450807070721
1288585412512972802
1288585330111713286
1288585278924427264
1288584725880279042
1288584637590249475
1288584368555012097
1288584315878739968
1288584187486838784
1288584110043279361
1288583912810336256
1288583889414492168
1288583767263784960
1288583655821062147
1288583623998930945
1288583591279067137
1288583298638327808
1288583277121548293
1288583209677135873
1288582989522374656
1288582968597008390
1288582472062705667
1288582459437854722
1288582404983185409
1288582315409539074
1288582212703719425
1288582130763739136
1288581425034338304
1288581356264579072
1288581227067441158
1288581013480902657
1288580993142738949
1288580747327086592
1288580601654775810
1288580544649977856
1288580485128519685
1288580423799447553
1288580109021175821
1288580007422500864
1288579879236186115
1288579837247004674
1288579525580906496
1288579030242004994
1288579000475033606
1288578856224514052
1288578605883232256
1288578312768552961
1288578207432704002
1288578138717528069
1288577929782403072
1288577928096296962
1288577850304495618
1288577834072657920
1288577750631174144
1288577654287929345
1288577632574087170
1288577383327502339
1288577048768905216
1288576581993140226
1288576463839604737
1288576073500852224
1288576072397787137
1288575541944123392
1288575471647588358
1288575035033223168
1288574884080168960
1288574607021219841
1288574260806639616
1288574211586392066
1288574060025217029
1288573869599719430
1288573839455203329
1288573828835299334
1288573716687880203
1288573696995733508
1288573654524145672
1288573652213137412
1288573450567786497
1288573303192457216
1288573195063382016
1288572936128012300
1288572933334618112
1288572925059256320
1288572744079155201
1288572735464120323
1288572605247741952
1288572422464114690
1288572249633632257
1288572248572526594
1288571772590346240
1288571634018922500
1288571534647468033
1288571485687361539
1288571451478548480
1288571421619294209
1288571420323307523
1288571392838053888
1288571282188128260
1288571278031552514
1288571159034974212
1288571145340375041
1288571144640122880
1288570826468536320
1288570380148506625
1288570255216971778
1288570066888523778
1288569836273106945
1288569806602539008
1288569747932618752
1288569688679755777
1288569621042229249
1288569517707321346
1288569510698655745
1288569241625600000
1288568815157157892
1288568739017953282
1288568674106912768
1288568591336591361
1288568353515343877
1288568312432074755
1288568298607644675
1288568040016228356
1288567869337489414
1288567817588092929
1288567624532721665
1288567414502957056
1288567364036984832
1288567216158408706
1288566870258393090
1288566613512466434
1288566490195726341
1288566397916909568
1288566355437006848
1288566232111882241
1288565990129897473
1288565881560334337
1288565609987543040
1288565434531422208
1288565419662598144
1288565308781924353
1288565247415136256
1288565196332597249
1288565042741497856
1288564634287517697
1288564571234541568
1288564459909324802
1288564286147657728
1288564201062051840
1288563970169876481
1288563876104200192
1288563713793036288
1288563694809554944
1288563460670980099
1288563364692664320
1288563059892596736
1288563047443963904
1288562841461698562
1288562548212547584
1288562520295378945
1288562320306769920
1288562247539843075
1288562135073730562
1288561997676781569
1288561907952242690
1288561883763691522
1288561422142709760
1288561353796521986
1288561286054391808
1288561279112806407
1288561222636511237
1288560598905651201
1288560517666267140
1288560503560835072
1288560253802512384
1288559923392126978
1288559906866565126
1288559690390134784
1288559644818972674
1288559636862377986
1288559386558967808
1288559221445885952
1288559067309510656
1288559046832922625
1288558958714773504
1288558721413591040
1288558663813267456
1288558562441035776
1288558399882395650
1288558365434621952
1288558238145945604
1288557878710763521
1288557683193282561
1288557617862840321
1288557535394439177
1288557232221753346
1288557209450930177
1288557093671317504
1288557022808547328
1288556961533919232
1288556926117326850
1288556614732185602
1288556507886485506
1288556365892419586
1288556355150852096
1288556142969401344
1288555873846124544
1288555795932753920
1288555545583026182
1288555343530909698
1288555301210292228
1288555237083623427
1288554923664130048
1288554629509394433
1288554389683286016
1288554316802985984
1288554042818547713
1288553788589182983
1288553620837892100
1288553173771268101
1288552947845148672
1288552687206834177
1288552603413098496
1288551979015340033
1288551964985430017
1288551452944760834
1288551384640638977
1288551220072808454
1288550791528288256
1288550292678758400
1288550241772417024
1288550196847288327
1288550128165560331
1288550099681972224
1288550066987442183
1288550045776842752
1288550029603602438
1288549850250960898
1288549598760505348
1288549548969926658
1288549414374694913
1288549073524580352
1288549053706440705
1288549051818967040
1288548632174755840
1288548445532323842
1288548160005185536
1288548155953422342
1288548152186941441
1288548110818521091
1288548084910350336
1288547722602123271
1288547628825948164
1288547623163564039
1288547412890521601
1288547412185931777
1288547374932152320
1288547008165421056
1288546905300008960
1288546684994310144
1288546541783912450
1288546359470153728
1288546148760911881
1288546056968572930
1288545900059660296
1288545534303711232
1288545530906316801
1288545524468113410
1288545303981948933
1288544990172520455
1288544905485266951
1288544871066804225
1288544777944928256
1288544637502869506
1288544602740477953
1288544467528581120
1288544426512588800
1288544381541244929
1288544285038710784
1288544217367744513
1288544092599836672
1288544036752633856
1288543753028935685
1288543588578668544
1288543040341245954
1288542892835954688
1288542597368229888
1288542336058904577
1288542317641699328
1288542306463817731
1288542230488195074
1288542063131328514
1288541732741816326
1288541448330256384
1288541362275725317
1288541351198556167
1288540975074291712
1288540913153826817
1288540759843536897
1288540340279029762
1288540004176863235
1288539655655366658
1288539606623948802
1288539422632411138
1288539342609223680
1288539255359311874
1288539025465319431
1288539019077353472
1288538968460537856
1288538726562398209
1288538505203851265
1288538355056115712
1288538321682137094
1288538168984248320
1288538108624097282
1288538013211987974
1288537969213743109
1288537962687483907
1288537947025874944
1288537817774202884
1288537592946991106
1288537408179494912
1288536893806845953
1288536804422033408
1288536744518975491
1288536415417053184
1288536384991526912
1288536087665823745
1288535991712612352
1288535755070091264
1288535590737149952
1288535484008890368
1288535256124084224
1288535097998807040
1288535030118199296
1288535019636568064
1288534966016659458
1288534858705272832
1288534762101997569
1288534744242806784
1288534743823327233
1288534143089901568
1288534046562308097
1288533905440747520
1288533780072935427
1288533644357795840
1288533618495717377
1288533607804436482
1288533393291051008
1288533073706078209
1288533060242362368
1288532932001505286
1288532929249976321
1288532721384534016
1288532687779766273
1288532377971699712
1288532305984847873
1288532179258155008
1288532116104531968
1288532078422888449
1288531987741978625
1288531791758995458
1288531585625657344
1288531493892100096
1288531362912309251
1288531360659931138
1288531360450215936
1288531358000852994
1288531357493334018
1288531355383607299
1288531348236521472
1288531342834249730
1288531339625598986
1288531332696616962
1288531311720837123
1288531252757372931
1288531196989837318
1288531152924487680
1288531079352262658
1288530837349244931
1288530827299753986
1288530635347447809
1288530497707085824
1288530296015654912
1288529895434399744
1288529814660493312
1288529508862169094
1288529251814248449
1288529099330334721
1288529096302120960
1288529063662026752
1288528946292822016
1288528903104061443
1288528879980875777
1288528825060667392
1288528526984073216
1288528513033740288
1288528410965352448
1288528405022072836
1288528398491561984
1288528353230635009
1288528236129984514
1288528234305458176
1288528124691599365
1288528116068028416
1288528102147096576
1288528002180165633
1288527942558130177
1288527368286621698
1288527068146225152
1288526859928514561
1288526481723981825
1288526429068681217
1288526127863136263
1288526104836308992
1288526002050695174
1288525998519197696
1288525801164623873
1288525714942070784
1288525699251343360
1288525581898911745
1288525570167451649
1288525553901936642
1288525189739880449
1288525155627565057
1288525119602728963
1288525109934907392
1288525026384322560
1288524994876788737
1288524988300120065
1288524949066518528
1288524934298456064
1288524784696004609
1288524779318849538
1288524637828198403
1288524510388523008
1288524430344364038
1288524294184673291
1288524047974830081
1288523840709169152
1288523651596324865
1288523503742988289
1288523450311741441
1288523432318115840
1288523391146897409
1288523042424004609
1288522914283782146
1288522839088418817
1288522622364516352
1288522615796137984
1288522503749541888
1288522255769772034
1288522121426153475
1288522096314900480
1288522076995891200
1288521979427987457
1288521940630634502
1288521932812554242
1288521930069479424
1288521915985002499
1288521725693624321
1288521554901557248
1288521529102344194
1288521390472257536
1288521304253988864
1288521255403094016
1288521226936254465
1288520908102144000
1288520778280054784
1288520728250327041
1288520675766878208
1288520674110107648
1288520420103266306
1288520332488454144
1288520148358516736
1288520102611222528
1288519748590993408
1288519729381019648
1288519662704054272
1288519634522714112
1288519595796692999
1288519513097592832
1288519445216976899
1288519255030456320
1288518929367924741
1288518907846889472
1288518860027695104
1288518828012507136
1288518753500696576
1288518644813701120
1288518590740692992
1288518337597767682
1288518065483927553
1288517920843341824
1288517783513436167
1288517776240410624
1288517530009645056
1288517471247511553
1288517201935454208
1288517164107018241
1288516936003997696
1288516846371700737
1288516719879819264
1288516691031396353
1288516426580594691
1288515738542714880
1288515561031376896
1288515525740572673
1288515242633371654
1288515233309511681
1288514981361852424
1288514978513850369
1288514975745662976
1288514974931996678
1288514974428663810
1288514953574592512
1288514887371677699
1288514775274663937
1288514717514977280
1288514451960995843
1288514417974489090
1288514381899333635
1288514260356796419
1288514238227591173
1288514203599413252
1288514127426654210
1288514059621601280
1288513868101062656
1288513808638640129
1288513687754616839
1288513685623918593
1288513612630425602
1288513539616002053
1288513372628168713
1288513321784795137
1288513218030325762
1288513209666854912
1288513101051174917
1288513037230473217
1288512997271494665
1288512851406094336
1288512700125974533
1288512450170621952
1288512284860481539
1288512037816074240
1288511737608777731
1288511689210638338
1288511376152055808
1288511302328090626
1288511082584330240
1288510935255207938
1288510871128477698
1288510844096061440
1288510843995541504
1288510842627997699
1288510842372161536
1288510840438534145
1288510744267567104
1288510718279659522
1288510630471884800
1288510561551032321
1288510560183689218
1288510558837395456
1288510557088362498
1288510512368685057
1288510507322880001
1288510453216419840
1288510452327120897
1288510430701330443
1288510330163933186
1288510273872175106
1288510244512047104
1288510239084621829
1288510065763323904
1288509866525548544
1288509860317925376
1288509853930065921
1288509800519806976
1288509612270944260
1288509274449215488
1288509273497055232
1288508942482628614
1288508900766035973
1288508898941505536
1288508871825403905
1288508705319854080
1288508596620328960
1288508479087484929
1288508468660404225
1288508182562615297
1288508140175196160
1288508121665732608
1288508114069848064
1288508051247566850
1288508021514088448
1288507878156926983
1288507835513544707
1288507825342369792
1288507790408003584
1288507747739328513
1288507737110917123
1288507684279525379
1288507667045142530
1288507606110220289
1288507543443079168
1288507339482390533
1288507311217090560
1288507255063748609
1288507209324920833
1288506820919734279
1288506741785866243
1288506736840781826
1288506683413737472
1288506604954976258
1288506536747245569
1288506500110000129
1288506324641361921
1288506217653035010
1288506131321704448
1288505908050485248
1288505866002538497
1288505842040541187
1288505762168406016
1288505749375799296
1288505743440830466
1288505342926749698
1288505328418652160
1288505200815353858
1288505085895507969
1288504980215869442
1288504863664611341
1288504822304473088
1288504757238341632
1288504588920815616
1288504446960492547
1288504446264250368
1288504409949908992
1288504195780235265
1288504154885890050
1288503926137016320
1288503916892758024
1288503901352865794
1288503506433908737
1288503452251893760
1288503388091625472
1288503385424039936
1288503293258457096
1288503159040737286
1288503151558041609
1288503107605934083
1288503090832986114
1288503063527989248
1288502925854224387
1288502862364975107
1288502603215667200
1288502546252922881
1288502281068064775
1288502266148913153
1288502005217067015
1288501948581163008
1288501943841816576
1288501778892443653
1288501754594840583
1288501673128673284
1288501586667372545
1288501452630110210
1288501417259479045
1288501248023552001
1288501157816655873
1288501043513438210
1288500985875312641
1288500819176947714
1288500753070530560
1288500671524806657
1288500585491243010
1288500300698005504
1288500292577906690
1288500279189680129
1288499979426947074
1288499968785952769
1288499927811842049
1288499892453867520
1288499847000199170
1288499837260959746
1288499811809988613
1288499795657723904
1288499650048204800
1288499280051920896
1288498952015355904
1288498902346457094
1288498860088795137
1288498832444133378
1288498768376143873
1288498739020275714
1288498715553140742
1288498658523197441
1288498634728845313
1288498549647388679
1288498444949245952
1288498401139728386
1288498335482105861
1288498333904928770
1288498308063821826
1288498091570724865
1288498066719481863
1288497972146315272
1288497960297418752
1288497797461872641
1288497764993847301
1288497756168949760
1288497755170787328
1288497719049359366
1288497624425914368
1288497571854528514
1288497553663811593
1288497487125319682
1288497485946724352
1288497429256581126
1288497321362231298
1288497308108120064
1288497219637846017
1288497161571794944
1288497123445612545
1288497051949568005
1288497008550936577
1288496916666425350
1288496873393750016
1288496811800498177
1288496769123459072
1288496765667348480
1288496740480557059
1288496707320389632
1288496676790054912
1288496636327591940
1288496626152210437
1288496616060653570
1288496592631279616
1288496493054304258
1288496284505169922
1288496256701157384
1288495997736321025
1288495884569849862
1288495796002971648
1288495787735945216
1288495787190759426
1288495662540218370
1288495627291234304
1288495607196377089
1288495556940173317
1288495346444668929
1288495289788227584
1288495245215313924
1288495225749594113
1288495149228666881
1288495133000900618
1288494932592820224
1288494906344902657
1288494758613012480
1288494712203206656
1288494594657837056
1288494502362128384
1288494498767605760
1288494474117734403
1288494288054222849
1288494168084566021
1288494159066693632
1288494051738767360
1288493778857349120
1288493639912640513
1288493635374387205
1288493580445782016
1288493567246295040
1288493460157333505
1288493259099176962
1288493084611944450
1288493032443191297
1288492865459552256
1288492807821221888
1288492691664363521
1288492568511221760
1288492547157954560
1288492499422584832
1288492402915893248
1288492393017290759
1288492379259965443
1288492164650074112
1288492100913422336
1288491909175009281
1288491901361029120
1288491847791382533
1288491786365808643
1288491737363763202
1288491719022055429
1288491572485595136
1288491547625955334
1288491436841869312
1288491417220911112
1288491403547467776
1288491384106876936
1288491083773743106
1288490960536645633
1288490940089368585
1288490924796936192
1288490890626043912
1288490889912909829
1288490863421726720
1288490794400317441
1288490710916829187
1288490598148775938
1288490353226665988
1288490196967862272
1288490097806053378
1288490004524736512
1288489962321608704
1288489879635140615
1288489867320713220
1288489822168940550
1288489808466259970
1288489733203599363
1288489701603717125
1288489692971913217
1288489616232910854
1288489537337991168
1288489492765179905
1288489399827738629
1288489372598374401
1288489225499934720
1288489076878798848
1288489040921141248
1288489014283120641
1288488838478868480
1288488798230323200
1288488781843255300
1288488768727547905
1288488738780217346
1288488707595657216
1288488664079663104
1288488581871349762
1288488567493332994
1288488549902438400
1288488547889053697
1288488506457837574
1288488450551877632
1288488327843373056
1288488301595439105
1288488073303666693
1288487990218706944
1288487975257546753
1288487814376693761
1288487772521627649
1288487744902246402
1288487738476564483
1288487715848192000
1288487714782928897
1288487693954031618
1288487607408758784
1288487583799037952
1288487492208021506
1288487474495459330
1288487444610981890
1288487439644975104
1288487432497831936
1288487251618549761
1288487151840239617
1288486795362078721
1288486794753867777
1288486793822838784
1288486741402423297
1288486725111746567
1288486709123055616
1288486505661509632
1288486491937701889
1288486461424259072
1288486428234702849
1288486395833651200
1288486393275187200
1288486300576878592
1288486259392905218
1288486151750262784
1288486136508223489
1288486126693625856
1288486070527688704
1288486069164539904
1288485978232029184
1288485961022812160
1288485880995356675
1288485761906425867
1288485678976729089
1288485668377763841
1288485653018288129
1288485578879774720
1288485531110735876
1288485492099620864
1288485372452900864
1288485369042870272
1288485223433371650
1288485169184333825
1288485156953755650
1288485127534895104
1288484933904879617
1288484922538315776
1288484889755516936
1288484880704315394
1288484823322038273
1288484709190770688
1288484697014771712
1288484694955352064
1288484660679528448
1288484612738625538
1288484552541908992
1288484477879099396
1288484449676677122
1288484245988610048
1288484219031822336
1288484021966692352
1288483996956073984
1288483990211637248
1288483988571598849
1288483948356657152
1288483937635971078
1288483814969311233
1288483702906007552
1288483621448425473
1288483615559553027
1288483567220137985
1288483558651289603
1288483434751459330
1288483403638222849
1288483397963309056
1288483367898546177
1288483297341972481
1288483284859723778
1288483224843419648
1288483197664272385
1288483150373453824
1288483148372807680
1288482938909229058
1288482824870400006
1288482801747075072
1288482695073472512
1288482644125200384
1288482621392064514
1288482560578912256
1288482409722281984
1288482270085513218
1288482220068536321
1288482201168945152
1288482043605798913
1288482016858640390
1288481642127003648
1288481634216488960
1288481594299371522
1288481532844412931
1288481514758574080
1288481300823801856
1288481265621098499
1288481093470105601
1288481064462225409
1288480986259480579
1288480979137560576
1288480923508506624
1288480910149648389
1288480771133628416
1288480708680441856
1288480411820032000
1288480396905250817
1288480396414464000
1288480395605024770
1288480358607069185
1288480351980072961
1288480338457645056
1288480318790479872
1288480064741486592
1288479892854767616
1288479863435866114
1288479853390503944
1288479812781301761
1288479781105930241
1288479778597744645
1288479773702991872
1288479765352022016
1288479751611482113
1288479514968948740
1288479423289851907
1288479351923789824
1288479277881741312
1288479248412545024
1288479171883278336
1288479135770324993
1288479134881112064
1288479127029329920
1288479016639500288
1288478977661833219
1288478957231374336
1288478936876417025
1288478863132184577
1288478605903908869
1288478409736310784
1288478339615916033
1288478066948345859
1288477937017200640
1288477824156930048
1288477797942427649
1288477790610890753
1288477711195934721
1288477678262054921
1288477655835316224
1288477604643840004
1288477499442081793
1288477433075765248
1288477297599807488
1288477265706143745
1288477262048894978
1288476854496763906
1288476838856204288
1288476764382134272
1288476622530674688
1288476548560048129
1288476528301543425
1288476501688688642
1288476487310610437
1288476402065510401
1288476304891957248
1288476288999739393
1288476211446939649
1288476186251792384
1288476176613281797
1288476147332911104
1288476051576967168
1288475945666576384
1288475945259732992
1288475710005354497
1288475598504034304
1288475583685558273
1288475410053967872
1288475404689379328
1288475382233157634
1288475381603938304
1288475370749079553
1288475353510481921
1288475327635783682
1288475325807169538
1288475323521273858
1288475319612116994
1288475307347976192
1288475303761907715
1288475301937328128
1288475296446980096
1288475121171050496
1288475006624845825
1288474962525855744
1288474933769711618
1288474873124270081
1288474866518237184
1288474861942308866
1288474817709187073
1288474788722356224
1288474692337139718
1288474682019192833
1288474645151219712
1288474632107053056
1288474515740262402
1288474409708249090
1288474325188739074
1288474310127030273
1288474271883436033
1288474236244447232
1288474194439745540
1288474191747055617
1288474177876492288
1288474122121629697
1288474086197395458
1288474066123476994
1288473955506978816
1288473914805555201
1288473888989618177
1288473827559854081
1288473718486900738
1288473645262807040
1288473625352339457
1288473524840083457
1288473420976594950
1288473198380699649
1288473190369550342
1288472998022873089
1288472944591609857
1288472941450219520
1288472588327559168
1288472446014816256
1288472406399561728
1288472178514702343
1288472158633627648
1288472119769272320
1288471785105694721
1288471629631291396
1288471320292929537
1288470965341630464
1288470937554362371
1288470912505991168
1288470834873540610
1288470400595361792
1288470334262435842
1288470153353662466
1288469946205429761
1288469844816404480
1288469842476007430
1288469410311811073
1288469263133609984
1288469259811725316
1288469230275440640
1288469039426215939
1288468997437087744
1288468991787388929
1288468890838798337
1288468648869400580
1288468641768448001
1288468637909647360
1288468614496972801
1288468596809781251
1288468582221983744
1288468479155281927
1288468399350337536
1288468357008756744
1288468348750225409
1288468186468319238
1288467659865063424
1288467599127449601
1288467456609091585
1288467334273933312
1288467160113848321
1288467040446099457
1288467025283743745
1288467002508693510
1288466774602788865
1288466760757321728
1288466733452460033
1288466495396290562
1288466431697465344
1288466365137985536
1288466240030363655
1288466179741360128
1288466133876711429
1288466059197067264
1288466044898680833
1288466040775737346
1288465990674677760
1288465925906354176
1288465916141932545
1288465892456771585
1288465886496657408
1288465790807805954
1288465771522396161
1288465723849924609
1288465720557412352
1288465363202723840
1288465283628310528
1288464984662593536
1288464922742005760
1288464914911309824
1288464870950735878
1288464838101012480
1288464640490471426
1288464555845341184
1288464495132717056
1288464394389725187
1288464140273688578
1288464130974855171
1288464057394176000
1288464042491813889
1288464032723357696
1288464023533621253
1288463942931681283
1288463882361675776
1288463804590956544
1288463749200908290
1288463744146825217
1288463744037789701
1288463630757920769
1288463505277034496
1288463334900146176
1288463219737210881
1288463086110887936
1288463010705608705
1288463006662361089
1288462966887768066
1288462951880495106
1288462862000762881
1288462761639518208
1288462523704979457
1288462500359483395
1288462448287191042
1288462348739653632
1288462169139564548
1288461959696986113
1288461930278125573
1288461914167803905
1288461874204413954
1288461847625162752
1288461790045773824
1288461497413373958
1288461456300748801
1288461447161434113
1288461337924952069
1288461332392673280
1288461254756118528
1288461249949376512
1288461223537893381
1288461168089223168
1288461081111928833
1288460885095317505
1288460866048925696
1288460801242783746
1288460675774394368
1288460664109924352
1288460649157341189
1288460604576018434
1288460526020972544
1288460443732901888
1288460371897065472
1288460237385732098
1288460209610989570
1288460177352675328
1288460104325619712
1288460051527720960
1288459984494354433
1288459817657544707
1288459812167208962
1288459724678103043
1288459699277488132
1288459656751448065
1288459618860048384
1288459618331615233
1288459592544989184
1288459537348009993
1288459502438830080
1288459472147488769
1288459398805848065
1288459367759646720
1288459357718482945
1288459258615533568
1288459143133749249
1288459102117670914
1288459085290119169
1288459017518538752
1288458792758378496
1288458750123220992
1288458732637233152
1288458700911448064
1288458651502546944
1288458617419685894
1288458580274929676
1288458511115071490
1288458497542283266
1288458293606785024
1288458281388847110
1288458252884246528
1288458243166134272
1288458101084033024
1288458027327160320
1288458001888796672
1288457998206152704
1288457955214598144
1288457940379238401
1288457936197636097
1288457657842630656
1288457544575397888
1288457478208999439
1288457450455216128
1288457376505442304
1288457365315031043
1288457188869124096
1288457183638757376
1288456934576869377
1288456925227737088
1288456754263658497
1288456544045105154
1288456537376161793
1288456526303301632
1288456452391280640
1288456356765356032
1288456321050779648
1288456223189327872
1288456212053397506
1288456200980443143
1288456173197365249
1288456156575420417
1288456112170315776
1288456110769229824
1288456099625041920
1288455968892882945
1288455906943000576
1288455885665308673
1288455770267320320
1288455751560761347
1288455739296579585
1288455735274242048
1288455705096331265
1288455697521401856
1288455464632627202
1288455445238239234
1288455403601354752
1288455302401142785
1288455297892261893
1288454931310157824
1288454820144259074
1288454743266820097
1288454736497319938
1288454735826165760
1288454561728880641
1288454530766647297
1288454512177537025
1288454404564230144
1288454390664265729
1288454312759263232
1288454273949470722
1288454086287937537
1288454041132044289
1288453979987496960
1288453949415198723
1288453885913370624
1288453504323944448
1288453479300845572
1288453382366285824
1288453371045859328
1288453357913419784
1288453340838481921
1288453189772222469
1288453104011288576
1288453050798153728
1288453043391025157
1288453018426527745
1288452992606363648
1288452953137979393
1288452952039010309
1288452940068540416
1288452902495887361
1288452884594556928
1288452876956835840
1288452840013344768
1288452821034115073
1288452775806930949
1288452736481034240
1288452728314888192
1288452723654918144
1288452607556689922
1288452547318091777
1288452485015916546
1288452482167865349
1288452469719261192
1288452451193040901
1288452369433481216
1288452360075870215
1288452334926929920
1288452330615185408
1288452297505353729
1288452296729399298
1288452286834970625
1288452286218477568
1288452285681545216
1288452285132144640
1288452253188337665
1288451878670532609
1288451825763581953
1288451762568007680
1288451730318000129
1288451362288787459
1288451347877175304
1288451289744134144
1288451285457436677
1288451187734450176
1288451101281452033
1288451000043528192
1288450936369819648
1288450846443937798
1288450805306195968
1288450789015511043
1288450744727867392
1288450601827926018
1288450546131771393
1288450543975882754
1288450477802258433
1288450469606629376
1288450418247438336
1288450380809019392
1288450331823800322
1288450284453277696
1288450258607972352
1288450207286464512
1288450173962723328
1288449838401687552
1288449775965265921
1288449723792269312
1288449646344404992
1288449644733792257
1288449638631186433
1288449575691456512
1288449543336599559
1288449455038111746
1288449239585095681
1288449051709538311
1288448969840959489
1288448916615241729
1288448823795351553
1288448637937373191
1288448526477938688
1288448462342717440
1288448447889248256
1288448415223996421
1288448378959998977
1288448312215994368
1288448245560225793
1288448221170335744
1288447803564449795
1288447745687195653
1288447526878826496
1288447443961610240
1288447415356469255
1288447140575039492
1288447104885690371
1288447039374843904
1288446969380311043
1288446887926923264
1288446855400116224
1288446814644051969
1288446802748940293
1288446756435484672
1288446729361264641
1288446689502666753
1288446640790163456
1288446582921351168
1288446541452267520
1288446394827710464
1288446388624293889
1288446296622354433
1288446281799667713
1288446155291086850
1288446093051691008
1288445991348314113
1288445940014166016
1288445904144535552
1288445834804297729
1288445735634075648
1288445496487489539
1288445320418996224
1288445142744150016
1288445130597425153
1288445107272921089
1288445057914281984
1288445050133917697
1288445031917981697
1288444795166302209
1288444730771214337
1288444658922721280
1288444658394320896
1288444618187640832
1288444612760281088
1288444574550065153
1288444508850528257
1288444428366077954
1288444302062952448
1288444224401223680
1288444199298379781
1288444160874168321
1288444106562310146
1288444089940287488
1288444020809768961
1288443988765290497
1288443901989343232
1288443762268606469
1288443759080898560
1288443740814811138
1288443707641995264
1288443681557577729
1288443637513236480
1288443484656078848
1288443424832663553
1288443377860706305
1288443369736278017
1288443274995392512
1288443128807141376
1288443064802070528
1288443021718106112
1288443009588178944
1288442973034819590
1288442932585017346
1288442889274564610
1288442633640128514
1288442516757504001
1288442499850272770
1288442457609445382
1288442394711658496
1288442264017080320
1288442249567768576
1288442242412290048
1288442188267954178
1288442187005517824
1288442171855646727
1288442139693768706
1288442103241023490
1288442098648219650
1288442090133880832
1288442082869248002
1288441961851092994
1288441948144054272
1288441882909999105
1288441816962994181
1288441788194324482
1288441743524986891
1288441720863182848
1288441652458033153
1288441651283861505
1288441516449505282
1288441431200272384
1288441394248417282
1288441359423148032
1288441323440152576
1288441244859936768
1288441237146611712
1288441209732640769
1288440899345821697
1288440891976318984
1288440813698121728
1288440700661641216
1288440680738623488
1288440641895137280
1288440596491837440
1288440584328355843
1288440498806562817
1288440496118009857
1288440491965636610
1288440456783814659
1288440412412289024
1288440384134160389
1288440358540652545
1288440282623676417
1288440271915671554
1288440057884479490
1288440036845924353
1288439999655030784
1288439974283616258
1288439974237536256
1288439894801616896
1288439818519748609
1288439787339341826
1288439769614221313
1288439749527642112
1288439664735649793
1288439659958239233
1288439653390069763
1288439642862297088
1288439633844600832
1288439565800308736
1288439537170026499
1288439419968643072
1288439339240828928
1288439320219717633
1288439249927393282
1288439167429550086
1288439104041091073
1288439022944227328
1288439016648572928
1288438935975337985
1288438692693061632
1288438689119510533
1288438573344194566
1288438572253622272
1288438567614767104
1288438502615650304
1288438476711628804
1288438439088717824
1288438317084622849
1288437939811352576
1288437936070053888
1288437914133725189
1288437899587997696
1288437813604749312
1288437785842647045
1288437757149413376
1288437703156076547
1288437694327070725
1288437676350242816
1288437665185095680
1288437533995683840
1288437485152931842
1288437434741661699
1288437357532925952
1288437347630145538
1288437341439365120
1288437226280558594
1288437220274249728
1288437218026102784
1288437197910224896
1288437190679289858
1288437177001615360
1288437158924169223
1288437141631107072
1288437140582535169
1288437134773252097
1288437112606535680
1288437080260063232
1288437060685238274
1288437059892510720
1288436979349291008
1288436915969064960
1288436889373102082
1288436685106294784
1288436410442285056
1288436409787920384
1288436152706445313
1288435907838775296
1288435868676521986
1288435808366735360
1288435588870426624
1288435514274656263
1288435487116582912
1288435411090575360
1288435346351566848
1288435214348423168
1288435204667977728
1288435152201363462
1288435090071199746
1288434960504950786
1288434836378734592
1288434708951584770
1288434645198045186
1288434586532425728
1288434446656589826
1288434344986660864
1288434275159867392
1288434169148854272
1288433948675182592
1288433927074525184
1288433905721315328
1288433830618177536
1288433749005348866
1288433708266147840
1288433698543677440
1288433527512608769
1288433302609833986
1288433220325789696
1288433166676635648
1288433165892280321
1288433150692077569
1288433084027863040
1288432904771641344
1288432794121707520
1288432786819424262
1288432653524439040
1288432615498887168
1288432586172370944
1288432561354674177
1288432424381222914
1288432339152969728
1288432091970101250
1288432083866718208
1288432048684883976
1288431952782143488
1288431926336987136
1288431872821919745
1288431633671041029
1288431582710243328
1288431490196480001
1288431433309134848
1288431119017422848
1288431068828192768
1288431032816021504
1288430891375767552
1288430798899748864
1288430786857902086
1288430779131887616
1288430703038869505
1288430682558156800
1288430611179474944
1288430590447017984
1288430498746859520
1288430282417172480
1288430259872976896
1288430220358418433
1288430196853542912
1288430141744582656
1288430056163946498
1288430053961990151
1288429957400743942
1288429904862814214
1288429869299372038
1288429858717040640
1288429830531428352
1288429824814411776
1288429733491998721
1288429695944601600
1288429581188378625
1288429489224114176
1288429373540925441
1288429354343636992
1288429345317498880
1288429247053336576
1288429060457209856
1288428939711569920
1288428859189334016
1288428784132251648
1288428769699667969
1288428731623772160
1288428691039694851
1288428677739552769
1288428480380710913
1288428319399010306
1288428317385916422
1288428313036369921
1288428306392649729
1288428282845761537
1288428273677066242
1288428256954376198
1288428255155019783
1288428081414320128
1288428051601207296
1288428050435248130
1288427913830789127
1288427895342469120
1288427868004003840
1288427864698781697
1288427858327752704
1288427856176054274
1288427830167076867
1288427792498130944
1288427773330161664
1288427732611801089
1288427724487503873
1288427721132056577
1288427718145650688
1288427714677018626
1288427710197399552
1288427706363842560
1288427675045048323
1288427671643463680
1288427628349796353
1288427540714000384
1288427315270123521
1288427295460524037
1288427225369530369
1288427087334903810
1288427018821021696
1288426889934241793
1288426843134144512
1288426758501474305
1288426747730501632
1288426719779659776
1288426643187539973
1288426615836413955
1288426455135924224
1288426432042078208
1288426410990764032
1288426267214217216
1288426256028045312
1288426198499041280
1288426059197829121
1288426049907425281
1288425978948128768
1288425888086884358
1288425847041523712
1288425801248124928
1288425551204687874
1288425521358032896
1288425357545295872
1288425126107774986
1288425028502147077
1288424928585437184
1288424907660034055
1288424906774982658
1288424760909746177
1288424643829915648
1288424631158923266
1288424577169858567
1288424551760777216
1288424533255389185
1288424507397545986
1288424472614244352
1288424400417685505
1288424358621388801
1288424344180404224
1288424339482845187
1288424338383921152
1288424271539298306
1288424253340229632
1288424243651387405
1288424231685038080
1288424189871951873
1288424186684243968
1288424140748333056
1288424032984064001
1288424028877852673
1288423831556808707
1288423814511173632
1288423562324447233
1288423558042066944
1288423500097695744
1288423429100666880
1288423428391866368
1288423421194440704
1288423420376514560
1288423381696733186
1288423290386763778
1288423275450773505
1288423159058890752
1288423133213601792
1288423113991106562
1288423031476543489
1288422951625396229
1288422918490333184
1288422893395890176
1288422879026085889
1288422878925467649
1288422817860661249
1288422611731361792
1288422447033782272
1288422204875649025
1288422187792244736
1288422175377039360
1288422058209280002
1288422044544073728
1288421883025776640
1288421871172685824
1288421829758066688
1288421772996620288
1288421759813849091
1288421668885602304
1288421668281626624
1288421667472113664
1288421644164304896
1288421479105933321
1288421474689310721
1288421343587979264
1288421249547411457
1288421160925921286
1288420997100711936
1288420949575049216
1288420791894396930
1288420530828259328
1288420478122696705
1288420473601130499
1288420440776544257
1288420435294650370
1288420370287075328
1288420369737682945
1288420245603065856
1288420170520768514
1288420067550597120
1288420044830134272
1288419979508015104
1288419858510745601
1288419691095097344
1288419653065363456
1288419615438254080
1288419592654790657
1288419566977257476
1288419443173928961
1288419137191108609
1288419009399070720
1288419005926170624
1288418923139006465
1288418901764775936
1288418846295109632
1288418816620363776
1288418652035981312
1288418621606305792
1288418609086238721
1288418588228034561
1288418547765583872
1288418536499617792
1288418506917187587
1288418394002399232
1288418337282818048
1288418301148889088
1288418291237650432
1288418259344261120
1288418204566654976
1288418195007852547
1288417798612557824
1288417704760741888
1288417685332807681
1288417621818380288
1288417606412754945
1288417505027870722
1288417460224393217
1288417357203988480
1288417252006596610
1288417194959872002
1288417159752945665
1288417152752648193
1288417032082542593
1288417015821205504
1288416991103967238
1288416927556173825
1288416909935939584
1288416869095940096
1288416861009346560
1288416850121031680
1288416765664473088
1288416688845787137
1288416687348428800
1288416650698665984
1288416604603260933
1288416558776229888
1288416280589066240
1288416197529284610
1288415898991304705
1288415863369084933
1288415782641324032
1288415734599745536
1288415486225592321
1288415461517004800
1288415455099727873
1288415287923138561
1288415276237824000
1288415253504696328
1288415082754473984
1288414994426728449
1288414908816805889
1288414857595944961
1288414742718152705
1288414666713116672
1288414650875498496
1288414587260469250
1288414376966455296
1288414360495366145
1288414350349393920
1288414297358503937
1288414286981865472
1288414284175888384
1288414252433321984
1288414177749610498
1288414103879536647
1288414080856981504
1288414024187678722
1288413882059456518
1288413604513972224
1288413208118779904
1288413173775835136
1288413133065904129
1288413062765203463
1288413038870179840
1288412992984555520
1288412877947375616
1288412681297371138
1288412592176734211
1288412541123792898
1288412076101206016
1288412072355692547
1288412013111246848
1288411829585285120
1288411757153837057
1288411745149759493
1288411614811693056
1288411551909785600
1288411532137836547
1288411314029723649
1288411247592054784
1288410991416541184
1288410864769544192
1288410619587198976
1288410583990251521
1288410544781824000
1288410539044077568
1288410535634116609
1288410493007400960
1288410180393340931
1288410104803610625
1288409887270211584
1288409631497359366
1288409546021572611
1288409202210115584
1288409195260325888
1288409184971653120
1288408965848727552
1288408871346872320
1288408784990277632
1288408719336902656
1288408545680068608
1288408519683854340
1288408488973152259
1288408453128617985
1288408427518099457
1288408298140598273
1288408287071866880
1288408130968334336
1288408114207887360
1288408106431655936
1288408086747676673
1288408046755078144
1288407967038148608
1288407869319192576
1288407669536182272
1288407641916661761
1288407579928997894
1288407334260285441
1288407269491855360
1288407221790007297
1288407203154722816
1288407191595233282
1288407163128471555
1288406903324901376
1288406641843548160
1288406466152599553
1288406413828673537
1288406313513385987
1288406281410273280
1288406227786096640
1288406203169677312
1288406186706993152
1288406140632670209
1288406125159886849
1288405726361268224
1288405703959379970
1288405566075920384
1288405319761231878
1288405227054473222
1288405093038133248
1288405027296546818
1288404956333121536
1288404913576345601
1288404884933545985
1288404598621966336
1288404579638542336
1288404570696228869
1288404494917808128
1288404493831417856
1288404475225546755
1288404311249170432
1288404263895531522
1288403932922949635
1288403864828379136
1288403771278659584
1288403752488230912
1288403737833361410
1288403652164673537
1288403452993863680
1288403367346278400
1288403235515117571
1288402716256075776
1288402513490857985
1288402456959954944
1288402448835661830
1288402424965795841
1288402395915927553
1288402378740432896
1288402292992090114
1288402271181692928
1288402208908873730
1288402004340027392
1288401772135034880
1288401740438671361
1288401708612190208
1288401670813122561
1288401638743592960
1288401583395479552
1288401461446086656
1288401451945988098
1288401268910837760
1288401256189513728
1288401227215233024
1288401211977277442
1288401206625411073
1288401061615669254
1288401050559447041
1288400985430392832
1288400964911878144
1288400957605380097
1288400899530993665
1288400676452737024
1288400656567599104
1288400429563498499
1288400336349278209
1288400244703662080
1288400147655856130
1288400137354608640
1288399986191892480
1288399945343606784
1288399923617116160
1288399806621245441
1288399692557058048
1288399558091968513
1288399354001227778
1288399336091549696
1288399051063463938
1288398904178941952
1288398632786550784
1288398506856779779
1288398427978694657
1288398406319321090
1288398207349907460
1288398165276864516
1288398124067717120
1288398113884053505
1288397832978866176
1288397789756522498
1288397787491598337
1288397771456872448
1288397664644665344
1288397604989145094
1288397391977209856
1288397342144684034
1288397217322213382
1288397107427258368
1288397068155998208
1288397001537839104
1288396977668001792
1288396718581714949
1288396616064532480
1288396379484835842
1288396202376036352
1288396045198725121
1288395985278902282
1288395901258563585
1288395793603469312
1288395702830272512
1288395668856483847
1288395629253754880
1288395544939728896
1288395537704792064
1288395463318740997
1288395395794702336
1288395365679497216
1288395341599997955
1288395131297595393
1288395116982554624
1288394992462049280
1288394944709898240
1288394942570803207
1288394827684614146
1288394820772339719
1288394465913090051
1288394349068333056
1288394325383094272
1288394056842850304
1288394026245292033
1288393846557114369
1288393840030752773
1288393586438844417
1288393485335306240
1288393452040921088
1288393390116265984
1288393349997658112
1288393242803830789
1288393098507190272
1288393015984349184
1288392916680024065
1288392812862623744
1288392761629016065
1288392379720925184
1288391965416009728
1288391961737678848
1288391951394443265
1288391834948034561
1288391727854882817
1288391722163228672
1288391682166263808
1288391664135012352
1288391560917405696
1288391023257948160
1288391010318536704
1288390868823678976
1288390610832031745
1288390571707502592
1288390439998042112
1288390323463499777
1288390226507956224
1288390104344666113
1288390062682628099
1288389920852258816
1288389829399580673
1288389822374121472
1288389811989090304
1288389735656951809
1288389484699160576
1288389443523575808
1288389440252125184
1288389368542101504
1288389317241516032
1288389311797309440
1288389298883039232
1288389291211718656
1288389239378305025
1288389215798124544
1288389185527742464
1288389146885656577
1288388946951536641
1288388795650514949
1288388739534921728
1288388660363231233
1288388618810281984
1288388480419213312
1288388406377099264
1288388358637576192
1288388307760697344
1288388297211949058
1288388284981350400
1288388253708685312
1288388030114533376
1288387995243077632
1288387943758024704
1288387923184779265
1288387693915840512
1288387687980978177
1288387469222850560
1288387284962889728
1288387213236023296
1288387085611794437
1288387012207300608
1288386922440777729
1288386689421934592
1288386631028944896
1288386549428760576
1288386434647416832
1288386407338332161
1288386252040015872
1288386007977676801
1288385965694824448
1288385952658927616
1288385812825026560
1288385728880271360
1288385726934065152
1288385557442199552
1288385126443999232
1288384972173320195
1288384804317257728
1288384739712413696
1288384737783029760
1288384699946217472
1288384513186377729
1288384342604107778
1288384165654736896
1288384144771358720
1288384126538719233
1288384122314985472
1288383976839819270
1288383965485830146
1288383831507165187
1288383821574963201
1288383806416850944
1288383743443558400
1288383714637086720
1288383508763815936
1288383472550191105
1288383337283887104
1288383226831151104
1288382844461633536
1288382711250460672
1288382593407254528
1288382579368955905
1288382563422212097
1288382508896260096
1288382421692448774
1288382396400795652
1288382380361879552
1288382150279077888
1288382149440221184
1288382120461770753
1288382060193775616
1288382021786427393
1288381649315667969
1288381561721827328
1288381381827944448
1288381328187064320
1288381257899020289
1288381083042578432
1288380766465011712
1288380639390183425
1288380635736924161
1288380631873925126
1288380611598614528
1288380552064782338
1288380524772368384
1288380497144565761
1288380330332782592
1288380326297960448
1288380254055260161
1288380080574603266
1288379959824846848
1288379922977890304
1288379879193546752
1288379869374681088
1288379846897405952
1288379834306109440
1288379450057523200
1288379412359020544
1288379379303747584
1288379123459661825
1288379057097383937
1288379025099022336
1288378956291375104
1288378855967858688
1288378843162644483
1288378703651758081
1288378663935913984
1288378596713799680
1288378343516143618
1288378342731919361
1288378282342338562
1288378111332093952
1288378005849612288
1288377448384651264
1288377407045611521
1288377332072316929
1288377329962692609
1288377300849917952
1288377299344162818
1288377297171619840
1288377220529041409
1288377201742749699
1288377200643846146
1288377108264374272
1288377061581762562
1288377046490591233
1288377042594082817
1288377041633587202
1288376776511692801
1288376725957685249
1288376586933346304
1288376510718541824
1288376407165480962
1288376307668135937
1288376270942662658
1288376212109361153
1288376210318405633
1288376133436792832
1288376058627137537
1288376045498970113
1288375989140152320
1288375965589086209
1288375943426383872
1288375907539877889
1288375825906257920
1288375802128736256
1288375450302140418
1288375313781538816
1288375263890415617
1288375069589344257
1288374840781443073
1288374783072186368
1288374776508174336
1288374739115880448
1288374205323649024
1288374201880125440
1288374080710873089
1288374018656043008
1288373872203530240
1288373845691453445
1288373742318559232
1288373589847216129
1288373226175954948
1288373222849892352
1288373202851266560
1288373187022139392
1288373086371315712
1288372888748339200
1288372887813066752
1288372659227631616
1288372639598346240
1288372413894402048
1288372344323547136
1288372323603615745
1288372087279833088
1288372015532040192
1288371863748587520
1288371819523846166
1288371782710419456
1288371713890279426
1288371631426097152
1288371602355302408
1288371445798776834
1288371095180058624
1288371060656746498
1288371052955959296
1288371028457136128
1288370902292467712
1288370808524431363
1288370685526437889
1288370648444735488
1288370611555897344
1288370602009657344
1288370453556469762
1288369901313417216
1288369732295561216
1288369730382958598
1288369722799599617
1288369682676953089
1288369599923224577
1288369594726522880
1288369589991215106
1288369556654825472
1288369455735738368
1288369284117405696
1288369110171123712
1288369109298753539
1288369074087632896
1288369009629356033
1288368928444395520
1288368918923554816
1288368826745225226
1288368817513672704
1288368776719872001
1288368687880208385
1288368608960303105
1288368532879806464
1288368466437779456
1288368359936012292
1288368197931094018
1288368181917241344
1288367999959867392
1288367931076874243
1288367827557154821
1288367796494258177
1288367792513835009
1288367783789592576
1288367714562703362
1288367697965846529
1288367603292004352
1288367556357750785
1288367497171873792
1288367396596654081
1288367280695521280
1288367034816897025
1288367000327196672
1288366908618629122
1288366861105729536
1288366735909883904
1288366721179451393
1288366631375319042
1288366629605330944
1288366524579840000
1288366518888259584
1288366449115959296
1288366176482070528
1288366175760588801
1288366101836042240
1288366087663497216
1288366029979160579
1288365799778979840
1288365676093202433
1288365401034948608
1288365343841361920
1288365328922279936
1288365279806918656
1288365251885490177
1288365226912620544
1288365109077737472
1288365101863645184
1288364881599758336
1288364694344957954
1288364669254668289
1288364538761543682
1288364387598831618
1288364352354082817
1288364238893920256
1288364203435347971
1288364189367644160
1288364066814140416
1288363918788788224
1288363872412368896
1288363777109430273
1288363688915808257
1288363662911176709
1288363608041299968
1288363588042850305
1288363539304984578
1288363388444131328
1288363101784551424
1288363030263345152
1288362744975106049
1288362589303508992
1288362505325215745
1288362403336421376
1288362361863262208
1288362280430772224
1288362211879133184
1288362158909083648
1288362078005321734
1288362069545426945
1288361997772271616
1288361940675432448
1288361888003350533
1288361840146341889
1288361802666041345
1288361662689554432
1288361639323086848
1288361167853948929
1288361081744883713
1288360909157662720
1288360794925735936
1288360642383171584
1288360460031610880
1288360395296722944
1288360319778250752
1288360315290357760
1288360260823060480
1288360134507470848
1288360044573138949
1288359951509987328
1288359749885583360
1288359526807277568
1288359361245515777
1288359255360274432
1288359254055739393
1288359106248548354
1288359051630391296
1288358899486253056
1288358874077175808
1288358832918409216
1288358814748684288
1288358567851032581
1288358483319033857
1288358417694896128
1288358382487965696
1288358344273600512
1288358108843171842
1288358105856856064
1288358039070879745
1288358038492127232
1288358037644771329
1288357998050660352
1288357810057744385
1288357637101322240
1288357555094331392
1288357516670312449
1288357257323872256
1288357020723056640
1288356853840252933
1288356845267099650
1288356832440922112
1288356810437603328
1288356672302350336
1288356473941229568
1288356473488064512
1288356469541343235
1288356374758424578
1288356232001212417
1288356186044026881
1288356179123621890
1288356110810984448
1288356092276166656
1288355871001661440
1288355838244003841
1288355729603166208
1288355322244075520
1288355304485380098
1288355164286595072
1288355142245519362
1288355023588556805
1288354907700056065
1288354867250171906
1288354696235823104
1288354694079959042
1288354530774716422
1288354530728521733
1288354418304450561
1288354410750451713
1288354248422576128
1288354222501777408
1288354066591035392
1288353996114206720
1288353635718635520
1288353497004617728
1288353495599534081
1288353129461882880
1288353099900493824
1288353083995676672
1288353054937538561
1288352876234932224
1288352675436941312
1288352556897402881
1288352544012599297
1288352419445866496
1288352355990286337
1288352352936824834
1288352128029908992
1288351824324567040
1288351754896191493
1288351515556618240
1288351504634646528
1288351499005952000
1288351312879517697
1288351054594285570
1288351048256684032
1288351037141798912
1288350506629332994
1288350430037266435
1288350305185341440
1288350276571803648
1288350274273378304
1288350094492827649
1288350043821543426
1288349979732586496
1288349951240495105
1288349812321116161
1288349718876225538
1288349682402570240
1288349679361634304
1288349675230310400
1288349596087914497
1288349437899743233
1288349418962518017
1288349175764193285
1288349030909648896
1288348878505484288
1288348850990854144
1288348718832508929
1288348717251166210
1288348668303736835
1288348664318947328
1288348657595678720
1288348631003783169
1288348576809132034
1288348575047520256
1288348382013067264
1288348296864464899
1288348161099157504
1288348074323124224
1288347816650317827
1288347787869003776
1288347754155200512
1288347723415146496
1288347502631104512
1288347399530909696
1288347278370103297
1288347026095312897
1288346917060124673
1288346857677238272
1288346625354747905
1288346623974809601
1288346593570283520
1288346448761950213
1288346354952085505
1288346300333916160
1288345961354481666
1288345945684553729
1288345718210535425
1288345579278553088
1288345482893430794
1288345367122194433
1288345320104112128
1288345255276945409
1288345140436893696
1288345114109149184
1288345024439230464
1288344833095012353
1288344786928316417
1288344715012780032
1288344713024753664
1288344612545929217
1288344418957828096
1288344257347096576
1288344228796522496
1288344066141442054
1288343927968456705
1288343886453235714
1288343699118858241
1288343460446183425
1288343334260531201
1288343219479216130
1288342783275802624
1288342667731116032
1288342621216215040
1288341585948807168
1288341556194402305
1288341506143789062
1288341052135485440
1288340985190260736
1288340875282653185
1288340641127309312
1288340590476787713
1288340123948658688
1288339934601007106
1288339839025328129
1288339553628164099
1288339236433920006
1288339205194682368
1288338825211764736
1288338606483021824
1288338368925966336
1288338244342558721
1288337801210138624
1288337728615190528
1288337449651929088
1288336622916952066
1288336304686735361
1288336225716375553
1288336008635994113
1288336001555935235
1288335684491784192
1288335377292566530
1288335158274334727
1288335113768579072
1288334653250732032
1288334408412520450
1288334166761906176
1288333907889393664
1288333194727653376
1288332873729282049
1288332861620260868
1288332588894097413
1288332515128881152
1288332505192566784
1288331803363872768
1288331035722371072
1288330685179211777
1288329225192300545
1288328536684724227
1288327879785316353
1288327622792028160
1288326693866938370
1288326429541912579
1288326397220528128
1288325946685218819
1288325599384281088
1288325118142357505
1288324454360195073
1288324368934805505
1288323735678865409
1288323174938152960
1288322530651103238
1288321196816203781
1288321192731070464
1288321119641047042
1288320303383420929
1288320133182652416
1288320080292581376
1288319797063819264
1288319503584104454
1288319298876973056
1288318840624091136
1288317957567725573
1288317795646742534
1288317471473246210
1288316687536869376
1288316332786819072
1288316292013928450
1288313802900090880
1288313328419430402
1288312758644150272
1288312553421123585
1288312037442027520
1288311475468001281
1288309010890989569
1288309010391863296
1288308738407923713
1288308629049954305
1288308199200886786
1288307845876854785
1288307367201984513
1288306628463296519
1288303531515142144
1288303481703419904
1288301844423376897
1288301785514479617
1288301717466087425
1288301555964354561
1288300229884882944
1288300029351006208
1288299075268378626
1288295196678066177
1288292606015942656
1288291872713191424
1288290747624587264
1288287825457229829
1288286673311236096
1288286335934005248
1288285718683553792
1288282200270680064
1288281813861965824
1288280387479834625
1288279671700955136
1288279484836216832
1288278139731353600
1288278020558598149
1288277840685744130
1288276752049922048
1288275601841967105
1288275109782990854
1288274945810800640
1288274424148439040
1288274328782548994
1288274260541280257
1288274021939847171
1288273719803219969
1288272611953258497
1288272549902721024
1288272454960459777
1288272287746203650
1288271091853676550
1288270865730338816
1288270340716732427
1288270172218892288
1288268367372181504
1288267659369488384
1288267226324377605
1288266758042918915
1288266246518185984
1288266246073589762
1288265900345434112
1288265601111265282
1288265562292989954
1288264982900158464
1288264853577179137
1288263918624833538
1288263505179795457
1288263496023629825
