1233904773604225024
1233904731216662529
1233904350960873473
1233904263610408960
1233903768690929666
1233903630484418560
1233903393451782147
1233903192963981313
1233902872833798145
1233902522328326145
1233902326659809280
1233901825809637377
1233901810240442369
1233901800870293505
1233901684486737923
1233901508623814656
1233901273570738177
1233900703632019457
1233900268393246721
1233899444451586048
1233898717524189196
1233898690345078786
1233898536015626241
1233898395833655302
1233898185329905667
1233898065213476865
1233898034641227776
1233897994061336576
1233897920824475650
1233897502123986944
1233897345688928256
1233897227225006080
1233896939571335169
1233896791583707139
1233896659291197441
1233896540529471488
1233896517238501377
1233896433943748609
1233896169341845504
1233896087833825280
1233895735298535424
1233895724338814979
1233895633750196224
1233895244208406529
1233895139258576901
1233894894730719232
1233894788115595264
1233894634956509184
1233894333562179584
1233894298963279873
1233894159087435779
1233893897945960450
1233893810180149248
1233893602595606529
1233893537902727169
1233893168896184320
1233892999035310084
1233892790645542913
1233892599829876737
1233892414189899778
1233892357160022019
1233891277533581312
1233890882082017281
1233890640582336520
1233890450311913473
1233890399460220934
1233890339062239233
1233889358404562944
1233889100169666565
1233888954543476736
1233888925221081088
1233888907634278400
1233888635323285504
1233888588057759744
1233888563701452801
1233888504867893248
1233888491127365632
1233888430150606852
1233888251515109377
1233888210255785984
1233888005938610177
1233887820663656453
1233887691680382976
1233887684810215425
1233887616212381698
1233887496422948867
1233887190779863041
1233887121221484545
1233887028149923840
1233886932553404416
1233886855059431426
1233886818082467840
1233886769248112646
1233886724830433282
1233886430612553728
1233886077112528897
1233886054454833154
1233885457026551810
1233885374520406018
1233885295491325954
1233884983040892928
1233884922315710464
1233884266263728130
1233884252586024960
1233884157350117376
1233884000214757376
1233883994762235905
1233883830316040194
1233883811886354433
1233883803141201922
1233883738469261313
1233883582051028993
1233883479743569922
1233883457375350785
1233883441063657475
1233883351271997445
1233883230526431233
1233883209286529028
1233883145482711040
1233883074846437377
1233882934479900672
1233882871091335169
1233882805496664064
1233882654338101249
1233882349156360197
1233882243552206848
1233882192637562880
1233881475470237697
1233881091746009088
1233880763743055873
1233880557098078209
1233880462910803968
1233880359739305984
1233880250926452741
1233880222950469638
1233880213777416194
1233880024589185026
1233879992599273472
1233879943156768768
1233879389848428546
1233879095618023425
1233879076449980424
1233879045873508352
1233878996871524355
1233878975740510209
1233878777077301248
1233878716905857024
1233878680704880640
1233878464287080456
1233878233613029382
1233878035713208321
1233877970454024194
1233877918339731456
1233877878523224065
1233877689548857347
1233877621106257921
1233877555486363650
1233877297188540416
1233877168742174720
1233876373363658755
1233875776182931456
1233875604874899456
1233875415388872707
1233875332505186305
1233875307234578434
1233875109431123969
1233874976400429057
1233874907118931969
1233874873778409477
1233874621079982081
1233874057201954817
1233873925001474048
1233873908341919753
1233873808496480256
1233873740896796672
1233873415909576707
1233873229086908417
1233873073826344967
1233872987822186498
1233872906301661190
1233872872436830212
1233872767474446340
1233872408433635328
1233872391283060736
1233872182834597888
1233872176241106944
1233872145958211585
1233872113020407809
1233872097308553218
1233871906274791431
1233871892316028928
1233871720068665344
1233871395857338376
1233871092881805322
1233871088603615232
1233871013034721287
1233870983733399552
1233870686793478144
1233870669001129984
1233870578433642496
1233870243174526976
1233870222064525313
1233869821953048577
1233869784657342464
1233869515227832320
1233869333954166784
1233869027883261953
1233868987353772032
1233868661041094656
1233868521039368192
1233868458879864838
1233868225751982080
1233868201315983366
1233868164464889856
1233868070122401793
1233867723333144580
1233867690869248003
1233867545993764864
1233867530911014912
1233867477337157632
1233867433145962496
1233867311762857986
1233867239247446016
1233867125003038722
1233867094569209856
1233867076860829696
1233867030425743361
1233866995298381826
1233866810438672392
1233866795490185216
1233866767627440132
1233866754755104769
1233866726959468550
1233866639772393473
1233866581853245440
1233866479440887813
1233866445471264768
1233866295457783809
1233866256895356928
1233866199278157824
1233865820452900865
1233865660498878466
1233865652047351809
1233865562180050946
1233865487517462529
1233865415387906050
1233865415153127429
1233865403643957249
1233865392868732940
1233865332143640578
1233865147598483458
1233865037535678464
1233864924687978498
1233864864625577984
1233864635855581196
1233864584668360704
1233864582684344320
1233864565609435137
1233864162868068357
1233863998212395012
1233863988552835077
1233863943933874182
1233863828619845632
1233863398758256642
1233863267015122947
1233863262380417024
1233863245963911168
1233863204251602945
1233863084504207361
1233863051817951240
1233863009077993472
1233863007022743554
1233862994205069318
1233862908687388678
1233862900101648385
1233862791192367106
1233862784103800832
1233862669612015618
1233862618118606849
1233862442092048384
1233862294511267840
1233862282070896643
1233862236495601665
1233862189053874176
1233861756134592518
1233861647195873285
1233861557320343554
1233861505382256645
1233861231674580993
1233861053970337792
1233860949842550786
1233860807336787968
1233860565476532225
1233860550439907328
1233860219555471366
1233860104933584896
1233860095110414338
1233859868005732352
1233859854420336640
1233859752565886980
1233859670965661699
1233859652670152704
1233859599515693056
1233859583904493568
1233859446578843649
1233859418124623872
1233859352353820680
1233859291616026625
1233859221562839040
1233859198775111682
1233858847065935874
1233858805068374019
1233858788878422016
1233858711107534853
1233858710562385921
1233858561119260672
1233858157014851586
1233857744941305857
1233857742512717824
1233857612673843202
1233857496110030848
1233857452556345344
1233857439155597312
1233857388127625217
1233857216131870729
1233857055338967040
1233856902506913799
1233856842385838080
1233856616287567873
1233856309625225221
1233856260514238464
1233856155711156232
1233855957576421377
1233855880342507521
1233855871744118784
1233855751409602560
1233855643691442177
1233855151540252675
1233855151162699776
1233855126638649346
1233854765404164102
1233854747494539266
1233854397072977921
1233854391859515394
1233854378555080705
1233854318442426376
1233854240273182721
1233854237119045632
1233854029769388038
1233854029006024707
1233853965005152256
1233853817109860356
1233853535504216070
1233853512825614336
1233853383519428608
1233853209879498752
1233852289498087426
1233852109570936833
1233852089681534976
1233852088700035074
1233851991434067969
1233851947431682048
1233851412444000256
1233851338578178054
1233851256231337985
1233850866530209793
1233850862948290560
1233850839720251392
1233850643024142336
1233850594147885056
1233850461943455744
1233850343504711681
1233850313104293888
1233850158007365633
1233850073315975169
1233849965560107009
1233849807896219648
1233849635573305344
1233849583987458051
1233849526722625536
1233849411991724032
1233849362683314176
1233849325152763906
1233849209029365763
1233849105128054785
1233849068541169664
1233849032566542336
1233848947288027137
1233848777276043268
1233848762700881929
1233848631985344515
1233848530097274881
1233848451672289284
1233848380197130245
1233848250597363714
1233848144120745984
1233847988658802689
1233847512722743297
1233847283726389254
1233847218525941760
1233847103945875458
1233846920088576000
1233846781856952320
1233846720196464643
1233846642220109824
1233846427488485377
1233846123883835393
1233845994305019904
1233845945504354306
1233845866542305285
1233845821000552449
1233845729644417027
1233845526715674630
1233845187610316801
1233844986048851968
1233844970685173762
1233844943317348358
1233844771619299328
1233844593084502016
1233844489946570756
1233844412389699584
1233843923271012353
1233843914093797376
1233843821244567552
1233843398852927488
1233843327788822529
1233843311099760643
1233843307593261059
1233843012045877250
1233842706616606725
1233842596469977089
1233842222552043521
1233841895769403392
1233841740970446848
1233841620258377728
1233841438623924224
1233841106514825218
1233841077590818816
1233840748652568578
1233840600467853312
1233840277112029184
1233840237660561410
1233840220006686722
1233840071167619072
1233840057854889984
1233839529167065088
1233839503145676800
1233838825761316865
1233838796850049025
1233838669267718145
1233838549394448385
1233838546244579330
1233838448672419841
1233838419995963392
1233838364660510721
1233838294968029184
1233838266719318016
1233838089056985096
1233837726790799361
1233837668724871170
1233837534364479491
1233837479591129089
1233837449413038086
1233837250796048384
1233837180243644418
1233836940417523712
1233836928631541760
1233836770451652608
1233836033814487046
1233835993423327233
1233835794378502145
1233835788040900608
1233835523262820352
1233835471916208135
1233835449912832000
1233835399874740225
1233835282702782464
1233835096614088705
1233834737325805576
1233834666928623616
1233834662159671296
1233834603380649984
1233834222659436544
1233834125951369217
1233833710954393601
1233833619912888322
1233833482314489856
1233833452585279488
1233833274042089477
1233833237039939584
1233833006399393792
1233832992373694466
1233832712059924481
1233832600025915394
1233832555532759040
1233832435059654656
1233832416302813193
1233832283951501313
1233832135880052737
1233832002064912385
1233831943592169473
1233831805524074498
1233831690059034624
1233831644810928128
1233831577416847366
1233831436148527104
1233831391781150722
1233831369375133697
1233831312580059146
1233831269445840896
1233831239947341824
1233831085890560001
1233830798069059586
1233830742414823425
1233830608612286465
1233830506661322760
1233830392190455808
1233830216507838465
1233830183381147648
1233830115752259587
1233830088954675200
1233829944259760129
1233829841629261825
1233829595046170625
1233829494634487809
1233829215834976256
1233829135522451460
1233829118170599425
1233829022599204865
1233828884292022272
1233828568918036481
1233828522608734210
1233827990334824449
1233827928338784257
1233827740769570817
1233827513845108743
1233827386774315008
1233827311268638721
1233827296940826626
1233827275751272449
1233827229404192768
1233827180976713735
1233827119265931265
1233827009979011072
1233826971278303235
1233826854060068864
1233826842651525120
1233826723638194176
1233826665773588480
1233826629417390080
1233826275485200391
1233826219793289222
1233826184171020288
1233826106983227392
1233826053677887489
1233825983075098627
1233825897226153988
1233825403556519937
1233825260883103750
1233825260014854144
1233824858448023552
1233824813434757120
1233824772028616709
1233824687412649989
1233824635193524225
1233824472257396736
1233824377642389507
1233824301490544640
1233824288173690883
1233824201599045634
1233824152446021633
1233824135400304640
1233824037031247873
1233824030232371200
1233824019700383745
1233823970937405442
1233823930672132097
1233823754763079681
1233823693362561026
1233823653416099841
1233823537313566722
1233823511803842562
1233823305901191170
1233823149885546496
1233822915721924608
1233822747412901890
1233822456995078150
1233822268834402304
1233822196549681152
1233821994359103489
1233821952005070848
1233821928340762625
1233821880076918789
1233821862884450305
1233821765580787714
1233821350986383364
1233821338898399232
1233821196749328384
1233821168077099008
1233820935012089858
1233820912815890438
1233820843119202311
1233820807480119298
1233820708683354113
1233820607923597315
1233820583349116930
1233820566349647873
1233820534992986112
1233820500037640194
1233820387793948672
1233820324871000068
1233820289353605120
1233820180435918849
1233820170721857536
1233820150727675904
1233820135670132736
1233820130112606212
1233820104003084288
1233820011363536898
1233820009471803393
1233820008431616001
1233819947912048640
1233819713240813568
1233819493803139072
1233819402937741313
1233819387112628225
1233819384097001473
1233819321274699777
1233819046853906434
1233818894693011460
1233818841668620290
1233818810752405504
1233818498251489280
1233818493939834881
1233818443071283200
1233818421973962753
1233818379473031168
1233818366688845825
1233818301572296706
1233818300452352001
1233818246425477120
1233818210794905606
1233818145980370944
1233818026069446657
1233817951280738304
1233817752621768704
1233817673601028100
1233817669809426433
1233817546865942531
1233817254325891078
1233816985940742144
1233816868688945153
1233816662937423873
1233816645577166848
1233816599334920198
1233816477289058305
1233816245193117697
1233816019875061760
1233815855651282945
1233815780279627777
1233815754283372544
1233815742405120005
1233815728148664320
1233815355585331211
1233815259296694273
1233815240955113474
1233815165558231040
1233815110432575488
1233815069248688128
1233815000130695169
1233814947005698048
1233814759490904064
1233814719871451136
1233814618407100420
1233814611071291393
1233814573012127744
1233814525012586496
1233814441000611845
1233814289498230785
1233814181322858496
1233814097243844610
1233814078617014273
1233814053807697922
1233814035222736896
1233813949008752641
1233813872722817025
1233813866771025920
1233813862719336448
1233813806268084225
1233813794251583491
1233813725913788417
1233813676794224640
1233813583252901889
1233813472548446209
1233813401006149634
1233813394404364294
1233813357720932353
1233813281388756993
1233813181975474176
1233813167089868800
1233813081744191494
1233813025485922307
1233812972167974912
1233812967155736578
1233812828219375617
1233812773911572482
1233812689836789760
1233812568294264832
1233812526837764096
1233812525864583168
1233812407778189319
1233812405819453440
1233812118446759936
1233812056438190080
1233811758139281408
1233811733325762560
1233811468690259968
1233811355544756224
1233811313266176002
1233811067219959809
1233811042557464577
1233810977180856320
1233810868707696641
1233810866086260738
1233810722993430529
1233810633579208704
1233810589086101505
1233810584547872768
1233810171786297344
1233810162294677505
1233810105705078784
1233810093403262979
1233809759331143680
1233809598018129921
1233809526576631808
1233809500760674305
1233809499926007808
1233809493965910016
1233809449103642624
1233809439393710082
1233809423916830730
1233809317469487104
1233809185395138564
1233808947720663040
1233808835690799105
1233808786974003201
1233808695001309184
1233808495570542593
1233808303651729410
1233807999166271489
1233807991004110849
1233807946473234437
1233807795461513221
1233807683528089611
1233807667661037568
1233807333144375297
1233807283085336577
1233806799121371138
1233806745740488704
1233806659467829250
1233806554769625088
1233806502785376257
1233806471068049411
1233806308400340997
1233806296824020992
1233806112320782337
1233806108562776064
1233805949372129282
1233805891306127360
1233805889909481473
1233805875237859328
1233805792098209792
1233805712855326722
1233805611013410816
1233805502569730049
1233805459389370370
1233805162042527746
1233805129867984898
1233804998359818240
1233804968718749703
1233804867782705152
1233804731308441600
1233804516593676289
1233804434444095493
1233804356480327681
1233804072945410048
1233803916904669186
1233803869806899200
1233803867751616513
1233803509436473346
1233803472304250885
1233803415429484544
1233803324941635584
1233803253898522624
1233803137984684037
1233803074776584192
1233803067289751552
1233803017004179457
1233802952097308672
1233802950553821184
1233802939619323915
1233802906098376705
1233802848707731456
1233802839262146562
1233802647859269632
1233802572844146688
1233802569740410883
1233802536454434816
1233802523452018690
1233802459132370946
1233802446138462208
1233802440182550528
1233802424130904065
1233802402953912320
1233802355658907649
1233802323043983365
1233802321991172097
1233802306593972226
1233802261127663617
1233802190617300993
1233802178348883975
1233802106315952130
1233802071142473728
1233802034954067970
1233801753998565377
1233801696536604673
1233801640349663232
1233801638562930688
1233801571600928768
1233801469150842880
1233801467083083781
1233801393133236225
1233801259762634752
1233801248874299393
1233801226061590529
1233801186572165122
1233800647444697092
1233800213695016971
1233800209337114624
1233800161798823936
1233800088323084288
1233799927299551232
1233799916415279104
1233799876976300032
1233799784923828225
1233799763327365120
1233799632356093954
1233799569407909889
1233799540932796416
1233799374112772096
1233799283087937537
1233799190578417664
1233799141832171520
1233799070159908864
1233798922759557120
1233798811086213126
1233798741917929474
1233798668144300032
1233798607591137281
1233798542495535104
1233798116970762242
1233797926595571712
1233797827253489666
1233797823717658624
1233797815144452096
1233797671552417795
1233797667148517377
1233797647917514752
1233797638446821383
1233797612962230279
1233797596021477376
1233797251958439936
1233797219897270274
1233797166793154561
1233797094504357889
1233797085599760386
1233797035645640704
1233796910139527168
1233796776894877697
1233796771375132675
1233796743105564673
1233796387650834433
1233796310521741312
1233796302653345792
1233796285200769026
1233795992832692224
1233795976474832897
1233795922141892608
1233795768319909888
1233795711935840257
1233795693380284417
1233795662225051648
1233795634651639808
1233795584898805763
1233795561767174146
1233795471941959681
1233795413821530113
1233795392875171841
1233795351318089728
1233795312445198336
1233795271298928641
1233795186850979840
1233795178357567488
1233795151761494020
1233795051899248640
1233794991891329025
1233794845577302019
1233794737347465220
1233794666199470080
1233794619474894848
1233794576739119105
1233794354915008512
1233794180410990597
1233794166469079041
1233794131312467969
1233794073326170113
1233793957802500096
1233793699240448001
1233793691816484866
1233793326517800961
1233793266824380417
1233793191935082497
1233793151200112641
1233793105960329218
1233793001467662336
1233792918281998336
1233792905652981762
1233792866071216128
1233792834215596034
1233792744927170561
1233792539158892546
1233792461883019268
1233792455952207872
1233792365854371842
1233792348867485696
1233792117861945346
1233792074971041792
1233792051055136769
1233792017907552257
1233792006058586113
1233791831269421057
1233791804476096513
1233791793478672384
1233791649937002497
1233791558161399809
1233791541702995968
1233791447540862978
1233791358978097154
1233791350283350019
1233791298466983936
1233791284890013698
1233791201633021952
1233791076995080195
1233790731673833472
1233790709238575104
1233790683032539140
1233790572994977795
1233790454988263424
1233790353360269312
1233790277904740353
1233790024803635200
1233789923511209985
1233789894285254657
1233789613879283713
1233789570052952065
1233789531465355264
1233789399143505920
1233789205618331649
1233789181765341186
1233789100899127298
1233789056846159873
1233789038458540034
1233788975191597058
1233788925073858561
1233788850956316672
1233788829561184260
1233788805574021120
1233788798603087872
1233788732840587264
1233788615332966403
1233788482318929922
1233788353067339780
1233788348453576705
1233788272800866305
1233788072665460738
1233787977970655233
1233787972023209994
1233787955845697536
1233787931761967104
1233787768930787328
1233787758084345857
1233787717256871936
1233787585442590722
1233787371176497152
1233787292726284288
1233787287659536385
1233787264456626176
1233787234240868354
1233787203135967234
1233787202179649536
1233787192293675008
1233787007677104130
1233786915327008769
1233786868845641728
1233786825107558400
1233786766974472193
1233786726876897284
1233786706702323712
1233786603144982528
1233786549881516033
1233786404553023489
1233786382201520131
1233786365025902593
1233786285745152005
1233786243638550529
1233786214995701762
1233786194003099654
1233786176789733376
1233786168136912896
1233786155797241856
1233786127389204480
1233786120992907270
1233786110708457474
1233786083411931139
1233786062755049474
1233785941308923904
1233785857473236994
1233785847956332547
1233785835901812736
1233785775600234503
1233785678221185026
1233785461040123905
1233784959237750787
1233784918003638272
1233784867839729666
1233784848223002625
1233784834897698816
1233784790798786560
1233784770196365312
1233784663216443392
1233784597093195777
1233784558484688901
1233784514935128065
1233784503484735488
1233784470047805440
1233784390347612162
1233784189696323586
1233784029729689602
1233784017322987521
1233783992488513547
1233783973932863488
1233783969008799744
1233783884476751872
1233783871768055810
1233783779875065856
1233783766860156928
1233783701437374464
1233783697154957313
1233783670928007169
1233783628754292736
1233783610815209473
1233783550857666560
1233783485397118976
1233783460239638535
1233783451511332866
1233783340848775174
1233783273387700224
1233783065157173248
1233783026947166208
1233783025655328769
1233782949713235968
1233782899570286592
1233782883350958090
1233782812605587457
1233782784944214022
1233782733471657990
1233782729994571782
1233782610138189826
1233782602642968576
1233782430013804546
1233782372887339009
1233782371838767106
1233782270269501441
1233782239747608577
1233782230306217984
1233782148374650881
1233782139742756865
1233782001410416642
1233781922201030657
1233781755238395911
1233781737722908673
1233781538711621635
1233781330254626818
1233781264630636544
1233781199291764737
1233781167796707329
1233781069704548352
1233780866817634304
1233780730691571716
1233780677541232642
1233780675247058945
1233780662211153920
1233780427514576896
1233780382023274497
1233780154545135616
1233780018209284096
1233779981446242305
1233779956825706497
1233779955739303938
1233779885321183233
1233779834863673344
1233779815477542912
1233779807663591424
1233779298802245633
1233779174483079168
1233779146737799169
1233779145068498944
1233778999333179393
1233778961685123073
1233778808781709313
1233778795817115648
1233778611242643456
1233778605504815105
1233778512701673473
1233778511933997056
1233778489658048517
1233778264155533312
1233778215489089538
1233778174686789633
1233777997221703680
1233777943136161794
1233777907421585412
1233777847355002882
1233777798185181185
1233777695990874112
1233777576839143429
1233777467191701504
1233777365282697218
1233777137632579584
1233777116732444675
1233777107546836992
1233777104761901059
1233777074751574025
1233777040438026246
1233776897391316992
1233776881184464896
1233776767929929730
1233776742105518081
1233776629157171201
1233776470176256001
1233776346930843648
1233776135525277698
1233776061500067847
1233775993371987969
1233775871292563457
1233775578530091008
1233775533445582848
1233775429716193282
1233775418643185664
1233775377551515648
1233775331594657795
1233775307796156416
1233775124144381952
1233774993462497281
1233774730055909377
1233774623877144582
1233774554109153281
1233774543778521089
1233774528335093760
1233774514607185920
1233774376375521283
1233774327151108097
1233774087459287040
1233774072254943233
1233773960032067585
1233773811838918656
1233773785582637057
1233773556628099072
1233773547987832832
1233773183960068097
1233773137742966785
1233773054590935040
1233773039453704192
1233772955408183296
1233772921673388033
1233772805155627008
1233772787241832453
1233772748515807232
1233772680702316545
1233772448371412994
1233772427995418624
1233772278388871169
1233772236156407808
1233772232754782208
1233772181357764610
1233772101674336256
1233772054983446529
1233771887697813504
1233771672198668289
1233771609179250689
1233771593815511046
1233771529495773184
1233771049185050625
1233771046391746560
1233771041509531650
1233770834306781184
1233770755470626816
1233770699455594496
1233770666022887424
1233770587492962304
1233770578127065088
1233770407091691521
1233770388166934531
1233770176514023426
1233770123992932352
1233770086386864131
1233769958380838912
1233769769041629184
1233769714058485760
1233769562899963905
1233769486718840833
1233769322226626562
1233769088356360192
1233769021369200641
1233768896097923072
1233768778841935872
1233768708943859714
1233768679936008192
1233768676828078080
1233768640396300288
1233768629147185158
1233768576751935488
1233768290117353477
1233768245099933697
1233768174019055616
1233768171015983106
1233767936537571328
1233767920565706757
1233767843189207047
1233767802781093888
1233767592155897856
1233767371338403840
1233767183181852672
1233767070292205571
1233766919288819715
1233766912980549633
1233766904751370240
1233766756117876736
1233766703814844416
1233766683870887937
1233766530741100544
1233766405805346817
1233766285563060229
1233766019363213312
1233765996701376512
1233765785836933121
1233765711710912513
1233765616441602051
1233765508438208512
1233765468596588546
1233765345833422848
1233765319136681984
1233765317760966656
1233765275813765121
1233765153793073152
1233765123526930434
1233764889551876096
1233764590464458752
1233764574488387586
1233764516976001024
1233764492489695232
1233764459610550275
1233764452723494912
1233764378324983813
1233764257373806593
1233764241326342144
1233764208669532161
1233763994969821189
1233763909728952320
1233763880461094912
1233763776849227778
1233763575837184000
1233763541003460611
1233763528147918854
1233763433507622913
1233763284001656832
1233763254880657408
1233763108524560385
1233762878840160256
1233762755381014528
1233762664393986048
1233762587470442498
1233762565806841863
1233762533703667713
1233762273048637440
1233762235476037632
1233762227246817285
1233762161794715654
1233762108875079680
1233761992923586560
1233761920886419457
1233761812191031296
1233761635468292103
1233761609404817408
1233761463635935232
1233761153177747456
1233761094646337536
1233761034256683009
1233760998047305728
1233760866228736000
1233760687941472256
1233760673458540545
1233760614834679808
1233760149271203840
1233760094338342912
1233760033781010432
1233760020728250373
1233759965107585024
1233759860707221504
1233759813475151874
1233759730243395586
1233759679383207936
1233759519911616514
1233759462944575489
1233759313254133761
1233759182811258881
1233759169175572481
1233758783484125185
1233758757819166720
1233758696859226112
1233758616643162113
1233758510493638656
1233758447331618816
1233758443976171521
1233758240434991106
1233758145429811201
1233758055998918658
1233758048667172865
1233757931050500097
1233757907092721665
1233757861462859778
1233757797604569089
1233757677370695687
1233757642062991360
1233757635398324224
1233757265523597318
1233757264621850625
1233757257206243334
1233757202042716161
1233757117154299904
1233757112704081921
1233757005271257091
1233756998560288768
1233756858692907009
1233756699540041728
1233756688865427457
1233756568895852544
1233756398187618304
1233756229987655682
1233756173037338624
1233756167819735041
1233756081006006272
1233755969294827521
1233755764596105216
1233755677530763264
1233755510844817411
1233755470390796288
1233755296503410692
1233755288009936897
1233755226592681988
1233755160809213953
1233755032782360577
1233754764346896386
1233754707954470912
1233754654208667650
1233754652392480773
1233754609409298432
1233754410238476289
1233754388281352192
1233754266948571136
1233754142168014848
1233754023330709506
1233753998131388418
1233753760335302657
1233753618655928321
1233753474250289153
1233753456667693056
1233753446848790530
1233753412073861121
1233753386446659584
1233753373582790658
1233753252229009408
1233753189117235201
1233753079134216194
1233752797700673538
1233752792017383424
1233752791732146179
1233752700329828357
1233752636823916546
1233752633183260679
1233752492212727809
1233752476010139649
1233752462328246273
1233752325849845761
1233751945623547909
1233751928758317061
1233751816103481344
1233751684284809216
1233751628244758529
1233751585508995072
1233751578705874944
1233751566961774592
1233751426129637376
1233751397902012416
1233751375567368199
1233751365580656640
1233751320101838851
1233751319468527616
1233751297175752710
1233751266137976834
1233751211968516098
1233751139713241094
1233751126870253568
1233751093949206529
1233751024030093313
1233750958527721477
1233750838734139393
1233750687189815297
1233750677526061056
1233750645422854144
1233750545233518594
1233750515248508936
1233750441076371456
1233750386068029442
1233750381844406273
1233750260654202880
1233750227720556544
1233750121617219585
1233750107142721536
1233750099332915201
1233750096002666497
1233750010610769923
1233749996383735809
1233749923985793025
1233749920395530249
1233749829131669505
1233749532011302912
1233749440206430208
1233749435861159936
1233749352830656512
1233749184840392706
1233749040413716480
1233749015440904193
1233748963418943488
1233748894670114816
1233748848767651840
1233748751644270592
1233748741007511560
1233748737484259329
1233748559914205185
1233748476011405312
1233748453748101121
1233748412358590465
1233748408218931201
1233748337037336576
1233748308050530306
1233748185690058752
1233748159685414914
1233748143877038081
1233748108296802304
1233748090357571584
1233748068316700679
1233747851986993153
1233747844848373763
1233747717299593216
1233747595077570567
1233747423375347712
1233747401388777473
1233747381444804609
1233747320413577218
1233747127685263362
1233747040020189185
1233746989977931777
1233746972496060416
1233746924542492672
1233746882473668608
1233746875334918145
1233746844238458880
1233746842422317057
1233746670044745731
1233746636897181698
1233746587471556609
1233746440935104512
1233746424753524742
1233746288740573185
1233746243085570049
1233746239331667969
1233746195140562945
1233746084658319360
1233746003523702786
1233745997710462976
1233745942257512449
1233745917745995781
1233745737671958528
1233745731825041409
1233745668319195136
1233745650929618945
1233745648350060545
1233745632986324992
1233745601449381888
1233745547275665409
1233745487272071168
1233745468167008257
1233745304794619906
1233745279226126336
1233745201203752962
1233745199857389575
1233745174813118468
1233745009482006528
1233744974241521667
1233744974002479105
1233744755328200704
1233744719529857025
1233744663967870976
1233744483969269760
1233744327718965248
1233744301261279233
1233744270928072707
1233744254687682560
1233744146873176065
1233744130150412289
1233744017617227781
1233743909832085504
1233743900558405633
1233743882153795585
1233743646425571328
1233743590947524608
1233743504888811520
1233743284520071168
1233743275753984000
1233743260180455424
1233743254761459713
1233743183554760704
1233743156535005191
1233743012435546114
1233742966327586824
1233742895401795585
1233742758168481797
1233742758071894020
1233742594997473280
1233742414784929794
1233742352780529665
1233742325492408322
1233742303900114944
1233742255363633152
1233742174380007425
1233742131069620225
1233742072185835521
1233741970893426688
1233741862495752193
1233741848591654913
1233741784271982593
1233741706157346816
1233741679368327169
1233741633608437760
1233741397771137026
1233741391156719616
1233741343345774592
1233741320457539590
1233741264992030721
1233741189167407104
1233740864045932544
1233740849198051330
1233740819351449600
1233740766511534080
1233740672802402312
1233740596000567296
1233740572395003904
1233740555026391046
1233740522977710080
1233740513821548544
1233740506762502144
1233740462504239104
1233740312163557376
1233740309810614272
1233740232975159296
1233740212213338113
1233740036836876290
1233739976807981057
1233739866996957184
1233739847074025473
1233739842338664448
1233739819177725953
1233739782460772352
1233739764035129344
1233739695273783302
1233739662314921985
1233739505032712194
1233739486296707072
1233739409612210176
1233739319627702273
1233739276266942464
1233739251751227392
1233739229299167232
1233739195480510464
1233739181131796485
1233739071819862016
1233739013007298560
1233738957084602368
1233738896925741056
1233738799865323520
1233738793427009536
1233738792055582722
1233738724900556800
1233738671687454726
1233738607564906501
1233738597947396103
1233738561310121984
1233738483384057858
1233738464002289664
1233738438156877824
1233738434449203204
1233738432100405248
1233738402031427585
1233738181062909952
1233738085881581568
1233737962837422083
1233737872081145858
1233737789327499265
1233737633983090690
1233737542291349504
1233737474524041218
1233737368928243715
1233737330629976069
1233737281191714816
1233737121128747011
1233736868942024705
1233736821215023105
1233736720178466816
1233736709453598723
1233736454725099521
1233736444361019392
1233736400908013569
1233736379907047424
1233736337142009856
1233736298655035392
1233736271266230273
1233736258087784449
1233736102567141378
1233736043146465280
1233736035387035648
1233736022397267969
1233735937600999425
1233735916633690113
1233735741806653440
1233735661087272960
1233735485803114503
1233735469579501570
1233735449966981120
1233735404303585280
1233735386993745920
1233735320031703041
1233735307478151169
1233735269855244289
1233735250775363584
1233735240100782080
1233735220496683015
1233735210845470721
1233735207749963777
1233735090745860098
1233734950177968128
1233734879311015936
1233734863863320577
1233734856649117697
1233734845555249153
1233734819709935617
1233734793780768768
1233734750340308993
1233734624536399874
1233734563681177601
1233734556278239232
1233734419430756353
1233734267789815810
1233734247137107969
1233734230313766912
1233734176056205312
1233734147165900800
1233734094263083008
1233734075346833409
1233734071500640256
1233734054668914693
1233733904881856513
1233733855556882433
1233733696399839232
1233733653521412096
1233733516191584256
1233733459333591041
1233733440123609088
1233733364961742854
1233733266009665536
1233733059339603975
1233732844851277826
1233732806838190081
1233732782330908673
1233732725909213186
1233732718745325574
1233732690689634304
1233732353408761856
1233732247834054657
1233732150417121281
1233732108037873665
1233732090904092673
1233731902974124032
1233731865590235136
1233731736883822592
1233731619812511745
1233731577626157057
1233731532126347266
1233731531832725504
1233731076679446528
1233731060921442309
1233730979518267392
1233730529163436033
1233730443859636224
1233730356156739586
1233730220072603649
1233730188963389440
1233730091093549057
1233730047653052416
1233729900969852928
1233729881130831873
1233729794220711938
1233729705393692674
1233729652952268801
1233729581703581702
1233729359556550658
1233729358101196800
1233729339365171200
1233729284457582599
1233729209966776320
1233729143864537089
1233729112365289472
1233729097563594752
1233729018786205696
1233728941388529664
1233728907116937218
1233728869661913088
1233728867107508224
1233728779606003718
1233728672785453056
1233728668297572353
1233728598223269891
1233728457173012487
1233728350503526401
1233728263463297029
1233728213911851009
1233728182836191232
1233728101403807744
1233728068121960448
1233728060001746950
1233728032495546373
1233728026807898112
1233727911867318272
1233727856385105922
1233727720476962817
1233727696410157062
1233727684045344772
1233727617825681408
1233727568731201536
1233727537450246146
1233727389869465600
1233727355979542531
1233727329005862912
1233727325876912128
1233727233811939329
1233727139075231745
1233727070620069889
1233726835177000960
1233726773361303553
1233726752427565057
1233726653915901952
1233726493613752321
1233726490841374720
1233726397878820864
1233726351678504960
1233726273765224448
1233726165422084098
1233726127937593344
1233726121264504833
1233726064658124800
1233725811099865094
1233725787179749377
1233725750920056839
1233725726144237568
1233725679319109632
1233725660868333568
1233725629234925568
1233725611371352064
1233725532669448192
1233725471537410048
1233725462871977984
1233725438687612929
1233725356265349121
1233725343141433345
1233725259339182082
1233725164933742593
1233725061640728583
1233724860477693954
1233724837358690304
1233724760846209024
1233724697319297025
1233724676884631552
1233724646534582275
1233724616964820992
1233724531979771906
1233724379562958849
1233724343479394304
1233724341470273536
1233724315947978752
1233724259261960197
1233724245701734401
1233724067615772672
1233724043683037184
1233724025014276098
1233723895380926470
1233723674173300736
1233723670083899392
1233723483823247361
1233723475359125505
1233723456828690432
1233723374368706560
1233723267984347137
1233722955743535104
1233722914060603392
1233722883551244288
1233722793763713024
1233722768732164099
1233722537303040001
1233722411213893633
1233722406117793792
1233722388342345729
1233722224705769472
1233722212005355520
1233722197795049473
1233722147106848769
1233722056052748290
1233721736404885504
1233721684248662023
1233721520347852800
1233721478790688770
1233721249563643904
1233721233960816640
1233721209893924865
1233721138888552449
1233721112867069953
1233720971665772545
1233720960014077952
1233720919585120256
1233720919165669376
1233720896923168768
1233720696708182016
1233720543469326337
1233720523382829056
1233720469246881793
1233720394835746816
1233720146814013440
1233720080040677376
1233719996423065607
1233719910842404864
1233719731837861890
1233719714842578945
1233719669384761345
1233719667258208264
1233719643505860608
1233719634383265797
1233719611142606849
1233719595468574721
1233719575872757761
1233719515831291904
1233719440644149248
1233719417239937027
1233719308188082183
1233719124347572224
1233719029312950275
1233718995192295424
1233718960908009472
1233718902116495360
1233718884525649921
1233718818012266497
1233718721182666752
1233718690589421575
1233718684281163778
1233718262288060416
1233718252410372096
1233718204423376897
1233717971450810369
1233717832195747848
1233717814101467136
1233717797450125313
1233717633859670018
1233717527555067909
1233717431283179523
1233717333622915072
1233717240631046144
1233717187812130823
1233717145541971968
1233716924837761024
1233716915136319488
1233716793358848001
1233716753315831808
1233716745896112129
1233716738212220929
1233716676493008896
1233716649871790080
1233716393012424704
1233716367548985344
1233716364071837697
1233716174506090497
1233716042289029120
1233715990598471681
1233715730954276864
1233715554973863936
1233715532542758917
1233715490217918465
1233715471171686403
1233715430486925317
1233715414070374403
1233715369589846017
1233715297770668032
1233715226643779585
1233715193877803008
1233715170930757632
1233715077355839489
1233714945449132032
1233714831133478912
1233714819825569792
1233714763869323266
1233714757410185217
1233714616213164033
1233714598659985408
1233714551524331520
1233714525783851008
1233714319973650432
1233714271105822720
1233714073629577218
1233714025009221639
1233713994373963778
1233713915378442241
1233713899733737472
1233713790191054848
1233713658552823809
1233713638269169664
1233713513694212097
1233713251243962368
1233713226174599168
1233713200903970816
1233713104732786693
1233713032485888001
1233712996125433856
1233712990693871617
1233712948973068288
1233712754554523649
1233712691002429440
1233712642390360070
1233712584152535041
1233712548911996931
1233712535213412352
1233712353604198400
1233712351549042688
1233712324298625024
1233712130811146241
1233711998766022656
1233711875906580487
1233711844214419458
1233711841748099074
1233711802762047488
1233711605453590529
1233711570271731713
1233711547970703360
1233711256130981888
1233711025473687553
1233710774763257857
1233710610157842432
1233710577698123776
1233710376816082944
1233710354515009544
1233710285724299267
1233710256007655425
1233710232041394176
1233710210486882304
1233710186390544384
1233710130799222784
1233710071814742017
1233709984501948417
1233709890599882752
1233709873227091969
1233709783582216197
1233709776724426752
1233709768319152129
1233709758844194816
1233709738317185027
1233709732822732800
1233709705551282177
1233709665923555328
1233709609157844992
1233709592430944257
1233709578866626560
1233709526706249728
1233709518678364161
1233709325295792128
1233709320816275457
1233709251555741698
1233709162913247232
1233709130801647616
1233709066075111424
1233709039151919105
1233709028498382848
1233708947422564352
1233708931278610434
1233708872692649984
1233708871052595200
1233708818921553920
1233708792212328448
1233708781084827649
1233708744418234373
1233708592773156864
1233708583415623686
1233708551715147776
1233708446089981954
1233708428721360897
1233708413881896960
1233708269060993024
1233708255655976962
1233708239738605571
1233708126358118405
1233707996770963457
1233707971059879938
1233707873533857792
1233707858920976384
1233707834661101569
1233707783264129025
1233707704847421441
1233707544150933504
1233707458046107648
1233707418682642437
1233707340882436097
1233707329482379264
1233707293268725762
1233707286381637633
1233707280656457728
1233707243243220992
1233707163446628353
1233707160653238274
1233707133960622080
1233707128487063552
1233707111294685185
1233707088356036609
1233707078058958856
1233707023746899969
1233706990599376902
1233706951105826816
1233706947171569665
1233706920051200000
1233706915672346634
1233706901541658624
1233706875033718784
1233706855513444352
1233706825549336577
1233706748550295552
1233706727234789377
1233706639972278273
1233706625715843073
1233706544484757504
1233706506719256576
1233706500989816832
1233706371524235265
1233706294252625920
1233706257640546304
1233706168125661195
1233706139268849664
1233705972763369472
1233705970452267010
1233705812121358336
1233705670261837826
1233705502405779456
1233705462698332161
1233705458864664578
1233705260067233792
1233705071143157761
1233705067611672576
1233704967640428545
1233704843539296256
1233704807980032000
1233704769853804544
1233704708532994049
1233704666606731264
1233704509618212864
1233704490898948096
1233704458854555648
1233704398846595074
1233704379607396357
1233704260153552896
1233704256663949313
1233704190091943936
1233704177551003648
1233704169707593728
1233704110303727616
1233704071208611841
1233703907244814336
1233703781910618112
1233703640646475778
1233703629569347586
1233703499520712710
1233703292850622464
1233703194217385989
1233703176630669312
1233703105784664064
1233703051703324673
1233702969155182592
1233702894316158983
1233702878650523648
1233702854671716353
1233702829631721473
1233702826762784769
1233702717161398273
1233702663822462976
1233702474608992256
1233702474474827776
1233702461879222273
1233702459257884674
1233702338709331968
1233702268312137728
1233702178688204806
1233702080067579904
1233701896839475200
1233701873640771584
1233701866598469632
1233701844607737856
1233701830783389696
1233701790975168512
1233701654542929923
1233701521210081280
1233701411562704900
1233701340544688129
1233701296340918278
1233701286551400448
1233701274954104833
1233701274341826560
1233701204611489793
1233701193454686208
1233701097715503105
1233700993369505792
1233700964646998018
1233700947639054336
1233700849345495041
1233700759981772800
1233700757620371457
1233700724640534528
1233700658957684738
1233700493492400128
1233700490078248960
1233700485317775362
1233700368577650689
1233700277376737281
1233700264307314688
1233700210360094720
1233700197189984256
1233700158313041920
1233700124855095296
1233700098468651008
1233700050670379008
1233700048858484737
1233699956998930435
1233699860848824320
1233699824467415041
1233699817878106112
1233699812836552707
1233699789860147200
1233699751008317440
1233699604987858944
1233699488658853894
1233699460384989185
1233699289202921472
1233699166821507072
1233699131601887233
1233699106973011968
1233699042598760450
1233698919646998529
1233698852181565440
1233698816865554432
1233698798389645312
1233698714323210240
1233698648850038784
1233698609587261445
1233698576489996289
1233698515844501506
1233698482185232384
1233698301872156674
1233698231428829184
1233698204752936961
1233698121487732736
1233698121479311360
1233698116274094080
1233697995901804544
1233697949420486656
1233697935227006982
1233697923327823872
1233697809280458754
1233697785817522178
1233697715533570049
1233697658507841536
1233697623229521920
1233697346514493440
1233697316302880773
1233697299659927553
1233697290403139584
1233697284384272384
1233697258983624706
1233697213693464576
1233697138808442882
1233697096026464256
1233696932968697857
1233696877201195011
1233696862936457217
1233696862105952256
1233696772263960576
1233696767432151040
1233696710309838849
1233696696745549824
1233696609067847681
1233696367148781569
1233696351013212160
1233696217315627009
1233696149883772928
1233696001392889856
1233695969708998656
1233695832765009924
1233695612136284160
1233695612102676480
1233695440320827393
1233695401988980738
1233695376244453376
1233695314227404800
1233695303213121536
1233695006793359362
1233694962404995078
1233694889830948865
1233694849087541249
1233694847686643713
1233694605465530369
1233694546636234752
1233694520912596992
1233694509554335745
1233694462439821312
1233694457259855873
1233694434589650945
1233694356474859522
1233694276258848769
1233694262157598720
1233693824989507584
1233693663554887681
1233693658156691456
1233693566247014400
1233693482843279360
1233693419492519936
1233693377264267265
1233693186893271040
1233693074867486722
1233693016013070338
1233693009562292224
1233692899457585152
1233692864376459264
1233692762752659458
1233692732377509891
1233692482233389056
1233692463409352705
1233692434137329664
1233692384078286848
1233692342470705152
1233692266893578245
1233692264687439872
1233692241937551360
1233692229883047936
1233692199285657604
1233692095505993728
1233691989364879360
1233691941101015041
1233691794602414080
1233691768903913474
1233691620664651776
1233691589119180801
1233691485108867082
1233691445804052481
1233691359229378561
1233691309325549569
1233691305693392897
1233691203943706624
1233691141872259072
1233691123257954304
1233691019239137280
1233690905804247040
1233690871918481408
1233690735528030209
1233690709108105217
1233690692645462016
1233690511392870400
1233690241908854784
1233690154323382272
1233689989499772930
1233689962777923584
1233689919840825344
1233689812722470912
1233689800001101827
1233689788571701249
1233689761400971265
1233689663141031936
1233689640458166273
1233689538708549633
1233689537559306240
1233689503375790080
1233689461982220288
1233689441815973888
1233689428939411456
1233689403844943874
1233689392046276609
1233689350346506243
1233689288098951168
1233689202119913473
1233689201738178562
1233689105357246464
1233688910221496320
1233688856937058305
1233688814763364352
1233688797327523840
1233688774258851840
1233688765652140032
1233688729962897409
1233688726703874048
1233688704306368512
1233688509715828736
1233688328085655552
1233688238377852929
1233688149123117057
1233688113865723904
1233688051198693376
1233687959314083840
1233687906956533760
1233687868616433664
1233687771535020032
1233687630350602240
1233687563929608194
1233687496308871168
1233687406135693312
1233687279664795649
1233687072264933376
1233686940580556800
1233686745209884672
1233686722837385216
1233686686904786944
1233686636573143040
1233686592230973440
1233686557846114305
1233686538103468032
1233686317336322048
1233686234939215872
1233686223841120256
1233686158477004800
1233686121135120384
1233686037303627776
1233685876569452545
1233685875306958848
1233685796059783169
1233685721040478209
1233685631085219845
1233685574269140992
1233685558372786178
1233685499501563904
1233685435811061761
1233685341674057728
1233685305355591680
1233685273575411712
1233685168256405505
1233685120621654016
1233684994863894528
1233684992171106304
1233684908104704001
1233684859551350785
1233684829939621889
1233684820284321792
1233684695776452608
1233684646086483968
1233684617527529473
1233684607079526400
1233684597336150017
1233684577350246400
1233684556798201857
1233684553690120194
1233684529287761920
1233684479790678017
1233684418176389121
1233684204581507073
1233684180610973696
1233684149443219456
1233684132426919937
1233684021755944966
1233683974914035712
1233683946841550848
1233683901861724160
1233683762459947008
1233683705459286016
1233683615520870401
1233683508381573120
1233683495500775424
1233683355113267200
1233683354593177604
1233683310343311360
1233683296472702982
1233683237542809600
1233683214134337536
1233683165857886208
1233683057200304128
1233683052804608001
1233683046957756416
1233682870625034241
1233682848751800320
1233682783899443200
1233682740337430528
1233682738651238400
1233682702953480192
1233682676248387585
1233682611719016448
1233682492873486338
1233682440205611008
1233682377718800385
1233682360958439425
1233682193991553029
1233681779787227136
1233681735218581504
1233681721125752834
1233681700397494272
1233681679581138945
1233681593501454338
1233681561851244544
1233681514761801728
1233681469891076096
1233681254257766401
1233681184728780804
1233681183663382528
1233681110250467330
1233681035944189953
1233681020781780992
1233680991958568961
1233680930960822274
1233680860676792320
1233680788497076224
1233680780930535429
1233680716787003401
1233680693860995072
1233680688060215296
1233680567201402880
1233680276733222913
1233680249864564736
1233680146290348032
1233680090875207685
1233680006620033024
1233679813833109506
1233679790995013634
1233679644899127296
1233679636502110208
1233679563823222784
1233679366057611264
1233679350811316224
1233679329315500032
1233679124868337664
1233679123094163456
1233679111576604673
1233679070900183041
1233678964612354048
1233678912921784320
1233678846991400962
1233678700568248320
1233678597950443520
1233678566627401730
1233678564106670082
1233678484674895872
1233678447819534337
1233678427896590337
1233678385114746880
1233678327057207296
1233678300704362497
1233678261684707329
1233678234765664256
1233678173507854336
1233678092096491520
1233677837896429568
1233677814685147136
1233677810205675520
1233677707424169985
1233677631838728192
1233677612096073731
1233677542873337856
1233677527194972160
1233677527073382400
1233677404331266048
1233677401688854529
1233677318071181313
1233677215314960384
1233677206653669376
1233677115633131521
1233677098994348033
1233677085476114432
1233677024746758144
1233677023501062144
1233676981855772673
1233676943826001921
1233676930848903168
1233676862804709376
1233676839962529793
1233676705514086405
1233676696806707201
1233676685192679424
1233676666280562688
1233676588161683456
1233676537142169605
1233676457618104320
1233676440471851008
1233676431043026944
1233676410054696960
1233676373719441409
1233676366232662019
1233676330790785024
1233676279884472321
1233676144303628289
1233676124544290816
1233676101458812929
1233676073226948608
1233675991660318720
1233675826434105344
1233675740853555200
1233675675464327168
1233675606014996480
1233675583294464002
1233675575530807297
1233675397830758400
1233675373705125889
1233675361881329664
1233675254549098496
1233675247720783872
1233675005701083136
1233674952181788672
1233674940597112834
1233674892693921792
1233674799420989440
1233674752599973889
1233674581136855040
1233674543320961024
1233674479294930946
1233674413368922112
1233674347346374656
1233674119633362944
1233674079896588289
1233674079095357440
1233674035072032768
1233673948149288960
1233673858273697792
1233673760273838080
1233673738501095424
1233673284035792907
1233673219808415744
1233673068498825216
1233672918627966978
1233672849967263745
1233672832120479744
1233672711701966848
1233672702747140096
1233672686460710912
1233672685177245696
1233672657054445569
1233672620853219330
1233672577190682624
1233672482365857793
1233672469124440065
1233672410169270275
1233672398333005824
1233672198520496128
1233671989920964608
1233671965216559104
1233671810526457857
1233671809544916992
1233671543420604416
1233671517780762624
1233671513674526720
1233671491880914944
1233671429884915712
1233671375216414720
1233671295004483584
1233671264147050496
1233671116515954688
1233671015760355328
1233670845748432896
1233670834058858498
1233670529862770689
1233670455149637641
1233670342754717696
1233670332474626048
1233670263683928064
1233670186231832576
1233669997161074688
1233669961190649857
1233669948339257345
1233669863496876032
1233669586840621056
1233669455684808705
1233669451821830144
1233669069838209026
1233669038548639744
1233668780695465985
1233668765306556416
1233668760919322624
1233668569038229504
1233668345427300353
1233668206721675264
1233668153298825216
1233668138937593857
1233668007383138304
1233667926227652608
1233667795231150080
1233667635621044226
1233667587558473728
1233667466485784577
1233667331160707072
1233667162281316352
1233666877110521856
1233666718502998017
1233666689193172994
1233666634340012037
1233666627637522432
1233666558976811009
1233666472993599488
1233666436171812870
1233666406820073472
1233666378714042368
1233666333113540609
1233665979999293440
1233665844711972864
1233665488149938178
1233665484358332417
1233665408693088256
1233665352690814976
1233665242711891970
1233665062356836352
1233664941258924032
1233664839530270720
1233664797004238848
1233664613612429312
1233664573863014401
1233664470293131271
1233664457441763328
1233664397341593601
1233664308292280322
1233664284418285568
1233664207280902144
1233664139064758272
1233664066415136769
1233664022832205825
1233663793789624321
1233663737279778816
1233663724080246784
1233663703582674946
1233663680312725504
1233663616433434624
1233663590462377984
1233663529758187521
1233663508459421696
1233663505796075520
1233663483381768192
1233663375764328448
1233663227122397184
1233663192829693952
1233663096570380288
1233662921588314112
1233662913862393856
1233662849064558593
1233662810929889280
1233662489000390656
1233662276957298689
1233662110883860480
1233662079183335426
1233662053778370560
1233661843274686465
1233661801444859904
1233661709405032448
1233661628215894017
1233661561862074368
1233661465950814208
1233661290326962176
1233661191668584448
1233660925372256256
1233660869327847429
1233660853205028865
1233660774159200256
1233660749735759872
1233660747999252480
1233660135907692544
1233659920471482369
1233659862799855623
1233659757132746752
1233659755371155456
1233659711012134913
1233659708319436801
1233659386834358272
1233659334522892290
1233659204130484224
1233659082789265409
1233659065873686528
1233658844288516097
1233658833509195776
1233658802051932160
1233658797148774400
1233658682208145408
1233658655846912000
1233658619419385857
1233658505304903680
1233658377336696834
1233658332512215040
1233658277977681924
1233658234055151616
1233658233673392128
1233658065066561538
1233657908086353921
1233657873470828545
1233657871772065792
1233657824288411648
1233657777882587136
1233657465188777986
1233657270510198786
1233657236188209152
1233657205305565185
1233656979102617601
1233656935452418048
1233656891785596934
1233656823342882822
1233656803373834240
1233656629062774784
1233656417023856640
1233656291337396224
1233655979528597505
1233655889472688129
1233655834200231936
1233655774645231617
1233655593421938689
1233655588640481281
1233655459464253440
1233655176621412353
1233654956948889601
1233654947260047360
1233654933746003969
1233654924237529089
1233654489715965952
1233654390738780161
1233654110810931200
1233654022067888128
1233653931391188992
1233653845810528257
1233653791863574529
1233653738256162816
1233653696816349184
1233653590448844800
1233653454712770560
1233653396860809216
1233653343542751232
1233653271937658881
1233653170397728769
1233653161312870402
1233653020438728704
1233652689101348865
1233652482594820096
1233652405184667649
1233652125961461760
1233651984219111425
1233651895161565186
1233651825586384897
1233651322454511616
1233651310098100226
1233651214568521729
1233651106355523584
1233651061107412993
1233651028760899584
1233650955054436352
1233650930639425537
1233650889375780864
1233650851140468741
1233650802633383936
1233650771562029058
1233650613185064960
1233650563759398912
1233650294623473664
1233650084212027399
1233649856067112960
1233649813935263745
1233649781148409857
1233649715536965634
1233649667155660800
1233649570992807936
1233649410732707840
1233649327282753536
1233649141466763265
1233648986537500673
1233648832870801408
1233648813493145600
1233648715862364162
1233648601525620737
1233648560429838336
1233648480754819084
1233648377830703104
1233648341076074496
1233647969246728193
1233647389560442892
1233647073003626497
1233647036442062848
1233646927075516417
1233646795684827136
1233646772230160384
1233646677598392322
1233646650733797376
1233646555632152576
1233646545020620800
1233646266141290497
1233646006828445698
1233645840708882432
1233645715290820609
1233645691530043392
1233645690619863040
1233645690070425601
1233645689164509184
1233645688355008512
1233645642578366465
1233645640443400193
1233645600924631040
1233645457068478464
1233645420410265603
1233645141879074817
1233645067266592768
1233644823007186944
1233644766308511749
1233644746276589568
1233644606551732225
1233644415371141121
1233644414712582144
1233644381644689409
1233644075963777025
1233643860695420929
1233643636786679808
1233643491328172032
1233643462202920961
1233643398722138113
1233643389855420416
1233643319286272003
1233642874799083520
1233642780964085760
1233642770650345477
1233642680460161029
1233642486809137154
1233642285662949377
1233642222752608256
1233642196034838528
1233642045417426945
1233641555065495552
1233641412773761026
1233641371497451524
1233641276756631556
1233641204522332160
1233641200231571456
1233640740166742016
1233640623573544960
1233640497358528514
1233640345755410433
1233640277392470023
1233640255657476097
1233640153299771393
1233640137898307584
1233640038900142080
1233639985158459392
1233639983602425856
1233639146599657473
1233639068791189505
1233639058687000576
1233638837760516096
1233638823889899521
1233638030679904257
1233638012866744320
1233637471163949056
1233637313609129984
1233636932040744960
1233636836259586048
1233636752176357384
1233636751236878338
1233636750699962368
1233636750146363392
1233636749508857856
1233636748988702720
1233636317944303616
1233635029261127680
1233634598271279104
1233634453165105154
1233634436069183488
1233633967364067329
1233633666426953730
1233633596285636608
1233633272896335878
1233633074551889921
1233632970180890624
1233632809945849856
1233632285586575360
1233632117424259072
1233631932598145024
1233630904012152832
1233630698898182144
1233630583781232642
1233630326292992001
1233630041990422528
1233629370327150593
1233629201971937283
1233628498658496513
1233628233414959106
1233627892396912641
1233627783722651648
1233627655817351168
1233625637421666306
1233625311876612098
1233625163918381057
1233625118645071872
1233624198381174784
1233623311608840192
1233622869562753026
1233622190064533505
1233621619681222656
1233621333591969792
1233620604231835648
1233620439471153152
1233620293329018880
1233619708265607168
1233619201342005249
1233618667893592065
1233618427824295936
1233618279496912896
1233615478096089088
1233615082556416000
1233614283000422401
1233610615920480256
1233609742435651584
1233607917695381504
1233607828344123398
1233607654909587456
1233607258539536384
1233606599278813184
1233605202483318785
1233601927721766912
1233600706524762113
1233599798718103552
1233599557252124672
1233598497435287565
1233596894447898624
1233595532494409729
1233593858346319873
1233593203380670464
1233591058593964032
1233590130100916224
1233589820557053952
1233588286200983553
1233586954232586240
1233586951296557057
1233586008287039490
1233585188476792833
1233584577429561347
1233584385531596800
1233583851315908608
1233583318098227200
1233582901163429888
1233582857408282624
1233582563853262848
1233582464590852096
1233580656409694211
1233579039933239297
1233577778768941057
1233577232041467907
1233575249045839872
1233572883764563969
1233570168602857472
1233569596784939009
1233569445219643393
1233569087583870980
1233566124094164994
1233564312381403137
1233564029907427328
1233563703208902656
1233563667700092934
1233563577308631040
1233562467361529857
1233562436231405568
1233562316999884800
1233561269569048577
1233559352352628736
1233559260883308545
1233558692299235328
1233557706012798976
1233556679616290818
1233556358294888448
1233555864293957639
1233555719049424898
1233555405487386624
1233555149538328577
1233555143020470276
1233553853653667841
1233553147857121287
1233550703949418497
1233550692138311681
1233550331289665537
1233550273110577152
1233549860063805441
1233549555058270209
1233549260773306369
1233549256683905024
1233548838088192002
1233548777010737157
1233548325837770752
1233548144002113536
1233547342181273602
1233547313836183554
1233547313114734593
1233546948721942528
1233546490724995072
1233546397527441410
1233546257039269890
1233546206250520576
1233545850816737282
1233545750212218881
1233545362448822275
1233545314247811072
1233545080230883329
1233545041571958785
1233544738441224192
1233544401865125896
1233544391337422849
1233543495882854401
1233543484344348677
1233543396855369728
1233543183692378114
1233543090524303360
1233543073935872006
1233542950245761025
1233542645865119745
1233542572901097474
1233542503116279815
1233542464230895617
