1229555611102306304
1229554155213246464
1229553266188574720
1229551785720918016
1229551702174511106
1229550980225814530
1229549494007627786
1229547105015955458
1229546662428913668
1229544915266306048
1229544617290412038
1229544470099775489
1229542946560708609
1229542561750102018
1229542099005005824
1229540791422504960
1229540686128668675
1229540395572482054
1229539713775783936
1229538950840299523
1229538644878352384
1229538389986283520
1229537111277277189
1229536903352999937
1229536541430763521
1229535696651722752
1229535598328918024
1229535482935115776
1229535340882546694
1229534750479732737
1229534023405494273
1229533568449351681
1229533512425930752
1229533416258965509
1229532360221347843
1229532325622505472
1229532298124632069
1229531966577528832
1229531803096100864
1229531766404374528
1229531755830501379
1229531732883496962
1229531428314112002
1229530223743557632
1229529923506884610
1229529907543318535
1229529836798054403
1229529559005106177
1229529108931076097
1229528672706682882
1229528655333818369
1229528138767572993
1229528064327069698
1229527808881418241
1229527124253532160
1229526710485487623
1229526421476958209
1229525558947667970
1229525501804523529
1229525116113031168
1229524929017786370
1229524288337797120
1229524134297772034
1229523423547752448
1229523374474514437
1229522401194659840
1229521781809188865
1229521177032503297
1229521040616968192
1229520832214523909
1229519926945353735
1229519827745808386
1229519597897949185
1229519303042588672
1229519119499890688
1229519037413150720
1229518183159169024
1229518079446724613
1229518006969040896
1229517767705010177
1229517600767586305
1229517432903086080
1229517145794473984
1229516806576070656
1229515963634274304
1229515699426660354
1229515393489920001
1229515249658867712
1229514850784686083
1229513055001808896
1229512537336680448
1229512423956271104
1229512420231647233
1229512407732674564
1229512057533476864
1229512053586526211
1229511961639096326
1229511562936930304
1229511546562318338
1229509807754956801
1229509022820323330
1229507708690272256
1229506790594949120
1229506750421884928
1229506575397724166
1229505824466391041
1229505759940993024
1229505523181084672
1229505479971409922
1229505005247455232
1229504681195581443
1229504514887122947
1229504248716648449
1229503953181773824
1229503895543656449
1229503804715999234
1229503127986065412
1229503076882624512
1229502935001960448
1229502584173596672
1229502091758120960
1229502075094159360
1229501984467755010
1229501548662792192
1229501173012586498
1229499711457026050
1229499498214436864
1229499461648470016
1229499301719683072
1229498810784722954
1229498567938760704
1229498108519878657
1229498032078585857
1229497975845670912
1229497787286507530
1229496549706739712
1229496421805690881
1229496097623678978
1229495733222461440
1229495693452218369
1229494738568478720
1229494708726091777
1229492252721975297
1229491208994594816
1229490783318872066
1229490713911549956
1229490604629004289
1229490448881848320
1229490164508102662
1229489562386337794
1229489515330523136
1229489496422539264
1229489121518813184
1229488740097093633
1229488407769907203
1229488320343891970
1229488094526787585
1229487199021867011
1229486531271892998
1229485569438289920
1229485387783032832
1229484791420067841
1229484663300857859
1229484388670484480
1229484120637689856
1229483525910487045
1229483139640287233
1229483001152786432
1229481859198918658
1229481736167415819
1229480957838856193
1229480072983105539
1229479576411222018
1229478923915927554
1229478149639098370
1229476576053559297
1229475908488224769
1229475472158994432
1229474457263185920
1229474001866698753
1229473748694306816
1229473212402151424
1229472750168834048
1229472736814288902
1229472656048697352
1229472299138666496
1229471879473307648
1229471667421839361
1229471278203056128
1229469728688787457
1229469199535411204
1229469103691309056
1229468817971195904
1229468765664010242
1229468535895863297
1229468158664347653
1229468099386204161
1229468001256329221
1229467598678581253
1229466754281328640
1229466286968786944
1229466190302543872
1229465917572206593
1229465385130496006
1229463493650325504
1229463272010764299
1229462735672553473
1229462604835368961
1229462282310234114
1229462112348536833
1229462053531930626
1229462019092422656
1229461964847448064
1229461955867561984
1229461726627876865
1229461551364616192
1229461496427667458
1229461151676801024
1229461141967036420
1229460991387193344
1229460868800434176
1229460835799568384
1229460326061662208
1229460309808578560
1229460068426489857
1229459975958822913
1229459627487703041
1229459482981347330
1229459447136882693
1229459314013765632
1229458441330200578
1229458286904250370
1229458042611044353
1229458030993059842
1229457867952009221
1229457368280371207
1229456453901176833
1229456388826550274
1229456265589534723
1229456030955966465
1229454560978182147
1229454262658310148
1229453869614276609
1229453586674921475
1229453366155194368
1229452871130927109
1229452822061735936
1229452248301887488
1229452042726498307
1229450957030907905
1229450777942544384
1229450714222559232
1229450652755070976
1229450467752730624
1229450448719024128
1229450135563882498
1229449830507991044
1229449572000391174
1229449390198329346
1229449342530080770
1229449317515235329
1229449167044595713
1229448954460372993
1229448932855558145
1229448422865985542
1229448260651188228
1229448066442432512
1229447630817832962
1229447188276707329
1229446842930409473
1229446822164340738
1229446711166296065
1229445609020706817
1229445561708957697
1229445498962153477
1229445129821401088
1229445001702203407
1229444787864055810
1229444603675316224
1229444593789394944
1229444235662897153
1229443449306394630
1229443327050878976
1229443299469123584
1229443031444619264
1229442483056267264
1229442397974794241
1229441432924172288
1229440063441907712
1229439722558283781
1229438991730184192
1229438726411030529
1229438182648840192
1229437804180123649
1229437649615753218
1229437624869412864
1229437216537153537
1229437011007885313
1229436771416625159
1229435736606330880
1229435622810624000
1229435422171975681
1229435201018880002
1229434254578327552
1229433746639794177
1229433493962272769
1229432755345338368
1229432626743795713
1229430936091189248
1229430807095324672
1229430591646556161
1229430102418710528
1229428778239221760
1229428669585772548
1229428641764904960
1229428563851563009
1229428417013190657
1229428256430084096
1229427413110677504
1229427311474356224
1229426884913647617
1229426864353161218
1229426232804155393
1229425907988746240
1229425580229189632
1229425443247398919
1229424187929976834
1229423810060988417
1229423530640580609
1229423232312397824
1229423203212197890
1229423092495257600
1229422918909730816
1229422763900833792
1229422577757687808
1229422415807205376
1229422256402632707
1229422238333534208
1229421942249312256
1229421940630282246
1229421714917994497
1229421109495332872
1229420381532020741
1229420377174106113
1229419563781103617
1229419258561650688
1229419020073525260
1229418826070155265
1229418776707375104
1229418281175523329
1229417888785846274
1229417094313336832
1229416258166312961
1229415497873186817
1229414652800532480
1229414377926922240
1229413701742202881
1229413623531024384
1229412995354198018
1229412829528195073
1229412702868692992
1229412562913153031
1229412480746754049
1229411741852930049
1229411449480544256
1229410204967718913
1229408756494209026
1229408195040468994
1229406855451095041
1229406673581826048
1229406604749131776
1229406573392486406
1229406316197707778
1229405696984219648
1229405380612104198
1229404978575527936
1229404937358061568
1229403926275018753
1229403319954812933
1229403240103583745
1229403136848207873
1229402858438696961
1229402855204958208
1229402810376228874
1229402465927335937
1229401668195946496
1229401492572049408
1229401473701863424
1229398018085908484
1229397802448543744
1229397371060183041
1229397300017016834
1229396374099308548
1229396186764804099
1229395877409763333
1229395771176386560
1229395004638060544
1229394862123909121
1229394419239063555
1229394397176922112
1229394225839693824
1229394222769463299
1229393997040357377
1229393741351395333
1229392758558818304
1229392621300305927
1229392393578975234
1229390578053500928
1229390332913242114
1229390331856195584
1229390330866343936
1229390329763258370
1229389944604459014
1229389884743442432
1229389868947603457
1229389582476681216
1229389546149814273
1229389400099971075
1229388608731336704
1229388544826839040
1229388183558860800
1229387915912007680
1229387915307995144
1229387208156745729
1229386911657218050
1229386852945154050
1229385562773184512
1229385501557379075
1229385291011674112
1229385288671268867
1229385275324932096
1229385066016641025
1229384868078985217
1229384236911792136
1229383622123229184
1229383163115442176
1229382726429659136
1229382150023192576
1229382075083563008
1229381875115974656
1229381216463441920
1229381029498179585
1229379586426884096
1229378906370854915
1229378497744908288
1229377945896202240
1229377744137576448
1229376538870767616
1229375820352888832
1229375756465311744
1229375336116301824
1229375115219128321
1229375071107637253
1229373669685825536
1229373616871137280
1229373605286416386
1229373336385474560
1229372873615314945
1229372777423089669
1229372446303752193
1229372383254937600
1229372256696094720
1229370440994447361
1229370316398514176
1229369937497595904
1229369829708226561
1229369377197318144
1229368669291057152
1229368167752966145
1229368105727614976
1229367566801481730
1229363730527420416
1229362435728998401
1229362372655112198
1229362370364964864
1229361952473960448
1229361170001338368
1229361163374354438
1229360135967051778
1229358988313219073
1229358389525872640
1229358093873680384
1229357791208497153
1229357232816611330
1229357195487326209
1229356755433541632
1229356716518760449
1229354846446407683
1229354547090423808
1229354482624016384
1229353718291795968
1229353667788201986
1229353326178947075
1229352742969397253
1229352379767717888
1229352188046192641
1229351804003082240
1229351113306071040
1229351045391880192
1229350987116220416
1229350975753854976
1229349278843330560
1229348716009705472
1229348293811064832
1229348087447130112
1229347633459867648
1229346315605364743
1229345936805187591
1229345556465672193
1229345453877141505
1229344685585522689
1229343927225978880
1229343621163421696
1229343304803913729
1229343227620286464
1229342376646389761
1229342321470246912
1229342300251226112
1229342115068600320
1229342083644870656
1229341600293249025
1229341460958457857
1229341331673186305
1229340243272327168
1229339540155924482
1229339033983234050
1229338984989577216
1229338893218205696
1229338078562705413
1229337969775042561
1229337925961342977
1229337104045477888
1229336645540945920
1229336627966816256
1229336334269059072
1229336241168093184
1229336229260427264
1229336200412041216
1229336113065709569
1229335698270019584
1229335394380079104
1229335379960115200
1229335336872022016
1229334613895585792
1229334039909339137
1229333831611822081
1229333319080386561
1229333295864975362
1229333212494802945
1229333099705708547
1229332874178027521
1229332729185132544
1229332477933707264
1229332477577175045
1229332338368184323
1229331541672808448
1229331205042163712
1229329915948027906
1229329698972368906
1229329076743233541
1229328642548826113
1229326198754488320
1229325834202361857
1229325705286225920
1229325306328231936
1229324090537893889
1229323446351515648
1229322322647097345
1229321800053596166
1229321441574838273
1229320197481336832
1229320114874568704
1229319832354611201
1229319357517516800
1229319084665442304
1229318610218373120
1229317722862997504
1229317673961521154
1229317191692144640
1229316570456915969
1229316545718947842
1229316530330128384
1229316355649888256
1229316164939141124
1229316146672918528
1229315559881420800
1229315161099509760
1229314890738872320
1229314790188818432
1229314772153315328
1229313514134818816
1229313205790339072
1229313084474429440
1229312298948399105
1229312093054275584
1229311876611395584
1229311791123124227
1229311554539134976
1229310367660113925
1229309831808417792
1229309487112245248
1229309017132060672
1229308379392335872
1229308072868401152
1229306533416140800
1229305314681540609
1229304808470982656
1229304222308536320
1229304129945841665
1229299009937924097
1229297397714636800
1229297350256070657
1229297142461845504
1229296938509635584
1229296905752055808
1229296827704467457
1229295593538883584
1229295080248401920
1229294915030568960
1229293849215979521
1229293800968871937
1229292885876584448
1229292655223476224
1229292556158197760
1229292186459570176
1229292062421475328
1229290912150380544
1229290642884431872
1229290571707097088
1229289718543798272
1229289457301557253
1229289402439999489
1229289079713476609
1229288845927231488
1229288815090716672
1229288773420273664
1229287808407408642
1229287657378918400
1229287464461832192
1229285897792827392
1229285494342791168
1229285453582471169
1229285353758035968
1229285306429390848
1229284759181852673
1229284274425225216
1229283874817105920
1229282839964901376
1229282273255665665
1229281829770932225
1229281185270050816
1229279817381666816
1229279214911852545
1229277879021850624
1229277780296245248
1229273905786957824
1229273771233759234
1229271328995315713
1229271162519195648
1229268133682307072
1229268029621624832
1229266073868013569
1229264708366209027
1229263423806017542
1229262770719293440
1229262558684753920
1229261920513003523
1229261574814171137
1229257734694014977
1229256648369344512
1229249009123983360
1229239455879483393
1229237532484866048
1229235027638194178
1229229432365338624
1229229008291844097
1229226489889075200
1229223852728823809
1229214632381964288
1229212563826716672
1229209856151867392
1229209657413074945
1229209135104872448
1229207407634649096
1229204821435088896
1229198496374444032
1229196795928088576
1229196516256047105
1229196037480472577
1229196017641410562
1229195723192832001
1229195168181575680
1229193781741793282
