1224120126989127680
1224119667171700736
1224118760841367554
1224118381919469569
1224118298880638978
1224118046962454528
1224117819962482690
1224117804485545990
1224117769895059456
1224117476461629442
1224117266289176577
1224117253299408898
1224117217823948804
1224117174559760386
1224116854052085762
1224116555186876416
1224116071885680641
1224116030584258560
1224115126237892615
1224115069061124096
1224114914568167424
1224114356302106624
1224114349058424833
1224113935827243008
1224113647422787584
1224113607342010368
1224113533719318528
1224113425179185152
1224113192886063105
1224112381288157184
1224111994892103680
1224111778172416006
1224111553202589696
1224111235211448321
1224110859410120704
1224110275567280130
1224110177613438976
1224110160488079361
1224109604063326210
1224109576179650561
1224109403722407936
1224109308683726849
1224109294515376133
1224108924808331266
1224108877890904065
1224108723687297032
1224108287639146496
1224108279829356545
1224108181342818306
1224107521843089408
1224107286219710465
1224107030635515904
1224107030203465729
1224106974763278337
1224106714087161858
1224106666276290562
1224106536827596801
1224106414983041024
1224106242454511617
1224106229829656576
1224106228499898368
1224106201857908736
1224105905328881664
1224105770897289216
1224105343548121093
1224105276917407746
1224105269115990017
1224105131693805575
1224104982510809089
1224104957185576960
1224104757465374721
1224104529404231686
1224104506897637376
1224104345928683520
1224104157029847040
1224104003442823169
1224103588839948288
1224103580510097408
1224103292684455936
1224103286279753728
1224103252347752448
1224103193430437890
1224103170458161152
1224103018632826885
1224102964664709120
1224102840462905344
1224102554201743360
1224102536287805440
1224102126214942720
1224101987412860936
1224101916772372481
1224101825890177025
1224101661200785409
1224101428756721664
1224101392333320194
1224101184929222661
1224101135876837377
1224101030255824897
1224100658862862336
1224100522661203969
1224100327152148480
1224100297548750848
1224100171870588928
1224099751576195077
1224099728016789504
1224099565462335489
1224099349480837120
1224099269357002752
1224099261144608769
1224099232975589377
1224098942692003840
1224098804737232903
1224098399982481409
1224098317606453249
1224098310677573639
1224098166284476428
1224098134369931270
1224098046977421312
1224097932397490176
1224097914592681984
1224097903481888768
1224097860003749888
1224097647612583936
1224097599604580353
1224097508235923459
1224097456205582336
1224097382717186049
1224097378837372928
1224097200743075843
1224097015753269249
1224096889718571009
1224096576483753986
1224096511648157696
1224096495995097090
1224096473861828612
1224096397571579906
1224096225760358403
1224096063247867911
1224095701472366593
1224095505870938114
1224095253763952645
1224094951056736258
1224094779442651137
1224094568871792640
1224094508192878592
1224094404971061248
1224094383005425669
1224094203464032256
1224094160833085440
1224093982218690560
1224093850844704769
1224093843504713731
1224093634536013824
1224093464993976320
1224093404067508232
1224093341987606528
1224093295833427968
1224093208583471104
1224093126014513152
1224093101330923521
1224093092082528256
1224092950533234688
1224092926415904769
1224092915976359941
1224092837102391296
1224092805775216643
1224092779099426816
1224092731770916864
1224092464547532801
1224092011013210117
1224091954125967360
1224091856067289090
1224091812240986112
1224091775989682176
1224091773867298822
1224091356236341248
1224091319242493953
1224091306282168320
1224091300565262338
1224091071057158150
1224091041902493697
1224090837677723649
1224090709961138176
1224090634589495300
1224090420340236289
1224090397573558274
1224090385225482240
1224090319945457665
1224090203280855046
1224090145357430784
1224089904348569600
1224089770407624705
1224089750811873281
1224089665000656897
1224089551649546240
1224089532141842434
1224089403619934209
1224089302205894657
1224089113634144262
1224088938354110465
1224088919605678088
1224088865100746752
1224088808569888768
1224088712797093889
1224088525546696710
1224088519460687873
1224088403249188865
1224088384022380545
1224088344717602817
1224088336899493891
1224088326501814282
1224088081571176449
1224087940407734272
1224087930035232773
1224087788783575042
1224087590632071171
1224087136166727682
1224087073025601536
1224087029945905152
1224087014183768065
1224086928854831111
1224086881383649283
1224086727612096512
1224086608842051586
1224086544820199424
1224086466676117504
1224086280448946176
1224085827438940160
1224085780005556228
1224085764402753537
1224085550379892736
1224085479756324864
1224085455353917440
1224085335480721409
1224085295164993536
1224084733304373253
1224084647023468544
1224084563837825024
1224084537350795266
1224084411249020929
1224084385185529857
1224084151730688002
1224084148912054272
1224084099175981058
1224083904652546048
1224083645239087104
1224083609432338433
1224083608136228864
1224083560463728643
1224083492264456192
1224083480637734914
1224083402527268866
1224083229499707392
1224083207999586304
1224083180480794624
1224083178689830912
1224083172704575489
1224083146108555265
1224083133051613190
1224082991263207425
1224082937467023360
1224082801307324421
1224082759183929344
1224082747486101504
1224082741202808832
1224082739915317248
1224082660965978116
1224082640418082817
1224082548059451392
1224082544800469002
1224082535233269760
1224082519613636608
1224082399501393921
1224082351703109632
1224082183515725826
1224082146647822341
1224082019015110658
1224081965453905920
1224081879814549514
1224081829411672064
1224081789796454403
1224081762264985600
1224081724453289985
1224081701095256065
1224081604714409984
1224081516629831680
1224081461835436034
1224081213993947136
1224081167189716997
1224081103708921857
1224081018585583621
1224081017008545792
1224080940349231107
1224080908438982656
1224080893112877058
1224080887240888326
1224080860389027840
1224080855418712065
1224080622194438146
1224080571690881025
1224080507421560833
1224080352286777346
1224080323866243072
1224080176532926464
1224080122027835393
1224080114184597505
1224080072828690432
1224080044936564736
1224079943035838464
1224079803114033153
1224079694657703936
1224079577154314246
1224079485286387712
1224079298484670466
1224079219086516226
1224079161821745152
1224078992715714561
1224078975821123585
1224078879389896704
1224078782815928320
1224078769478078465
1224078721990217737
1224078613915545602
1224078599201939456
1224078578905681921
1224078549876908038
1224078482499612678
1224078385636429827
1224078337921994754
1224078331139760128
1224078324063969282
1224078310898053127
1224078295123316736
1224078240655998977
1224078165741576193
1224078034896146432
1224077990432333825
1224077870882009090
1224077775964950528
1224077739449311232
1224077723263557633
1224077609195253760
1224077577834442753
1224077501053403139
1224077445806116864
1224077427489624064
1224077397701558276
1224077388545433601
1224077355347595275
1224077213340971008
1224077176963727361
1224077065739210753
1224077001516077063
1224076983669272576
1224076976794800129
1224076905508372480
1224076819332304897
1224076633679765506
1224076627690315778
1224076592869191680
1224076567611088896
1224076305735602179
1224076260332199941
1224075936745885700
1224075878361174022
1224075863576190977
1224075856609411074
1224075804818186240
1224075777496506369
1224075680121524226
1224075655245115397
1224075615793491968
1224075569610010625
1224075541944422401
1224075521354616832
1224075517374160898
1224075504225079297
1224075469563232258
1224075431277727744
1224075399019278338
1224075387304579075
1224075365477425153
1224075315825332224
1224075311408713728
1224075285102039043
1224075136443305985
1224075134169964545
1224075091144777729
1224075029505245190
1224074986861867008
1224074974320844801
1224074960009924609
1224074890761973760
1224074883266752514
1224074874546741248
1224074858562301956
1224074858327310336
1224074809996402688
1224074577430687750
1224074551304302592
1224074411747282945
1224074405913006081
1224074337814241280
1224074156356009989
1224074093223448584
1224074082481819649
1224073995785588753
1224073890567245824
1224073869524381696
1224073816806252544
1224073771222544385
1224073764213792768
1224073762234150915
1224073761038782465
1224073700800114689
1224073639970000896
1224073571997106177
1224073564254547970
1224073456448417797
1224073398818689025
1224073366874750976
1224073344812822534
1224073292153348097
1224073236629073921
1224073179632750592
1224073048887906304
1224073029631860738
1224073026968399874
1224072718024310786
1224072709421916160
1224072705080688640
1224072690715238400
1224072661766197249
1224072646293446659
1224072627469373442
1224072560704413696
1224072518878859265
1224072486079418372
1224072305346785287
1224072182235615232
1224072181682003968
1224071918074109953
1224071864021991424
1224071750335549444
1224071435116851203
1224071374634917889
1224071305571569666
1224071293739335680
1224071286256820227
1224071189649338368
1224071124457271296
1224071033218576385
1224071000519839746
1224070890897465344
1224070880462065664
1224070852792242176
1224070767220023300
1224070734567419905
1224070705781903361
1224070529939910658
1224070507630419968
1224070503603867649
1224070078695723020
1224069912458645505
1224069864232570880
1224069805537361920
1224069754329149441
1224069671118348289
1224069629850636293
1224069583507742721
1224069461315067905
1224069418390642693
1224069400560656384
1224069273447993346
1224069250618396675
1224069242124980224
1224069156066250752
1224069077997670401
1224069015141830661
1224068952470454279
1224068850305634309
1224068844806987777
1224068800699686912
1224068790968889352
1224068730705104896
1224068710333321223
1224068674363019264
1224068617869938689
1224068564245733376
1224068411333992450
1224068352282439680
1224068187391700992
1224068129581600768
1224068102171787264
1224067979257749505
1224067970030350336
1224067901843476483
1224067857111228420
1224067817110147075
1224067799200555010
1224067796604215297
1224067574276685824
1224067473772896258
1224067432970670086
1224067424267440128
1224067368726540288
1224067361344499713
1224067199289176067
1224067106062381057
1224067105210949632
1224067028170039298
1224067027792486402
1224066913107693570
1224066856006422528
1224066816256790528
1224066765677907972
1224066765484937222
1224066740851789834
1224066717850181632
1224066708459134976
1224066679006691328
1224066489315201025
1224066487201292288
1224066476971298819
1224066424395763712
1224066386802225153
1224066357127458816
1224066259698049024
1224066182069833728
1224066112557588482
1224066097328070656
1224065994827685890
1224065838803800064
1224065491293102081
1224065413925031936
1224065244173144071
1224065210182402050
1224065161977323522
1224065150396915714
1224065089831165954
1224065019828228097
1224064914240786432
1224064902173732866
1224064892870807553
1224064859714748417
1224064849862369280
1224064761085734913
1224064745541554177
1224064728214966274
1224064676230680576
1224064664042180608
1224064571092193281
1224064427642839040
1224064418679599106
1224064408906817537
1224064287074897920
1224064200852549633
1224064161556107269
1224064098910003201
1224063993943351297
1224063984497762305
1224063976507674624
1224063916059303936
1224063903140806656
1224063863450148870
1224063794931994628
1224063751239995392
1224063620956422154
1224063599754334208
1224063494926016514
1224063406338166789
1224063251685744640
1224063238800904192
1224063153828519937
1224063152003919874
1224062974391996416
1224062935498141698
1224062910093131777
1224062881769107456
1224062722779877381
1224062693453201409
1224062648452571136
1224062628781268992
1224062610263461890
1224062569398394880
1224062498728554499
1224062477262082048
1224062460535148544
1224062454994436096
1224062439630823425
1224062429031735296
1224062304871944194
1224062287734067207
1224062218548977667
1224062186127069184
1224062142040682496
1224062051561111553
1224062003054096391
1224061965498298371
1224061915237953536
1224061889493291014
1224061856828006401
1224061778960748544
1224061758672949250
1224061662258442240
1224061461628178432
1224061450194276352
1224061388768890881
1224061365226217472
1224061341138345984
1224061326051463168
1224061273756913664
1224061271651373058
1224061265619890176
1224061193897304064
1224061192135684098
1224061188377583629
1224061185378615302
1224061183612899330
1224061152910610432
1224061091367587840
1224061048728276999
1224060986631557126
1224060944948613125
1224060845874929664
1224060738261737479
1224060614408122368
1224060568920895489
1224060564974067714
1224060248949952517
1224060171678253058
1224060099066580998
1224060062697693184
1224059981026201601
1224059934779826177
1224059894015328256
1224059842245091330
1224059840588283904
1224059804194410496
1224059797248598016
1224059743716761602
1224059509653606400
1224059426014932992
1224059351859650566
1224059349812809728
1224059272029405184
1224059208141803525
1224059200659165186
1224059141938913281
1224059094597865474
1224059065703305217
1224059019486167042
1224059019108782081
1224058965182615553
1224058963882381313
1224058861528764416
1224058826284064773
1224058813453668353
1224058800539303941
1224058790904987648
1224058581957464064
1224058478815318016
1224058373634695169
1224058085116915719
1224058084869525506
1224058002866614272
1224057985170841601
1224057981559541761
1224057980678742016
1224057971417788418
1224057952182657025
1224057916778520576
1224057775854182400
1224057731272912896
1224057723303669764
1224057608425889792
1224057387948085255
1224057338954428422
1224057245811474432
1224057183559671809
1224057122444496896
1224057109719011330
1224057086167875587
1224057039627964417
1224057037400760324
1224056843162595331
1224056837575708672
1224056798124171264
1224056770110291969
1224056573179432962
1224056519798464514
1224056509241397248
1224056450663710721
1224056430522720256
1224056393776410625
1224056363380289538
1224056353657847813
1224056309395443713
1224056288847564801
1224056245671337985
1224056136774623232
1224056062044712962
1224055993845403650
1224055966859169793
1224055868771184642
1224055866674073601
1224055648226304006
1224055639367962624
1224055577627721729
1224055566110220290
1224055564189171722
1224055558916972544
1224055553678368768
1224055434870493184
1224055327039139845
1224055325134901258
1224055271787397120
1224055186072666117
1224055109543505920
1224055029012815873
1224055007013752832
1224054900604186630
1224054723986305027
1224054680378015744
1224054643413725191
1224054623205457921
1224054588652818432
1224054444029030400
1224054411795881984
1224054244707311616
1224054133948329985
1224054082303864833
1224054027211722752
1224054020848988162
1224053971737808897
1224053958915903490
1224053935574605826
1224053893149200384
1224053871032532995
1224053758197411841
1224053679843676161
1224053629465874436
1224053595328389121
1224053589167001601
1224053578521890817
1224053546791919623
1224053521361915909
1224053444731899904
1224053380093562881
1224053324753899521
1224053302595399685
1224053279690240000
1224053264003600387
1224053249420025857
1224053115105746950
1224052991789031424
1224052871550861312
1224052768278831105
1224052705297158144
1224052696543567872
1224052680441716736
1224052658362834949
1224052653619122177
1224052616264585216
1224052597075607552
1224052206305005569
1224052157604909056
1224052109525553153
1224052075639791616
1224051886254325760
1224051834622443520
1224051659090821122
1224051556028440576
1224051544636694528
1224051518334214147
1224051390319820805
1224051354097913858
1224051276717207558
1224051049046167552
1224051036966588417
1224050929231716357
1224050888332980224
1224050615237693440
1224050581888798721
1224050574515212293
1224050562204872705
1224050545977110530
1224050392826286080
1224050313595949057
1224050183635456001
1224050109115260931
1224050106485309443
1224050035689689089
1224050022544814080
1224050015280226304
1224049996858830849
1224049972947161089
1224049964483076097
1224049872699035651
1224049732818997248
1224049503906541568
1224049424759971841
1224049342102810624
1224049225681514498
1224049131175530496
1224048886278430722
1224048751662239744
1224048745194688513
1224048707395604486
1224048667679653888
1224048607558541313
1224048598385676291
1224048588034117634
1224048583244242945
1224048581943930881
1224048475417071624
1224048412900745216
1224048368533590019
1224048329174155269
1224048245028139010
1224048212941721601
1224048123863076865
1224048013846421504
1224047929129914369
1224047926588166144
1224047910821801984
1224047910008037379
1224047854022471682
1224047827401281539
1224047777543589889
1224047764612567040
1224047726272401408
1224047666105126912
1224047630982008834
1224047600942419971
1224047554775736328
1224047534097805319
1224047488065249281
1224047450450800643
1224047347505811456
1224047207541870592
1224047200780550156
1224047134682636290
1224047063727558656
1224046926770864128
1224046926624182272
1224046839244128259
1224046837755260928
1224046767513182209
1224046734369873920
1224046590115155968
1224046550596366337
1224046531805941760
1224046515179741184
1224046506208112640
1224046453296902146
1224046440454021121
1224046391481323527
1224046344224038912
1224046278411198464
1224046236988252160
1224046199541506048
1224046197431767041
1224046193912819712
1224046170365927431
1224046121544273922
1224046117005991936
1224046116401971201
1224046095568863233
1224046083988434944
1224045994154823680
1224045925364129794
1224045894879916032
1224045850256650241
1224045840567873538
1224045798415126534
1224045792027140097
1224045748775374849
1224045571901550597
1224045503324794880
1224045471066476544
1224045470730850306
1224045405974990855
1224045396097257473
1224045289188864005
1224045190626844676
1224045124541452290
1224044997303066625
1224044969016659970
1224044849890045955
1224044616535678983
1224044608591745026
1224044606490337280
1224044530514767872
1224044424407195654
1224044364722249729
1224044299387576320
1224044288901832709
1224044143640555520
1224043959879655427
1224043950794858497
1224043935519117312
1224043900844871682
1224043879814574080
1224043852048281601
1224043804900175872
1224043722884685826
1224043701883850757
1224043629725069314
1224043574683107330
1224043556786053128
1224043428520046592
1224043391689904128
1224043291467034624
1224043186408054784
1224043091864293376
1224042994334097408
1224042983802253312
1224042967025037312
1224042940479279111
1224042850343583744
1224042773470269441
1224042621007466502
1224042498668011521
1224042401330814976
1224042394368212994
1224042377330995200
1224042352395898881
1224042245634043908
1224042228072570880
1224042215539990530
1224042185835929602
1224042097470255104
1224041973390155778
1224041928209174531
1224041844222386178
1224041784327712768
1224041778199830528
1224041753063448576
1224041719718694912
1224041626156380162
1224041596146143233
1224041400305639424
1224041353295822848
1224041315605925891
1224041221305307145
1224041135464767489
1224041098491957249
1224041092951265281
1224041078912843779
1224041068024532995
1224041054648913923
1224040908364140544
1224040818081771522
1224040713014431744
1224040712926306305
1224040703124295680
1224040697252261893
1224040609561956359
1224040609100464128
1224040433757585408
1224040409543987200
1224040388266221570
1224040328719749121
1224040327968890882
1224040275439431680
1224040272746766340
1224040241364905985
1224040121374298113
1224040117909762049
1224040114042671106
1224040057801183238
1224039983176134657
1224039964993822721
1224039959398703104
1224039958031237120
1224039953396641792
1224039742154604551
1224039735510949889
1224039672097189890
1224039657790496768
1224039654963458049
1224039642854514688
1224039622432436230
1224039552295276550
1224039550730866688
1224039549866737666
1224039533026729984
1224039486092455939
1224039411412881410
1224039290189099015
1224039198166003713
1224039137772220416
1224039106826702849
1224039011863408644
1224039010445799433
1224039004632485888
1224038989646135301
1224038873124216832
1224038872495132673
1224038733806284801
1224038598317629440
1224038593133469703
1224038569838370816
1224038521016549376
1224038489693528064
1224038440829886466
1224038426837704708
1224038402233905154
1224038165859782657
1224037995860385793
1224037972674338818
1224037925916114946
1224037832370593793
1224037815438204940
1224037799365660673
1224037726124748801
1224037694054989831
1224037689277677573
1224037587154763778
1224037405889568768
1224037379423592450
1224037360419119105
1224037344145235969
1224037228122378240
1224037218014126080
1224036918280753153
1224036842997190659
1224036841470513154
1224036821644070912
1224036651846000641
1224036572313608193
1224036550431866887
1224036534388711430
1224036528030208008
1224036385272860674
1224036255241056256
1224036178799755264
1224036137427185664
1224036104820621317
1224036060512116740
1224035992912506882
1224035983068409856
1224035948897480704
1224035797218840577
1224035694554861568
1224035658936791040
1224035650971762688
1224035493928751104
1224035463238946819
1224035439025229824
1224035367617253376
1224035343680385033
1224035228055896070
1224035185034960896
1224035095700549639
1224035095390179333
1224035042218954759
1224035017615036416
1224034982861164545
1224034954671079425
1224034938892300288
1224034925994827776
1224034524851470341
1224034511886913537
1224034483491495937
1224034420170076162
1224034411097862145
1224034401501294592
1224034378625552387
1224034195971985409
1224034180599898112
1224034113470050306
1224034045048377346
1224034001003991041
1224033950869467137
1224033902412648448
1224033900655271938
1224033862550016000
1224033861639778304
1224033855235031040
1224033836482338825
1224033836071292930
1224033809466871808
1224033730026725377
1224033642051178498
1224033527018262530
1224033519602749449
1224033505203621894
1224033483946889218
1224033334285754369
1224033307714826248
1224033266459709442
1224033243516887040
1224033216241291264
1224033207001264134
1224033147010060288
1224033140399923200
1224033089787256833
1224032977602084864
1224032937399803906
1224032807195938817
1224032800824791043
1224032675368968193
1224032659183218689
1224032628648611841
1224032586462310400
1224032532511055872
1224032443298209792
1224032386138152960
1224032283931348996
1224032274850766850
1224032210484977665
1224032186720051200
1224032131439046661
1224032130117881856
1224032095430987777
1224032075772239873
1224032058793742336
1224031999326932994
1224031959313199104
1224031950123491329
1224031883891290113
1224031867407564810
1224031730593562624
1224031487630225409
1224031447301926913
1224031385461063681
1224031374673354752
1224031004995833858
1224030904999383040
1224030831490015233
1224030802511613952
1224030613990256645
1224030429616975874
1224030400076558337
1224030352995426314
1224030338445447171
1224030257692520450
1224029882646171650
1224029829726703622
1224029716644073473
1224029585546915841
1224029563505840128
1224029528605057026
1224029257808121856
1224029257657131008
1224029206188843010
1224029109682081792
1224029086131085312
1224029066120040450
1224028971282640896
1224028955583434752
1224028951791710208
1224028925610819586
1224028815892078592
1224028804403941376
1224028790722048001
1224028675672281091
1224028636879171587
1224028624237494273
1224028617413464071
1224028612829044736
1224028559141953536
1224028478036680711
1224028427616952322
1224028317629722626
1224028279088341001
1224028091045044226
1224028090797559809
1224028081389817856
1224028069335392259
1224028041757777921
1224028037471186944
1224028030911352832
1224027996065030144
1224027940985491456
1224027846487748608
1224027822592839680
1224027780842651651
1224027665025228800
1224027593114112001
1224027569089064962
1224027507474735104
1224027336150061056
1224027255699070979
1224027243430719488
1224027225399463938
1224027139412054017
1224027133917507588
1224027093677289473
1224027061599318016
1224027049905598465
1224027023343071232
1224027017529700352
1224027008147107842
1224027001637560323
1224026847681433602
1224026818023428096
1224026745843724289
1224026743792635908
1224026659298402306
1224026601584807936
1224026600133595136
1224026552532459520
1224026551005655040
1224026550351384577
1224026530835304450
1224026445992939520
1224026395690618880
1224026367844671488
1224026302245720065
1224026253096824834
1224026148054753282
1224026109379063810
1224025980001492995
1224025972032311297
1224025962347728896
1224025944664498181
1224025936888238080
1224025917552582656
1224025867116072962
1224025764334534656
1224025709246590977
1224025681404878850
1224025658214506496
1224025641848360960
1224025590073888769
1224025570394234888
1224025402550767618
1224025188108505091
1224025159725658112
1224025152582815745
1224025106797690882
1224025062178684929
1224025038078337025
1224025028544679943
1224025002804203522
1224024946344636416
1224024904623960064
1224024889767735299
1224024877755256833
1224024852052443143
1224024751666081793
1224024651619237889
1224024563203432448
1224024529162461186
1224024503023480833
1224024398442782721
1224024354326904838
1224024316083343366
1224024314023944192
1224024313352851458
1224024308814635017
1224024178308866050
1224024086780829696
1224023811269582848
1224023786791538688
1224023713575788544
1224023656919175171
1224023587230748674
1224023508734349313
1224023420414889985
1224023383429603330
1224023380388728832
1224023379600121857
1224023349413777408
1224023338537947137
1224023233260859392
1224023227460177921
1224023188516036621
1224023150314344449
1224023106093768709
1224023092885848065
1224022938673975296
1224022914321784839
1224022888900190209
1224022865911087104
1224022865059745794
1224022833715666945
1224022813322940416
1224022806893121536
1224022783488712704
1224022758880948225
1224022749464682496
1224022729369714691
1224022724084936706
1224022670515363847
1224022635388047360
1224022571521314825
1224022479246700544
1224022461462851584
1224022382131761157
1224022359541190661
1224022210978942980
1224022200967147525
1224022180658393090
1224022162480287754
1224022156390096896
1224022099087568896
1224022071346331649
1224022032503005185
1224022014152847361
1224021986487283716
1224021966811815937
1224021838948458496
1224021806455148544
1224021767200616448
1224021720975249408
1224021708354605057
1224021697143222272
1224021664570249216
1224021661369933824
1224021576124968961
1224021559486177282
1224021434906894337
1224021391210663939
1224021381731536901
1224021376572514305
1224021368552992768
1224021367298850825
1224021334184865792
1224021164764418049
1224021139980214273
1224021139824967683
1224021126717808641
1224021072770740226
1224020995507478535
1224020916717252608
1224020824782442496
1224020689486843904
1224020687146422272
1224020671660822529
1224020628535152641
1224020573396795393
1224020525208547328
1224020461018845184
1224020448888918021
1224020324804702208
1224020280835805184
1224020228025278466
1224020213219446785
1224020062815817730
1224020023993348097
1224019853717184512
1224019828811452416
1224019741427322880
1224019647227363328
1224019593536135170
1224019592353394689
1224019536111861761
1224019339801759744
1224019332906258437
1224019312505229312
1224019258692317184
1224019251993939969
1224019236298858496
1224019230607249411
1224019185124200456
1224019030375387136
1224019007977725952
1224019006677377025
1224018945491030021
1224018904021962752
1224018817556324352
1224018560386813955
1224018539239133193
1224018474181320705
1224018435379732480
1224018426261274628
1224018245365223425
1224018179862728704
1224018164448624642
1224018110002364417
1224017992947851265
1224017843227889664
1224017598196731905
1224017532169990144
1224017439471652865
1224017439060627457
1224017438494404608
1224017202204069891
1224017030719950849
1224016972167467008
1224016957189632001
1224016932678045698
1224016923593265153
1224016917482156034
1224016911182323715
1224016745234604034
1224016721431973888
1224016719578128384
1224016641631178757
1224016589256826882
1224016507480543232
1224016422403235841
1224016394532073473
1224016383220076545
1224016363859202053
1224016333056155650
1224016111525662723
1224016040318980096
1224015867412975618
1224015827898458113
1224015816183689216
1224015775561850880
1224015773150130177
1224015679935913984
1224015593541722112
1224015488738627585
1224015477829242887
1224015351047831552
1224015327442481152
1224015245141839873
1224015234559627264
1224015161406754818
1224015142939172867
1224015128284278789
1224015102871068672
1224014936604651524
1224014883332788227
1224014802546298883
1224014754093641728
1224014718236536834
1224014550644731904
1224014523113312257
1224014325507141634
1224014245072965632
1224014225795964930
1224014121953349634
1224014115540275200
1224014001392246787
1224013997692870658
1224013958186708992
1224013917292318722
1224013813172883456
1224013674282659840
1224013560822534144
1224013557123178496
1224013449946181632
1224013193858764800
1224013162187456512
1224013027390971908
1224013011465142278
1224012918796308481
1224012849057583106
1224012735240904704
1224012609411784707
1224012415488143362
1224012325092499468
1224012284005142528
1224012251251736578
1224012189796917254
1224012182393933825
1224012170817687552
1224012160294170625
1224012090630922241
1224011959248523265
1224011915661402117
1224011801668526081
1224011715114868737
1224011570889547778
1224011518548856834
1224011414291066880
1224011381747437574
1224011372465459201
1224011305427906560
1224011262264324096
1224011162666311680
1224011120450646017
1224011003765108736
1224010854393401344
1224010841240035328
1224010810046996481
1224010656212553733
1224010545696854022
1224010508422012928
1224010496745132035
1224010206998401026
1224010166280118273
1224010152153665537
1224010148659765249
1224010032217456640
1224009998046461957
1224009944481062914
1224009858514591747
1224009798544502785
1224009513654804480
1224009404258930689
1224009301062275074
1224009289272000512
1224009284763168775
1224009193172148228
1224009163459702786
1224009112427597824
1224008900438941696
1224008751687929856
1224008676178124800
1224008631856902146
1224008461836541952
1224008261352984576
1224008244605136896
1224008216104796160
1224008025746309122
1224007961263165443
1224007944607543297
1224007942971822080
1224007767117258754
1224007639849414658
1224007622250188801
1224007583196823554
1224007393002037249
1224007381295734786
1224007238605516801
1224007165800845312
1224007108238114817
1224007066290880514
1224007033264930817
1224006995159724037
1224006913970655233
1224006772710608897
1224006646248112129
1224006630028783621
1224006387560341506
1224006379012157440
1224006321617481728
1224006309135245313
1224006236976418816
1224006093719949312
1224005893756461056
1224005868657745920
1224005712508006400
1224005708833796096
1224005516457914368
1224005282138816516
1224005194473754625
1224005089851072513
1224004950168154115
1224004906702594049
1224004852931612677
1224004825517645824
1224004800200790017
1224004658433265665
1224004617043955716
1224004428824334340
1224004385031827457
1224004105695301632
1224004073910865925
1224004065560055809
1224003885116817408
1224003798710063105
1224003789230878725
1224003768439779332
1224003711745384452
1224003686831198209
1224003608016031745
1224003586411069440
1224003505356267521
1224003430206836737
1224003390059008007
1224003354730422272
1224003326985101312
1224003075221880832
1224002946289012736
1224002934717009928
1224002875002621953
1224002716441116673
1224002706009919494
1224002636304785416
1224002633922416640
1224002563277840384
1224002517790576641
1224002499033604097
1224002465546362880
1224002391315505153
1224002353109643264
1224002319358087168
1224002301049950216
1224002257647259648
1224002210360631297
1224002116072755200
1224002111798751233
1224002028772478979
1224001887801958403
1224001871129534464
1224001862522867712
1224001820214923266
1224001700266217473
1224001676236992517
1224001675737944064
1224001665218596865
1224001659279462402
1224001652967067648
1224001612345171968
1224001442979229696
1224001428001345537
1224001426608869379
1224001347177107456
1224001315140927495
1224001250561314822
1224000956754427905
1224000924915585029
1224000885359087621
1224000683172560904
1224000640483057665
1224000620782399488
1224000522551689221
1224000471922364416
1224000407183273984
1224000405585244160
1224000396949147649
1224000290837401600
1224000246503628803
1224000113418305537
1224000105931558915
1224000043230863362
1224000042064928771
1224000037090402307
1223999853660966914
1223999852931158016
1223999748044152833
1223999682122256384
1223999609015558144
1223999530837909505
1223999529525170178
1223999462336606209
1223999327581896704
1223999125550702592
1223998943253737475
1223998934135255040
1223998826303971329
1223998821748920320
1223998643381903360
1223998636788416513
1223998624344039424
1223998614491615232
1223998542118780929
1223998519666794498
1223998413240524800
1223998343107567616
1223998298450726914
1223998226455580674
1223998131030851585
1223998105223421953
1223998086978162693
1223998013930201088
1223997917712830464
1223997872464715776
1223997798590435329
1223997789098729472
1223997739010228231
1223997724497981441
1223997686904508419
1223997614875717632
1223997513943961601
1223997504909467651
1223997465604644864
1223997413985345536
1223997322994094081
1223997278689603585
1223997247307878402
1223997168039665669
1223997055481319424
1223997053816266756
1223997050100031488
1223997000254984192
1223996983419056129
1223996745304215552
1223996742473060358
1223996695945662466
1223996632359952385
1223996573165740033
1223996503691231232
1223996488939790336
1223996485177675777
1223996419603869698
1223996224921047040
1223996132382167041
1223996110521425920
1223996088165773312
1223995938022330368
1223995909916241920
1223995889850646529
1223995788348592131
1223995714474270723
1223995468641947648
1223995305424715778
1223995157743271940
1223995007054622721
1223994974624210947
1223994916587606017
1223994914226176000
1223994856944668673
1223994757673779201
1223994713541369864
1223994705567977472
1223994474780680192
1223994440227983361
1223994418082013184
1223994395072049158
1223994387211923457
1223994368106946560
1223994312259788803
1223994222090637314
1223994201987330055
1223994183914008577
1223994127509086213
1223994038015217664
1223994036446486528
1223994016829710336
1223993884025540609
1223993865302093825
1223993828677505024
1223993825452068866
1223993806489628674
1223993797731868672
1223993564394401795
1223993516646391808
1223993495129427968
1223993450158284800
1223993252111683585
1223993070955397120
1223992983340617730
1223992971101687810
1223992946007199746
1223992934086914049
1223992928756027394
1223992920673484804
1223992910456197120
1223992906752675841
1223992833180422144
1223992801320370181
1223992791807746048
1223992760157515776
1223992689496141827
1223992677882003456
1223992675193491458
1223992653605429254
1223992644872888320
1223992591722651649
1223992572466601984
1223992566384865280
1223992531773464576
1223992427385696257
1223992407957626881
1223992356443250688
1223992315796246531
1223992315318034432
1223992278991110146
1223992270678122496
1223992218601578496
1223992193431547904
1223992118840111105
1223991978964213762
1223991855404195840
1223991854846246914
1223991751607832576
1223991651045122051
1223991540927946753
1223991537866104833
1223991409956605952
1223991327983112192
1223991281141125124
1223991191257088001
1223991027813568514
1223990915469103109
1223990811005804549
1223990707976908805
1223990655409672193
1223990487088082949
1223990420516098048
1223990368720605184
1223990116731052032
1223990085995192325
1223990082836803584
1223990078663462914
1223990059919192064
1223989999785455617
1223989960044437505
1223989908840361984
1223989888590151681
1223989775629156353
1223989473408638978
1223989255673991169
1223989095757762560
1223989095178870784
1223988931819118592
1223988923967459329
1223988889653776384
1223988809563590658
1223988565090152448
1223988520668274688
1223988477781561353
1223988415001169921
1223988396823121920
1223988193873276928
1223988093428162565
1223987937509085188
1223987871843004420
1223987826196385793
1223987799176687616
1223987765366403073
1223987714669842433
1223987470540464130
1223987466274779138
1223987451250774017
1223987336310153216
1223987146622672898
1223987117417816065
1223987112946683904
1223987089492058112
1223986907346018304
1223986902581358593
1223986896126337027
1223986666056114176
1223986538549260289
1223986468567355392
1223986460585603072
1223986457347547136
1223986442189316096
1223986417719828481
1223986345502179328
1223986337533046785
1223986337231122432
1223986250601893891
1223986235015942144
1223986229013893120
1223986132075122688
1223986131185868801
1223986131043262466
1223986121337704451
1223986095148490754
1223986031965409281
1223985999082151937
1223985990576103429
1223985937300017152
1223985862871961601
1223985831754575873
1223985759063085059
1223985689987031040
1223985588287823878
1223985511540367362
1223985488773754886
1223985422021332992
1223985365532446720
1223985329042001920
1223985166537936896
1223984978041757696
1223984937843482624
1223984936530665472
1223984890657607680
1223984888011022336
1223984837628960770
1223984757886812161
1223984627108450304
1223984565452034050
1223984383612375045
1223984333716951043
1223984282965807104
1223984218885316614
1223984188958957568
1223984165051420678
1223984074861182977
1223984036399456256
1223984016698806275
1223983837266546694
1223983762725310465
1223983743905468416
1223983582630289409
1223983577416728576
1223983527542378496
1223983510987386885
1223983472789856258
1223983277763170304
1223983270863478787
1223983163791355905
1223983129465184257
1223983075408982016
1223983071697031169
1223982985428553729
1223982966516391936
1223982953270738945
1223982721371865093
1223982544779194368
1223982486704873477
1223982396636303360
1223982360284352514
1223982264977166336
1223982257318387712
1223982211776557059
1223982151642816512
1223982091316146176
1223982086677245952
1223982078926184448
1223982044163846144
1223982010525519876
1223981928958898177
1223981875754127361
1223981789301088256
1223981780983865344
1223981708355215365
1223981698578288640
1223981669297901568
1223981645918851077
1223981471301619714
1223981435595493378
1223981351516459013
1223981296852111360
1223981296852049922
1223981289570783233
1223981286567686146
1223981283644264450
1223981027808313344
1223980729652142080
1223980693891485696
1223980682936045568
1223980682160082945
1223980634663739393
1223980628531609601
1223980400256700417
1223980392417501184
1223980382112165888
1223980306648260609
1223980246363463680
1223980215308902400
1223980181154619392
1223980165472161794
1223980163358216193
1223980126863613953
1223980062178971650
1223980055371579394
1223980046953697280
1223979959976448003
1223979935888560134
1223979845736071169
1223979708896903169
1223979652278038532
1223979553791660033
1223979426091884544
1223979398963040256
1223979306738749442
1223979296592670727
1223979281832914944
1223979251394924551
1223979227059539970
1223979210252988421
1223979193282809857
1223979172084711425
1223979138983186432
1223979096985808897
1223979077775888385
1223979027473620994
1223978958422773765
1223978936192983041
1223978930257965057
1223978915632427008
1223978909345120259
1223978871428714500
1223978834720063491
1223978817150124032
1223978817112416256
1223978609951547394
1223978606558359552
1223978545032192005
1223978542326853634
1223978315700146176
1223978106152783877
1223978097583763456
1223977988565368832
1223977943321411585
1223977928532398080
1223977893451194369
1223977872735555584
1223977856457494530
1223977823217557506
1223977785473060869
1223977723183423488
1223977710088790016
1223977642334019587
1223977585719357440
1223977568354885632
1223977563275636737
1223977449333100544
1223977418534391809
1223977335038324736
1223977324930043911
1223977324460281857
1223977315811708930
1223977283091935235
1223977273038180353
1223977272941666305
1223977270278283264
1223977243380240384
1223977207216922625
1223977177194147840
1223977084768411648
1223976906082672642
1223976532848316417
1223976516050149377
1223976468285292549
1223976451193688066
1223976404498501632
1223976359652884485
1223976309417746433
1223976212709675009
1223976205478658048
1223976167742398464
1223976146213261312
1223976042328707073
1223975997739085825
1223975911428628482
1223975769497636869
1223975655580323841
1223975620159381504
1223975596839133184
1223975576735711233
1223975562097676288
1223975540488646656
1223975529327595521
1223975467570679809
1223975443965128706
1223975421835972608
1223975360737529856
1223975333432582145
1223975306802991105
1223975283717541888
1223975192185262081
1223975179405135874
1223975137340424198
1223975079475843072
1223975065567596546
1223975035163025408
1223975017244975106
1223975006767546370
1223974819475206145
1223974767092477952
1223974664189378561
1223974641829584896
1223974618039508996
1223974598917656576
1223974476649521152
1223974457343201282
1223974166451367936
1223974158092161025
1223974050193604610
1223974024147017729
1223973986826100736
1223973925362786305
1223973847969517568
1223973815740399616
1223973701944848385
1223973668226838529
1223973621070065665
1223973556150730753
1223973531966373888
1223973504749654016
1223973496641986560
1223973360033566721
1223973319759814656
1223973258292289536
1223973189245657088
1223973143292907522
1223973084006375425
1223973032387063808
1223972987185127424
1223972968725975043
1223972958890229763
1223972858738638848
1223972852543770626
1223972740304195585
1223972447789178881
1223972441195675649
1223972343669719041
1223972256268869632
1223972147967811584
1223972119995977729
1223972103080202240
1223972090870669318
1223972054564855810
1223971851073880065
1223971798527758337
1223971692583755781
1223971624573198337
1223971590158856192
1223971572970676225
1223971533493805056
1223971513394761728
1223971469857906689
1223971452027883522
1223971383161565184
1223971244543967232
1223971090348806145
1223971072967684096
1223971011005222912
1223970987852685317
1223970984404844544
1223970891081691137
1223970831149211649
1223970784697253889
1223970615205548033
1223970598579101696
1223970494069837824
1223970421294411778
1223970386477506560
1223970378575491072
1223970247713153024
1223970125302370304
1223970057375682560
1223970042301296640
1223969982809366529
1223969954187235328
1223969954149498885
1223969953960747008
1223969909358694401
1223969846364233730
1223969839326220289
1223969828521807875
1223969826198228993
1223969777359736832
1223969633541263360
1223969611483402241
1223969560237420546
1223969482370097153
1223969475055300608
1223969474547802113
1223969472836513794
1223969463072186370
1223969459758608384
1223969408902737920
1223969283342061568
1223969259354841088
1223969209094373379
1223969194200510464
1223969097282662402
1223969048259715074
1223968992127258624
1223968989518467078
1223968903778521088
1223968835918880769
1223968806403551233
1223968757644775427
1223968754146607106
1223968719371673603
1223968661221912576
1223968611938848769
1223968578090733568
1223968494657712128
1223968458532118529
1223968301530918912
1223968261211070464
1223968242273746944
1223968236959686656
1223968148778557440
1223968015735238657
1223967893983023104
1223967863125561345
1223967854896254979
1223967846696271873
1223967738143617024
1223967717037920256
1223967703846858752
1223967700403224576
1223967671395528706
1223967579582148609
1223967549559377925
1223967435331657729
1223967423025553410
1223967377089617921
1223967271862906881
1223967170813734912
1223967050823061504
1223967016559816704
1223966929439920128
1223966920996806656
1223966893100453889
1223966865267011585
1223966789878648832
1223966722631393280
1223966691056660487
1223966660513665024
1223966618851708928
1223966599134306310
1223966560571838464
1223966536278429696
1223966535485620225
1223966506570133505
1223966424013713410
1223966404375982080
1223966374508351488
1223966351011778561
1223966350156140544
1223966335568433155
1223966293080117248
1223966259689271297
1223966237169987586
1223966116948652033
1223966064763117568
1223966028599832576
1223965978788352000
1223965944835387393
1223965923515695104
1223965918176391169
1223965836978855937
1223965819585073152
1223965745949954048
1223965720586981376
1223965678769713152
1223965672457297920
1223965597379321857
1223965512742379522
1223965426943692803
1223965232931930113
1223965119673176065
1223965068016177152
1223964990773899264
1223964881747152897
1223964876390817792
1223964852546408450
1223964638771142659
1223964620802707458
1223964543639937025
1223964512472174594
1223964483388952578
1223964352006492166
1223964330686926848
1223964287087128576
1223964269236105216
1223964243541811201
1223964022711734272
1223963959478321152
1223963946920611840
1223963933545050112
1223963905116049408
1223963889156677633
1223963743417262080
1223963738635718656
1223963717970341888
1223963673309466625
1223963657811517441
1223963623392972802
1223963613955788800
1223963612429135873
1223963580502102016
1223963504996167680
1223963486499360768
1223963482162442240
1223963468988067840
1223963363551649798
1223963353783197696
1223963234480410624
1223963225638739969
1223963160945672193
1223963116486254598
1223963112291950592
1223963080704647168
1223963031467675648
1223962945824219142
1223962893571567617
1223962865893363714
1223962819059691524
1223962758531702785
1223962710263717889
1223962708699238401
1223962702562971648
1223962608442671105
1223962588758843392
1223962496190615553
1223962436639895557
1223962372764729345
1223962337490735106
1223962336488251392
1223962323678875649
1223962261087301634
1223962134738079744
1223962079192854528
1223962064462499840
1223962053343350784
1223962039862923264
1223962000650383366
1223961968601653257
1223961868395515904
1223961769422544899
1223961701512622086
1223961594171920385
1223961569526190080
1223961568553177088
1223961488437719041
1223961455113928704
1223961433425182720
1223961278089191424
1223961277489467392
1223961274721165314
1223961234124550144
1223961132337127424
1223960955115229184
1223960825410588672
1223960594593828864
1223960568614264834
1223960517015998464
1223960348660764673
1223960301848137729
1223960299344187393
1223960221174976512
1223960120666787840
1223960064828022785
1223959989406130177
1223959819805188097
1223959815036325888
1223959695767023618
1223959618189168640
1223959503533748230
1223959335757402112
1223959282900701184
1223959277615898625
1223959227355615232
1223959200310726656
1223959144849383424
1223959096736526336
1223959069276491776
1223959044974686208
1223958790917230592
1223958712571834371
1223958667315290113
1223958595672444930
1223958526151794689
1223958498544902154
1223958343825469447
1223958282500485121
1223958190104154117
1223958163088642048
1223958041227341824
1223957930329956353
1223957834901151746
1223957778458386432
1223957736389517312
1223957732589555719
1223957718895091718
1223957703359418368
1223957549927608327
1223957435712462849
1223957392884486144
1223957269030805504
1223957218338529282
1223957136818016257
1223957113795379200
1223957093981605889
1223956900250836992
1223956854612668416
1223956542032162816
1223956477230166016
1223956415792001024
1223956280966025222
1223956232651800582
1223956189874094084
1223956042310193154
1223955999482093569
1223955991261339649
1223955939763597313
1223955867214573569
1223955853256032257
1223955777636966403
1223955675824513025
1223955623311745025
1223955415358148609
1223955408378892289
1223955408026509313
1223955365047545857
1223955102081454081
1223955067591634944
1223955056028004358
1223955014571433984
1223954912335335424
1223954888331231232
1223954828898029569
1223954794995421184
1223954452345950208
1223954446662676481
1223954245881409538
1223954155338858497
1223954120341708800
1223954107272192000
1223954043376144384
1223953881824157706
1223953852124274690
1223953787884392448
1223953755445583872
1223953715146756100
1223953686709358592
1223953616970702849
1223953600541614080
1223953567381364736
1223953561333239808
1223953267962654723
1223953197510942721
1223953138400538624
1223953013213147137
1223952873584824322
1223952812817682432
1223952681846349824
1223952616943693825
1223952441688952833
1223952426291683328
1223952370922655745
1223952330103697410
1223952278392049666
1223952200591925248
1223952181860208640
1223952118073171971
1223951850443083777
1223951765571325952
1223951740606865408
1223951711372333056
1223951598105366529
1223951415858601986
1223951355984990210
1223951312108359681
1223951296937459713
1223951177882226688
1223951091366232065
1223951088207958016
1223950985258786816
1223950885254049792
1223950616810135552
1223950589819670528
1223950509104680960
1223950508701949952
1223950465647419394
1223950457674129417
1223950391366377474
1223950295811665921
1223950283568504833
1223950276912209921
1223950241654853632
1223950210377736192
1223950044958687233
1223949962423218177
1223949921059057664
1223949888146288640
1223949727743475712
1223949686081540096
1223949662278823937
1223949525833998341
1223949294199173120
1223949229548240896
1223949221562286080
1223949178830835712
1223949164473671680
1223949140004163585
1223949085104885761
1223948838869905408
1223948161321971712
1223948102865969152
1223947953691336704
1223947918786420737
1223947788263809030
1223947739454672896
1223947640301346816
1223947436076535808
1223947338433081344
1223947229511258112
1223946858336280576
1223946680233603072
1223946675267547142
1223946589955416064
1223946437840527360
1223946327463284736
1223946321729589248
1223946272593281024
1223946176438972421
1223946056884465667
1223945852764422144
1223945789040447488
1223945675903307777
1223945642982170624
1223945621012471808
1223945612393099265
1223945551475019783
1223945509347495938
1223945473066700801
1223945444276961281
1223945295110819842
1223945201682731009
1223945186977423362
1223945173002084352
1223945088881000448
1223945020320907264
1223944926142091265
1223944846727163911
1223944792847147008
1223944689004531714
1223944684340379649
1223944662915993600
1223944629260836865
1223944590031540224
1223944577436061698
1223944528840790016
1223944428571758592
1223944365577555968
1223944252809515010
1223944250439753729
1223944152158736384
1223944001230864386
1223943946046443520
1223943941680193536
1223943885019402241
1223943858632974337
1223943357468225538
1223943278984343553
1223943041850974208
1223942747813531648
1223942739974291456
1223942525733474306
1223942523149746177
1223942513251311616
1223942421190451204
1223942416757075968
1223942410331459590
1223942078528356353
1223942031061458945
1223941864849596416
1223941649337708544
1223941603460558850
1223941576092553222
1223941571177013248
1223941521055064064
1223941330621161479
1223941300820545536
1223941244885307397
1223941187855360000
1223941089649930241
1223941058935042052
1223940904291008513
1223940684358520832
1223940545803886594
1223940532810010626
1223940495077978112
1223940493312167936
1223940444142391296
1223940375032815616
1223940163677630464
1223940044190355456
1223939800228683776
1223939780574097408
1223939750081572865
1223939705844260864
1223939702463651840
1223939454538219520
1223939449597452288
1223939190896889856
1223939011561037827
1223938795696947206
1223938788176515072
1223938690520702976
1223938636791582720
1223938498710900736
1223938225934422023
1223938025304088576
1223937914524131330
1223937868445429764
1223937788623671296
1223937599569649664
1223937506607009792
1223937434297212928
1223937192495546368
1223936858784137218
1223936790454788096
1223936698553438209
1223936660745965568
1223936626990157824
1223936412501913603
1223936305912078337
1223936287016656896
1223936277604597761
1223936271703257088
1223935940521070592
1223935648916295681
1223935633233711105
1223935498827259909
1223935350290157568
1223935267431702533
1223935139517997056
1223935044416430081
1223934858600288256
1223934754745090049
1223934605419515904
1223934517662175232
1223934513459421184
1223934491888177154
1223934382488129538
1223934165567135745
1223934042682417161
1223933920024113158
1223933836356149248
1223933774196506629
1223933682228088832
1223933668122595328
1223933594931879938
1223933445019226112
1223933431073120261
1223933056660180992
1223932956043071488
1223932898887204865
1223932874048536578
1223932808999161856
1223932756415172608
1223932716628029440
1223932547438194688
1223932532795854850
1223932490961891329
1223932345356517376
1223932334791106560
1223932307008040965
1223932305401696257
1223932171536228354
1223932157556592641
1223932136568360960
1223932006662316032
1223931971535024130
1223931938907611136
1223931935623348224
1223931910390349824
1223931862940291072
1223931740671991809
1223931465005764608
1223931389554364416
1223931348290801665
1223931207790010368
1223931007268802561
1223930986376978433
1223930756067622915
1223930675843207170
1223930643966504960
1223930493110013954
1223930449883475968
1223930313505693696
1223930286498631685
1223930233432301568
1223930159771811840
1223930092671438848
1223929934768414721
1223929929793970176
1223929906180038656
1223929897187495936
1223929824454070273
1223929814844952576
1223929814408749057
1223929651703222277
1223929586083344385
1223929572279947264
1223929564675489792
1223929539191066625
1223929525702144000
1223929341412806658
1223929278246608896
1223929265470758913
1223929193702088706
1223929166376075264
1223929003406393344
1223928784002387968
1223928717862408199
1223928547674411009
1223928511586623489
1223928422306545665
1223928382720823299
1223928288080515073
1223928216638849024
1223928176507850752
1223928123953238018
1223928080722530304
1223928054403280896
1223928011625508864
1223927974912806912
1223927932713930752
1223927757995986945
1223927717600669697
1223927689964326915
1223927620867436544
1223927592505561089
1223927497865289728
1223927475861950467
1223927421315010562
1223927294412062720
1223927293015482369
1223927267556036608
1223927254759170050
1223927252875993088
1223927127466291201
1223927089902039041
1223926884565688320
1223926795575099393
1223926762540818433
1223926582949109760
1223926319374913536
1223925960908713985
1223925563930349570
1223925414348890118
1223925381478125568
1223925164045471745
1223925007119802369
1223924811518431233
1223924810604056576
1223924606853140480
1223924540033634309
1223924114123116545
1223923825433333760
1223923766432092164
1223923761809973248
1223923723222298624
1223923550211510272
1223923387594166272
1223923280022769664
1223922805206634502
1223922726743740416
1223922443640889345
1223922261394182144
1223922132264083456
1223921973031555072
1223921839023456257
1223921095889358848
1223920906436841473
1223920815542095872
1223920658356359168
1223920599883558914
1223920590752489472
1223920531990294528
1223920467762917377
1223919847836352512
1223919826596442112
1223919795906777089
1223919740936249346
1223919537445273602
1223919070128504832
1223919038360887297
1223918607769460736
1223918518879576064
1223918474239643649
1223918262343389189
1223918140834353152
1223918140209364992
1223918029492424705
1223918023238672385
1223917939033886720
1223917563945549824
1223917255932678144
1223916976969601025
1223916927854239749
1223916832857436161
1223916832291160064
1223916831557259264
1223916830542180353
1223916807804813312
1223916290085093376
1223916135751483392
1223916121360936960
1223916119158853632
1223915941362327553
1223915914132967424
1223915907329728514
1223915604169633794
1223915531595669505
1223915520262594560
1223915266201001984
1223915027662614528
1223914968535502849
1223914915355922432
1223914806027128832
1223914588091097090
1223914305038569474
1223914099932893184
1223913769388138499
1223913535299821568
1223913496678674432
1223913286359568385
1223913257330708480
1223913183959756801
1223912791347728384
1223912772477562886
1223912756400861184
1223912688054677504
1223912556366061568
1223912542357073922
1223912496827858945
1223912411134119936
1223912195932803073
1223912054907711488
1223911907838570497
1223911760941453312
1223911755677683712
1223911525716582400
1223911510113767425
1223911445865345025
1223911241829187585
1223911019996688384
1223910955861540864
1223910701321850881
1223910576008634368
1223910529250529280
1223910514943807488
1223910311155130368
1223910145329106945
1223909933026041858
1223909650204188672
1223909647968612352
1223909556968992769
1223909531723403264
1223909135940509697
1223908922425298946
1223908566920318976
1223908539397296128
1223908529989439489
1223908264330567681
1223907896393654273
1223907518063226881
1223907498823954434
1223907037261766656
1223906993246818305
1223906862283796480
1223906637003489280
1223906563393495040
1223906447194390528
1223906446045257728
1223906415317868545
1223906223432589313
1223906179790884867
1223906165467250688
1223906115248889856
1223906078464860165
1223906015286124550
1223905752840114182
1223905708674076673
1223905693490647040
1223905627728220160
1223905601417367552
1223905455069638656
1223905268322525186
1223905263335460865
1223905172914569216
1223905129210032128
1223904869972631552
1223904687147167744
1223904606385774594
1223904210917515265
1223904142156009472
1223904129732562944
1223904049390661632
1223903776999866368
1223903703494729729
1223903681659244544
1223903663648800771
1223903529670184960
1223903460023853056
1223903434635730944
1223902602125103106
1223902497217093633
1223902446457643009
1223902033176092672
1223901754942742528
1223901665784422400
1223901660847755264
1223901556157960192
1223900904522502144
1223900855776301056
1223900828106461184
1223900698871463936
1223900501164679169
1223900492436332544
1223900464347078656
1223900247065268227
1223900195081068544
1223900109219467264
1223899931938885632
1223899886925623296
1223899571564285958
1223899389963403266
1223899183393976320
1223899112296402944
1223899076070137857
1223898931098243072
1223898554818875392
1223898513664290818
1223898240594206721
1223898179340578816
1223898170440196096
1223898116396650496
1223898111984140288
1223898103973076992
1223898034653880320
1223897948691599360
1223897863916335105
1223897705069666307
1223897610114818048
1223897577554436096
1223896917274451968
1223896766338256896
1223896663636566018
1223896561198997505
1223896251588018177
1223896092670156800
1223895965154926593
1223895867624710144
1223895827996909569
1223895785659621376
1223895676976758784
1223895415650766848
1223895404326027265
1223895403311091713
1223895346234953729
1223895326244904961
1223895205037969409
1223895148628774913
1223895091787464705
1223895040961007618
1223894002610601986
1223893787275145216
1223893348613750784
1223893180011220992
1223893175498133504
1223892478392242181
1223892131166806016
1223892068579389440
1223891924546879489
1223891743223009282
1223891493825449985
1223891435562455040
1223891352922050561
1223890881964429315
1223890827128295424
1223890691710947328
1223890651613466625
1223890648769728517
1223890570139049984
1223890191028555777
1223890097923334145
1223889983867621376
1223889783010795521
1223889695815413764
1223889675431088128
1223889495516504064
1223889274774474753
1223889245087158273
1223889222341472256
1223889060034379776
1223888985770156032
1223888976832008192
1223888887040430080
1223888821638631426
1223888796036542465
1223888582458384384
1223888456998440960
1223887947637960706
1223887619366563840
1223887583572307968
1223887528006225920
1223887392458842114
1223887303288020992
1223887127013773312
1223887053324197888
1223886897681924096
1223886824818585601
1223886661920206848
1223886525643051008
1223886096456716289
1223885974968700928
1223885656419655680
1223885596004929536
1223885455256686593
1223885434092249088
1223885395231956992
1223885117292150784
1223885113987076096
1223885058077085696
1223884965424791552
1223884762957406208
1223884600021331969
1223884527497437184
1223884503887896576
1223884262291755008
1223884151306313729
1223884042753466369
1223884040912228355
1223883944157941761
1223883482964856832
1223882966570541057
1223882829123215360
1223882822177501184
1223882813902131200
1223882687863250944
1223882573581029377
1223882427032096768
1223882232517079049
1223882071011155976
1223881899984261121
1223881845244354560
1223881716902899712
1223881669926686720
1223881589479944193
1223881545557123072
1223881376782594048
1223881046875308032
1223880943368331264
1223880809242943489
1223880701457653761
1223880680456605701
1223880591063572480
1223880550798315520
1223880471811104774
1223880313631318022
1223879955894935553
1223879934424293376
1223879783890681856
1223879736662818817
1223879735945711617
1223879619528491008
1223879467036073990
1223879410501156865
1223879370508578816
1223879361004298240
1223879264468193280
1223879215239647232
1223879095156715521
1223878889585434624
1223878879867174920
1223878853900361728
1223878607447252995
1223878527034036224
1223877847959425026
1223877797497724928
1223877723820634118
1223877009371168771
1223876954455203840
1223876852101603328
1223876755401904128
1223876665975214080
1223876439453376512
1223876437641437184
1223875846722805760
1223875584268414976
1223875268789645318
1223874902165508097
1223874655947296768
1223874583670988802
1223874399121690624
1223874141717192704
1223874032266883072
1223873918567682049
1223873366165270529
1223873229921619968
1223873102871957505
1223873098392526848
1223872926354747395
1223872649035517952
1223872408953769986
1223872304649850880
1223872255094067200
1223872251470262272
1223872074088878081
1223871882627289089
1223871505953632257
1223871499263709184
1223871439901790208
1223871399493849089
1223871311925125120
1223871247748096000
1223871230392127489
1223871200620838914
1223871088213549056
1223871030114111488
1223870585756901377
1223870281367916545
1223870147435401221
1223870127940214784
1223870074962006018
1223870000953536512
1223869340992331776
1223869295135985664
1223869263104049160
1223869166744219648
1223869079112556549
1223869050482196481
1223868894387097600
1223868622076043265
1223868534477946881
1223868518229213186
1223868431033950208
1223867300094337025
1223867239637626880
1223867232754831361
1223867184050573312
1223867149040615425
1223867089447985152
1223867082745483264
1223867028496420864
1223866769602945026
1223866293520158720
1223866213345976320
1223866110866534400
1223865900178268160
1223865732775268354
1223865478038290432
1223865419850829829
1223865207342227456
1223864967524421633
1223864702033387521
1223864605421834240
1223864516108222466
1223864234565685252
1223863450469904384
1223862938735448065
1223862764944404480
1223862617304895488
1223862565178134528
1223861967624048641
1223861733535703040
1223861389388918786
1223861293603532800
1223861279384834057
1223860488284536833
1223860155474944000
1223860056023871488
1223860029805207552
1223859703949746177
1223859603580030977
1223859269981868032
1223859203405643776
1223859137186074624
1223859014422999046
1223858952104030208
1223858805286547456
1223858480098021377
1223858374523179009
1223858272396025856
1223857562233327618
1223857511234752513
1223857484554817536
1223857188147515392
1223856941727932416
1223856939827900418
1223856271721488386
1223856220295106560
1223855762956587008
1223855124742918144
1223854758546550784
1223854488844472320
1223854083653718018
1223853994612871168
1223853755071959040
1223852856765304833
1223852603727142914
1223852550874697728
1223851441460301824
1223851333045891076
1223850004676337664
1223849340801818624
1223848590310641665
1223848551249252352
1223848200605401089
1223848197136830465
1223847850125205506
1223847758735593473
1223847358787661826
1223846076362428422
1223845879435665408
1223845796963065857
1223844767177617408
1223844538927718401
1223843916484685824
1223843827414446080
1223842700371333120
1223842546067165184
1223840804919300096
1223834831374766086
1223834433175871493
1223832472661741569
1223831432801337344
1223830199281901568
1223828615902715904
1223827819651833857
1223826510706024448
1223826166093635585
1223825957246685184
1223825390264901633
1223823997718147072
1223819998134784000
1223815930897227776
1223815523651198976
1223813827600490496
1223813626353651712
1223811633685979136
1223811631957925888
1223811517415612416
1223810295866580994
1223809535409717248
1223808047761391616
1223806934249365505
1223806754598871041
1223800008585117697
1223797690393407490
1223797655761039360
1223797654833987584
1223797417608450048
1223796784352366593
1223796728463273984
1223796712462045186
1223794929262043136
1223793776927350784
1223791319698628609
1223790020642902017
1223788821885616129
1223788474303746049
1223788066122469377
1223786187745349632
1223785606565826565
1223784928166535169
1223782872215060480
1223782829080924162
1223782459160113152
1223781488245821441
1223780625892679681
1223780007790641152
1223779613387755520
1223778964835094528
1223778735985512448
1223778344363352064
1223777524066521093
1223776971110408193
1223776055653228544
1223775013200957440
1223774626406445058
1223772204799795200
1223772200605573120
1223771343587549184
1223770414717046784
1223769325510832129
1223769162373378048
1223768591692173312
1223767594899034113
1223767198147194881
1223766330958123008
1223766328978350080
1223766219167236097
1223765332785074177
1223764599113244672
1223763900778369024
1223763274891759617
1223762895999315969
1223762888348905472
1223762688733536263
1223762312055656453
1223762201384755200
1223762170716049410
1223762087249424384
1223761731253669889
1223761302851592192
1223761082591907846
1223761079328743431
1223761075868459009
1223760844586127362
1223760802257174529
1223760225179774977
1223760160444833794
1223760138596564992
1223759839714795521
1223759742079848448
1223759719233413121
1223759233927262208
1223758753251590150
1223758747446784000
1223758670128996352
1223758270877270016
1223758241173245952
1223758202061426691
1223757925648343041
