1225569672181026819
1225569592682123271
1225569263798439936
1225569117547134977
1225568827288756225
1225568729901207552
1225568704638922754
1225568655787859968
1225568600515399680
1225568590226653187
1225568556026298368
1225567462781063168
1225567264956649473
1225566969186988033
1225566890929590272
1225566203835559938
1225565957093052422
1225565242240925699
1225565135848251392
1225565011378102272
1225564804447899654
1225564408841150469
1225564343984631808
1225563699299192832
1225563690478469121
1225563323023884293
1225563218527035400
1225563047772741634
1225561554701213700
1225561402867421186
1225561094791606272
1225560609300852737
1225560243435909125
1225560078050308101
1225559925763518465
1225559815692410882
1225557527082999808
1225557503158751237
1225556920200769536
1225556707390173184
1225556512455745537
1225556333241536512
1225556202102427648
1225555745883721728
1225555158958039046
1225554977281773569
1225554813225783296
1225554660473425921
1225554478260195328
1225554424346615813
1225554283527057410
1225554155030351876
1225553669032116227
1225553523057754112
1225553423204016128
1225553113735729165
1225552879060234246
1225552652928462849
1225552647060623360
1225552612554092545
1225552203345211398
1225552154619981828
1225552063851040769
1225552051964465153
1225551867104677888
1225551734724071424
1225551590037303298
1225551348877361154
1225550586445258754
1225550250951299074
1225549932393877506
1225549698100080642
1225549594383261696
1225548597586022400
1225548545920557058
1225548219398205442
1225548158715015168
1225547630345957376
1225546754537467907
1225546685184724994
1225546517668409346
1225546026343333893
1225545970013868041
1225545763377295360
1225545626705940491
1225545265161146373
1225544893055062018
1225544857244049409
1225544775698391043
1225544567904231424
1225544530306400257
1225544222457069570
1225544104077090816
1225543927559839744
1225543170081067016
1225543012656275456
1225542585692958723
1225542473679884290
1225541643421569024
1225541197789368321
1225540653234434050
1225539927930175490
1225539780705996808
1225539755917631488
1225538922022866945
1225538349353635841
1225538252683325446
1225537980393312259
1225537938580213764
1225537854631239683
1225537541346070529
1225537471301214210
1225537271983738880
1225536887735169024
1225536873357041667
1225536841404862468
1225536628145434629
1225536608620904448
1225536513557123072
1225536488194134016
1225536432166653953
1225536354500608001
1225536297554653184
1225536251186630658
1225535799963344905
1225535717960536065
1225535649727569920
1225535468193841153
1225535154464141313
1225534909965578241
1225534820786282496
1225534697385709574
1225534664741412864
1225534584785457152
1225534573724999682
1225534435065520129
1225534335853486081
1225534307965468672
1225534262109253635
1225534064511397894
1225533778426257413
1225533501736411137
1225533499807092736
1225533275197919233
1225533253223960576
1225533146743091201
1225532921253187589
1225532771910717448
1225532753023787008
1225532710657175553
1225532673231409155
1225532443891052545
1225532340342067200
1225532302773673984
1225532022623526914
1225531750232862722
1225531624244338689
1225531350482026496
1225530954850152448
1225530892757733376
1225530756308574208
1225530651853676544
1225530590566416384
1225530569431355392
1225530496937058305
1225530428938997760
1225530023177793553
1225529924519387136
1225529777152495621
1225529687583154176
1225529470192365581
1225529311123386370
1225528902170349568
1225528863867973652
1225528781814816768
1225527808170119169
1225527752931119104
1225526953744138240
1225526691881197570
1225526107144949763
1225526013385416704
1225525945819377674
1225525872289034245
1225525758984105989
1225525714692255751
1225525669242777610
1225525161245454339
1225525147450388483
1225524760123203587
1225524608788504576
1225524579214528512
1225524545534275586
1225523679372685313
1225523625249382405
1225523520450506753
1225523385716879372
1225522869972733953
1225522638342311936
1225522482490290189
1225522150922125316
1225522065387802624
1225521690379075584
1225521646443864065
1225521505347547136
1225521420500905990
1225521372648091654
1225521329878773762
1225521320894574598
1225520971492229120
1225520652121264128
1225520361770496017
1225520282024267776
1225519393901293582
1225519044452855810
1225518682627084288
1225518459846524929
1225518249468710912
1225518180904374272
1225518153893109762
1225518095047024640
1225518019343986689
1225517651008589824
1225517336297443328
1225516893890588672
1225516685601447938
1225516661459034117
1225516527329386496
1225516368386240524
1225516161787363329
1225516018375839746
1225516016735838211
1225515979133853697
1225515767094968320
1225515708056047616
1225515677466931212
1225515622404108290
1225515403377594369
1225515375540002817
1225515191162605572
1225514869836918795
1225514717235556359
1225514696993845249
1225514624403017728
1225514446182854658
1225514205589233665
1225514116309229568
1225514089906135043
1225514067047124992
1225513877724639234
1225513348646744077
1225513168685977603
1225512688576606224
1225512260518469638
1225512085863456779
1225511885677703169
1225511870230126593
1225511830992367616
1225511555023998980
1225511354053922817
1225511328791564290
1225511251314380801
1225511052869283848
1225511014252322819
1225510993641574401
1225510534176550914
1225510267162853378
1225510035813433344
1225509474116546562
1225509282038386689
1225508985861701632
1225508978806992896
1225508907113730051
1225508360470089728
1225508349753602050
1225508252886196224
1225507891215523840
1225507633882435585
1225507547446157322
1225507520334225416
1225507371042168834
1225507285805518849
1225507171858833409
1225506931558756354
1225506912499834881
1225506450174349319
1225506269810827266
1225506197291315201
1225506143814012933
1225505214498791427
1225505210963054593
1225504994666991618
1225503705123999747
1225503644461780995
1225503336075579392
1225503037655068680
1225502890913095681
1225502856981237761
1225502824341082114
1225502698339958786
1225502290272038914
1225501504389468160
1225500838015180804
1225500629579321344
1225499872629055488
1225499620194836484
1225499244167073795
1225499192216428547
1225499105499197441
1225498469013622784
1225498191359070209
1225498006167969792
1225497965722243073
1225497586175479808
1225497569083744257
1225497555854819329
1225497537181880328
1225497308860764161
1225497269987835905
1225496892940935171
1225496786376282113
1225496633808429056
1225495663837884418
1225495406643175430
1225495396262215682
1225495338980642820
1225494492192673794
1225493894323941376
1225493796294725633
1225493539641077760
1225493410041167876
1225493249521049603
1225493213148000257
1225493171574104064
1225493127038980102
1225492614952161280
1225492365995016199
1225492235967516672
1225492215704817671
1225492019914645504
1225491455122268166
1225491326671740932
1225491119242465280
1225491027257176064
1225490993451061248
1225490987365158912
1225490863519916032
1225490854867017734
1225490546933862405
1225490438393597960
1225490254892879872
1225489945265045506
1225489778776453121
1225489581329600526
1225489504921964544
1225489497892249604
1225489400286629890
1225489234984914951
1225489024485384192
1225488868918644736
1225488770184679426
1225488658599469057
1225488447483371521
1225488344349597698
1225488193551728643
1225488181975552002
1225487935266533376
1225487728982228994
1225486705412780033
1225486620729790464
1225486278428364800
1225486163772952576
1225486127521521666
1225486077567393794
1225485894515351564
1225485882666471427
1225485840002011137
1225485728760631297
1225485665552478214
1225485120586514433
1225485066941476866
1225484903522934785
1225484900620480513
1225484608474636289
1225484524580110340
1225484439083454466
1225484389741711362
1225484175970574338
1225484175098175493
1225484091014991873
1225484028746313730
1225484002926219264
1225483991165407233
1225483545520545792
1225483245694967815
1225483091789189121
1225482952752148482
1225482502430699521
1225482359061045248
1225482352014561283
1225482341658828804
1225482243369570305
1225482201296404480
1225482188717805572
1225481970345500679
1225481845082554371
1225481366600638465
1225481191576481794
1225480949334450177
1225480949317554176
1225480936374067200
1225480914437844992
1225480858108383235
1225480814227599360
1225480335921762304
1225480284554047491
1225479783473086466
1225479767782232064
1225479538727178240
1225479243766915079
1225478961561554945
1225478752471257093
1225478607990075400
1225478577178673152
1225478545025257473
1225478524175290370
1225478524087283714
1225478395447799808
1225478279789936640
1225478221761798149
1225478150118834178
1225477926474469381
1225477460545986560
1225477403641810950
1225477301233733633
1225477043070152705
1225476940351574016
1225476731471106049
1225476627972403201
1225476627947249672
1225476252007649281
1225476086424883201
1225475845076193282
1225475702415294467
1225475511310266373
1225475481543331840
1225475130840829953
1225475058963025920
1225474960572985344
1225474901408145414
1225474842478039040
1225474711469133824
1225474149428211714
1225473425784950785
1225472753895120896
1225472736723701761
1225472558637686786
1225472428081635329
1225472048522244097
1225471879672193026
1225471872084697089
1225471842246385666
1225471786424377344
1225471488138121216
1225471064345583619
1225470818546855936
1225470758480228353
1225470664192274433
1225470111986913281
1225469939382915075
1225469734021365765
1225469231451582464
1225469194826809351
1225469098647310336
1225469006682914816
1225468925909118978
1225468515513225219
1225468295517745152
1225468279495495683
1225468063967072256
1225467992168960002
1225467984405286912
1225467255548456961
1225467175458217984
1225467151626182659
1225466957899685889
1225466855915212803
1225466848411619329
1225466799510126597
1225466740634718208
1225466691439734785
1225466642639073281
1225466626021130240
1225466329009971200
1225466093181054976
1225465999450869761
1225465948888498178
1225465737629839361
1225465691932909568
1225465594012721153
1225465576660852737
1225465500504907777
1225465416195203083
1225465398814035970
1225465353477787650
1225465345764462593
1225465293436309504
1225465222158221312
1225465097713307650
1225464804288188418
1225464565657370624
1225464460644691968
1225464240162639873
1225464216091492352
1225464177806004229
1225464134860525570
1225463973555863555
1225463973144821768
1225463934129446918
1225463630331883520
1225463503974227968
1225463309211705345
1225462731853172736
1225462670809292800
1225462251517349890
1225462193124257792
1225462063256023040
1225462015906451458
1225461633335676934
1225461583754735617
1225461094543765504
1225460788061753344
1225460363463987210
1225460338465873930
1225460285785460737
1225460225093898242
1225459855659589632
1225459765532332039
1225459682426413058
1225459606354309123
1225459432898932737
1225459365362229250
1225458964869132291
1225458925354520576
1225458924851208194
1225458913048514562
1225458543664467970
1225458382548525057
1225458043133087745
1225458039609790469
1225457999524831234
1225457825352212481
1225457721052405760
1225457718720368640
1225457660025278465
1225457568413339654
1225457135825358860
1225456779275968512
1225456486752583681
1225456256833458176
1225456238181453826
1225456230866485251
1225456224491245569
1225456034136961035
1225455886988201985
1225455885046177794
1225455854281003014
1225455749855371264
1225455520234004487
1225455272853934081
1225455166280929282
1225455072647241730
1225454840068952067
1225454825426518016
1225454806950666243
1225454672657494016
1225454521578639361
1225454499445329921
1225454463609118721
1225454096309723137
1225454073224323072
1225454005754658816
1225453895155113985
1225453511686705157
1225453457185869825
1225453401787465734
1225453245520392193
1225453147105218562
1225453117694672897
1225453086090682368
1225452846465912837
1225452749573283841
1225452692375506944
1225452517447827462
1225452492160405509
1225452432706146304
1225452349528924161
1225452305245495297
1225452256344117253
1225452226451255296
1225452195765739522
1225452156276346883
1225452052748414976
1225452049095110657
1225451919960870913
1225451856673071104
1225451628322598912
1225451612963004417
1225451520008826886
1225451360222687233
1225451200457433088
1225451034706927623
1225450841903161347
1225450829207023617
1225450763574501376
1225450570149957638
1225450509705908226
1225450297486725120
1225450006758424576
1225449862239485952
1225449813841498113
1225449786448470017
1225449587319635970
1225449511625121792
1225449407375724548
1225449354967814145
1225449241214115841
1225449197475966977
1225448934023335936
1225448885004460032
1225448845120851975
1225448595631017985
1225448466219962370
1225448349295370240
1225448099298058244
1225447825342902273
1225447126295023617
1225447122956320770
1225446975899918337
1225446834925133824
1225446551650213890
1225446394019926019
1225446221545902083
1225445720276242432
1225445412745687041
1225445409981595649
1225445076710629377
1225445025191989250
1225444990744133637
1225444960108982273
1225444694685036549
1225444606097215489
1225444146497847296
1225444127241887744
1225443862262538242
1225443660097052673
1225443587795685377
1225443556535525376
1225443419079577601
1225443346598027265
1225443060861079552
1225442811153043457
1225442809186000898
1225442714847760386
1225442206401617928
1225442096976449536
1225441657849409536
1225441424826605570
1225441126062182401
1225441067018915841
1225441049667162112
1225440920063090688
1225440702072598530
1225440663547805697
1225440481615765505
1225440455879462912
1225440436929617920
1225440397117337601
1225440232570597376
1225440146851495941
1225440134973272065
1225440062478917632
1225439907247730689
1225439701106089986
1225439669518831618
1225439591580172290
1225439387271475202
1225439278269960192
1225439047432232966
1225438997243191297
1225438992633647107
1225438774106165248
1225438770465558528
1225438332181712896
1225438136525893634
1225438133287882752
1225437932103835649
1225437844816191489
1225437831981600768
1225437801681969152
1225437633662406657
1225437400475803648
1225437171689107458
1225436990365192193
1225436976721092610
1225436459110367232
1225436374989406217
1225436368706375680
1225436337953812480
1225436007044198400
1225435946998542336
1225435900580159492
1225435896746475522
1225435867621273600
1225435648200527873
1225435458609590272
1225435333950615553
1225435319341895681
1225435203025481730
1225435193667936256
1225435172138557440
1225435128933036032
1225434891258601473
1225434827303923713
1225434667412836352
1225434647917682688
1225434617165107200
1225434595325337600
1225434503721705473
1225434485199704065
1225434033888407553
1225434011553628161
1225433892355805184
1225433701535887361
1225433153831129088
1225433143580200960
1225432955662864385
1225432674329866240
1225432290538512385
1225432106718912512
1225432058375348224
1225432050473283584
1225431975462305792
1225431891190452225
1225431787289108480
1225431683291324416
1225431625695158272
1225431569554378752
1225431552890490880
1225431423957508097
1225431357368799232
1225431247834488833
1225431091672207367
1225431035787255808
1225430974940491777
1225430940840841221
1225430792005996546
1225430518742822912
1225430385145864193
1225430149350514688
1225430141146456064
1225430048703963137
1225429953623265283
1225429842990116864
1225429748588908545
1225429239534641153
1225429070202261511
1225429047024529409
1225428958348533760
1225428867546058758
1225428771320324097
1225428751103778816
1225428715359870978
1225428624591007746
1225428616009453569
1225428475269582850
1225428417472061450
1225428342540832768
1225428248919773184
1225428243848802304
1225428153344151552
1225428096897224704
1225428039330340865
1225428016341430272
1225427948800561157
1225427943469404161
1225427182828314626
1225427131389370368
1225427053597659136
1225427007196090368
1225426970504245248
1225426772881264640
1225426730103562242
1225426397881126912
1225426346672783361
1225426340419162113
1225426328649969664
1225426325315473409
1225426285637373952
1225426191680778240
1225426096893710336
1225425821789237248
1225425624690548737
1225425619376320512
1225425135429177349
1225425097734881281
1225424997587529728
1225424973864501248
1225424882617454592
1225424769593544705
1225424413136433153
1225424041349144576
1225423992485556227
1225423674351738880
1225423627753050113
1225423234973208577
1225422882504921089
1225422780205797376
1225422580770910209
1225422528841166854
1225422485853745161
1225422472201240576
1225422378471219200
1225422237605466113
1225422190172164096
1225422136266891265
1225422127265976321
1225421982663094272
1225421950731931648
1225421730132496384
1225421661907931137
1225421617385410560
1225421324983689216
1225421291173371905
1225421175616163841
1225420886397902852
1225420659620184064
1225420536492281856
1225420424940572673
1225420385455308801
1225419818683244544
1225419789545373696
1225419786735190021
1225419482954379264
1225419457780166656
1225419355938226176
1225419338305474561
1225419244210458625
1225419162148888577
1225419120889520128
1225418977339461638
1225418971769442305
1225418857457836034
1225418834645000197
1225418831671283712
1225418683885006848
1225418654654849024
1225418551382638595
1225418180371341314
1225418000385429504
1225417934534828032
1225417777583927296
1225417675075092480
1225417660411924481
1225417654762180609
1225417596213788672
1225417528144474112
1225417303069798402
1225417232206979072
1225417168331968512
1225416907953668101
1225416754891034626
1225416547730173958
1225416408881868800
1225416176509079553
1225416018702585858
1225415983290093568
1225415978303021057
1225415445907492865
1225415318803296256
1225415306279104514
1225415206538547200
1225415091958493185
1225415073864257537
1225415052259450884
1225414895686094848
1225414862983004160
1225414853575180288
1225414850077188098
1225414824521236480
1225414796494999552
1225414719739179012
1225414649065213952
1225414517066280961
1225414422761558018
1225414181601652736
1225414166116216833
1225414162089758720
1225414020183797760
1225414006355058688
1225413981721985026
1225413755133202437
1225413609095860225
1225413142144016384
1225412985616764929
1225412893912465408
1225412506564407296
1225412501246009345
1225412340121788419
1225412274766196743
1225412253006077954
1225412075968749568
1225411599239958530
1225411429722968065
1225411190521782272
1225411127242305536
1225411085181816832
1225411002847678465
1225410656658231297
1225410475539734529
1225410362180349955
1225410358938152961
1225410319352291328
1225410302088531968
1225410113151930370
1225409956570071042
1225409905668042755
1225409881278238720
1225409825108058113
1225409816698462214
1225409815280791552
1225409730044141568
1225409265281753093
1225409244775821313
1225409174990938112
1225409163200692226
1225409143483305984
1225409096561631232
1225409037031923719
1225408945684205579
1225408924335120386
1225408830441476097
1225408815425867778
1225408784257945602
1225408443722403840
1225408194987597824
1225408141862543361
1225407942410850305
1225407933149843456
1225407884713975808
1225407848945012736
1225407767726510085
1225407653272326144
1225407623362727937
1225407546799874048
1225407535810826241
1225407411911036931
1225407411109990403
1225407352746233857
1225407203705786372
1225406891142131712
1225406863019298816
1225406757503107072
1225406749655601152
1225406695503024129
1225406557334233093
1225406504964182016
1225406504313982976
1225406452950589443
1225406452363407372
1225406371882991619
1225406216580616192
1225406015287496704
1225406005686734848
1225405963483648000
1225405837520318465
1225405819220615177
1225405818406916097
1225405309558173696
1225405155505512448
1225405116926373888
1225404986630209538
1225404975179862017
1225404826344927234
1225404805226598401
1225404767054311425
1225404754630774786
1225404725836861440
1225404717322338304
1225404712792592390
1225404647575375877
1225404448870146054
1225404328065806337
1225404273330016257
1225404261892329473
1225404156606894080
1225403812606857216
1225403667282563072
1225403433395654656
1225403411060994054
1225403086799327234
1225403031765880834
1225402710041800704
1225402606878633985
1225402530621988866
1225402529632149504
1225402394189746178
1225402382353412097
1225402373453099011
1225402313071906816
1225402016140288002
1225402010008215552
1225401903103737857
1225401854651256832
1225401775240499203
1225401696257482752
1225401594721787904
1225401522000990210
1225401464547414016
1225401463096184833
1225401446704799746
1225401339221508096
1225401274625134597
1225401229246976005
1225401191644966912
1225400938288091136
1225400810315620358
1225400804598829057
1225400798206713856
1225400537681625090
1225400469062930438
1225400416843837440
1225400338414526465
1225400276468760576
1225400129177497600
1225400023187435520
1225399973602263040
1225399757335617537
1225399660438806528
1225399634392207361
1225399569971916801
1225399560954171393
1225399487838945280
1225399415122382850
1225399395962826752
1225399359921164290
1225399226823258112
1225399090055458816
1225399084426678274
1225399073475264512
1225398951525875713
1225398901819265024
1225398827852738560
1225398773532241920
1225398497324785665
1225398435215441920
1225398414667587586
1225398388293873664
1225398349131657217
1225398298107924481
1225398292210757634
1225398195183869952
1225398047267545088
1225398032927203328
1225397975603654659
1225397937066401792
1225397718169915393
1225397699542908934
1225397581607579648
1225397527391997952
1225397501785780224
1225397402993119235
1225397350279061506
1225397317731307520
1225397226253561863
1225397225171406849
1225397175808557056
1225397154287673344
1225397100713738240
1225397077053759488
1225397060645588993
1225396782257012739
1225396508377460736
1225396386012835840
1225396274142294017
1225396195226476550
1225396185860575232
1225395998014558208
1225395995032399873
1225395950774050817
1225395715607867393
1225395635337211905
1225395564881338368
1225395448799776768
1225395411747295233
1225395327663996928
1225395140459671552
1225395138324844545
1225394647402532865
1225394367181082624
1225394323589603328
1225394097286008832
1225394085214740482
1225394074154389505
1225394066529099776
1225393458090774528
1225393350611738624
1225393136492519424
1225392890727325697
1225392790709899264
1225392681716736001
1225392593003065346
1225392420034142209
1225392303411429377
1225392144950681601
1225392051233181697
1225392022149881856
1225391946908282881
1225391866956439552
1225391766238613507
1225391758894342144
1225391756310654977
1225391635141472257
1225391330542661633
1225391237584297984
1225391214826020869
1225391154990112768
1225391151278108674
1225391108970229760
1225390922206150656
1225390668303998978
1225390552549666816
1225390531867529216
1225390484161531904
1225390343358644224
1225390074424066050
1225389980484349952
1225389482557526016
1225389481387347969
1225389239002714112
1225389220455424002
1225389207725727746
1225389177845448712
1225389143653519365
1225389042721861632
1225388938208120833
1225388728476143617
1225388703163518976
1225388697035689984
1225388632166588420
1225388480504705024
1225388462053916673
1225388382571913216
1225388327538393089
1225388111053627393
1225388081152483328
1225388075167166465
1225387947308077062
1225387924671410176
1225387414849499137
1225387369471324160
1225387346805370880
1225387286453522432
1225387190471004162
1225387095486758912
1225386902645284865
1225386891832430597
1225386758990417922
1225386598579277826
1225386406819831809
1225386154800926721
1225385703380529152
1225385664281227265
1225385646262493184
1225385634518519808
1225385591904382976
1225385586019663872
1225385548191322115
1225385508475461634
1225385505426153474
1225385448303943680
1225385355026862080
1225385313549406209
1225385253520465921
1225385048733626368
1225384977430450176
1225384905183461376
1225384838385012743
1225384806256697344
1225384655584727040
1225384644163579906
1225384626967007232
1225384613633314817
1225384393851756549
1225384321885917185
1225383816635863040
1225383737011122177
1225383732913332229
1225383491631751170
1225383424795512832
1225383351428820994
1225383281497116673
1225383019831349249
1225383010733785089
1225383002282352641
1225382939598499841
1225382938587672576
1225382842399690755
1225382821260382208
1225382709238935553
1225382656269062144
1225382629404561408
1225382592704372736
1225382356766380034
1225382150113026048
1225381767244341249
1225381481817804800
1225381480655982594
1225381479645138944
1225381479468978176
1225381468203036672
1225381467070529536
1225381400150519809
1225381386040827904
1225381364960256001
1225381312091054081
1225381124228239360
1225380988873777152
1225380981865164801
1225380730332733442
1225380725819658243
1225380532999065600
1225380475843358722
1225380205373554689
1225380044903768065
1225380039547588608
1225379860497027072
1225379847729483776
1225379777273614337
1225379766527823874
1225379697657339904
1225379629122367488
1225379603868475392
1225379431751069697
1225379283234934784
1225379111826264064
1225379066259353602
1225378907140042752
1225378745919451136
1225378649777594368
1225378646787022848
1225378400824627200
1225378352661516293
1225378297992949762
1225378109588934656
1225378108720713728
1225377891036389377
1225377728930643968
1225377505391136770
1225377491394736128
1225377469638860800
1225377326642421765
1225377079048404992
1225376806745911296
1225376318445031425
1225376248165261312
1225376246491701249
1225376086109884416
1225376073917063168
1225375941163200512
1225375412513013760
1225375312885829633
1225375007867580416
1225374981724475393
1225374941731749888
1225374854309908480
1225374814342389760
1225374743148232704
1225374737016201216
1225374418769207296
1225373872628871169
1225373693712502784
1225373660254478337
1225373571599306756
1225373522572251136
1225373508760428546
1225373336261320706
1225373298151874560
1225373282192379906
1225373171471257600
1225373128316026882
1225373042223833089
1225372944169406464
1225372921096523781
1225372697464647681
1225372075340304384
1225372036970819585
1225372031073517568
1225372000622915584
1225371776726847488
1225371687425847296
1225371559289917440
1225371455850008576
1225371293538639873
1225371139175833600
1225370981163819008
1225370942496497669
1225370928244252674
1225370912981241857
1225370757204762624
1225370323153014785
1225370294887604224
1225370231897559040
1225370176356593664
1225370044739268608
1225369728031559680
1225369631965302784
1225369631843651584
1225369507209842688
1225369411256643585
1225368264450215936
1225368173974822912
1225367889462648832
1225367669844697088
1225367385038827520
1225367156130365440
1225366936084733953
1225366906955354112
1225366779670794240
1225366779356229632
1225366290036068353
1225365731749105665
1225365558218104833
1225365439200534528
1225365335618007045
1225364849628209152
1225364763200368640
1225364146377510913
1225364104111673344
1225363551457628160
1225363294455771137
1225363281331851264
1225363231721562113
1225362867593056256
1225361637525393408
1225361401868410880
1225361236373770242
1225361078177103872
1225360734084837376
1225360502991343616
1225359476217327617
1225359133915975681
1225359093986136067
1225358787135070209
1225358551322898432
1225358429709094912
1225358166944370688
1225358013843877888
1225357882016727040
1225357661702705152
1225356988768563201
1225356638086926337
1225356320804569088
1225356240215212032
1225355562273189889
1225355517821956097
1225355438167928835
1225355031370752001
1225354934910177280
1225354927775588352
1225354240803196928
1225354019989839872
1225353519894585344
1225353069187289090
1225352266502344711
1225352179327827968
1225352131311554560
1225351910590484482
1225351535032487936
1225351383605547008
1225351338420244480
1225351312797306880
1225351160120344576
1225350593683783681
1225350573479878657
1225350535521488896
1225350528248557568
1225350287981993985
1225350277806612480
1225349982271746048
1225349762448265217
1225349589760454656
1225349247937208321
1225349154915966976
1225349100465532934
1225348876405743616
1225348731970760704
1225348385676386307
1225347980829564928
1225347929352941569
1225347833307574273
1225347797999857664
1225347796376662016
1225347737111212033
1225347688524341248
1225346248628154370
1225345534103314433
1225345453987942401
1225345323075342336
1225345205550927872
1225345071047901186
1225344973232640000
1225344776213540865
1225344727928758273
1225344475087720448
1225344461154156544
1225343976095481857
1225343528286466048
1225343332953579520
1225343236727824385
1225343079126839296
1225342745621008384
1225342250282110978
1225342238424813571
1225342222473875456
1225342020874637314
1225341834504830978
1225341559975108613
1225341519709769730
1225341300490330112
1225341074719330304
1225340573034385414
1225340192342577152
1225340052626120704
1225339665970008071
1225339538098343943
1225339188813484034
1225338886328590336
1225338808113168385
1225338567213363200
1225338508480569344
1225338334119124993
1225338123128836096
1225337717749407745
1225337585582706690
1225337465776549889
1225337030852435969
1225336928859557888
1225335987934519296
1225335910721564672
1225335299938627585
1225335056677380096
1225334903861993472
1225334753043374080
1225334641000951812
1225334455017013248
1225334368350228482
1225333709857075200
1225333555921903618
1225333400317374464
1225333376267227141
1225333305207189504
1225333215545765895
1225332814813507584
1225332784497119232
1225332627164418048
1225332386096963584
1225331751297388544
1225331457008263168
1225331434459664385
1225331308618035202
1225330421975670784
1225330404682534913
1225330272545181696
1225329954742730752
1225329917669363712
1225329819459735552
1225329730922127361
1225329626257469440
1225329527179694080
1225329426268905472
1225329070780665857
1225328830950379522
1225328440028561408
1225327902792855562
1225327871553609728
1225327606658142208
1225327410297626625
1225327063873282049
1225326975788732416
1225326292947566592
1225326156100067328
1225326111153885184
1225326047115259904
1225326044334477314
1225326040471547905
1225326040026877952
1225325180106498048
1225325101261971457
1225324941341532161
1225324685879074816
1225324577129148416
1225324418668339200
1225324418173415426
1225324343686762496
1225323574044581898
1225323294770987008
1225323103905034241
1225323096460185605
1225323068630994945
1225322932081176577
1225322261101654016
1225322246333489152
1225322097758679040
1225322051877117952
1225320502366998529
1225320466673520641
1225319776320442369
1225319717298212865
1225319712726429698
1225319658196209664
1225319562930987014
1225319504001060864
1225319369573617669
1225318887396446209
1225318668332077056
1225318022220537857
1225317962191691776
1225317620351631362
1225317573107081221
1225317571496488961
1225317432509837313
1225317431125696512
1225317023766470656
1225316959799123969
1225316872012390400
1225316519007137794
1225316507992891397
1225316011756396544
1225315768008609792
1225315690267250690
1225315523468185602
1225314762923347974
1225314644027412480
1225314217814888448
1225313174523609089
1225313146392502272
1225313057334841344
1225312971280261121
1225312729822638080
1225312318084599808
1225312053281349637
1225311668873330691
1225311131431993345
1225311067909304320
1225311059856232448
1225310934853410816
1225310715893964800
1225310659329581056
1225310514118569984
1225310400452988928
1225309819239829504
1225309678063824897
1225309328350953472
1225308927623127040
1225308817375801345
1225308756310925317
1225307593809256448
1225306947919978497
1225306687441121280
1225306160309379073
1225306023617011713
1225305298128326656
1225304456306319361
1225304445136695296
1225304048842297345
1225303642011508736
1225303376994406400
1225303083519029248
1225302750675820544
1225302056484974593
1225301687906291712
1225301353809010688
1225301143103967232
1225300933850148866
1225300903969902592
1225300760948244481
1225300727838498816
1225300374619410432
1225298861280899072
1225298819295981568
1225298754074443776
1225298235243278336
1225297372927971328
1225297248180895745
1225297073584689155
1225296409001414657
1225295618635157506
1225295598124961792
1225294676162498560
1225294406980374528
1225294310641455107
1225292732958150656
1225292648598134786
1225291872953913344
1225291828003590144
1225290911959175168
1225290704819277824
1225289562156650497
1225289378714521602
1225288906947649543
1225288822671450114
1225288821325082624
1225288316653842433
1225287770802937856
1225287513784377345
1225287275204022272
1225285294385225729
1225283517564755969
1225282868340981760
1225280782899478529
1225280285736128517
1225278815775141888
1225278192681967617
1225277393662828547
1225276577086353409
1225274262551920640
1225274173720793089
1225266794505613312
1225257778534604801
1225253092733726721
1225251515608260609
1225248534305308672
1225241233553006593
1225235692206383105
1225234867228749830
1225230403763687424
1225230348814082048
1225229474502979584
1225227603524702208
1225227509823873024
1225225733016096770
1225225674824175617
1225224329903902725
1225222916943552519
1225222819992260609
1225220843631992839
1225219829038227457
1225219705977352195
1225215728799932416
1225215190624546818
1225214719755046912
1225214224324026369
1225213993528299525
1225213831930097668
1225213290126639105
1225212777473675264
1225209375800819713
1225208379632738304
1225208102984855553
