1230642559669633024
1230642256723562496
1230637652849778690
1230635947592765441
1230635922598846464
1230635218769498113
1230632723754213377
1230631997057490944
1230630078373122049
1230629925935370240
1230629189855973379
1230627905690009600
1230627443502874625
1230627354155900929
1230625713469972480
1230623452039700487
1230622966876164098
1230622458677485568
1230621822363873280
1230621779028250624
1230621703950209024
1230621295001337856
1230620804364238849
1230620552223772672
1230619163439304707
1230618995210018817
1230618464974495746
1230617936999612418
1230617007500021761
1230616707288510465
1230616549645520896
1230615803344642053
1230615802681942017
1230615771287605249
1230615049951236097
1230615034755272705
1230613882378555394
1230612726713659392
1230611952377978881
1230610784050434048
1230610595810074625
1230610328586772493
1230610279156899858
1230610198760435713
1230610178803982348
1230610178615238663
1230609627496275974
1230609382637002752
1230609247395864581
1230608803034521600
1230608652727410693
1230608476000473090
1230608345117188100
1230607216069271568
1230606375962763273
1230605011031384084
1230604963581222917
1230604516858486784
1230604397673144320
1230604378458841088
1230604243557588992
1230602495715663882
1230602378736525312
1230602348290068485
1230601116867584003
1230600895559327761
1230600838151856128
1230600803037130752
1230600579866648598
1230600476107923456
1230600333887451136
1230599649809006592
1230599346170847239
1230599256395964418
1230598840719466500
1230598820754579470
1230598250014572544
1230597848594558976
1230597802658586624
1230597535183626247
1230597403004350465
1230596691532943360
1230595896188035087
1230595717917532175
1230595583120945152
1230595249300480000
1230595022921355264
1230594675238723584
1230594456375713794
1230594423093895171
1230594385873719296
1230593656870100995
1230593403274039301
1230590976525295623
1230590808476221441
1230590738129354752
1230590487465062400
1230589972480221193
1230589864409731077
1230589058302251009
1230588978346196995
1230588927259684864
1230588735961604097
1230588666323652614
1230588466783805440
1230588227121225729
1230588197425598469
1230587686852923394
1230587150229557248
1230586439580213250
1230586306834653185
1230586221199601665
1230585870681546758
1230585467927699457
1230585319856189440
1230585157347921920
1230584163171856384
1230583833990488065
1230583534877839362
1230583441386807297
1230583424735424512
1230583385199960071
1230583124989562887
1230583094928924672
1230582663712575489
1230582657760858118
1230582512231079937
1230582175172612097
1230580969813499908
1230580213731467265
1230579777301553154
1230579736813981697
1230579514217943040
1230579038558859265
1230578870237224965
1230578730025803778
1230578597649358849
1230578558025728002
1230578116390723584
1230577952229863425
1230577734260314112
1230577687669899266
1230576244040896512
1230575633786384385
1230575392303521797
1230572174680961025
1230571979700416512
1230571723273199616
1230571540552523778
1230571250029912064
1230570433872834560
1230569994536263681
1230569967554310146
1230569900059570177
1230568907561426945
1230568202238717958
1230568080356630528
1230567887204683776
1230567290342502401
1230565749678194693
1230565644862492673
1230565098399260672
1230563735460167680
1230563582456160256
1230562750004228096
1230560726911111168
1230560384232198144
1230559821507616769
1230559384792526853
1230559013328146440
1230558455489945600
1230558222521520130
1230557515374444544
1230554148686319616
1230553500246872064
1230553209569103872
1230552643627433985
1230552522764374016
1230550038998175753
1230549589297528833
1230548911883874305
1230548726072082434
1230547814821711872
1230547261970513922
1230547079488917505
1230546596745449474
1230546554341281792
1230546336971399168
1230545643044732928
1230545630281502720
1230545549100802049
1230544720964866048
1230544586831015938
1230544182684651522
1230544102242033664
1230543769587634179
1230543752739119106
1230540918194921472
1230540878277640198
1230540864788815872
1230539925482811392
1230539609802727425
1230537910476210176
1230536160260345856
1230535906215571456
1230535664858533890
1230535317918306304
1230534365781819396
1230533886473592832
1230533359165677569
1230532934249177088
1230531543422193665
1230531271383756802
1230530590371385344
1230527267148902401
1230526724754018306
1230526464061300737
1230524280095596545
1230522656681857026
1230522378217758721
1230521892769058816
1230520668036517890
1230518227010281474
1230518108403720198
1230512551018029056
1230512229398740994
1230511958128046080
1230510002290462720
1230507064826437632
1230505901464936457
1230505145580113920
1230503309921935362
1230503197497671682
1230502475851063296
1230502407253168129
1230501925659041792
1230501331410079745
1230499800178679808
1230499112086384641
1230499074874466304
1230498265776435200
1230497046613889026
1230495284565811203
1230494475392372738
1230493099396411392
1230492301455167488
1230491757806112768
1230491382323785729
1230489110143471616
1230488462907858944
1230488310830772226
1230487542853664770
1230486760850890752
1230486561575272454
1230486095126724608
1230485375338131461
1230484917114548224
1230484138056130561
1230482575497596929
1230481430519668737
1230480973051179014
1230479796100108288
1230478364579966979
1230478238327222285
1230477880322396160
1230477867076681728
1230477792485179392
1230477342021181442
1230476826943905792
1230476388722970624
1230476197173309440
1230475490256990208
1230475309880922112
1230473891551830016
1230473740368125952
1230473007568691200
1230472538087723009
1230472177171996672
1230472161619517441
1230471468108128258
1230471191569281024
1230470499664306176
1230469942945996800
1230469492783882242
1230468916482322432
1230466825030422528
1230466575678963713
1230466519446048768
1230466366194569218
1230466324469559298
1230466239534899202
1230466183419383814
1230465743403307008
1230465203420180481
1230464985249263616
1230464983823196161
1230464685662707713
1230464117460389889
1230463817538248705
1230463663552782336
1230463001699942403
1230462547553329152
1230462392871596035
1230461905908662272
1230461462252007424
1230461188322009089
1230460841092427777
1230459327623942144
1230458606157533185
1230457979016708096
1230457420905930752
1230457111714390016
1230457110615527425
1230457110082793472
1230457109499797505
1230457108954591232
1230457107759104000
1230457107205558272
1230456461593075713
1230455529031569408
1230453437051043840
1230452569182437377
1230452371152613376
1230451544849514496
1230451314766884866
1230449746579480576
1230449209381445632
1230448460006076418
1230448428464906242
1230446733064384512
1230446661689802752
1230446626097049602
1230446519402344448
1230446157609996289
1230445994648666112
1230445917846851585
1230445250969124870
1230443412387717125
1230443164491747328
1230443163363487744
1230441549290508291
1230441511390765061
1230441195534462976
1230439917903319040
1230438896485490689
1230438801341927425
1230438044433551365
1230437589968138245
1230437252943241218
1230436484488073216
1230436034569277440
1230435252230926338
1230435197214240768
1230435043786600448
1230434965097209860
1230434552985931776
1230434422681473024
1230434393371660288
1230433495740297216
1230433293943934976
1230433063873712128
1230432534984581120
1230431422705524736
1230430276485971969
1230429664365236224
1230429179910459393
1230429112294092800
1230429012536832000
1230428609296445440
1230428580699615232
1230427931480088578
1230427216649097218
1230426899987517442
1230426497271373825
1230426365284974592
1230426056613662720
1230425212971298817
1230424904476037122
1230424220276051968
1230423483177287681
1230423075440746497
1230422744124264449
1230422671239852035
1230422504583372807
1230422422576410624
1230422207177859073
1230421800343015424
1230421669250060289
1230421584482951168
1230421269646118914
1230420967060537344
1230420543222013952
1230420161016012800
1230420049841840128
1230419409505792000
1230419395631079427
1230418768620376068
1230418631802138626
1230418472884199425
1230417528389849088
1230416839152455681
1230415341928484865
1230414725290348544
1230414717786738688
1230413268377899008
1230413098307260416
1230413014102355969
1230412233110323200
1230412091024166913
1230411591360929792
1230411312582266881
1230410171727347712
1230409927333728256
1230409628984410116
1230409533513781251
1230408519872061441
1230405682014322688
1230405296817950720
1230404814405763073
1230404501653336064
1230403492696776704
1230403490465435649
1230403287318515713
1230403128354377728
1230403087774425088
1230402539293696000
1230400771902013441
1230399976464932865
1230399496640749568
1230398340195586049
1230397774803427329
1230397562823348224
1230397210560548864
1230397102225809408
1230397057652969473
1230396784972894208
1230396580735442944
1230395995898482689
1230395948259520513
1230395410621050880
1230395276101390340
1230394472875339776
1230394245766406144
1230393961426178048
1230392724148412418
1230392334271025152
1230391252937474053
1230391205038579712
1230391080270647296
1230390516052889606
1230389914761650176
1230387699594485761
1230387236383928321
1230387087347789824
1230386519728427008
1230385287186014208
1230385211613097984
1230385096798228480
1230385079538651137
1230384392549404672
1230384148403150850
1230384056266825728
1230384039292538881
1230383768738893829
1230383669619101696
1230383556192538624
1230383155774918662
1230381983546650626
1230381460990943232
1230379967046914048
1230378911370006529
1230378062321156096
1230375890057605120
1230374434055360523
1230374324424642560
1230374039044198401
1230373691290259457
1230373286757982208
1230371931133816833
1230371645128351744
1230370927864578049
1230370861741264896
1230369996284604417
1230368078988480512
1230367147743961091
1230366773121372160
1230366160870309888
1230363601581547520
1230363125603557376
1230362840407650304
1230362766206275585
1230362687776972801
1230362052553736192
1230360922834841600
1230360280980492293
1230357334582534145
1230355582122647557
1230354843123974144
1230353812264816642
1230353076609077248
1230351974870155264
1230349039142658048
1230338841267011585
1230337512499040256
1230330830804963328
1230318168532488199
1230317483145531392
1230315683122221057
1230313252128608256
1230313091839283201
1230312102239309824
1230311578605694976
1230307862313930752
1230305615806902272
1230297358526709760
1230293927070175232
1230292598444654593
1230290833376673792
1230290151865229312
1230289271669559296
1230289010993528832
1230285882109964288
1230285341510316033
1230284319719088130
1230282782003335168
1230282439953657858
