1225931868593381376
1225931177565065217
1225929551592726529
1225929509750366213
1225928747674689542
1225928667857072130
1225928614606143493
1225926595971604480
1225925894218317829
1225925002329022464
1225924664205225984
1225924542058680321
1225924338613915648
1225924140990914561
1225923129932906496
1225922336056135681
1225921972099481601
1225921445362044929
1225920642077380615
1225920629905514496
1225919582617165824
1225919054600384513
1225918948245458956
1225918122793852929
1225917829913944064
1225917301226135555
1225916881485344769
1225916851684859909
1225916676748738565
1225916663536771081
1225916226246971394
1225915949653667842
1225915380440485889
1225915362363027456
1225915180510478337
1225915146859663360
1225915006992207872
1225914645111824384
1225914446503084032
1225914234078466048
1225914212221845509
1225913761330016257
1225913290041282560
1225912754273472521
1225912456230440962
1225912255562338305
1225910887489380353
1225910239872126980
1225910128525881344
1225909843007098881
1225909523715633152
1225909290227163136
1225907895843409928
1225907046987509760
1225906237591707648
1225905528687222785
1225905388035420161
1225905205948096514
1225905167226241026
1225905102776602624
1225905064033890304
1225904871359967232
1225904656615985153
1225904530354790406
1225904418417233921
1225904017546629120
1225903733462179841
1225903027774771201
1225902202889351174
1225902020076457984
1225901694329991170
1225901535437246466
1225901215701139457
1225901182121627649
1225889026185551875
1225888601218732033
1225888468439588864
1225888389217411073
1225886431316520962
1225886105691656192
1225885963030794240
1225885872287076353
1225885327421845506
1225885281523511296
1225884872385888261
1225884106246017026
1225883846878650368
1225882449332318209
1225882020238196738
1225881804592353281
1225881506377281536
1225881428564545537
1225881397128200194
1225881376035155968
1225881304778055682
1225880824064741382
1225880714098434048
1225879168803622912
1225878906579947522
1225878723213320194
1225878445894307848
1225878427930169344
1225878245305995265
1225878158244818944
1225878143510204416
1225878082118193153
1225877562527813643
1225877121970647041
1225877017293393920
1225876788821319681
1225876530766712833
1225876447123922944
1225876436038410240
1225876434708783106
1225876417990230016
1225876063659708418
1225874498710384641
1225873847540420609
1225873748324233223
1225873420375687173
1225873305393139713
1225873285730140161
1225872948898168833
1225872860834562049
1225872713404813314
1225872224395177985
1225871417075474432
1225871382354984960
1225871216063455233
1225871031694393347
1225870933610713089
1225870360911937537
1225870148680245254
1225869611394048002
1225869611322740737
1225869595656978439
1225869560060010502
1225869457030955009
1225869315150434304
1225869286150897664
1225868148785717250
1225867964378943488
1225867656382865409
1225867569384640512
1225867239578128384
1225866981561294848
1225866959784378369
1225866777722310658
1225866299118694400
1225866146345365507
1225865666642825217
1225865347343011843
1225864638535028736
1225864555659767813
1225864501712564225
1225864427863527424
1225864411493076997
1225864313770061825
1225864181615861761
1225864113798119424
1225864110077829123
1225863902208151552
1225863628475244545
1225863488582537216
1225862502304690179
1225862369433309186
1225862273014681601
1225861807967031296
1225861544938016770
1225860626779660288
1225860581552422916
1225859312691617793
1225858848910663683
1225857984623976450
1225857327607275529
1225856574037667848
1225856453157801985
1225855789132402691
1225855621980925952
1225855466758197248
1225855329524645890
1225855186226339847
1225854060634550272
1225853779892936704
1225853664071442441
1225853639769698305
1225853403206647814
1225853181063815168
1225853024117108738
1225852816528420865
1225852552807358465
1225852500617633798
1225852007224881152
1225851210743341058
1225850887857430530
1225850668377952261
1225850587796910081
1225850287572819968
1225850131104268288
1225849534644879364
1225849052287393796
1225849025276104707
1225848590691700741
1225848583456468992
1225848528846643200
1225848482059169800
1225848426405023745
1225847698768715783
1225847544321802243
1225847288104411136
1225847201609535491
1225846949422796800
1225846727057518592
1225846652537360390
1225846642873708548
1225846120749899776
1225846048339484673
1225845868030570497
1225845779295809536
1225845512324231175
1225845076309553153
1225844950325190656
1225844428658663426
1225844216191946752
1225843899199041541
1225843692222787584
1225843473074532358
1225843249904078851
1225843247941066752
1225842797384736770
1225842688626511872
1225842584695734272
1225842007484051463
1225842005550469120
1225841854748463104
1225841167029456900
1225840993028780037
1225840909981560834
1225840875625943040
1225840185260347393
1225839984126709760
1225839671353204737
1225839112487395330
1225839058997448706
1225839012000169985
1225837577149784064
1225837109451411456
1225836333450629120
1225835893749145601
1225835714459373569
1225835603272622082
1225834817234833408
1225833896853561346
1225832342331195395
1225832176454897667
1225832082347347969
1225832075347013632
1225831971110162433
1225831474617815046
1225831436625829891
1225831291813273600
1225831013991026689
1225830579054301184
1225830091181215750
1225829821781028865
1225829686871240705
1225828672076210176
1225827955072434177
1225827384626118658
1225826835210162176
1225825535588261888
1225825500368719872
1225825450854952962
1225825349595996160
1225825120461230080
1225825055143272448
1225824898884521984
1225824042126581761
1225824011889893376
1225823889202274306
1225823734080135168
1225823716451418112
1225823551426527232
1225822705569669120
1225822553123454977
1225822387830218752
1225822315491008512
1225822007645876224
1225821935445123077
1225821850065915905
1225821419860373504
1225821405398233095
1225821308623212545
1225820511378251776
1225820012000182281
1225819629769183233
1225819256358653952
1225819050711842816
1225818997108682757
1225818611132096513
1225818587673366529
1225818500763176961
1225818492206768129
1225818279299702785
1225817913300525057
1225817750137921536
1225817278396207105
1225817074515271680
1225816006557388800
1225815836323131394
1225815749941329920
1225815724079316992
1225815447280508928
1225814854117855233
1225814814586548225
1225814009967992832
1225813418126565384
1225813218557337601
1225812639466561536
1225812372583014405
1225812299207847936
1225812245969547264
1225812163522125826
1225812144387653645
1225811778048790528
1225811574776041473
1225811463274627073
1225811299768184833
1225811292641988608
1225811221284368384
1225811096818286594
1225811058499244032
1225810852709879809
1225810560530272256
1225809561866686465
1225809531105665031
1225809340646469633
1225809232190197760
1225809176380805120
1225808872662851584
1225808826147966976
1225808597541621760
1225808352699191296
1225808191340122112
1225808021181411328
1225808014130716672
1225808006895558656
1225808000889344001
1225807993851215872
1225807783406317569
1225807776900886528
1225806431632449537
1225806241886359555
1225805338189889536
1225804045517979648
1225803911266697216
1225803865037078529
1225803551231873024
1225802164309721088
1225802067215814656
1225801324496859136
1225801071181934593
1225800943985401856
1225800774590050307
1225800509799489537
1225800056026157058
1225799473730904064
1225798110707884033
1225798003170185217
1225797780377133056
1225797265748615169
1225797167056596993
1225797062450700288
1225797028158066689
1225796107957153793
1225795611305357313
1225795575255355392
1225795412419895298
1225795346053378049
1225795318664527872
1225794765838524416
1225794285938860032
1225794030228910081
1225793942479872001
1225793666280755200
1225793614305013760
1225793600220352513
1225793511250853891
1225792557931810817
1225791638624182273
1225791604545523712
1225791352723640320
1225791203322613760
1225791046124261377
1225790307461206017
1225789782741200897
1225789608681787393
1225789297032417282
1225789155726282752
1225788227728084993
1225787855118704641
1225787707735072768
1225787505544499200
1225787493636804610
1225787362120228864
1225787305111248897
1225787264514613248
1225787134646325257
1225786055560921089
1225785816150159363
1225785516957880320
1225785418479816712
1225785335247929344
1225785018942922752
1225784946524119045
1225784767809040385
1225783841870295040
1225783823000100865
1225783630745784320
1225782905290526721
1225782859807567874
1225782740618006529
1225782223825231872
1225781368682094599
1225781064221831169
1225780999881097217
1225780789033492481
1225780116787208193
1225780036533411840
1225779741216690176
1225779646098264065
1225779177783283722
1225779062968397826
1225778301098172416
1225777679208796165
1225776763453747201
1225776405868404740
1225776302365532160
1225776202742484997
1225776116255936514
1225776095137615872
1225775938325143553
1225775691087695873
1225775557687881729
1225775387021660160
1225775058775420929
1225774649646166017
1225774563625259008
1225774471283453953
1225774335517954049
1225774258607005696
1225774231528628225
1225773605298020353
1225773596057985024
1225773077365166081
1225773041327706117
1225772950361714689
1225772929973211136
1225772647579082752
1225772636678033413
1225772542310469633
1225772333316689921
1225772136318558208
1225771012832342021
1225770747576115207
1225769864343760902
1225769763248451586
1225769428924747776
1225769219033313281
1225768584682577920
1225768066627375105
1225767950319280128
1225767440677658624
1225767440539217921
1225767438035275776
1225767434402947074
1225767335199375373
1225767189170544643
1225766601175244803
1225766459550375936
1225766432648110082
1225766309306171401
1225766291673317378
1225765943927697408
1225765935488868352
1225765744039878656
1225765599382573056
1225765539953479680
1225765326757007360
1225765262206623746
1225764796290736129
1225764592128798720
1225763993815592960
1225763618777681921
1225763539312349185
1225763028123234304
1225762934846038017
1225762545094578177
1225762007166656513
1225761876212174851
1225761542152560641
1225761459503869954
1225761329325248512
1225761202363666432
1225761065075642376
1225761044137742338
1225760884162748416
1225760802084401152
1225760666188996609
1225760611558133761
1225760285321048065
1225760256648785920
1225760177800044545
1225759843178336256
1225759584150867969
1225758825665507329
1225758775669293057
1225758693595242496
1225758640310611969
1225758620400394245
1225758297036394496
1225758143852007425
1225758033847910400
1225757931251085312
1225757895448518656
1225757835105046528
1225757760719138823
1225757725142986752
1225757247973793800
1225757231448195072
1225757118109712384
1225756992213573635
1225756799451770880
1225756648507047936
1225756491258486785
1225756378456821761
1225755998830415877
1225755561293176833
1225755503411810304
1225755411460038658
1225754985226481664
1225754972941410304
1225754411168759815
1225754391556370433
1225753861828358144
1225753530696421377
1225753271849168896
1225753151489310722
1225753076906233862
1225753032345956352
1225752993326338048
1225752978780499973
1225752728602845185
1225752556670013440
1225752193472630784
1225751890031521793
1225751774612611072
1225751621646376960
1225751273456250881
1225750260049420288
1225750232752939008
1225749830208753666
1225749681235468288
1225749315429240834
1225748966383476736
1225748884204507141
1225748701093728257
1225748389620568071
1225748208401440768
1225748105393344512
1225748051555471360
1225747899465818112
1225747740669419520
1225747546024423424
1225747517570191362
1225747493025128450
1225747136974852097
1225747117232336896
1225746885442490370
1225746872008167424
1225746709583671297
1225746436492537856
1225746249586036736
1225746227884707840
1225746132795523072
1225746096821063680
1225745810350116864
1225745741945196544
1225745657962487808
1225745640749195264
1225745589461307392
1225745542866702336
1225745474776424448
1225744793730527232
1225744705247277058
1225744572904607746
1225744491816071170
1225744230431285248
1225743580419022851
1225743104290041856
1225742951655124992
1225742767982338048
1225742732376858629
1225742622767054848
1225742344063987712
1225742337000837120
1225742326510882817
1225742182847590401
1225741726847053824
1225741592792850432
1225741541827846144
1225741333026963456
1225741088796880898
1225740981514928129
1225740878305775617
1225740821162577920
1225740719928872960
1225740232999546880
1225739401092681730
1225739245404532737
1225738887605125120
1225738303456063488
1225737993656438784
1225737742413332486
1225737652776906752
1225737029088169984
1225736391667191808
1225736298834649088
1225735956109590528
1225735744066551808
1225735539527122945
1225735508116070401
1225735453262917633
1225734813065371648
1225734727799377920
1225734028839526400
1225733066485837824
1225732948357525504
1225732945811591170
1225732736553562112
1225732255135522816
1225732100902588416
1225731882677080066
1225731620025569281
1225731545056587777
1225731509975474180
1225731415649681413
1225731392061026306
1225731379515871233
1225731372398055425
1225731166579412992
1225731145125572609
1225730739888676869
1225730434497204226
1225730277256966144
1225729449607352320
1225729088146608128
1225728762916024320
1225728745807413248
1225728661065752576
1225728569868988416
1225728454643023873
1225728442458570752
1225728377958604800
1225728192411045890
1225728061619961856
1225727839783313408
1225727795038445570
1225727450891595776
1225727188105932801
1225727136767598593
1225726987886583808
1225726886862630913
1225726375572713473
1225726360901095425
1225725346047115264
1225725115498991620
1225724840281300993
1225724316198805504
1225723996630638594
1225723840476700673
1225723825154854912
1225723574905909249
1225722929431949317
1225722906598084608
1225722510588727296
1225722328618872832
1225722328472051712
1225722321492725760
1225722147424829440
1225721721250107392
1225721685132873728
1225721420765966342
1225721365967319048
1225721268319793152
1225720977130246145
1225720469950750720
1225719750879252481
1225719094126747648
1225719041383444480
1225718937238884352
1225718338023776261
1225718219815739392
1225718135619231744
1225717942056296449
1225717850243051520
1225717425460727809
1225717406322102272
1225717215313485829
1225716878154354689
1225716570816761858
1225716130603524096
1225715597608177666
1225715421942362113
1225714723985018882
1225714210908319745
1225714185931251712
1225714144005050368
1225714048433639425
1225713983396753408
1225713654051606529
1225713650922594304
1225712735251464192
1225712564824367104
1225712469701746690
1225712209113866240
1225711875356340224
1225711230058475521
1225710741656887297
1225710690712899584
1225710267327184897
1225709984828264449
1225709083992477696
1225708350391844864
1225708266585559040
1225708169072185344
1225707776543985665
1225707567424458752
1225707338071449605
1225707218420584450
1225706676755496960
1225706360240734210
1225706206460862465
1225706141054906368
1225706117390643200
1225706078903701508
1225705727723003909
1225705664661671936
1225705636954099712
1225705624123715585
1225705129493614592
1225704680388485122
1225704598171721728
1225704572167114753
1225704313089077249
1225704289320013824
1225704248698077185
1225704191777288198
1225703849907888128
1225703494843322368
1225703077552017408
1225702583781744640
1225702524843413505
1225702492392083457
1225702321004277760
1225702287898746880
1225702249676132352
1225701996210065413
1225701797391548416
1225701575634456576
1225700957775728642
1225700872996323329
1225700822366818307
1225700678237970437
1225700625981132801
1225699934126497798
1225699668874498048
1225699642798559239
1225699390938988546
1225699124046991361
1225699050197925889
1225698722207584256
1225698488798740481
1225698221994831875
1225696550585659392
1225696467949514754
1225696090348908549
1225695963924189185
1225695724332994560
1225695723896725505
1225695687280513029
1225695658847293442
1225695386284617733
1225695313651847171
1225695309415632898
1225695247914528769
1225695208651673600
1225695162455560193
1225694961837821956
1225694840916078592
1225694827804680192
1225694827406188545
1225694495393468417
1225694421439504384
1225694348869689346
1225694341638680578
1225694140899315713
1225693874611318784
1225693403486142465
1225693400009072640
1225693179032137730
1225693164628893697
1225693124934029314
1225693070814875648
1225692644409348097
1225692440587145216
1225692433989558278
1225692417854062592
1225692252300693506
1225692209120301057
1225692133182435328
1225692101129596929
1225692091033903104
1225691915120566273
1225691477650505729
1225691431475408896
1225691343785086977
1225690925021532163
1225690762001580032
1225690661791256576
1225690619156164609
1225690173175779329
1225689859957784578
1225689642978037767
1225689458491576321
1225689334050783234
1225688880558395392
1225688830675521541
1225688824488947712
1225688796236091393
1225688788149489669
1225688388549763073
1225687961485770752
1225687560925503488
1225687436396650496
1225687369703014400
1225687283644260353
1225687244058423296
1225686810379968512
1225686491679952896
1225686046114844672
1225685800114782208
1225685381028274176
1225685155659964416
1225684373984276480
1225684208783245314
1225684042432933888
1225683816674512896
1225683798659960834
1225683736441655296
1225683715801542657
1225682693909729284
1225682646920908805
1225682526867320834
1225681811201638401
1225681288650051585
1225680994700648451
1225680993102614531
1225680685081321479
1225680670069948416
1225680180795981828
1225679904169021440
1225679900880715776
1225679658026332160
1225679529135312896
1225679491051085824
1225679391587352576
1225679328333070342
1225679069582225408
1225679066205868035
1225678959007846400
1225678907241725954
1225678761481293824
1225678096365342720
1225678044196589571
1225677937694740481
1225677732844953600
1225677642520621058
1225677595955478533
1225677587210371073
1225677159483592704
1225676983717097474
1225676981942906881
1225676793576738816
1225676624449822722
1225676541083828225
1225676536574959616
1225676257351716864
1225676154247368704
1225675841796861952
1225675687538778114
1225675286269661184
1225675276446650373
1225674957864046594
1225674421584592897
1225674139291140096
1225673640982614017
1225673566496022529
1225673476272349184
1225673218586898434
1225672808543346688
1225672714792235008
1225672680310853632
1225672383958138880
1225672143901351936
1225671992918958080
1225671884252930050
1225671765101182978
1225671427287707649
1225671389081767937
1225671215899037697
1225671129433440257
1225671124521897985
1225671069786238977
1225670525826895875
1225670208783695872
1225670198750875648
1225670094560231424
1225670068094136334
1225670059701334021
1225670000393932802
1225669841127792643
1225669635632033792
1225669583136157696
1225669261407838208
1225668956964311042
1225668841545465856
1225668550397792266
1225668328582045697
1225667871658758145
1225667217615753217
1225667112007434240
1225666827591618561
1225666582833065984
1225666505691389955
1225666464029409280
1225666377853235200
1225665971303485441
1225665918706929668
1225665494897680385
1225665449381122056
1225665364127649793
1225665131540992002
1225664350507028480
1225663714927316994
1225663322105638913
1225662782617485312
1225662755392278528
1225662639507832832
1225662446817333250
1225662183956082691
1225660986943631362
1225660393093136384
1225660004922843136
1225659774525571072
1225659742015516674
1225659680166297606
1225659596611571712
1225658656437309442
1225658510890815490
1225658365734342656
1225658060120526849
1225657373093584900
1225657079433584643
1225656999288823808
1225656464569552896
1225655859742556161
1225655246656983042
1225655012866412545
1225654924492464128
1225654767227043841
1225654649086046208
1225653582373851138
1225649789829693441
1225649535289942016
1225649186453901315
1225649156615593984
1225648663038316544
1225648376512860162
1225647712579665921
1225645606699323393
1225645387928633346
1225644469850009601
1225644311926038529
1225643638295650305
1225643537087127554
1225641741367181313
1225640583659524096
1225640161964261377
1225639867888963585
1225638688052301830
1225638066359980032
1225637914500947968
1225637392826032136
1225636073092435970
1225629767489093632
1225629536278085632
1225626786731560961
1225626644368457728
1225625061299752960
1225622684870070272
1225620604243652608
1225619842499252225
1225619219691098118
1225617989497688064
1225614829530075137
1225610796195098625
1225608792831856640
1225608339616358400
1225608198922608643
1225607896626606080
1225607744021028864
1225602297876615168
1225595895850422272
1225592753368682497
1225589322658779136
1225587461549699073
1225583999172665345
1225583915571859461
1225583026043748357
1225582432746921985
1225581782319403008
1225579758844551174
1225579035771756544
1225577713186070529
1225577365541130240
1225577218677641217
1225576659648163840
1225575698611539968
1225575404402040833
1225575352023556096
1225572889321234436
1225572714762686464
1225572612279087105
1225571820885200898
1225571407607877632
1225571283976491008
1225571044733394944
1225570690398642177
1225570492813398016
1225570277440053250
1225570143524335625
1225570023361728519
1225569880998629377
