1227381511269310464
1227381474447495169
1227380768235773953
1227380641651666944
1227380230551109632
1227380203506237446
1227379889017409536
1227379798588219395
1227378836280692736
1227378652834344960
1227378210247258119
1227378010669625344
1227377959524294658
1227377952054239232
1227377708730060801
1227377661196062726
1227377416156434434
1227377331955736576
1227377215148523521
1227376951423307777
1227376655624212480
1227376610703290368
1227376178643730433
1227376176320122881
1227375688149295106
1227375361492758528
1227375267108311041
1227375230441705473
1227375055677554689
1227374877159628800
1227374590822932480
1227374511563120641
1227373762187792391
1227373499733467136
1227373431563411458
1227373145943920641
1227373124422918144
1227373093175386117
1227373066487029760
1227373002037305351
1227372866011910144
1227372752400719872
1227372718527479808
1227372681546358788
1227372601816813568
1227372390952439808
1227372291073466368
1227372187696365569
1227372019232247808
1227371924310908928
1227371847177658368
1227371752814235648
1227371682467328001
1227371498597421056
1227371272738410498
1227371136595496965
1227371057423769606
1227370957716758529
1227370901844480001
1227370796965933058
1227370757744996361
1227370630762373120
1227370539913707521
1227370535937507333
1227370506065764352
1227370491133992960
1227370470888148993
1227370425086283779
1227370379280338944
1227370368014389252
1227370344077561864
1227370334745243648
1227370324271996935
1227370310787358725
1227370299387195393
1227370284526768128
1227370236065861634
1227370216792961046
1227370184396156928
1227370147725422594
1227370107795623938
1227370063491145730
1227370027944497152
1227369986819330048
1227369844653350912
1227369813821022208
1227369657084104704
1227369605208903681
1227369588448468992
1227369579690840064
1227369445041082369
1227369424283471873
1227369399427960834
1227369388665376769
1227369350451093511
1227369294842990592
1227369264929222658
1227369104509669384
1227369095999479808
1227368807158747137
1227368491021455361
1227368355360890880
1227368089660088322
1227368077307924480
1227367984383111168
1227367957958942721
1227367868318265346
1227367840392601601
1227367817407803393
1227367803713474563
1227367747782369280
1227367399395151874
1227367365752639489
1227367204313862144
1227366591924514817
1227366563168366592
1227366431039336448
1227366161123291136
1227366159890120704
1227366096518426626
1227366005313241088
1227365982378831873
1227365923113271299
1227365893484810243
1227365764958695427
1227365696801300481
1227365674558918656
1227365557755940866
1227365539741343745
1227365380374646786
1227365329938141185
1227365218235437056
1227365121963499521
1227365034218663937
1227364644035186688
1227364634732253184
1227364536094797825
1227364530751201287
1227364245429477376
1227364160767438850
1227364133542268928
1227364087094534144
1227363951408754689
1227363950800592901
1227363949328420865
1227363877391826944
1227363475271356419
1227363455964983296
1227363443847696386
1227362851624509451
1227362791725596674
1227362526964396035
1227362204372131840
1227362127217856515
1227361871138902016
1227361744139489280
1227361674375712769
1227361370733191168
1227361177094758402
1227361160590241794
1227361157322825737
1227361145339686913
1227360863725801472
1227360823259074561
1227360739159105538
1227360691767652354
1227360477073858560
1227360067508408326
1227359998537277442
1227359945135448064
1227359659562094594
1227359550526849025
1227359367437176833
1227359159290646532
1227359028982042625
1227359015585435650
1227358867488727041
1227358734990675969
1227358710818799616
1227358261097181184
1227358178632966151
1227358166981267456
1227358151873323008
1227358090477154305
1227357934453239808
1227357924017737728
1227357853238878212
1227357850923565056
1227357744560295936
1227357719004315648
1227357407392731137
1227357330423078913
1227357215910174720
1227357206103937030
1227356952218546176
1227356648437624832
1227356351283814400
1227356200792199170
1227355544819785728
1227355229009645568
1227355187209232385
1227354918807314433
1227354608474972160
1227354539214413825
1227354397501509633
1227354382271946753
1227354329813831680
1227354244853964800
1227353858927669248
1227353565196357635
1227353521642778631
1227353384908402693
1227352933106429952
1227352930791120896
1227352854467403777
1227352850033991680
1227352788855689217
1227352641296125958
1227352637798068224
1227352536945963008
1227352513592123392
1227352450367180805
1227351960447279109
1227351956173316097
1227351889941016576
1227351885079814146
1227351675779850241
1227351561690656769
1227351503440097283
1227351447718764545
1227350871861796864
1227350809102503938
1227350798981648384
1227350789343019008
1227350781571092481
1227350628487356417
1227350552083881984
1227350470039130112
1227350418327506949
1227350260013568000
1227350187364016130
1227350069151662080
1227349966382825472
1227349957272887301
1227349956698267653
1227349956056567810
1227349955486134274
1227349841468153864
1227349838871879680
1227349717304127499
1227349703509127168
1227349649666846722
1227349478950174722
1227349366064787457
1227349239837216768
1227349134690127881
1227348941597036549
1227348843987116036
1227348739091783680
1227348480026390530
1227348453501603842
1227348396446552068
1227348364980822017
1227348324606496768
1227348277865086978
1227348231367143424
1227348225302114304
1227348209367908354
1227348176132243457
1227347887945928705
1227347757704368128
1227347711084703744
1227347647234744320
1227347302228119553
1227347151459700736
1227347046891433985
1227346902032830464
1227346812752867330
1227346687280197632
1227346577762725889
1227346572490440705
1227346399328690176
1227346339874443269
1227346162367242246
1227346147108364288
1227346143782342663
1227346101113585670
1227345917000507392
1227345834536325120
1227345612074627074
1227345591904145408
1227345572450967552
1227345475730276352
1227345414891941890
1227345398626422793
1227345367617933316
1227345360986738689
1227345283174064134
1227345228803252230
1227345221240774656
1227345182829535232
1227344888284536833
1227344860019150854
1227344829543276544
1227344810593456129
1227344774241406980
1227344723175755776
1227344678032433153
1227344612894920709
1227344377476976640
1227344361408679937
1227344172853714944
1227344053747974144
1227344048450625537
1227343876496797697
1227343805612986370
1227343630211407874
1227343500984774657
1227343474040635394
1227343466394537985
1227343446513520641
1227343254292660234
1227343096800776199
1227342904550711296
1227342832983298050
1227342786023874560
1227342778666975232
1227342673981452288
1227342668302188544
1227342305415356416
1227341893673070593
1227341850618535936
1227341765675560960
1227341597462978562
1227341406844391424
1227341401974853638
1227341183938113536
1227341118565683202
1227341105521397760
1227340917058785281
1227340849085849601
1227340749005639685
1227340729686642688
1227340327641657346
1227339988846686208
1227339918667649024
1227339871536193537
1227339793257902082
1227339728946683905
1227339616077963265
1227339508103942149
1227339201747836929
1227339197335425025
1227339152515006469
1227339147641311232
1227339048328540161
1227338873128259584
1227338759194189825
1227338453119045636
1227338443375730689
1227338224441479177
1227338044430311427
1227338029368586241
1227337597749465089
1227337496276631562
1227337457114415104
1227337327720173573
1227337205779222528
1227337002573533185
1227336976749166592
1227336629960028163
1227336604630573059
1227336481687162881
1227336365202907136
1227336119190159360
1227335882551762944
1227335540363710464
1227335444309913601
1227335323887325188
1227334910677061632
1227334773800042496
1227334425219866625
1227334228095963138
1227334209364221953
1227333958842667012
1227333744593428480
1227333720207691781
1227333695922737163
1227333687802580992
1227333664599613442
1227333652792643585
1227333503831945216
1227333267604590592
1227333253771726848
1227333194032254977
1227333070497501185
1227333068660277254
1227333036699717633
1227332778771001345
1227332763482759171
1227332357243494400
1227332258559864833
1227332221599653889
1227331795257090050
1227331691523510274
1227331487873294340
1227331481590226945
1227331149736837120
1227330961945309187
1227330719401287680
1227330542858854405
1227330504464224256
1227330394481139713
1227330374025478145
1227330232904036352
1227330019527217154
1227329959234019328
1227329742459801606
1227329640341045248
1227329603707994112
1227329543373017089
1227329284341223424
1227329244033900544
1227329205819629570
1227329162756661249
1227329137263742987
1227328911413010432
1227328801958506498
1227328597125406723
1227328427008708613
1227328407790333952
1227328312642592770
1227328312093138944
1227328293893963777
1227328192777801729
1227328141204631552
1227328088188559364
1227327741042798593
1227327662605131776
1227327591507517441
1227327443230433281
1227327413207674882
1227327377564487681
1227327320287064064
1227327242579193856
1227327111104520195
1227327106465566720
1227327039369367552
1227326949611229185
1227326817519984640
1227326694392025090
1227326566000218112
1227326539014066177
1227326097286684673
1227326069788811270
1227325870420959233
1227325702871113728
1227325694637727744
1227325558637441025
1227325493713756160
1227325368387997696
1227324990451863553
1227324945031663621
1227324775179194370
1227324735467511810
1227324299025014786
1227324214941802501
1227324198118395906
1227324073946091521
1227324045575774209
1227324033550692353
1227323999912431616
1227323989611159552
1227323955947737088
1227323929355784195
1227323876864151552
1227323716876558336
1227323668029636609
1227323608286007296
1227323470708715525
1227323347714936840
1227323287929225216
1227323180546699265
1227322666975100930
1227322646251089921
1227322619915051011
1227322604383539200
1227322590647242752
1227322571663794182
1227322534552625152
1227322492173373440
1227322462070824961
1227322457687719937
1227322441757753345
1227322373860405249
1227322367459909633
1227322300686622735
1227322274170183680
1227322213952577542
1227322201667506178
1227322095471910913
1227322068905136128
1227321996574437383
1227321939565465600
1227321745943781383
1227321665635393538
1227321653669044225
1227321599029907456
1227321370834546692
1227321364631126016
1227321347463950337
1227321295727190017
1227321119860019200
1227321045046132741
1227320957758472193
1227320957469155329
1227320922647990272
1227320812480454656
1227320789306834944
1227320753542094851
1227320727277314049
1227320683249754112
1227320670406598657
1227320663096119309
1227320485307961345
1227320369587113989
1227320367548715008
1227320286518837248
1227320188481212422
1227320137314897920
1227319985560788992
1227319876626395136
1227319791733612546
1227319760129531909
1227319611097522177
1227319492868558848
1227319434727100419
1227319421372379139
1227319407619211264
1227319406851756032
1227319136126152705
1227319077686956035
1227319055431938050
1227319039921446913
1227319018706612225
1227319015384719364
1227319009353326592
1227318996116086787
1227318876196737025
1227318759305572352
1227318738598473729
1227318603273256960
1227318481798025224
1227318409962102790
1227318245876695043
1227318068080148488
1227317909661396992
1227317783744188417
1227317635320336384
1227317633390989313
1227317631331586049
1227317618450845706
1227317502604128258
1227317469783744515
1227317449495896066
1227317307900354561
1227317271024021505
1227317268150980608
1227317224526041100
1227317174223634433
1227317160000868352
1227316945038475265
1227316937815986177
1227316909449850885
1227316879292846082
1227316818920050688
1227316776167452674
1227316765216190465
1227316708110716930
1227316492687085568
1227316486940889089
1227316457324843008
1227316441831084032
1227316403675574285
1227316367201914886
1227316311686078470
1227316198121050115
1227316194564284417
1227316122036428800
1227316104462295040
1227316001626259458
1227315968881328129
1227315854112628742
1227315778522943494
1227315683882684422
1227315599803633664
1227315425790304257
1227315317099114496
1227315208613482497
1227315115445379079
1227315112098385920
1227315042674184193
1227314799987642372
1227314615618588673
1227314506637901824
1227314402837303297
1227314209672892416
1227313990109405184
1227313874271133696
1227313858936700928
1227313834798592001
1227313713469894656
1227313582179835906
1227313446926024704
1227313425551937536
1227313335584088064
1227313326243401728
1227313305758437376
1227313291510321157
1227313274796072960
1227313172069089281
1227313036400132097
1227312983086374915
1227312895949668354
1227312860159709184
1227312852140199937
1227312669021130766
1227312610292445184
1227312323989209088
1227312285196148736
1227312024360804354
1227311971600650243
1227311970229026816
1227311925140369411
1227311917917704193
1227311758978748418
1227311748857958400
1227311726967869440
1227311717283254273
1227311702225584128
1227311649792630785
1227311614531121155
1227311578606952448
1227311574341312512
1227311470314213383
1227311330706837505
1227311245491101704
1227311165056917509
1227310895568752642
1227310858365292544
1227310824122986500
1227310778304389123
1227310732896821248
1227310703633207296
1227310686797209600
1227310487081279488
1227310466168500225
1227310422711205888
1227310372413214720
1227310372253728773
1227310338313531393
1227310318222790656
1227310290779418631
1227310275541401601
1227310246433083392
1227310244092620803
1227310183031939072
1227310067826995201
1227310022813724672
1227309863145033730
1227309754613145603
1227309737311690753
1227309653559840768
1227309605216227331
1227309533997027328
1227309429852381186
1227309330367680515
1227309313292689416
1227309205792677890
1227309175136489474
1227309039673061376
1227309036539912192
1227308999852404736
1227308850677796864
1227308804297150464
1227308802271334402
1227308766263152642
1227308446489497600
1227308441858977793
1227308257313787904
1227308175113756674
1227307980569403393
1227307834792194048
1227307824205778944
1227307814856556546
1227307615262212096
1227307610858250240
1227307501353406469
1227307409019895811
1227307370025562115
1227307309136629760
1227307238370500609
1227307235082199052
1227307202232422406
1227307196909793280
1227307121601122309
1227307089833418752
1227307088050884613
1227307054974603264
1227307002101190656
1227306981192589314
1227306953371680775
1227306890398457856
1227306889526075393
1227306848631566338
1227306797217779720
1227306783502426112
1227306745527242754
1227306739046981635
1227306735506878465
1227306694918709254
1227306693358489601
1227306693069070337
1227306691139637249
1227306682851766272
1227306647900622849
1227306619018584069
1227306613670850563
1227306515570274312
1227306514433662977
1227306501980741632
1227306466715066375
1227306460188676101
1227306442463551496
1227306442060894209
1227306402835812352
1227306337614401536
1227306329284452356
1227306295184719872
1227306217351122945
1227306150514831362
1227306106285907970
1227306060685418496
1227305899406057472
1227305895471800333
1227305836369842177
1227305780132687874
1227305720934227968
1227305719139119104
1227305660238516224
1227305578537607170
1227305518722691072
1227305476653797380
1227305440398204932
1227305346974310400
1227305239621120007
1227305135002521600
1227305025174753281
1227305005960638467
1227304954534285313
1227304876083904512
1227304839702556672
1227304837836087300
1227304760648327170
1227304676330287107
1227304398684028928
1227304338042884097
1227304249719185411
1227304218475794445
1227304217414639622
1227304174121095169
1227304163459182592
1227304095561678849
1227304028985581569
1227304012908834818
1227303969585651712
1227303929094057985
1227303780733067272
1227303734058901505
1227303675930038272
1227303560624431105
1227303515523092482
1227303489447120896
1227303461861109761
1227303449433341954
1227303434019364866
1227303354067488771
1227303270487556096
1227303187754946561
1227303114161651713
1227303030422417414
1227302975883948032
1227302884380987392
1227302829360132096
1227302747936108555
1227302708811649024
1227302577215332353
1227302554134106114
1227302528871694340
1227302441365970948
1227302403139153920
1227302401415229446
1227302363502907392
1227302312584060929
1227302226147889154
1227302202529767424
1227302084225249288
1227301850292064257
1227301803487789056
1227301708306558977
1227301592493326337
1227301507009273856
1227301503318315009
1227301309704855553
1227301289312374784
1227301288557318154
1227301240033419272
1227301146257166336
1227301043974918145
1227300992712089600
1227300960680259584
1227300951666700293
1227300912575717378
1227300882192179203
1227300816018649089
1227300587362037760
1227300407539572747
1227300345405198336
1227300239670902789
1227300228950364160
1227300157357744130
1227300141662687242
1227300120011661314
1227300093872820230
1227300060062416904
1227300045462044675
1227299989409468417
1227299973886357506
1227299925031084032
1227299913857478657
1227299900448223238
1227299879896174594
1227299822778142722
1227299804696449030
1227299789123006465
1227299698416984064
1227299661674762240
1227299580733247489
1227299546318983169
1227299437447393280
1227299430975639557
1227299390156525568
1227299240243843072
1227299194802712583
1227299179875180544
1227299122572677120
1227298959556739072
1227298843735314432
1227298787212824577
1227298764437774337
1227298730115846145
1227298644484874240
1227298574368694274
1227298452029296641
1227298447004459011
1227298324694343683
1227298278695370753
1227298267119009793
1227298202061287430
1227298069835866112
1227298013565128704
1227297911035301888
1227297869088030720
1227297752587087872
1227297708081373184
1227297660161462272
1227297655497330689
1227297480087343106
1227297469890990084
1227297362432921601
1227297276885905410
1227297179083169793
1227297093947207681
1227296983632764928
1227296766262988800
1227296723611127809
1227296670158856192
1227296651062251524
1227296624512245761
1227296566244970498
1227296401564078083
1227296368357670913
1227296264963923968
1227296263584067584
1227296211809505282
1227295807445053440
1227295789195632652
1227295764273156102
1227295711420702720
1227295669599293440
1227295620119113734
1227295568202018817
1227295494596124674
1227295436765003777
1227295191129886721
1227295172419031040
1227295148758982656
1227294704506675213
1227294655693434880
1227294623137136640
1227294415485636610
1227294331498831873
1227294201584459776
1227294087474241538
1227293936550645760
1227293805088583681
1227293752554934274
1227293687715069952
1227293618282651653
1227293503006367744
1227293298324377602
1227293252908462082
1227293113590407170
1227293078530199552
1227292897470504960
1227292752595030016
1227292442514350087
1227292423362994176
1227292383051755524
1227292369315340288
1227292215267012608
1227292124623843328
1227291916082921472
1227291894222401538
1227291860378537984
1227291834314973185
1227291828669571073
1227291796310392832
1227291631075909633
1227291597156560896
1227291521898209282
1227291491611004928
1227291334026911744
1227291292960313350
1227291266171449345
1227291253856985088
1227291158893809664
1227291140732227586
1227291134025719809
1227291085854035973
1227290961157480448
1227290456578568192
1227290361388654592
1227290006181548032
1227289973197549568
1227289795707252737
1227289632200589315
1227289444459393026
1227289436142145536
1227289375471480832
1227289375278542849
1227289370987724802
1227289337823318017
1227289294865338371
1227289186157285376
1227289169749303296
1227288859899117568
1227288808443371520
1227288607578304512
1227288438459764736
1227288432126418944
1227288398471290895
1227288283274592257
1227288242573258752
1227288238966046720
1227288225573724160
1227288159345692672
1227287950368505856
1227287842428268544
1227287758877708290
1227287584545681408
1227287440005750784
1227287386016681985
1227287330005934080
1227287302784856065
1227287108076933120
1227287023507189760
1227287010345410562
1227287003009409025
1227286910453854209
1227286795198566400
1227286724751040512
1227286683386814464
1227286518584266752
1227286424157749254
1227286414146056193
1227286240124448769
1227286124244107265
1227286109325070336
1227285667463548929
1227285637436338176
1227285370867519488
1227285359454715904
1227285279876276225
1227285165333938176
1227284959313920000
1227284822151790596
1227284821375737856
1227284807840755712
1227284678824034305
1227284451840839680
1227284369364013057
1227284229232431104
1227284067126779905
1227284062135619598
1227284035476606976
1227283998956806145
1227283876097204224
1227283775756918787
1227283755066413056
1227283693074616320
1227283664209424384
1227283534601162754
1227283433178533893
1227283426723684353
1227283384444915712
1227283331059896321
1227283323124408320
1227283299137204224
1227283283408510976
1227283241452875777
1227283231940251648
1227283137601982465
1227283133478862853
1227283096501981185
1227283085437390850
1227283044412936193
1227282991220699137
1227282949655191554
1227282881850023937
1227282870072422400
1227282790674305024
1227282744214007809
1227282701608083456
1227282464281890816
1227282375366803457
1227282271377379328
1227282169585778688
1227281856720072704
1227281840161030146
1227281789124849664
1227281662729474048
1227281645109207040
1227281604638334976
1227281507888156672
1227281464640901121
1227281073249366017
1227281048284868608
1227280909616869377
1227280908916609024
1227280818596450306
1227280614233137155
1227280598936371200
1227280592628338694
1227280541998866432
1227280430161956864
1227280278303002624
1227279963046338560
1227279833211842560
1227279690978734082
1227279582383857664
1227279507293376529
1227279503229059075
1227279221594021888
1227278851774046208
1227278828935970823
1227278813345787905
1227278738649423873
1227278698090553349
1227278546818752512
1227278316735877120
1227278256451145729
1227278190466490375
1227278098439249922
1227277950137049088
1227277901873074177
1227277751830405121
1227277730024214528
1227277725930414081
1227277704661291012
1227277568816111616
1227277435114328064
1227277424972439553
1227277380533805057
1227277187570642946
1227277074970247169
1227276937065877505
1227276915519754240
1227276721042358272
1227276696946118656
1227276574191423489
1227276451793141762
1227276436001742852
1227276291730268160
1227276281764384769
1227275967594422273
1227275916637851648
1227275868927676417
1227275759116529669
1227275758940196865
1227275723221741568
1227275533949571078
1227275517373681664
1227275514924195840
1227275399693914112
1227275363983605760
1227275155052912640
1227275034487644162
1227275009862914048
1227274980582449157
1227274872214228992
1227274866891644928
1227274818271100928
1227274738457702400
1227274631452606465
1227274612238581760
1227274471867846658
1227274469657468933
1227274199242162176
1227274018857902080
1227274014999109632
1227273937970585601
1227273926411243521
1227273850074714113
1227273821738225665
1227273770374762496
1227273675768025089
1227273557035470854
1227273537196613633
1227273469642993664
1227273455659372545
1227273361354522625
1227273267158798338
1227273072044056581
1227273055208136704
1227273019787182080
1227272952024047616
1227272896139186176
1227272860646985728
1227272839990009859
1227272752605859842
1227272686558203904
1227271992795172864
1227271926772617216
1227271905637535744
1227271817976569856
1227271627500654592
1227271308389601280
1227271274839379970
1227271260377243649
1227271245542064129
1227271205113278464
1227270850258374656
1227270843530608647
1227270576076705793
1227270501296431104
1227270393070678023
1227270329501921281
1227270168973381632
1227270160643448832
1227270132646514688
1227270071787061248
1227270034696867843
1227269972088455168
1227269695700643841
1227269689778241536
1227269577748471808
1227269547436265473
1227269438078148608
1227269262638768130
1227269205810085888
1227269116525858817
1227269070527115264
1227268939182477319
1227268832298799109
1227268823767633920
1227268812111785985
1227268776195956736
1227268585728417792
1227268493374115840
1227268431424184320
1227268301363073025
1227268256165191681
1227268089420697601
1227268049566232577
1227268038950604800
1227268029437947910
1227267935225470981
1227267928791359488
1227267909078134784
1227267813997522944
1227267787468558336
1227267763628105736
1227267734230241287
1227267686914125834
1227267650952278016
1227267639686434816
1227267624008142848
1227267530730938370
1227267409582706688
1227267108091940864
1227267081680412672
1227267026751717381
1227267006753386496
1227267005226659840
1227266789215809536
1227266784635559936
1227266610076909568
1227266478988115968
1227266388584087552
1227266295315488768
1227266164302196736
1227266161252995072
1227265946714243074
1227265817982599168
1227265798789570561
1227265776954073089
1227265681030144008
1227265677305638917
1227265640173535239
1227265638034395137
1227265617281126400
1227265434820284422
1227265272618344454
1227265224715059200
1227265154611601409
1227265098068250625
1227265084092768262
1227265008767135745
1227264986860466176
1227264955700989953
1227264805901258753
1227264805213437952
1227264427550019584
1227264410470830080
1227264372545900544
1227264174058868736
1227264157852094466
1227264074389610502
1227264034308837378
1227263830335610883
1227263777298579456
1227263762941521920
1227263561342181376
1227263499774066690
1227263456694370304
1227263321465860097
1227263268173033478
1227263217530880000
1227263157145567233
1227263071292395520
1227263032188919808
1227262978283565058
1227262865108680704
1227262862474637314
1227262596165795840
1227262522262048773
1227262475948691456
1227262447360323584
1227262315084558336
1227262277801385984
1227262171685556225
1227262165914202112
1227262165717049345
1227262154824351746
1227261980362166275
1227261845716819969
1227261777328603136
1227261738753699845
1227261700874866688
1227261653445685248
1227261588639371265
1227261550119079936
1227261347953627136
1227261242995167232
1227261228139061248
1227261196669243392
1227261103714926592
1227261103677136896
1227261068541456384
1227261015613677568
1227260939902365696
1227260926438629378
1227260815666970624
1227260630941474818
1227260398144905217
1227260206666649600
1227260126622556160
1227259746006261760
1227259563767812096
1227259361463898112
1227259314651484162
1227259211618250754
1227259068055724033
1227259048237596672
1227258926485430280
1227258920823074817
1227258897590837248
1227258868196986882
1227258856696315904
1227258757257875458
1227258362867453953
1227258257233850369
1227258118666514434
1227257995027009537
1227257783332020225
1227257750717190144
1227257701916381185
1227257678210174978
1227257588380684288
1227257455551418368
1227257453919850497
1227257345434169344
1227257223161753601
1227257203566030853
1227257181268934656
1227257094966898689
1227257026960658432
1227256888531787779
1227256814535770112
1227256796861124608
1227256674437812224
1227256411794612225
1227256357310652416
1227256337144385536
1227256250305589248
1227256157749858304
1227256149780713472
1227256088627699713
1227255879801679874
1227255828245307392
1227255615619244032
1227255562594914306
1227255404696154112
1227255398731853825
1227255387180666883
1227255309850357761
1227255253940174849
1227255171878551552
1227255123778338816
1227255000902127616
1227254926369345536
1227254876771627008
1227254854155935744
1227254806252675077
1227254751689105409
1227254747285114882
1227254725055262728
1227254723373236226
1227254678414647298
1227254632021417984
1227254589147140097
1227254578070118400
1227254495647850499
1227254474181423105
1227254418577350657
1227254275073593345
1227254174347333632
1227254173290377219
1227254153757577218
1227254150624423937
1227254095641268225
1227253856930648064
1227253852312948737
1227253845547528193
1227253836424851456
1227253832633028609
1227253822533390336
1227253720062103553
1227253703104696322
1227253627703697408
1227253496266649600
1227253230834536448
1227253166158290946
1227253047736373248
1227253032448069632
1227252868299808768
1227252773093330944
1227252638053490689
1227252582374047744
1227252418385149952
1227252342501732353
1227252336545763331
1227252310792863744
1227252270439395329
1227252245974089728
1227252208799907840
1227252179322322949
1227252023499714566
1227251943006986240
1227251937197854721
1227251876468531200
1227251859821383681
1227251795346386947
1227251792464863233
1227251534238535680
1227251359747125248
1227251268059631618
1227251194910760960
1227251142289051650
1227250891352367104
1227250612670271488
1227250566679715840
1227250105578901504
1227249969737994240
1227249926079426560
1227249893636476928
1227249881644961792
1227249721481318401
1227249713210122241
1227249683883577344
1227249589570482176
1227249570385625088
1227249563221864455
1227249553088425984
1227249335135547392
1227249274855075840
1227249118285848576
1227249085121519619
1227248917181587456
1227248906146385920
1227248622464589825
1227248481330442247
1227248466478260225
1227248432508809217
1227248208738504707
1227248097006247938
1227247866734948352
1227247704448884744
1227247679123730432
1227247287262466049
1227247236846956544
1227247232661041152
1227246401978953729
1227246322740289536
1227246242037665793
1227246238673838081
1227246145216434181
1227246027306127365
1227245814952550401
1227245691870699521
1227245492129669121
1227245399322353664
1227245377616797698
1227244840926302209
1227244603855659018
1227244071594360832
1227243996751155201
1227243843663335424
1227243806560604163
1227243799434407936
1227243706975211520
1227243672254763008
1227243619049861130
1227243460396298241
1227243361469378560
1227243343912067077
1227243318129516546
1227243313989742593
1227243197966893057
1227243082694836226
1227242876335050752
1227242807976321025
1227242729924464641
1227242617999523840
1227242187202560000
1227242139077079040
1227242016028995584
1227241931299790848
1227241853549862913
1227241686910193664
1227241627137146881
1227241509222617090
1227241449063768064
1227241444231925765
1227241286819708930
1227241095739953152
1227241048189079553
1227241019999211520
1227240958363873280
1227240897768640512
1227240591043383296
1227240555186286592
1227240533614948352
1227240260578443264
1227239967354523654
1227239915445878784
1227239851344318466
1227239783199412229
1227239639850684417
1227239603200917507
1227239401698320384
1227239170730422274
1227239008788336645
1227238943172620289
1227238933232332801
1227238930036035591
1227238876499984384
1227238871458447365
1227238767485804547
1227238756266020866
1227238444461543425
1227238331831873540
1227238279751307265
1227238196636983296
1227238108439158784
1227237973181120517
1227237909922811911
1227237873859956738
1227237720969207810
1227237487250046977
1227237448909873153
1227237352583467009
1227237067278647296
1227237007228833795
1227236967726768129
1227236964446826497
1227236937423036423
1227236863020277762
1227236443732561922
1227236427634634752
1227236314866601984
1227236208197042178
1227235488458690560
1227235316798386178
1227235294199635968
1227235225328971781
1227235124237877249
1227235103253975041
1227234756980543488
1227234727553372168
1227234705029943296
1227234604895129600
1227234303224025090
1227234255165628421
1227234183715663873
1227234092225351681
1227234085539590144
1227234073413898240
1227234064056320000
1227233744592961539
1227233403285778433
1227233332376801281
1227232952670617600
1227232842461085697
1227232812723470336
1227232636214632448
1227232609463361536
1227232489795661824
1227232306559160321
1227232249860456448
1227232242700820480
1227232097368256512
1227232087037693953
1227231954627649542
1227231850403422210
1227231836742541312
1227231812306468864
1227231585294069762
1227231485356322819
1227231349733515266
1227231054848765952
1227231026168188928
1227230829518184448
1227230606775463936
1227230497962692611
1227230492384268288
1227230352349024256
1227230323639017478
1227230229405544450
1227230218257129473
1227230206307569664
1227229747681341440
1227229587601580033
1227229583369555968
1227229375210409985
1227229365844488198
1227229273007828992
1227229139872210945
1227229109991985153
1227228978051571714
1227228787189919745
1227228483371270144
1227228265997307910
1227228199576317954
1227228131821596673
1227227879865450496
1227227864342433792
1227227743814811648
1227227656158109697
1227227512771633153
1227227465157939200
1227227416202006528
1227227413727326210
1227227333972701186
1227227220533379072
1227227192050036736
1227227014190555141
1227226925443244033
1227226906099142656
1227226580285558786
1227226441319931904
1227226315813773313
1227226272163651589
1227226271022747649
1227226249413746696
1227226207659417601
1227226145659199488
1227225999466737664
1227225945511276545
1227225871141961729
1227225858047463425
1227225786719055872
1227225756880822273
1227225695065198594
1227225661099646976
1227225567239557121
1227225404710293504
1227225354491826176
1227225318018162691
1227224895790157824
1227224853238992902
1227224688973295617
1227224528058769408
1227224475416002560
1227224392117227520
1227224389193736194
1227224099610595330
1227224086696333313
1227223936858980352
1227223831334420480
1227223819087175680
1227223785335554048
1227223641701670913
1227223581706326016
1227223536982466563
1227223258661081089
1227223244341698560
1227223222627786752
1227223080474464256
1227222876501291009
1227222559504072709
1227222441287659520
1227222352368406528
1227222168314023938
1227222144775606272
1227222096599830530
1227222096520019968
1227222086235586560
1227222041327263744
1227221973375311872
1227221877254475776
1227221874565943296
1227221633682853888
1227221601059557376
1227221575398756352
1227221358809055234
1227221325720248320
1227221262973489152
1227221243683917827
1227220994802188290
1227220835796226051
1227220770767720448
1227220582472830981
1227220512495034369
1227220454227742720
1227220452529057792
1227220292419883009
1227220274623414275
1227220269812604930
1227220245506592768
1227220177756000259
1227220167811358721
1227220147984904196
1227220114589831168
1227220033899810816
1227219995735855104
1227219970158997509
1227219828664086530
1227219824025198592
1227219802244210688
1227219720098734080
1227219657922355200
1227219570576044032
1227219541454921728
1227219361607409665
1227219345404723201
1227219313939095553
1227219261048938496
1227219254371635205
1227219121374404614
1227219032631390210
1227219007369089024
1227219003413848065
1227218902008188929
1227218840674852864
1227218833892630534
1227218563079032832
1227218553037824001
1227218488965492736
1227218438818615296
1227218377602666496
1227218115672596480
1227217990413934604
1227217938043764736
1227217762487062528
1227217690848321538
1227217625761091584
1227217353022328833
1227217243974533122
1227217097824129025
1227216959055548416
1227216901446815744
1227216624018653185
1227216418128658432
1227216395345285121
1227216166495584257
1227216158799077376
1227216107699916802
1227215926304608256
1227215915785256960
1227215883677859840
1227214848611823616
1227214787400081413
1227214581245849601
1227214072439070723
1227213861578846208
1227213854528229377
1227213810500501505
1227213513300508672
1227212971035758593
1227212756719411200
1227212694744371203
1227212602385862658
1227212500015423489
1227212343492435969
1227211552727629827
1227211540639686657
1227211532150464513
1227211433798176768
1227211107682701314
1227210818636435456
1227210695260954624
1227210684276072449
1227210367463542785
1227210279231971328
1227210271082590208
1227210246076190722
1227210226903998465
1227210185648877571
1227210158163603458
1227210106426793986
1227210049946300417
1227209988176859136
1227209892890587137
1227209027970650112
1227209020529836033
1227208942679404545
1227208732116955137
1227208561790418945
1227208543780163589
1227208315572236288
1227208134915166208
1227208020037337088
1227207963905056768
1227207841871736832
1227207636543852546
1227207601550692352
1227207239699779584
1227207210947747840
1227207007280693248
1227206930722164747
1227206882072416256
1227206840389439488
1227206829501026304
1227206823381524480
1227206286862929920
1227206286120488962
1227206246467620865
1227205918770782210
1227205752135258115
1227205663308341253
1227205601362632705
1227205545540628481
1227205539182104576
1227205302644363264
1227205286206803969
1227205221358669824
1227205101229674496
1227205009785442307
1227204945411178497
1227204568230039552
1227204559342317568
1227204412172574721
1227204337388179456
1227204063940501505
1227203637220446210
1227203479015510016
1227203462242406400
1227203329295626240
1227203166376210432
1227202984809029632
1227202948477964289
1227202913270976512
1227202869964791808
1227202796400889856
1227202591886626816
1227202432456908801
1227202330795356161
1227201926779097091
1227201579062845440
1227201568212180993
1227201487056646144
1227201388880551937
1227201314695892992
1227201281686724608
1227201121468502016
1227201117123117056
1227200966644174848
1227200873618694144
1227200780521705472
1227200748737454083
1227200628218310656
1227200522026995712
1227200478058074113
1227200393937063937
1227200074725416961
1227200072909250560
1227199632859684864
1227199595593203712
1227199473153138689
1227199252918611983
1227199238372761600
1227199236330131456
1227199075499597826
1227199046663753731
1227198479031816193
1227197988776357890
1227197938415390721
1227197891065892864
1227197868420861952
1227197828398751744
1227197755086589952
1227197639508267008
1227197530296999938
1227197328643280898
1227196739066699776
1227196722440327171
1227196634108485636
1227196301600796673
1227196176300158976
1227195781960142851
1227195470516281344
1227195397615038465
1227195396948135941
1227195396377731072
1227195395819917312
1227195383157272576
1227195300332417024
1227194906797584384
1227194492924694530
1227194485093912576
1227194455796731905
1227194037721018368
1227193997824839680
1227193924378398720
1227193636242231296
1227193624804327424
1227193617980239872
1227193478305734657
1227193111778074626
1227192911625936897
1227192909839175683
1227192908018786308
1227192624068677632
1227191549999689728
1227191302678360071
1227191242901114880
1227191176937209856
1227190929867628544
1227190789094113280
1227190699369664513
1227190515692601344
1227190409912254464
1227190234795986945
1227190228160565249
1227189905949851648
1227189811632578560
1227189794066911233
1227189446652649472
1227189284760965120
1227189030472818688
1227188742693294080
1227188607930204160
1227188506625298433
1227188381748211714
1227188316723916802
1227188191645569024
1227188138575048704
1227188080723087360
1227188049672654851
1227187759959461888
1227187640497246209
1227187485572313094
1227187432854081537
1227187406387937280
1227187222799167492
1227187125864607744
1227187099125899264
1227186852039446528
1227186689778634753
1227186662071001088
1227186646690521088
1227186609902292993
1227186483594977280
1227186110322946056
1227185756080427008
1227185465851367424
1227185059528105984
1227184928154148864
1227184911028715520
1227184764597284864
1227184093957443585
1227183930429841409
1227183630402904064
1227183525054623744
1227183244694769665
1227183137328943104
1227183022656585728
1227182947700178944
1227182923238998016
1227182834072379394
1227182826073788417
1227182540785627136
1227182038911983620
1227181774486327297
1227181577408569344
1227181115464716289
1227181007008342016
1227180998481371136
1227180799918821376
1227180798660444160
1227180542766047233
1227180515377270784
1227180506703261697
1227180256940974082
1227180168390828032
1227180057912803329
1227179880183468033
1227179569813299200
1227179376497831937
1227179346940571649
1227179224320135168
1227179034204950529
1227179002403618816
1227178971705544704
1227178811915145216
1227178724942061568
1227178634626113537
1227178459220336642
1227178419479339013
1227178367453188096
1227178325753331713
1227178293889306625
1227178238977294338
1227178216013619201
1227178153392693249
1227178147143192577
1227178016087953408
1227177941156626434
1227177782138019840
1227177713695371265
1227177507528593409
1227177432463093762
1227177258722283526
1227176851396796416
1227176641404788736
1227176595233832960
1227176555698364417
1227176384671428608
1227176271488131074
1227176247236661248
1227176243071725569
1227176136901320704
1227176087802826757
1227175191886909440
1227174873971163136
1227174562162454529
1227174543543984128
1227174532307456000
1227174473671028741
1227174147001851904
1227173909461684224
1227173898476806144
1227173884132282368
1227173675616677889
1227173524479135744
1227173425963290624
1227173350063120384
1227173288960458761
1227173269243076608
1227173232232542208
1227173065186037762
1227173044252270592
1227172990187692037
1227172948559179776
1227172679024812038
1227172368541417472
1227172287146790912
1227171952554651648
1227171532763471873
1227171454636171264
1227171410264707073
1227171283475009536
1227171253754191872
1227170651926155266
1227170196374290432
1227169873563934720
1227169840688979970
1227169733310590976
1227169591132073984
1227169213103640578
1227168781832683520
1227168767534391297
1227168561640148993
1227168290440650755
1227168217589854208
1227167950920192000
1227167819416133632
1227167716458541056
1227167652285747201
1227167617485549570
1227167134268215297
1227166988948119552
1227166971793416192
1227166963417350144
1227166885189476352
1227166024069304320
1227165593876541440
1227165377903386624
1227165300157829120
1227165149431312384
1227165139100688384
1227165091688308737
1227165080887988224
1227164836557094917
1227164812653846529
1227164562216099840
1227164475637280769
1227164178173038593
1227164141057642497
1227164078856114176
1227163989924352000
1227163984383692800
1227163965291188229
1227163861205295107
1227163291765673989
1227163152019869697
1227162646153179136
1227161715105763328
1227161656167452672
1227161624341078016
1227161608151076864
1227161396938493953
1227161361039462400
1227160941336449024
1227160909002559489
1227160619805134848
1227160619331141637
1227160578134827017
1227160238010359809
1227160165964754944
1227160104023183361
1227160103079428096
1227160051229581312
1227160004651778048
1227159980500869120
1227159979737509890
1227159904550608896
1227159561842417664
1227159463284617218
1227159412520947712
1227159366316457987
1227159361128148993
1227159288226942976
1227159249178046470
1227159138196688896
1227158870545633280
1227158641058471936
1227158615255064576
1227158245128667137
1227158211687600131
1227158106758688768
1227157883298680832
1227157737555054593
1227157647813685248
1227157637533458432
1227157559968137216
1227157502665666565
1227157492624437249
1227157469920714754
1227157369085362176
1227157110514950146
1227157078290161670
1227156649393164289
1227156036479586304
1227155719163727872
1227155593250689026
1227155543665643522
1227155505661063169
1227155502343368704
1227155311670317056
1227155214404333569
1227155088365453313
1227155022024249347
1227154937387405312
1227154822903795712
1227154790653796352
1227154682050744322
1227154354131566593
1227154341737500672
1227153846805372930
1227153658619531264
1227153434408898560
1227153343061135360
1227153224303554561
1227153217890455553
1227152836703784962
1227152354107150337
1227152190567043073
1227151941102338051
1227151404751577088
1227150983228248064
1227150606009294848
1227150567274897408
1227150499172044800
1227150416397426690
1227150388295589889
1227150328958767105
1227149888359739392
1227149831405293568
1227149424025096195
1227149298271506432
1227148890257993729
1227148822343815170
1227148722070528000
1227148348144148480
1227148126659710987
1227148060821725185
1227147603575476224
1227147596545904640
1227147578535501824
1227147554351087619
1227147514899566592
1227147198254735360
1227146928456110080
1227146906129715201
1227146686054703104
1227146537412812800
1227146445670797312
1227146006116085766
1227145995106103297
1227145666406879232
1227145523720790016
1227145447355174912
1227145218857848833
1227145212851609600
1227145177590108162
1227144947780014080
1227144785615577089
1227143701585170434
1227143557309435910
1227143505631420419
1227143399100354566
1227143208519467008
1227142762186801153
1227142610822803456
1227142313652236288
1227142071858999296
1227141779419430916
1227141290166509568
1227141187078848512
1227140818051510274
1227140791761547266
1227140733393678337
1227140677739388928
1227140670659293185
1227140451205029888
1227140437489725440
1227140354740277248
1227140278340943872
1227140231318601731
1227139999721775104
1227139763565735936
1227139450314117120
1227139368105783297
1227139149955768320
1227139053549768704
1227138812410781696
1227138759554150401
1227138456918405120
1227138275888025600
1227138239498158080
1227138193541279744
1227138024422756352
1227137995813376000
1227137867111157760
1227137708923015168
1227137704216977408
1227137626857201664
1227137568757645312
1227137557156302849
1227137349114646528
1227137336959524864
1227137082381959168
1227136866605907968
1227136865037365249
1227136805637632000
1227136674116915200
1227136349632946177
1227135952260198400
1227135880692928512
1227135790888751105
1227135729765093376
1227135619740110849
1227135303833526273
1227135236603076608
1227135165861965824
1227134798885462016
1227134606861840384
1227134179109998598
1227134038298812417
1227133396792610818
1227133339028611072
1227132791504166917
1227132394068697088
1227132363630665729
1227132344206839813
1227132246231941120
1227132188887568384
1227131521582215168
1227130998351179777
1227130967317413889
1227130184962318336
1227129232570142723
1227128619954311168
1227128619409059840
1227128201195016192
1227128141719666688
1227127910059954176
1227127908155654144
1227127824919810048
1227127271372161024
1227127101804904449
1227127022226477057
1227126857499336704
1227126835902844930
1227126811575930880
1227126801773846528
1227126218740391937
1227125720977199104
1227125456580882433
1227125382563930113
1227124792979054592
1227124425495064576
1227124118526603264
1227123735028736000
1227123692267810816
1227123008722161664
1227122301994446849
1227122202643980288
1227121544721305601
1227121329612214272
1227120753058947072
1227120219090554883
1227120116929835008
1227119293483147266
1227118570045394944
1227118284312629249
1227117674649595904
1227116753446109185
1227115916787355649
1227114561846812672
1227114291775623169
1227113904544911360
1227113888136732672
1227113470056857600
1227113451262181376
1227113276187795457
1227111632565870592
1227111615952191489
1227111199290068993
1227111143849840640
1227108452562034688
1227108427622703104
1227107182979768320
1227106703382065152
1227105722179215360
1227102262880800768
1227101208470589445
1227099605936070656
1227099386867601408
1227099325047635968
1227097674664554497
1227097609015300096
1227096076651503617
1227094568337846274
1227094472565063681
1227094427392454656
1227090091945975809
1227079762482487296
1227079743624957954
1227079155667415040
1227069741598171136
1227069095423696897
1227065289298325510
1227064304710627328
1227063135527415809
1227058354020847616
1227056350640967680
1227056317711310848
1227056175067299847
1227049958186115072
1227049586616885248
1227043978001944577
1227038493563670529
1227037966381518848
1227037749141741570
1227034316087201792
1227034140685455360
1227030735925673985
1227029582550835201
1227029581628084224
1227029389763846144
1227027762453663744
1227026628519374848
1227025982864969730
1227022631683096578
1227021335307673600
1227020951415554048
1227020897728462848
