1228105964181692416
1228105507682082818
1228105497661857792
1228105365130219524
1228105364169805824
1228105178886393856
1228104702082060291
1228104310904496128
1228103508894851078
1228103171152777224
1228101860864790530
1228101813725024256
1228101463429259266
1228100500433899520
1228099915391348737
1228098341122211842
1228098313628651521
1228098206241869824
1228097481264771074
1228096320012943362
1228096168414105600
1228096013111615494
1228095268043792384
1228094953454276620
1228094882671202305
1228094796872310784
1228094246617522176
1228094216993198080
1228093786376589312
1228093501495226369
1228093414476075009
1228092460166979585
1228092425421434880
1228092214426918913
1228092124052279298
1228091363612352513
1228090814317895680
1228090301274828808
1228090279602855939
1228090242554568706
1228089774734561280
1228089411134480386
1228087905110892544
1228086675403878400
1228086624770314241
1228086496911142916
1228086137220206592
1228084670056869889
1228084648049332226
1228084004450074628
1228083439674494976
1228081779191533569
1228081576589905920
1228080070293626881
1228080006741364736
1228079789698879490
1228079289163141120
1228079212197744641
1228079211824414725
1228078970295521280
1228077692085469185
1228077445963796485
1228077392436105216
1228077161560576001
1228077132930322433
1228076769258934273
1228076709406236674
1228076382363770880
1228076067874902016
1228075825955823622
1228075467846176768
1228075380122189824
1228075369045073922
1228075293174378496
1228075218813452288
1228074473338933249
1228074183688642561
1228074164583575552
1228074101719392256
1228073938560966656
1228073893950345219
1228073742317780998
1228073572234559494
1228071957133955073
1228071894684983302
1228071765911404544
1228071718784245760
1228071633048522758
1228070160050905092
1228069768898502668
1228068628798595084
1228068622557470735
1228068522183581702
1228068482580983808
1228067640364720146
1228067300420575240
1228066560142696449
1228065901725048832
1228065899145551877
1228065107202248705
1228065001673547794
1228064795557072896
1228064663507787803
1228064653277831168
1228064056705273857
1228063985108504576
1228063516843823106
1228063413936558080
1228063208470175745
1228062470524329999
1228062402677268489
1228062282309132295
1228062274532888576
1228062236809322507
1228062168798683145
1228061707622375463
1228061550646300677
1228061487366799361
1228061420417318914
1228061352436129804
1228060531862495238
1228059790108241921
1228059397454209025
1228059357109248000
1228059333717614597
1228059151244374018
1228058939209768963
1228058926932844545
1228058564087947264
1228058560380231682
1228058097295515654
1228057964122165249
1228057789693648902
1228057340194283523
1228057311824039936
1228057054578913287
1228057042029555717
1228056975721816064
1228056851360645120
1228056369670107138
1228056337399123968
1228056252598640640
1228056128266919939
1228056035157475329
1228055550858027008
1228055426937348109
1228055046111268865
1228054287927955457
1228054196802510854
1228053989368979457
1228053197136289807
1228053164731125760
1228053119390670848
1228052672554639361
1228052352323682304
1228052304076644352
1228052190293614597
1228052002833420289
1228051995333943299
1228051619461369858
1228051575849050124
1228050902570995712
1228050677462683651
1228050333223596038
1228050010497048579
1228049882046443521
1228049737716293644
1228049653553389573
1228049411202220033
1228049188623208449
1228048675336839173
1228048600279769088
1228048292195586049
1228048091196149760
1228048066558808064
1228047817551179777
1228047619844341761
1228047101248098305
1228047053810491393
1228046917231403008
1228046500489506818
1228045585820901376
1228045579252617217
1228045415578292226
1228044205559308288
1228043351485755401
1228042879496544258
1228042276909338624
1228041993873436673
1228040444598243328
1228040407608680449
1228040165169475585
1228039633575010307
1228039460295774208
1228039082938335234
1228039031092633601
1228038866805968896
1228038820756705280
1228037229244801024
1228037063775281152
1228037015809273858
1228036761202368512
1228035907678330880
1228035842008059906
1228034301264113666
1228033986456379400
1228033977828696065
1228033832475152386
1228033776145616896
1228033775130550272
1228033481374126081
1228033134006022147
1228032969140572160
1228032607088238593
1228031736409415680
1228031556939395078
1228031421685673990
1228030129328283649
1228029339150815235
1228029234704240642
1228027873799409664
1228027717628592129
1228027466897182720
1228027115003695107
1228027021562982405
1228026828914331648
1228026802087526401
1228026428610031616
1228025618371092481
1228025329207390210
1228025277919432704
1228025188740194304
1228025141306757121
1228024770266107905
1228024713152208900
1228024331202125825
1228023977383206912
1228023926489591808
1228023563124461571
1228023550650601474
1228023513451319296
1228023142179917825
1228023098718523393
1228022760741462021
1228022739270852608
1228022674754068485
1228022215167311872
1228022171810828289
1228022093989732353
1228021470787403776
1228021407981953024
1228021264062844928
1228021108865191937
1228020969677217797
1228020930468814848
1228020721135296514
1228020060062658562
1228020019046555649
1228019503734415360
1228019338411749378
1228019317943472129
1228018870667137024
1228018849905348609
1228018429334040579
1228018402284986370
1228018358949490689
1228018249595588609
1228018013535907840
1228017979289489411
1228017943197425666
1228017636795019264
1228017379164205057
1228017008110972928
1228016995741949952
1228016852095336450
1228016573618716674
1228016391925719041
1228016113717579776
1228016089793257473
1228015949246275585
1228015797152468992
1228015532517068800
1228015202987364353
1228015125342363648
1228014947235442688
1228014719036010496
1228014347466743808
1228014292710174721
1228013990170767361
1228013906158899203
1228013829600272385
1228013561315778566
1228013554965590016
1228013470584573952
1228013236961890309
1228013118590193669
1228013013619400704
1228012656176640001
1228012567882338304
1228012546633994240
1228012508998447104
1228012277833568256
1228011261113270272
1228010704281706498
1228010584588914688
1228010138650521602
1228010022703112192
1228009452831375360
1228009154771652612
1228009117383643148
1228009094629543937
1228008646409367557
1228008293727195141
1228007469525409795
1228007329800638469
1228007128620814342
1228006993908158465
1228006098973679616
1228006038307246080
1228005794890862594
1228005769813118978
1228005724845940737
1228005683469135872
1228004552298856448
1228004483365560323
1228004181673414659
1228004077944082436
1228003955118092290
1228003582609326080
1228003432432390145
1228003301997924353
1228003116571693056
1228002363300073472
1228002189412651013
1228001586112131072
1228000831896793089
1228000744659410944
1227999977097617413
1227999767227183109
1227999456068620288
1227997597668978689
1227997561371361283
1227997143325122560
1227996935568621569
1227996826210574342
1227996739015147520
1227996674288693249
1227996414338387968
1227995404555431936
1227995284887744512
1227995231729090561
1227994885128675328
1227994688612978689
1227994492407615488
1227994481020063745
1227993352374833154
1227992817533956096
1227992554240643074
1227992179370610692
1227991501336084481
1227991489264979968
1227991143264243712
1227990721438851074
1227990400587247616
1227990112983814145
1227989607691751431
1227989060645478400
1227988759305650176
1227988172027695105
1227987888564031488
1227987358034923528
1227986351280328705
1227985588596461573
1227985576026046464
1227985036550557700
1227984233702051840
1227984010850250753
1227983883167305735
1227983803064385537
1227983784253042689
1227983604359278593
1227983506405568514
1227983492967018496
1227983385458610176
1227982497117503488
1227982255076921344
1227981831032786951
1227981620680052737
1227981395219435526
1227981278127034369
1227981273215447040
1227981252181053443
1227981121373245441
1227980226526957569
1227979860301221889
1227979553055924228
1227979146468495361
1227978436842606592
1227978244437180416
1227977983421493248
1227977484827791361
1227977477630365698
1227977395329753090
1227977380314124294
1227975546157621248
1227975543808839680
1227974778172190721
1227974593127866371
1227974572122742784
1227973832377618433
1227972919390801920
1227972264546721797
1227970925758382080
1227970858339196934
1227969464504848384
1227969105917026304
1227968494538575873
1227968255043784704
1227967897206652929
1227967568897552384
1227966766846009346
1227966651699810305
1227966489296326656
1227965812385943552
1227965685864816641
1227965549470199808
1227965142933164032
1227965100297945089
1227965074041688064
1227963705033469952
1227963642378883073
1227963236617719816
1227963118623633414
1227963015905054721
1227962583652732928
1227962308179222528
1227961879374581760
1227961841009201152
1227961814148952066
1227961802509750272
1227961703209586689
1227961686948225024
1227961644724170752
1227961597374685184
1227961505607536642
1227961031600803840
1227960978157064192
1227960860741709824
1227960562727911425
1227960558978293760
1227960356330463233
1227960131998093312
1227959870231654403
1227959661581815809
1227959037247004675
1227957923441192962
1227957899890188288
1227957736513646597
1227956961230106626
1227956511290335233
1227956308470566915
1227956234923495424
1227956152836788224
1227955658605068288
1227955382020165634
1227955333311746049
1227954824509087746
1227954722482655239
1227954706204495872
1227953871844249601
1227953762083516416
1227953750335205377
1227953620714491905
1227953412853116933
1227952919166713857
1227952905744977921
1227952801826951170
1227952740678152193
1227952726585331718
1227952574545965057
1227952125847769089
1227951735962001409
1227951702776729600
1227951644182183936
1227950986188279808
1227950913379278861
1227950875399872513
1227950697607548928
1227950523552321536
1227950400973737985
1227950247000801280
1227949621688905729
1227949462624055298
1227949182406864896
1227948818504855552
1227948543735975943
1227947839466029056
1227947700894732290
1227947700617908224
1227947541401985024
1227946822871764998
1227946795436826624
1227946438581268481
1227946169885757440
1227945888015962113
1227945822312157186
1227945820907098112
1227945779844853764
1227945696634032130
1227945218462318592
1227945124602302464
1227944923984470016
1227944795206799360
1227944259422236672
1227944167575302158
1227943841963106306
1227943736883269632
1227942488817782784
1227941922054049797
1227941525394460672
1227941300198137856
1227941259957895173
1227941209789935617
1227940877764628481
1227940701616427008
1227940463077883905
1227939914416820224
1227939660976009219
1227939082644402176
1227939004538130432
1227938958799179776
1227938943594876928
1227938179464024065
1227937606916329473
1227937428842872832
1227937127150866433
1227936878164348928
1227936783285071878
1227936708798402560
1227936586668662784
1227935557294215169
1227934765489147907
1227934624812347394
1227933773129449477
1227933532661698560
1227932668043636741
1227932393136381953
1227932051057369088
1227932005213593600
1227931981809319940
1227931965275373568
1227931954324148224
1227931579986710529
1227930855206727680
1227930493875838977
1227930134025527297
1227929972704186368
1227929515550236674
1227929476606107648
1227929176595935232
1227928800450752512
1227927303365300224
1227927265075486720
1227927022569238534
1227926947021426688
1227926843237576704
1227926737381711872
1227926700182450177
1227925968397926400
1227925824667602944
1227925340502347776
1227924738011516928
1227924665659777026
1227924255272263681
1227923848978366466
1227923227877560325
1227923193865940994
1227923102119669763
1227922631686598658
1227922419031080961
1227922365142765568
1227922283290910720
1227921658624794624
1227921564672327680
1227920774373236737
1227920474459557894
1227920084892602369
1227919890352410624
1227919742998138881
1227919527318622209
1227919454492860418
1227919184048328705
1227919087327744000
1227919052275888137
1227918827582894080
1227918554575626243
1227918498829099009
1227918297854881792
1227917117242183681
1227917076930682884
1227917031581868033
1227916960429740032
1227916614974222336
1227916279316611073
1227915610945970177
1227915495707377665
1227915455341506560
1227915261023588353
1227915165380874240
1227915151032176640
1227915101757476864
1227915045939634176
1227914816142151680
1227914801516613633
1227914688257822722
1227914652748783617
1227914468698607616
1227914432451358720
1227914407751168001
1227914390990704640
1227913642663907328
1227912958778499072
1227912695837581314
1227912307302334465
1227911418105782278
1227911408765034496
1227910511930597377
1227910302626385920
1227909149016690689
1227909077898006528
1227909051813593088
1227908942812123138
1227908796460257280
1227908772577894400
1227908463864549376
1227908364304293888
1227907597547819009
1227907505382141952
1227907437413486592
1227907268194242566
1227906506030489600
1227906424220606465
1227906379337404416
1227906208893480960
1227905990126948352
1227905882001944579
1227905873869230080
1227905774275440641
1227905498709741568
1227905419005300737
1227905221248114689
1227905172132782080
1227904825846902784
1227904710432129024
1227904674445111296
1227904589946638336
1227904550788567040
1227904278121123841
1227904223003713537
1227904169031426049
1227903982112313344
1227903963103625218
1227903767917551622
1227903767745638400
1227903137337552898
1227902873708744704
1227902514525163521
1227902303170109441
1227902250015764481
1227901980925759489
1227901782531223552
1227901615044255744
1227901414397087745
1227901385594855424
1227901210822352898
1227900927903965184
1227900857762615296
1227900616040685571
1227900057753653248
1227900048027111425
1227899973221703687
1227899854959054849
1227899831861043200
1227899291626344453
1227899277030121477
1227899199666216960
1227898666540765184
1227898299077795841
1227898247160700930
1227898206991896576
1227897203324280832
1227897102702972928
1227896813962891264
1227896733436383233
1227896516741914627
1227896430423138304
1227896366325813248
1227896304724070400
1227896214550720517
1227895436192686086
1227895355884363776
1227895221205245952
1227894963297554433
1227894654995173376
1227893088137424896
1227892847531220992
1227892514318962689
1227892295900565505
1227892054518353921
1227891641928896512
1227891513721487360
1227891207260508160
1227891131616301057
1227890940674813953
1227890706263441408
1227890568174428161
1227890188560396291
1227889374483951618
1227889023605190656
1227888858420912129
1227888855304622080
1227888586084757505
1227888560881242112
1227888077701623808
1227887704727261184
1227887656270548992
1227887262211411968
1227887181349445632
1227886610869559296
1227885640852922368
1227884494167912448
1227884300114317313
1227884252580241409
1227884251439337472
1227883627788328960
1227883402868789251
1227883291837026306
1227882980267429888
1227882858292895745
1227882706106802177
1227882585600221184
1227882576855150593
1227882441580384257
1227882402367799296
1227882368154972160
1227882289302003712
1227882197593579520
1227882139947077632
1227881912271802368
1227881474440953857
1227881349580763136
1227881221801365504
1227880487655530497
1227880397347971072
1227880140564312065
1227879944732147712
1227879772337922048
1227879504045117440
1227879359790419975
1227879098581688320
1227878907422089216
1227878893815767041
1227878410401218560
1227878008171769856
1227877998784864256
1227877969865138176
1227877857118052353
1227877806572482560
1227877624007053312
1227877351305994240
1227876773251166208
1227876730590965766
1227876522758938624
1227876483106004994
1227876425396555776
1227876370748968960
1227875772028854272
1227875191503675393
1227875138852589568
1227874877794930688
1227874873525051392
1227874772731793409
1227874755191156738
1227874416954138625
1227874336184377344
1227874212792147969
1227873720435343360
1227873519880544256
1227873224526090252
1227872792739295233
1227872696584876034
1227872549134127104
1227872381319905280
1227872214839676928
1227872014309957634
1227871634079584257
1227871458136858626
1227871441426747392
1227870901829541889
1227870370130165763
1227870057239400448
1227869975676932096
1227869564370898944
1227869539259551745
1227869033434841090
1227868400237629440
1227867508721541120
1227867174859132928
1227866808318857217
1227865636656775168
1227865323812114433
1227865044362371072
1227864980919332865
1227864961650741248
1227864953446686722
1227864920550760448
1227864866083557376
1227864774811226112
1227864682364637192
1227864603444568064
1227864450314756098
1227864287881912320
1227864161109127168
1227864057144803328
1227864034684416000
1227864025544953856
1227863965151236096
1227863946352353284
1227863262789849088
1227862884597870593
1227862640317341696
1227862630448148480
1227862341687160832
1227862221163835392
1227862101349273601
1227861959074361344
1227861578890072066
1227861399478702080
1227861334949335041
1227860826478010368
1227860541743304704
1227860497552166912
1227860258074365953
1227860043581792257
1227859820650344448
1227859807245414402
1227859792250769408
1227859712995188736
1227859702245199874
1227859429913133056
1227859056632778752
1227859028195278849
1227858873626873856
1227858397078446081
1227858018290851840
1227858008643981313
1227857611279798272
1227857437832568832
1227857177563496448
1227857058206244864
1227856874671935488
1227856849418047488
1227856428381200384
1227856366913585152
1227856364174745606
1227856328820973568
1227855703018287104
1227855326181036032
1227854866204299264
1227854839658532866
1227854811477037056
1227854800785637376
1227854640512950273
1227854277781135360
1227854222298951682
1227854050965606401
1227853807276765184
1227853398831226880
1227853066721996800
1227852943799595009
1227852920126877701
1227852836135952385
1227852713012191232
1227852566354067457
1227852233049624577
1227851801367662592
1227851246629015554
1227851145168773120
1227850889542672388
1227850478194692098
1227850399362801664
1227850397718646784
1227850300318519296
1227850244211253248
1227850207582457858
1227849597898326016
1227849528558194689
1227849366234443776
1227849153360863232
1227849143898472453
1227849102374862851
1227848903086788608
1227848457404211200
1227848224838385666
1227848135847882754
1227847718560817153
1227847607449460737
1227847074718285825
1227847065327296512
1227846975380389890
1227846839933775873
1227846786808717312
1227846581031972864
1227846271211360256
1227846259555348481
1227846029833310208
1227845939358060544
1227845516169445376
1227845366332166145
1227845282102206465
1227845267497668610
1227845238837870593
1227845057450999808
1227844192925343744
1227844025794940930
1227843523300466694
1227843310267641856
1227843045330235392
1227842634892349440
1227842561915727877
1227842182352134144
1227841725609148417
1227841537284984832
1227841315574026240
1227840612147265536
1227840084965236736
1227839713106694145
1227838700576559104
1227838500499791872
1227837405501284359
1227837020980097025
1227836819632525312
1227836632390340608
1227836361266417665
1227836337958670336
1227836124447506432
1227836028695781376
1227836002007470080
1227835818284376066
1227835678920146946
1227835604257341442
1227835602948837381
1227835499907362817
1227835498380636160
1227835429803700224
1227835428562141184
1227834955109105664
1227833456501121024
1227833337957507072
1227832227054092288
1227832104018378753
1227831939782017024
1227831853916315649
1227830702055575552
1227830701455794176
1227830700604301312
1227830218024505350
1227830126676791297
1227830051166658560
1227829917393543169
1227829437607088128
1227829418195869696
1227829291611803648
1227828582598225920
1227828178212851713
1227828038546739201
1227828037791682560
1227826646679465984
1227824617882050560
1227824388600451072
1227824049751019520
1227823929944944640
1227823733886324736
1227822410273116160
1227822364387352578
1227821143622549506
1227820410068258816
1227819890700169216
1227819774035537920
1227818243534004224
1227817956572311552
1227817825391325184
1227816723765698561
1227812849411641344
1227806371900358656
1227806066752122880
1227802046293848070
1227797603175346177
1227793727168532481
1227793553352511489
1227793168466403335
1227793141761179653
1227792842648686592
1227791982753439745
1227789766114107392
1227781987529822208
1227781684357160962
1227780270985752577
1227776983091773445
1227776947465412609
1227776509668143105
1227775066999607297
1227772872371949576
1227772810661154817
1227771653037416448
1227770674753744896
1227769663662239744
1227769593416077313
1227768720044548096
1227767844357713922
1227767437254369280
1227766326531325952
1227765591655710720
1227764867920101376
1227763372407623681
1227761145802612737
1227758956392722432
1227758827405283328
1227758559565234176
1227757988619968517
1227757104733270019
1227754418323558401
1227754411876851712
1227754201939312647
1227754164358459392
1227753849856909312
1227752628215537664
1227752592622653440
1227752223511281664
1227752118171447296
1227750482120237056
1227750016107843584
1227747778744455174
1227747669063426048
1227747340364242944
1227747090698326018
1227747051120795649
1227746995349135360
1227746936242999296
1227746862003822592
1227746795842932738
1227746489725747200
1227745713897005056
1227745654577016832
1227745135645134848
1227744207349133318
