1232817427324342272
1232816759222173696
1232816666570039297
1232816655664807937
1232816573712388098
1232816461187633157
1232816364341080064
1232816339229822979
1232816190436904962
1232815473286361090
1232815469465407488
1232815469222137857
1232815339483914240
1232815035778568192
1232815016639901698
1232814995848794117
1232814951158472705
1232814920842010625
1232814815984472064
1232814764625141760
1232814607602999297
1232814077552005120
1232813822651650048
1232813793140510720
1232813752074018816
1232813682205364226
1232813479754706944
1232813430844874757
1232813360774885377
1232813224199905280
1232813095061479427
1232812923766132737
1232812866132217865
1232812796640931842
1232812703837818881
1232812666089037827
1232812612154466305
1232812602155294720
1232812570060492803
1232812457976107009
1232812354724880385
1232812311158628352
1232812259958759425
1232812082288037888
1232811868072415232
1232811608835076096
1232811375434530816
1232811374583205893
1232810513861677057
1232810462749872129
1232810392860135431
1232810364385058816
1232810322098114562
1232809941506969600
1232809804420329477
1232809708685348864
1232809680373780482
1232809677739696135
1232809561431650304
1232809560404090886
1232809490686337024
1232809328903479296
1232809325955026944
1232809162163281920
1232809049919574022
1232809032043376642
1232808939236057089
1232808344773111809
1232808323617042432
1232808287428628483
1232808208592404481
1232807910671110144
1232807741271478273
1232807707993919490
1232807702641958913
1232807638527770624
1232807358331596803
1232806778754215937
1232806726249959428
1232806651847155714
1232806631878144005
1232806581428985856
1232806567629774849
1232806485467553792
1232806412541190145
1232806200942694402
1232806117178331136
1232806040707747846
1232805993861480448
1232805475852439552
1232804928797708288
1232804907218079744
1232804650707013632
1232804571967361024
1232804398100877313
1232804217594753024
1232804191804018689
1232804137751994369
1232803682439266306
1232803408026963968
1232803405447516161
1232803256176345088
1232803144838631426
1232802899606020101
1232802664666324992
1232802627815170049
1232802613512560640
1232802528590475264
1232802465575247874
1232802395622707200
1232802275611070464
1232801996383641602
1232801993292500993
1232801887864459264
1232801669731291137
1232801572188565506
1232801523173859329
1232801426440695809
1232801345515794432
1232801295305789440
1232801290423541760
1232801212816412674
1232800956984721414
1232800663723220994
1232800515366490112
1232800346482839552
1232800205784977408
1232800185312563206
1232800175434948609
1232799730905862145
1232799568171016196
1232799554787037185
1232799480329666563
1232799293850947589
1232798923603009536
1232798906918023170
1232798626084159488
1232798625446625280
1232798567787569153
1232798531766931456
1232798457347428352
1232798343060971521
1232798277172678657
1232798274299580418
1232798181056032773
1232797903325933569
1232797805623881728
1232797777694003201
1232797709519724544
1232797658001166338
1232797554754150401
1232797509392707584
1232797498600759297
1232797473686589441
1232797154978271238
1232797061499715584
1232796755944787968
1232796544547643393
1232796507407032321
1232796043651223552
1232796034578948098
1232795964500566016
1232795781461139459
1232795711420452864
1232795677811527681
1232795598929219586
1232795479911673861
1232795366199828483
1232795236100907009
1232795058014953473
1232794728070098946
1232794712161095680
1232794709430542337
1232794605000806400
1232794517876723714
1232794420635893760
1232794336347197443
1232794310594236417
1232794290729996289
1232794224715632640
1232794161356660736
1232794004024066050
1232793810805166082
1232793614394195971
1232793498463588353
1232793454679293953
1232793372642942977
1232793331438096384
1232793316158300166
1232793314337882112
1232793285091090436
1232793258193018881
1232793242112077829
1232793067142381570
1232793023853080576
1232792950033219584
1232792914872459264
1232792903849840641
1232792804138651648
1232792782579916800
1232792751579725825
1232792632637689857
1232792563809161216
1232792483580514306
1232792435509645312
1232792294035795970
1232792260770697222
1232792226142523393
1232792131204534273
1232791715762884609
1232791584216944647
1232791409423454210
1232791317211684865
1232791209510305794
1232791133048201217
1232791099095363584
1232791055524868096
1232790997819691008
1232790801224257537
1232790754843668485
1232790590707781632
1232790467772919808
1232790068840013825
1232789987533430785
1232789918205829120
1232789836895047680
1232789829429202947
1232789788060790786
1232789768150376450
1232789607546261504
1232789504274161668
1232789363349651456
1232789265483956225
1232789214149955589
1232789116116512768
1232789069320597507
1232789041029971969
1232788958913888257
1232788938663829504
1232788804748107781
1232788787035504640
1232788779074801665
1232788747365879808
1232788503748136965
1232788412962394114
1232788281978474496
1232788248747036679
1232788204736204800
1232788070518460418
1232787848950145026
1232787827349479424
1232787618083090437
1232787616954802176
1232787482925772802
1232787392681201669
1232787173495144448
1232787151508713472
1232787127123009536
1232786990359248897
1232786810104950787
1232786639958704128
1232786554902523904
1232786491287490561
1232786409418903552
1232786394101243907
1232786334135332867
1232786225540587527
1232786082242146304
1232786080677711873
1232785938813681664
1232785902981742593
1232785883960619016
1232785709750243329
1232785558411399168
1232785040326696960
1232784703780016129
1232784428256108552
1232784381258928129
1232784355485011975
1232784342667100160
1232784316779945984
1232784242918207488
1232783977733402624
1232783967717330944
1232783897399832576
1232783802193391617
1232783761756053504
1232783701253206016
1232783667661082629
1232783556738457605
1232783547783663616
1232783432712949760
1232783389234782216
1232783368279986179
1232783186016469005
1232782988246732800
1232782878792126470
1232782786114850816
1232782749519532032
1232782091600920577
1232781882942726148
1232781787392335872
1232781657368932352
1232781425771978755
1232781415928025088
1232781307975000069
1232781290564399105
1232781273543909379
1232780823583248386
1232780650639437824
1232780237546696704
1232780139123167236
1232780034475163654
1232779933501607942
1232779919375192064
1232779889138335746
1232779756929765377
1232779748797042688
1232779694170349569
1232779658975940608
1232779402557165568
1232779319296045056
1232779291496194049
1232779278145794048
1232779192703627266
1232779077146349568
1232779065226076163
1232778867947057154
1232778781447815168
1232778723717414912
1232778718361288704
1232778403062976512
1232778285391761409
1232778280408952835
1232778158220419072
1232778150398042112
1232778039790112769
1232777846369738752
1232777821682110471
1232777715142602754
1232777519658606602
1232777427421736961
1232777306940243968
1232777232990527488
1232777156834533376
1232777127218601984
1232777122042859526
1232777041163976704
1232777018170912772
1232776994993197058
1232776918916833287
1232776908305321987
1232776815300763654
1232776726125694984
1232776590880387084
1232776499788468225
1232776453223256065
1232776446139076610
1232776376383610882
1232776321840926721
1232776316384137216
1232776224801533952
1232776013165350912
1232775954424041475
1232775693731323908
1232775373550768128
1232775350012317701
1232774980896772100
1232774980779356162
1232774926555394055
1232774898273181697
1232774830140862464
1232774805662916608
1232774781071695874
1232774706983579648
1232774504356679683
1232774420906815491
1232774397355794432
1232774335808593923
1232774200517124098
1232774146129563652
1232773861252489217
1232773818449567747
1232773741597335555
1232773689915138050
1232773628053381120
1232773586823368710
1232773499074338817
1232773465679286272
1232773444875542528
1232773196983799818
1232773100460290049
1232773042339766284
1232773040867618816
1232773017144614912
1232772942100127745
1232772936471281668
1232772917395587073
1232772685765259267
1232772616131424256
1232772553938264065
1232772429673615366
1232772388338704384
1232772223439638528
1232772216221290496
1232772214040256515
1232772141600428033
1232772079226966018
1232772033999757312
1232771982615289871
1232771979842904064
1232771643862376449
1232771617371107329
1232771587759316992
1232771312789139457
1232771307718180864
1232771296444002304
1232770968357044225
1232770494811836416
1232770466168918017
1232770452180828161
1232770426411061249
1232770381058125824
1232770355967774720
1232770262824816640
1232770169862344705
1232770148748156928
1232770127365623809
1232770033157312520
1232769986403409923
1232769951364263937
1232769940459008000
1232769848012410882
1232769720413294593
1232769262613356545
1232769222390009861
1232769022992711684
1232768888280096770
1232768786513694720
1232768785704243202
1232768642430967814
1232768551532089346
1232768507198177282
1232768495194198023
1232768478316199936
1232768273097334785
1232768270278762500
1232768121548812290
1232768109200707584
1232768042653843456
1232768032600207361
1232767977726128130
1232767866736402432
1232767842753404930
1232767665271431172
1232767644220174337
1232767624959930368
1232767622711828486
1232767615006859266
1232767517225033731
1232767450200059905
1232767269253545990
1232767167386521607
1232767138340986880
1232767127435857925
1232766917217280001
1232766892861009923
1232766743367618560
1232766695699292164
1232766595874902017
1232766538387685379
1232766445819498497
1232766330136354817
1232766325996576768
1232766004763205633
1232765967186268160
1232765905945419776
1232765882117607425
1232765815545647109
1232765680925184000
1232765656476651520
1232765622251073541
1232765621856763907
1232765557591748609
1232765512196788230
1232765467745554433
1232765435390693382
1232765408249360385
1232765235129470976
1232765196793524224
1232764928672575488
1232764798129057792
1232764759398928385
1232764735726194688
1232764715581018114
1232764650174984195
1232764642574970880
1232764621741854721
1232764390786682886
1232764365935448064
1232764331206598657
1232764330979942400
1232764150981550082
1232764132065206272
1232764125358567437
1232764067170877440
1232764058585137154
1232763994613698566
1232763952406433793
1232763876502114309
1232763848110886913
1232763829060284416
1232763813189038080
1232763754917613569
1232763601309634560
1232763544904589312
1232763522985156609
1232763488184958981
1232763453154168837
1232763434300846085
1232763432782508040
1232763379854532608
1232763242235166724
1232763241710981125
1232763193145073666
1232763082662916102
1232762894376407045
1232762857714077698
1232762772506775553
1232762749672968192
1232762728701448192
1232762712922476545
1232762683361046528
1232762603681853440
1232762392905469952
1232762277645946888
1232762276148645890
1232762259065245697
1232762217654870016
1232762211627651072
1232762176227684353
1232761929153875968
1232761913479745536
1232761866386014209
1232761829769850881
1232761823335608320
1232761807376388097
1232761776799993857
1232761517138948097
1232761398473773056
1232761299316170752
1232761268823642119
1232761263232516096
1232761250943250433
1232761133951569921
1232761059854946307
1232761021233815552
1232760981249560578
1232760907010379776
1232760839213633537
1232760814693687296
1232760676512403456
1232760665825316867
1232760512053751809
1232760445653671936
1232760421683257345
1232760363436908544
1232760339579707395
1232760318172057600
1232760315835822082
1232760082284400640
1232760068061507584
1232760066278903810
1232760053222060033
1232760025132814337
1232759852696510464
1232759832370909186
1232759789052137473
1232759666100359168
1232759636312326147
1232759615097581570
1232759556431806469
1232759517550649344
1232759457551147009
1232759408049950722
1232759371018506240
1232759312214298624
1232759206694072320
1232759141443174401
1232759102058762244
1232758985570291712
1232758889491443714
1232758841621782532
1232758730221064192
1232758301282185223
1232758292428075008
1232758282311360519
1232758248077479937
1232758153512718342
1232758137284964352
1232758092913356800
1232758085095170049
1232758079340580864
1232758073346940929
1232757925988519937
1232757695125622784
1232757582097453057
1232757366992621570
1232757326953795591
1232757246976831490
1232757126617083910
1232757096673923073
1232757050532343808
1232756977719222273
1232756956965883911
1232756890981031938
1232756831300308994
1232756793866149888
1232756724555276294
1232756689746698245
1232756649066221569
1232756536931422208
1232756280877551616
1232756166553407488
1232756106109292544
1232756097221566465
1232756014673518595
1232755942590160899
1232755905890078726
1232755692823597057
1232755684137148416
1232755639643971584
1232755600590823428
1232755577727717381
1232755561592213504
1232755458861096963
1232755340095172609
1232755333006753793
1232755328623751175
1232755323766788096
1232755314895749120
1232755301205659656
1232755271925161984
1232755232498757633
1232755190471839744
1232755188294995968
1232755182347399168
1232755179835006979
1232755166409089024
1232755071399665664
1232754928428470280
1232754762539577344
1232754753479806976
1232754563574386689
1232754558780178433
1232754518565277698
1232754492074086400
1232754491147071489
1232754480762048513
1232754258035998721
1232754207704469505
1232754203589840896
1232754158543024131
1232754113055805441
1232754021859053573
1232753967882539011
1232753726647160838
1232753640483545089
1232753392415576065
1232753382361837571
1232753289349025793
1232753197615321088
1232753120993783815
1232753062349037569
1232753043478863873
1232752937190985728
1232752932791226369
1232752920350818306
1232752917779800065
1232752880383385607
1232752806114873350
1232752765602058240
1232752740729868288
1232752709905854466
1232752643367370752
1232752572441690112
1232752549486264321
1232752545879162882
1232752463603814401
1232752263027884033
1232752238805897217
1232752209596755974
1232752098716061696
1232752092319748099
1232752069154607105
1232751931254288384
1232751905279008768
1232751840854495232
1232751824903512064
1232751749196402688
1232751558598766596
1232751456429772800
1232751359239348225
1232751344425033728
1232751228540653575
1232751081970708481
1232751066409730050
1232751048487469058
1232750952060506112
1232750936247934979
1232750883278147585
1232750866383458304
1232750788641992706
1232750785248841728
1232750764029771778
1232750737387610112
1232750718785814529
1232750626448322560
1232750545007448066
1232750416103985153
1232750334843531266
1232750319030996995
1232750273518604289
1232750231583940608
1232750179863998464
1232750172817502208
1232750166932951043
1232750164336574466
1232750100662890504
1232750038180356100
1232749956039090177
1232749838376357890
1232749739558522886
1232749719400722433
1232749441096003586
1232749200380657677
1232749173256204294
1232749165689569280
1232748912320098310
1232748839729324038
1232748808485863429
1232748802571935745
1232748609432694789
1232748595234975745
1232748480692703233
1232748408852697090
1232748402997432323
1232748348194594817
1232748343304032259
1232748300136263685
1232748210478833665
1232748095777234944
1232748035073028097
1232748019365371905
1232747949119197184
1232747896946204677
1232747874523459584
1232747873390997509
1232747865870675974
1232747766276739072
1232747545354436613
1232747384087732225
1232747361690169344
1232747333391179776
1232747312872640512
1232747268056453123
1232747187001491456
1232747101173567488
1232747061939965957
1232746877638053892
1232746823397388290
1232746722088177664
1232746695387230209
1232746576197640195
1232746545189150722
1232746537509441536
1232746317769736193
1232746226371657729
1232746040803123202
1232745891125219331
1232745878802325504
1232745775479824385
1232745590267817990
1232745528842166272
1232745472781176834
1232745453860655104
1232745394834169856
1232745293936021506
1232744861184471040
1232744860081360897
1232744734780743682
1232744477485387778
1232744269217255424
1232744268407681024
1232744240184266754
1232744145556582402
1232744121284091904
1232744081866055680
1232744060756090880
1232744022705393666
1232744013268123649
1232743917751328773
1232743912567189505
1232743598116024321
1232743583389712385
1232743457950752768
1232743417375006720
1232743410290823168
1232743407380049920
1232743334151704576
1232743321249992712
1232743263897096199
1232743139976400901
1232743057629548551
1232743011303542785
1232742915455246337
1232742851680837633
1232742846031069187
1232742843610955778
1232742816410980354
1232742683766132739
1232742627474210816
1232742584331784201
1232742574340833280
1232742564417212418
1232742492350689281
1232742440190324738
1232742413434806272
1232742375736455169
1232742325677412359
1232742147960508417
1232742041765007365
1232741984621793281
1232741722473615361
1232741714542153729
1232741700755431430
1232741657948434432
1232741639321538560
1232741550066733057
1232741265575424000
1232741158767472644
1232741060419489794
1232741052584484864
1232740895809818625
1232740855116636160
1232740802763411457
1232740757724975105
1232740577126559744
1232740476589047809
1232740346926379010
1232740242853179392
1232740138599550976
1232740136305201154
1232740033569882113
1232739987919077377
1232739978951741440
1232739961776025602
1232739956994514946
1232739930100699137
1232739918629294081
1232739894449070080
1232739861536419846
1232739821661106176
1232739803965349891
1232739735619153920
1232739675368042497
1232739632489664517
1232739582363471872
1232739398418075648
1232739304469925892
1232739233510707200
1232739209921867776
1232738849496891392
1232738795730194433
1232738794203426816
1232738613697314817
1232738564074549249
1232738386840104962
1232738303356567552
1232738048091316225
1232738002310438917
1232737709753536512
1232737681660096512
1232737632096018432
1232737624500162565
1232737512210272256
1232737470799917056
1232737467389923329
1232737411182059521
1232737248732483586
1232737175248216064
1232737147901349889
1232737112388177927
1232737095996911616
1232736978698997760
1232736920813342721
1232736830040281088
1232736786687938566
1232736725966950400
1232736701883277313
1232736425013104643
1232736281618194444
1232736152202989573
1232736084645285890
1232735808089722881
1232735749008699392
1232735662278893568
1232735656469843971
1232735650857865223
1232735122362978305
1232735114548981761
1232734981002350592
1232734920411357189
1232734894851330048
1232734790044069891
1232734770179821569
1232734719307112449
1232734625627279363
1232734603284226049
1232734436946595842
1232734294759682049
1232734271871311882
1232734193974697985
1232734136709910528
1232733912008396801
1232733880429531136
1232733866508595200
1232733843146366978
1232733708203053057
1232733566603268096
1232733510944858112
1232733417302827009
1232733397342093312
1232733213228924928
1232733040058785794
1232733023365484545
1232732993183199233
1232732900002537473
1232732878422859782
1232732696616620034
1232732676970483717
1232732569810145286
1232732561622917121
1232732355858771968
1232732289026732033
1232732193010655239
1232732168725684225
1232732160173453312
1232732110345117696
1232731893583486978
1232731856057098242
1232731817700208643
1232731811765157891
1232731742269734913
1232731703212412929
1232731701467648001
1232731607372619777
1232731600221278208
1232731546802671618
1232731518243672064
1232731438111449089
1232731003174694914
1232730992953176065
1232730937902948360
1232730903258058752
1232730853442191367
1232730752871215104
1232730646851747841
1232730220609884162
1232730087285547010
1232729987322650630
1232729701308866562
1232729548397195265
1232729490213810177
1232729463374405635
1232729454243389440
1232729374857846789
1232729374497046529
1232729317672706049
1232729265818525698
1232729255672459265
1232729229399293952
1232729118933946370
1232728889677488130
1232728839652085760
1232728741987733509
1232728466895917056
1232728463439781889
1232728252608847873
1232728225433968640
1232727994512412676
1232727970776846337
1232727956138663936
1232727896302723075
1232727893257674754
1232727838610141184
1232727831492386818
1232727708691574785
1232727655809781760
1232727606862196736
1232727409079787522
1232727359243128832
1232727316788383749
1232727132356403200
1232727104342691850
1232727093177397248
1232727018325860353
1232727014299357184
1232726998713278465
1232726968254320640
1232726906975465480
1232726730286272512
1232726722115723264
1232726682806689792
1232726617899896839
1232726503668043779
1232726438085898241
1232726289666232321
1232726095193165824
1232725987093250049
1232725978868256768
1232725969905102850
1232725964507025408
1232725821049184257
1232725637124829184
1232725604950331393
1232725396384292864
1232725269309542401
1232725143056715777
1232725132872966144
1232725119887384577
1232724889045471239
1232724832174903296
1232724727862636544
1232724717854961664
1232724469472514053
1232724218841849857
1232724185664892928
1232724141603725312
1232724089804132353
1232723972036407296
1232723930458271744
1232723924154277889
1232723815345672192
1232723724480237568
1232723666774962180
1232723405302108160
1232723282996146179
1232723155610980354
1232723132940800002
1232722870704406528
1232722707285991426
1232722669675712512
1232722623810936837
1232722595830812672
1232722565128433666
1232722259606953985
1232722182138138624
1232722115809435649
1232722062545952768
1232722045164773378
1232722041465442304
1232721827908157446
1232721710237048837
1232721516976050176
1232721230240894980
1232721172778930176
1232720944923369472
1232720818683203584
1232720803663433729
1232720622536593408
1232720486959808512
1232720409163976705
1232720272181956608
1232720265647357954
1232720189151731718
1232719979696599040
1232719917742465025
1232719872548888577
1232719802583654400
1232719782341959680
1232719713458905090
1232719635289640961
1232719499801042954
1232719494285594625
1232719470029950976
1232719439147208705
1232719393076994049
1232719297648218112
1232719275732893697
1232719235207647234
1232719228219817985
1232719166878167040
1232719098456477701
1232719091796004865
1232718847616200706
1232718831530979328
1232718802711961600
1232718637477351426
1232718637208920075
1232718599170732032
1232718544422481923
1232718521936875520
1232718474234994688
1232718472486031361
1232718413623185408
1232718395306659841
1232718367766740992
1232718273948606469
1232718254998773760
1232718250708021249
1232718207359868928
1232718200644743170
1232718145976139777
1232718116788068353
1232717801791672323
1232717593246564352
1232717536237621248
1232717437650571264
1232717397192253440
1232717396949053442
1232717255869435911
1232717248944594958
1232717210164039681
1232717050369409025
1232716785062944768
1232716523082539008
1232716496964595712
1232716454849589250
1232716395378548738
1232716351363571712
1232716253309042693
1232716119703683074
1232716044084617217
1232715781504454656
1232715762978172928
1232715681860399104
1232715458748600324
1232715377777528834
1232715326271389696
1232715323943608320
1232715254825615361
1232715227772465163
1232714703316684802
1232714622681198599
1232714409878917120
1232714377767329798
1232714368200183813
1232714328274501633
1232714291909976072
1232714130852892672
1232714118433591297
1232714006445613056
1232713902082985989
1232713846743347206
1232713761242460162
1232713700936691712
1232713623916728321
1232713439157551107
1232713350125117440
1232713292575117312
1232713219418021888
1232713116443697152
1232713111393710082
1232712832032149505
1232712793150967809
1232712778089148417
1232712660233412608
1232712475755393026
1232712462362910720
1232712441362079746
1232712332331175936
1232712329952972800
1232712203670872065
1232712101594046466
1232712038973149185
1232712006332973058
1232711965455343616
1232711938938937347
1232711895775350784
1232711842750963714
1232711727780896769
1232711721317535746
1232711657283031048
1232711651423551491
1232711614463447040
1232711517130366977
1232711282463252480
1232711213454327810
1232711213425004544
1232711205850054657
1232711143883517958
1232711101428719617
1232711059619958785
1232710874210750464
1232710813170982920
1232710466302095360
1232710411092471809
1232710330062602244
1232710313314746371
1232710198390861824
1232710165931134976
1232710112420225024
1232710024071438337
1232709933692530693
1232709778733924352
1232709694487171072
1232709679488405505
1232709637465608193
1232709581362606082
1232709522961117185
1232709251874861056
1232709187991408642
1232709137831792640
1232709004440326148
1232708860739280896
1232708811095511040
1232708753922936832
1232708733525950465
1232708717424017408
1232708654232743939
1232708498552737793
1232708302070591488
1232708243950067716
1232708214350848000
1232708161720737794
1232708126924779528
1232708063032938500
1232708030309031936
1232708023325425665
1232707999849943040
1232707954929012736
1232707512392175616
1232707410747371522
1232707396189016064
1232707327385645057
1232707312239960064
1232707296947556352
1232707236255981569
1232707039312457729
1232707016218628096
1232706788866301959
1232706494195544065
1232706474054496256
1232706470019575809
1232706350406348802
1232706342869139464
1232705803481702400
1232705719352406017
1232705660204220419
1232705630181511174
1232705617309130757
1232705590511751170
1232705419409268739
1232705397112426496
1232705256926142465
1232705050201481216
1232704949013897217
1232704907163185152
1232704754855350272
1232704747943190529
1232704715319844869
1232704653000871937
1232704645337944065
1232704639507759109
1232704619106721794
1232704615449276416
1232704524311199750
1232704255783505921
1232704255632584710
1232704208673083392
1232704098857779201
1232704095154245632
1232703918863503361
1232703837665886209
1232703784691937281
1232703638876893185
1232703627631919107
1232703593653899264
1232703330306097152
1232703327395295234
1232703303886176256
1232703106703597570
1232702925203542019
1232702886695575553
1232702685058666498
1232702605807247368
1232702499506790401
1232702447023542273
1232702422973329408
1232702399439130624
1232702391742554113
1232702287988035584
1232702276281741312
1232702262985809920
1232702134711463936
1232702110128578564
1232702106739585031
1232702024137035776
1232701966981255168
1232701943002411008
1232701908852363265
1232701904729395203
1232701893211762688
1232701835137425408
1232701829693218816
1232701775926452229
1232701642501500928
1232701641528311809
1232701556493037569
1232701465577345025
1232701436384993280
1232701422090817537
1232701345951571968
1232701338267484169
1232701289223610369
1232701251223158785
1232701249277104129
1232701162874396676
1232701145786830849
1232701129181585408
1232701003952201728
1232700934272229376
1232700881176596480
1232700784283914240
1232700768765042688
1232700700322390016
1232700693619843072
1232700629858029569
1232700593036308480
1232700585994047488
1232700342980268033
1232700270548848641
1232700258184056833
1232700209433632769
1232700092597067776
1232700063169892352
1232699860719144960
1232699776728207360
1232699454920286209
1232699436251451392
1232699433294409728
1232699432304566273
1232699368727306240
1232699358182813696
1232699343448178690
1232699321679831040
1232699089764175873
1232699056243314689
1232698901922226176
1232698806011154432
1232698770703486977
1232698535134535683
1232698464116649985
1232698330540576768
1232698258537025536
1232698210688303104
1232698182431387648
1232698151754256384
1232698112860356610
1232698067012456449
1232698013849657344
1232697936095649793
1232697609460047872
1232697507974651913
1232697489427509248
1232697353590726662
1232697258979844097
1232697257784377344
1232697181557141512
1232697034660106246
1232696824680656897
1232696807664365570
1232696738919669762
1232696684091707394
1232696618698334209
1232696587920531457
1232696339374526464
1232696254653702146
1232696137062264832
1232696122478669824
1232696091759595528
1232696085396754432
1232696048314978306
1232695993201831942
1232695920820674560
1232695909512814594
1232695901023604737
1232695900138504193
1232695853271461891
1232695795050307586
1232695719674466304
1232695514971492357
1232695261442576386
1232695242492649472
1232695218467721216
1232695023180881920
1232694835724849154
1232694829060182016
1232694715700699139
1232694677133983744
1232694597622681601
1232694577372565506
1232694570091270144
1232694544644395009
1232694491317972993
1232694307947192321
1232694222400229378
1232694199989960706
1232694162752974849
1232694085884006407
1232693989490462727
1232693901150085121
1232693870607192066
1232693801950597120
1232693674988929024
1232693554578952193
1232693424068931586
1232693198826475522
1232693128957657089
1232693121210880001
1232693076574994432
1232693048007692288
1232693042500587526
1232693029355638786
1232692997852213248
1232692981209141248
1232692868453687298
1232692751235518464
1232692718914195456
1232692550680612865
1232692512336351234
1232692505419882496
1232692403166961665
1232692241430392832
1232692239341686784
1232692177572126721
1232692140364484614
1232692096051695619
1232692027747438594
1232692022894571522
1232692016045228032
1232691954892193796
1232691904447471617
1232691886768508929
1232691775921442816
1232691759534264320
1232691738592018432
1232691526603595778
1232691436073766912
1232691427571884032
1232691371103981568
1232691195215777792
1232691189054410752
1232691186336440322
1232690830986665985
1232690720164712449
1232690630129831938
1232690584160210944
1232690567160778753
1232690538278801408
1232690459954249728
1232690441155379200
1232690341834362881
1232690264759787521
1232690188951916544
1232690154306985984
1232689797380087808
1232689796482506753
1232689698411286529
1232689614730747909
1232689582677864448
1232689530366459908
1232689484149514241
1232689284727136261
1232689254121254912
1232689239407632386
1232689153122488322
1232689144519897089
1232689116405551110
1232688916706349056
1232688806605860864
1232688774397800453
1232688740822405125
1232688369873932289
1232688185437827073
1232688179255422980
1232688178689200129
1232688109466374145
1232688099899125760
1232687999575523330
1232687987751780359
1232687941803216897
1232687920361897984
1232687802858590209
1232687762987417605
1232687760936513536
1232687725830168576
1232687659585277953
1232687596444278789
1232687539246510080
1232687528840433668
1232687326813401090
1232687264259624960
1232687260702855168
1232687160333144064
1232687075151032320
1232686710678573056
1232686607888736256
1232686599298834439
1232686598728409091
1232686596551512064
1232686492272746497
1232686475545894912
1232686474073694209
1232686450031943681
1232686325293338625
1232686101372063753
1232686057386315777
1232685948095410176
1232685845364248580
1232685735695802370
1232685541537337344
1232685534524444672
1232685511141154818
1232685493508284423
1232685415137718274
1232685242625949696
1232684820972609539
1232684767503699973
1232684569176006660
1232684490029510656
1232684330822127616
1232684292595179520
1232684248051716096
1232684157542838272
1232684052181901320
1232683716830474240
1232683684240805888
1232683640443854850
1232683524311875587
1232683519211659265
1232683456896946177
1232683356770512898
1232683328932896769
1232683128189267975
1232683004734164993
1232682948673069056
1232682932680167424
1232682856574574592
1232682851520466945
1232682851453280257
1232682779604852736
1232682766980075521
1232682398803992576
1232682358844862464
1232682335079931904
1232682294302904320
1232682236690018305
1232682215131185152
1232682125662572545
1232682098068246529
1232682082415108096
1232682054162272257
1232682051851210752
1232681937808117761
1232681935429873664
1232681906027798528
1232681869218635776
1232681720538902531
1232681718454407168
1232681648992538624
1232681621213663233
1232681616457134080
1232681472693239809
1232681416724557826
1232681385816711169
1232681350412611586
1232681299187511296
1232681133516652549
1232681088931287040
1232681051752976384
1232681047877398528
1232680881481011205
1232680859880304640
1232680819958915072
1232680763683942400
1232680479947620352
1232680457147314176
1232680407902101511
1232680379594788864
1232680151122694149
1232680144009138176
1232680073859391491
1232679873224826880
1232679790894862337
1232679722104041476
1232679696455827456
1232679637223907328
1232679627300229120
1232679610590081024
1232679555036581888
1232679548208152579
1232679474346569728
1232679466465472512
1232679283455332352
1232679203117633541
1232678971550117889
1232678950553427970
1232678936368369670
1232678825479241728
1232678758374612993
1232678659271614464
1232678616959520769
1232678152884883456
1232678013843726338
1232677996416372743
1232677758494441472
1232677689150054400
1232677608497844225
1232677483658375168
1232677429635887104
1232677156226052096
1232677109279199233
1232676976445575169
1232676846191489024
1232676835269451776
1232676732567683072
1232676700217126912
1232676665685352448
1232676653245005824
1232676579211382788
1232676578305462273
1232676542532276224
1232676485598711808
1232676406750056448
1232676351062220800
1232676163857920001
1232676024732782593
1232675990012407809
1232675901483159553
1232675894227066880
1232675851965280257
1232675847997251585
1232675824802893824
1232675688655851522
1232675597823938560
1232675591326969857
1232675468077412352
1232675386041012224
1232675210920415237
1232675148270010369
1232675033861869574
1232675020721328128
1232675004623532032
1232674970989465600
1232674907156340736
1232674826235654149
1232674694924468225
1232674694404464645
1232674575453949952
1232674546265862145
1232674478867570689
1232674441173372929
1232674435724795904
1232674393702174721
1232674089736790018
1232673876552888321
1232673833531867136
1232673741018222592
1232673686047612928
1232673664123973633
1232673547358699520
1232673478870020096
1232673448142548992
1232673406543368197
1232673335546433537
1232673320270737409
1232673020650643457
1232673006146768896
1232672888718798848
1232672734087348229
1232672683650879488
1232672680375181312
1232672453077413890
1232672419506200576
1232672395594543104
1232672390683013120
1232672218599038978
1232672175695503360
1232672104333660160
1232672072129765376
1232672034146136070
1232672019910668288
1232671903753609223
1232671898770780160
1232671786967457793
1232671660634976257
1232671606134145025
1232671595505778689
1232671459312578560
1232671435606327297
1232671320514666497
1232671282908553217
1232671272708038656
1232671244031602688
1232671153430417408
1232671134115663880
1232671059868049408
1232670974111309824
1232670931002253312
1232670919035949056
1232670916829761538
1232670909422501889
1232670907715522560
1232670900060905473
1232670840656973829
1232670725799985152
1232670598171648001
1232670568090132480
1232670558480977920
1232670533793308673
1232670497847922689
1232670480861188097
1232670456571998211
1232670383637221376
1232670211050004482
1232670205907800064
1232670193194881024
1232670164916854784
1232670128258658305
1232670074525437952
1232670044750012421
1232670008360275971
1232670003192827909
1232669969911029762
1232669890542211072
1232669854198566912
1232669833579450368
1232669829829734406
1232669730797912064
1232669713290887169
1232669641199276032
1232669628876414976
1232669569258577920
1232669510500524032
1232669503881912322
1232669469945794570
1232669338588585986
1232669300022022150
1232669243675750400
1232669166127153153
1232669122154160128
1232669019326615562
1232668996551528448
1232668859892731909
1232668764904263681
1232668722407583744
1232668717441527809
1232668676337303552
1232668551116476416
1232668535824015360
1232668533315817472
1232668510515613697
1232668501657165824
1232668344576364547
1232668305263124480
1232668301442109443
1232668270316204033
1232668262414082049
1232668163369840641
1232668163202060288
1232668149557977088
1232668092720910337
1232668026421555203
1232668008973262849
1232667892992430081
1232667878014451712
1232667840152526849
1232667822922141698
1232667793948053511
1232667731822022657
1232667674058088448
1232667632563822592
1232667507649130496
1232667504998219776
1232667459158671360
1232667450036170753
1232667401868718080
1232667320952270848
1232667255462400002
1232667064919379968
1232667000675225601
1232666927757250560
1232666861390659595
1232666843678150656
1232666760425476098
1232666737096757249
1232666499405537280
1232666468275412999
1232666457860952066
1232666439993171968
1232666310057873409
1232666260749668352
1232666161638187008
1232666144324096003
1232666097100492801
1232665998811070467
1232665864031416321
1232665838718767104
1232665833605824512
1232665751548579841
1232665681851711489
1232665664822927360
1232665598917828610
1232665578827063299
1232665434790473729
1232665402720882688
1232665402070773760
1232665331296079873
1232665287834599439
1232665260139696129
1232665237482024961
1232665014370217987
1232664971718385665
1232664834765922308
1232664827182579715
1232664683288633344
1232664653945298944
1232664585250975744
1232664538073518081
1232664525675126790
1232664520994250753
1232664484977807360
1232664476048031745
1232664431533924352
1232664393722273792
1232664297320386560
1232664194098565128
1232664177879212033
1232664051328671746
1232663958651273220
1232663955992186885
1232663893815824386
1232663826883059713
1232663672566185985
1232663614160396288
1232663578496438272
1232663574138490887
1232663392768450564
1232663286832861184
1232663179597111296
1232663009656496130
1232662969038917632
1232662748183646218
1232662745092370434
1232662714650177541
1232662714566291456
1232662669435580416
1232662602611875840
1232662588795899904
1232662498488332289
1232662459028328448
1232662445757472768
1232662441068236802
1232662393706209282
1232662270955659264
1232662240437919744
1232662230723854337
1232662125664845824
1232662074012176385
1232662042735251456
1232661898597928960
1232661768708722688
1232661648739094533
1232661644842602497
1232661542258253824
1232661521228075008
1232661484251045888
1232661471231959041
1232661415317704705
1232661227932921856
1232661177202814976
1232661043027042306
1232660996516388866
1232660882880106499
1232660856653123589
1232660801636511745
1232660613844865024
1232660581804580865
1232660342460895232
1232660186164187137
1232660169760366595
1232660146100350977
1232660118476595201
1232660101401632768
1232660097962303488
1232660082468499461
1232660033177034757
1232659871230779392
1232659845817536512
1232659800678334465
1232659622747680768
1232659602929602560
1232659394581663744
1232659369000656896
1232659291267567617
1232659264679895040
1232659257490911232
1232659207293370368
1232659184514224128
1232659174909267969
1232659168043175936
1232659154449371136
1232659054062948352
1232658941768851456
1232658911754366976
1232658845085900800
1232658717210021888
1232658669868920832
1232658641414754305
1232658582174339073
1232658531494526977
1232658393023815680
1232658204796084224
1232658021752430594
1232657871147585538
1232657839707099137
1232657831406469121
1232657734996254720
1232657722799202304
1232657702763061249
1232657656265007104
1232657651890343936
1232657647343669248
1232657616343572480
1232657612539400193
1232657457438171137
1232657435476791296
1232657147755999233
1232657075756556293
1232657028105080834
1232657013278150656
1232656905547517953
1232656787763081216
1232656785892352003
1232656711149899776
1232656609274421248
1232656576751833091
1232656559219576833
1232656515858862081
1232656443834327040
1232656365157527552
1232656284324855809
1232656209267843074
1232656207648870400
1232656046793134080
1232655978652409857
1232655953755017216
1232655840966070273
1232655804865695744
1232655788981805057
1232655714927157248
1232655706093912064
1232655586933825536
1232655536933539841
1232655522723176448
1232655519648821251
1232655316027920389
1232655307979051008
1232655268577775618
1232655209119260673
1232655197387751426
1232655152923979776
1232655103221477376
1232654970186543105
1232654945645715457
1232654892268957698
1232654812120059904
1232654631303553026
1232654528815693826
1232654502169321472
1232654500583874560
1232654498654564352
1232654482879713281
1232654470661586944
1232654364193558530
1232654168734695424
1232654134379270144
1232654093400920065
1232654082600468481
1232654053395587074
1232654021548179456
1232653932108759040
1232653902476173312
1232653882423156737
1232653880997163008
1232653879239675909
1232653784297463809
1232653759114862598
1232653725761593345
1232653708187652097
1232653671097389056
1232653658132766720
1232653626952253440
1232653559059111936
1232653557737967616
1232653553652633600
1232653536422481923
1232653467107430402
1232653448421740544
1232653319430180864
1232653293710647297
1232653176173744128
1232653145219592192
1232653128861966336
1232653022209232897
1232652946334199809
1232652828038094850
1232652802083708931
1232652533308567552
1232652383622135808
1232652377657835523
1232652369726517252
1232652339191918599
1232652292379336705
1232652279200833536
1232652256350216192
1232652232325238784
1232652228533596160
1232652228374278144
1232652216907030528
1232652139282993153
1232652136946814976
1232652020865257472
1232651984278343680
1232651857815908357
1232651760998797317
1232651720313974790
1232651703431974918
1232651672788271110
1232651629448585216
1232651600440807424
1232651526327488514
1232651479116324864
1232651452855848963
1232651451635290121
1232651395830079489
1232651298375380993
1232651291761020928
1232651281799487488
1232651226598252544
1232651109950533633
1232651087854886913
1232651075515228163
1232651057974607873
1232651021542928386
1232650905301942275
1232650883936194564
1232650814545682433
1232650782949957633
1232650779779043328
1232650738934919169
1232650666881011712
1232650571296972801
1232650541257371648
1232650535544803329
1232650478728732672
1232650462807166976
1232650433564495884
1232650431828021248
1232650222423199744
1232650170891939841
1232650137450754049
1232650114939920384
1232650077006684161
1232650042021990401
1232649919275700224
1232649885738033153
1232649873490661378
1232649870315528194
1232649857686478849
1232649811733700608
1232649800857931778
1232649706888667136
1232649691759882240
1232649674076696577
1232649613481476097
1232649580522692608
1232649526277701634
1232649471261102080
1232649411018313729
1232649354214887432
1232649348506411009
1232649199151435777
1232649002191085569
1232649001545224193
1232648987846598657
1232648936176934913
1232648933568139266
1232648910461718528
1232648767767269378
1232648765934313472
1232648759533801472
1232648748448260096
1232648677988151297
1232648669008220160
1232648638079393792
1232648627383828481
1232648607817502720
1232648607590965248
1232648567866695680
1232648449977438209
1232648405253529600
1232648393081675776
1232648381283131392
1232648360609251329
1232648176513015808
1232648164508872704
1232648135123533824
1232648084259328001
1232648072141975553
1232648062994145280
1232648005423116289
1232647934052839425
1232647826141843457
1232647788455919618
1232647746030637056
1232647724752875521
1232647660487741441
1232647645488963584
1232647609489219584
1232647543756120064
1232647436943970306
1232647382187331585
1232647362272780291
1232647302961082368
1232647155900469248
1232647085540986881
1232647053404254208
1232647039114186752
1232646916699295749
1232646896415576065
1232646886861000704
1232646874504540161
1232646867730694145
1232646851515559942
1232646837934444544
1232646818275692544
1232646739858993152
1232646735165521922
1232646721110519808
1232646505590411264
1232646471155113984
1232646434614337536
1232646409930891264
1232646388229513218
1232646339642654726
1232646310332858369
1232646280075259905
1232646170192814080
1232646142833418241
1232646125724819461
1232646067092623360
1232646041117351942
1232645998645780480
1232645868278427649
1232645828038287361
1232645812590608384
1232645797990281218
1232645752528232448
1232645724472561664
1232645688745451522
1232645621770784769
1232645575771934722
1232645502858092545
1232645487876083713
1232645467705610240
1232645463133827072
1232645448583782401
1232645377423298561
1232645345806573570
1232645333764771840
1232645318178754562
1232645295718195200
1232645258128822273
1232645016306290690
1232644963256668160
1232644938841628672
1232644901441089536
1232644864875036672
1232644842473304065
1232644698382180353
1232644686449455104
1232644651330494466
1232644531159523329
1232644530375155714
1232644517586751488
1232644400230141955
1232644369926238211
1232644198186311680
1232644171720163328
1232644127898112000
1232644095291592705
1232644089239212034
1232644056238481410
1232643867750563840
1232643856321085442
1232643740797292544
1232643544566898689
1232643477764263936
1232643469526609920
1232643455958093825
1232643432562274304
1232643419069087744
1232643218120024064
1232643158342852609
1232643127846068226
1232643083784859655
1232643065896165376
1232643063190900744
1232643005309489152
1232642950741491715
1232642915878547457
1232642892692365313
1232642881350983680
1232642856168411136
1232642850434752512
1232642848182415360
1232642822962122753
1232642725779996672
1232642636227497991
1232642625628508161
1232642572079812608
1232642560830644225
1232642545303408641
1232642410804645888
1232642398188118017
1232642385345159168
1232642372305027072
1232642343951642624
1232642307863785474
1232642292890185734
1232642233163288581
1232642229933465600
1232642157179215872
1232642123939315713
1232642103831941120
1232642103488008193
1232642068310298624
1232642063289679872
1232642048026693633
1232642024983101440
1232642011511087104
1232641878316720129
1232641797500870656
1232641772288905216
1232641765037002753
1232641676889513984
1232641650075324419
1232641635227443201
1232641482055716864
1232641428481888256
1232641419304734720
1232641391257366533
1232641364090900480
1232641350568419328
1232641316246491137
1232641314723893251
1232641268020322304
1232641258499301377
1232641185254182913
1232641146112925697
1232641085559771139
1232641070581846017
1232640987782156288
1232640899685011456
1232640871520182272
1232640850657710081
1232640676912914432
1232640640254664707
1232640596797464577
1232640536500154368
1232640497929392128
1232640481294790656
1232640420473188352
1232640177622978560
1232640128675467265
1232640112569323521
1232640031044620289
1232639914648506368
1232639897825091584
1232639757668233216
1232639692526489601
1232639642626818048
1232639613371658240
1232639603544383489
1232639595533275139
1232639565351051264
1232639550310223872
1232639486397427715
1232639384580771840
1232639315026509824
1232639304851218433
1232639281228849153
1232639216644915200
1232639088219561985
1232639053268426757
1232638838360694785
1232638833143042048
1232638655518380032
1232638616725225473
1232638504963858432
1232638443768963072
1232638440619069446
1232638331747536896
1232638249262292992
1232638244757688321
1232638224188702722
1232638161181970432
1232638076868055040
1232638031187804166
1232638022858027014
1232638004658921472
1232637951135436800
1232637929346019329
1232637900329713664
1232637886312468480
1232637855438077952
1232637852976021505
1232637823628533760
1232637724701679620
1232637703897964544
1232637686021836800
1232637677608034304
1232637662940532738
1232637556300353537
1232637524994150401
1232637503405993986
1232637498683203584
1232637496183468032
1232637434363568128
1232637408648278020
1232637305388752897
1232637217207656449
1232637125402726401
1232637120319238146
1232637074278359045
1232637071044599809
1232637019861463040
1232637019785920512
1232637011078586368
1232636853490266114
1232636806912454657
1232636667166629889
1232636543333957633
1232636378309169153
1232636374169378820
1232636356863676416
1232636330150109192
1232636219542167557
1232636164231892993
1232636159710441472
1232636132187353088
1232636079523729408
1232636017879977984
1232635971168014336
1232635935201910784
1232635890633256960
1232635783187701760
1232635735389409280
1232635635124637699
1232635583903739905
1232635552060538886
1232635506627948545
1232635498612609025
1232635493206155265
1232635360221552640
1232635261709889537
1232635174422294529
1232635134043729920
1232635117639737346
1232635039080419328
1232634906502664192
1232634804698525699
1232634798046400512
1232634774684082176
1232634706933538816
1232634634799808513
1232634578214453249
1232634553791107072
1232634427743887360
1232634383984664578
1232634314770329602
1232634090450489345
1232633992945467392
1232633962348060677
1232633959550504966
1232633865036029952
1232633797444874240
1232633728142278657
1232633664544092174
1232633634194182144
1232633585238147077
1232633414492270592
1232633402454663173
1232633384784027649
1232633280391979008
1232633275363012609
1232633215678132224
1232633140335783936
1232633094433361920
1232633057955524608
1232633018847834112
1232632974576930817
1232632889512165377
1232632853873209345
1232632816539705344
1232632795467538433
1232632780825276416
1232632744112541697
1232632730439110657
1232632665276284929
1232632516764471296
1232632403258216448
1232632377232560128
1232632293296136198
1232632219178500096
1232632191689089024
1232632165835382784
1232632159044882433
1232632112991305731
1232632097879314432
1232632069471309825
1232632047505723392
1232632039087755265
1232632015448657920
1232631976668155904
1232631965188329473
1232631811169230848
1232631775723229189
1232631729292271616
1232631704449404928
1232631699831508993
1232631664016273408
1232631571808739328
1232631511846969344
1232631494256005120
1232631345236598784
1232631311564771328
1232631308360278017
1232631294644887552
1232631254136258563
1232631188277383169
1232631172825538561
1232631077056983040
1232630985604452352
1232630970735636480
1232630783531192320
1232630733304451072
1232630705945030656
1232630664236847104
1232630660092874752
1232630609304051714
1232630604467986433
1232630551682670594
1232630485106462720
1232630479209324544
1232630425224347648
1232630381368745985
1232630370740396032
1232630329346842629
1232630301958037510
1232630244517040133
1232630221091766272
1232630138912768000
1232630111486271488
1232630105203232768
1232630055249088512
1232630025008173061
1232630003264839683
1232630002895683584
1232629862927667200
1232629855730257926
1232629846439813120
1232629725379604481
1232629700251529216
1232629643813040133
1232629601819660289
1232629580231512064
1232629559339692033
1232629505061158912
1232629492184735744
1232629475785007105
1232629446823350273
1232629411737931776
1232629377936035840
1232629372210884608
1232629335015723008
1232629322197938178
1232629308553822208
1232629279751655430
1232629186004566017
1232629179717443585
1232629170200551427
1232629043872309249
1232629021613096961
1232628731216306177
1232628646059421698
1232628638094372864
1232628518187683841
1232628495714529280
1232628245226496007
1232628225391710210
1232628188116922370
1232628100820807680
1232628100221067264
1232628088292478976
1232628063894151174
1232628059410436096
1232627903671697414
1232627855512817664
1232627830212743173
1232627736298053633
1232627734196760577
1232627688923451394
1232627661232578566
1232627597424627712
1232627584522997760
1232627559483019269
1232627398954422272
1232627368071761921
1232627304477732865
1232627295904522240
1232627232176328705
1232627204011569152
1232627191411806209
1232627139725471749
1232627113339035648
1232627042790801409
1232627022884745216
1232627011258109953
1232626980811657218
1232626965326303232
1232626816067756032
1232626783675043840
1232626778449088512
1232626748535250944
1232626717908512768
1232626628263587841
1232626575885119489
1232626550710972420
1232626469194620929
1232626441512202240
1232626344439226369
1232626264051195905
1232626128776572929
1232626040213770240
1232626017744887809
1232625926858575873
1232625872773025792
1232625804061876225
1232625769433698306
1232625742711787520
1232625715322982401
1232625673518403584
1232625660272705543
1232625651615707137
1232625624050782209
1232625480945340417
1232625458656743425
1232625381724782592
1232625338154397696
1232625301009641474
1232625285968867333
1232625195342585857
1232625036512677890
1232625026538582016
1232624941910106112
1232624899782565888
1232624838344310784
1232624798725025792
1232624797084983296
1232624779980673024
1232624753766273026
1232624687458455552
1232624656605204481
1232624638250881024
1232624598178566144
1232624582131093504
1232624558223581184
1232624516330852352
1232624507036237826
1232624465915338752
1232624381374992385
1232624343580106760
1232624266262274048
1232624211719487489
1232624109366005761
1232624061546663937
1232624027782479873
1232623995029270528
1232623964343721984
1232623960124248064
1232623935142998017
1232623906512568325
1232623878964469760
1232623873964855296
1232623820541919232
1232623641432641538
1232623566623051776
1232623559962513408
1232623517977456641
1232623500034113537
1232623410875904000
1232623410146086914
1232623396191703041
1232623352973582336
1232623345289568256
1232623337295294465
1232623209914261505
1232623119308902400
1232623026128158721
1232622969890930688
1232622936361754624
1232622905739161600
1232622871467495425
1232622840064696320
1232622811652468736
1232622716072726530
1232622688033746944
1232622475281915905
1232622472689864707
1232622434362236928
1232622300438110209
1232622240409300992
1232622144082894848
1232622056354742273
1232622051841761280
1232622041813127168
1232622008984358914
1232621994052661249
1232621865660755968
1232621781137154048
1232621746890661888
1232621744952922112
1232621730809700352
1232621698928824320
1232621692444430336
1232621621430620160
1232621563717017600
1232621475057807360
1232621426320052225
1232621411837128705
1232621332610846720
1232621296636375040
1232621241716105217
1232621184975544320
1232621056604737536
1232621054612340737
1232620920478498817
1232620891617415168
1232620868154667009
1232620861825470464
1232620841281740801
1232620754962976769
1232620750441504768
1232620745865539584
1232620703133904901
1232620646162718720
1232620627426729986
1232620609722634241
1232620545990184961
1232620393833336832
1232620378301878272
1232620330008666113
1232620288396886016
1232620247422660608
1232620196139020289
1232620194511626240
1232620017210007554
1232619927040860160
1232619786590355457
1232619670664077312
1232619651810648065
1232619649214402560
1232619578657853440
1232619522009567233
1232619382616010757
1232619365360635908
1232619317444956162
1232619255289565184
1232619175337656320
1232619166655504389
1232619163014848517
1232619152902324225
1232619144241131520
1232619121860399105
1232619116185497600
1232619059537174528
1232619030244216832
1232619014783950849
1232618930621034496
1232618919774629893
1232618857174618112
1232618855358500864
1232618847871668224
1232618776765566977
1232618740908482565
1232618646024998912
1232618414159679491
1232618398250651648
1232618393284595712
1232618392357609472
1232618353992269824
1232618349214957568
1232618232042938368
1232618219850149889
1232618060546220032
1232618049800417281
1232617987938672641
1232617974143561728
1232617932812902402
1232617926496313344
1232617887363366912
1232617704433049600
1232617682102636546
1232617676486389760
1232617536753164290
1232617471032643585
1232617458630000650
1232617413901983745
1232617321904119808
1232617315964981248
1232617311116447745
1232617286961451008
1232617237615464448
1232617195387195392
1232617163900510208
1232617146741612546
1232617128823574529
1232617106023309312
1232617100058996736
1232617031897358337
1232616866499235840
1232616813743280130
1232616799566532611
1232616755522129925
1232616736475750400
1232616732738629632
1232616687180095488
1232616448813674496
1232616415984791552
1232616358879338496
1232616278122270720
1232616237513027584
1232616213781581824
1232616180021592064
1232616126993125378
1232616090741747713
1232616081556156421
1232616070332272640
1232615918343270400
1232615884713267200
1232615806724378625
1232615799912894464
1232615781218779136
1232615776978374662
1232615731424104448
1232615637438140418
1232615615304695808
1232615581221900288
1232615578826924037
1232615538846838784
1232615493607051265
1232615474288111616
1232615460472082433
1232615454671278080
1232615387562487808
1232615370789445633
1232615340661780481
1232615334798143489
1232615332956835841
1232615193072558081
1232615178803523585
1232615123820404736
1232615063158247424
1232615053062524930
1232615049585418240
1232614937966645248
1232614922179239936
1232614867967913990
1232614856974635008
1232614535703515136
1232614532482314241
1232614531907674112
1232614528233414656
1232614517286350848
1232614507769475072
1232614488601452545
1232614445358231553
1232614429759549440
1232614412638466049
1232614409501061121
1232614332825055234
1232614284800282625
1232614259089121281
1232614225731825664
1232614206643589121
1232614034593239041
1232614019351097345
1232613903445712896
1232613897758220288
1232613841458139137
1232613747132370944
1232613727242989573
1232613656745140225
1232613620342718464
1232613596682690561
1232613527615135744
1232613442831421441
1232613377236701184
1232613349378207744
1232613299025522688
1232613293468135425
1232613293287772160
1232613215366000641
1232613202816589824
1232613190321745920
1232613150534643713
1232613150320660480
1232613118473310208
1232613103990431745
1232613041742794754
1232613001376804865
1232612926684647424
1232612875560198144
1232612875514060800
1232612870422171648
1232612837308223489
1232612789337849858
1232612771516289024
1232612666176417793
1232612662162444288
1232612643858518018
1232612618562686977
1232612590125273093
1232612570785292290
1232612536798846980
1232612498173460480
1232612469874581505
1232612439092584449
1232612371396538369
1232612336030146560
1232612335073755137
1232612295458553857
1232612273161736195
1232612217985683456
1232612182514425857
1232612155582828546
1232612154098036736
1232612121449504769
1232612073768726528
1232612030454075392
1232612000355770368
1232611993737101312
1232611936380112896
1232611909737893889
1232611882332282880
1232611882227453953
1232611833565061120
1232611828800327680
1232611764178767872
1232611754724773889
1232611706662195201
1232611697111773184
1232611684394643456
1232611585492996096
1232611508653297665
1232611503095853056
1232611397063839751
1232611340658847744
1232611340461715456
1232611279627575299
1232611187344453633
1232611175201943553
1232611173096448000
1232611096797818880
1232610989381767175
1232610978522640385
1232610925322153985
1232610912575664128
1232610854262247424
1232610817750831105
1232610770644590592
1232610761886838784
1232610759462604800
1232610705486045190
1232610687911890947
1232610561353015296
1232610543355224064
1232610470219132928
1232610446772965376
1232610227381526528
1232609977287794688
1232609902524276739
1232609872631541761
1232609871435943936
1232609856936345602
1232609843933958144
1232609816729784320
1232609814473330688
1232609646214623233
1232609561204416513
1232609476064292866
1232609439557046273
1232609387342106624
1232609386574553088
1232609349392007169
1232609332979798021
1232609296824897537
1232609153346080768
1232609135327432705
1232609128339722240
1232609111528869889
1232609043572838401
1232608973796335616
1232608896965128192
1232608885942444033
1232608873242079233
1232608845022842888
1232608805856432129
1232608797606268928
1232608782703833093
1232608773186998273
1232608739586342912
1232608695814672386
1232608606727610368
1232608544119279616
1232608499257008129
1232608495410786304
1232608453291540481
1232608388867141632
1232608319308804097
1232608296344936449
1232608294369406977
1232608271866957824
1232608253688844290
1232608219635298305
1232608216443445248
1232608164304080897
1232608134444834816
1232608120326819841
1232608117554393088
1232608096737992704
1232608059756830720
1232608049371721729
1232608047169777664
1232608037925466112
1232608024872747008
1232607928483446785
1232607850373013504
1232607728272658433
1232607713139601409
1232607711608610818
1232607708165103617
1232607680440815616
1232607636970987520
1232607628414640129
1232607597536202754
1232607526597939200
1232607458033573888
1232607427457114112
1232607395098120192
1232607383282765826
1232607361270939648
1232607293834977280
1232607206836666371
1232607191120695296
1232607171570999297
1232607166919532545
1232607133159612419
1232607130533998593
1232607123185504256
1232607077933166592
1232607047952293889
1232607041111371777
1232606960098390019
1232606951336562690
1232606934089576453
1232606912241446913
1232606875176382466
1232606857929334784
1232606810500190209
1232606743605268480
1232606730678415361
1232606657500368896
1232606652618158080
1232606645903134720
1232606610960330753
1232606570401456128
1232606558242136065
1232606526134800384
1232606515347017728
1232606514764013573
1232606446329761793
1232606438175977472
1232606387605295107
1232606374632267777
1232606355736973315
1232606343200198656
1232606292822372352
1232606267216203776
1232606258223550467
1232606217505251328
1232606206461665280
1232606190749863937
1232606017227304961
1232606004522737664
1232605969059909632
1232605912910770179
1232605894443241472
1232605871189811200
1232605852105871360
1232605791145857024
1232605758648438784
1232605656206757888
1232605634513833984
1232605550975897601
1232605474991886336
1232605472387190786
1232605454909542400
1232605444646088705
1232605384151642112
1232605346541207552
1232605338580520962
1232605337238327297
1232605330737111041
1232605323925565440
1232605219936231424
1232605214139670528
1232605018529976320
1232604862518525954
1232604691718168576
1232604612735139843
1232604606108241920
1232604493038129152
1232604474109198336
1232604462029705217
1232604451053211651
1232604397965905927
1232604383227019264
1232604337853075456
1232604261051240450
1232604241472184322
1232604201567608832
1232604175231602689
1232604164892581888
1232604060085366784
1232603989830766592
1232603926127661062
1232603907412701184
1232603798373306368
1232603771953348608
1232603764076564480
1232603693255708678
1232603618169294853
1232603553589579781
1232603526142087168
1232603508752486400
1232603301260165120
1232603300761161728
1232603288287285248
1232603261712113665
1232603110977175554
1232603110205464577
1232603078425227264
1232603059936780288
1232602990504218624
1232602972712054787
1232602916093136896
1232602895201206272
1232602882832203777
1232602785608282112
1232602769867124741
1232602711574634497
1232602661498826753
1232602630658183174
1232602602078162945
1232602331893653505
1232602267997655040
1232602245616762881
1232602240709472261
1232602225027026944
1232602204193853441
1232602184455512067
1232602145343594496
1232602066998173697
1232601942246989824
1232601936903446528
1232601883279314944
1232601875196923904
1232601847724199938
1232601845551464448
1232601831328665600
1232601825615974400
1232601784750919680
1232601645336420352
1232601638906613765
1232601570115760128
1232601566529671171
1232601521956802560
1232601490986012672
1232601249507348480
1232601228925952000
1232601188207644678
1232601170155208705
1232601072402927618
1232601067982028800
1232601007483445250
1232600896917426176
1232600890563026946
1232600842483662848
1232600737848360969
1232600722572791813
1232600720068796416
1232600715346010114
1232600455806640130
1232600429705547776
1232600380921569280
1232600355688587264
1232600350416306178
1232600323027542016
1232600263804018690
1232600259299332096
1232600221114413057
1232600163543322625
1232600154651398144
1232600153288212485
1232600150176075776
1232600145172324353
1232600142852825088
1232600129175195649
1232600004415676416
1232599974791335936
1232599938309251072
1232599922475700225
1232599904306049024
1232599876535508992
1232599876137103360
1232599831484551170
1232599806851219457
1232599805446295554
1232599783854018561
1232599725624451072
1232599700991291392
1232599696578838528
1232599696037695489
1232599687863164928
1232599625334390784
1232599548763287552
1232599548259946497
1232599533647015937
1232599524419526658
1232599510892924928
1232599510519513088
1232599497479540737
1232599492844756994
1232599442957664257
1232599435701555200
1232599402965032960
1232599397789249536
1232599394874200064
1232599257695301632
1232599248333627395
1232599195145687040
1232599147317997568
1232599147217408000
1232599105857257473
1232599027277074432
1232599025540616193
1232599004443267079
1232598998223118336
1232598986940461056
1232598981890445312
1232598954493333509
1232598876831526912
1232598837736411144
1232598814894252032
1232598807868821504
1232598766097752064
1232598738469883904
1232598724599320576
1232598709894078465
1232598707125792769
1232598675593011201
1232598606550589440
1232598571368812544
1232598552053985280
1232598540557393921
1232598508785557504
1232598492276760576
1232598344654082050
1232598328690593793
1232598284553904128
1232598241352540160
1232598201997385728
1232598174969323522
1232598095474487296
1232598060124995584
1232598055414792195
1232598033453416448
1232597916054892544
1232597907905351681
1232597880013312002
1232597847268380672
1232597803408461824
1232597793753178113
1232597732201725952
1232597724941471744
1232597683321425930
1232597652652666882
1232597607295471616
1232597572130344960
1232597537091133440
1232597500265213952
1232597482112155650
1232597393511768066
1232597276998209536
1232597186849968130
1232597157745766400
1232597094055186434
1232597079266070528
1232597058030391300
1232597055442505728
1232597047976525824
1232596921124106241
1232596887116689408
1232596881873809408
1232596843311353856
1232596831365992448
1232596674327044096
1232596626834960389
1232596480248229889
1232596411453186049
1232596378867642370
1232596376338542593
1232596351181053952
1232596317551112192
1232596298030813189
1232596253390856194
1232596231932825600
1232596171471933440
1232596154740805634
1232596072758960130
1232596032787226624
1232596013317312517
1232595996753956864
1232595929125019648
1232595913463488512
1232595806282186752
1232595796333408257
1232595794030669825
1232595709322498048
1232595699918917632
1232595677823279104
1232595590468571137
1232595552023523328
1232595464043802625
1232595433714864129
1232595397811560448
1232595368640229376
1232595346624217089
1232595187244916736
1232595009330974720
1232594962073767936
1232594952552681474
1232594931576909824
1232594885515059200
1232594845388169217
1232594783513858049
1232594742917173248
1232594678152822784
1232594676101894152
1232594661962911744
1232594658624262144
1232594450188242947
1232594419876089859
1232594409797177345
1232594310694080512
1232594293732364289
1232594283192094720
1232594241001607170
1232594231971237888
1232594218926903301
1232594206025273344
1232594162438021122
1232594138832494593
1232594116392996864
1232594093202714624
1232593994204491776
1232593901564891136
1232593862830567426
1232593825215979520
1232593617304330240
1232593611323269120
1232593606755651585
1232593563319443456
1232593561209778181
1232593551797649408
1232593539562905600
1232593418280480769
1232593368909217792
1232593362143805440
1232593243071766528
1232593220913258497
1232593104475230208
1232593088033513473
1232593055905087489
1232593051912151040
1232592998204137473
1232592983192690688
1232592949457891329
1232592893921124352
1232592889391337472
1232592886950244357
1232592876615479296
1232592802883801089
1232592685908856832
1232592646121644032
1232592637657583616
1232592550835490817
1232592463497498624
1232592416504414210
1232592356282683393
1232592340369510400
1232592270635020289
1232592241291644931
1232592222400516097
1232592220433387520
1232592199700885504
1232592066871468032
1232592029789630464
1232591938089517057
1232591889834106880
1232591885333680128
1232591875099545600
1232591860612423680
1232591852043415552
1232591839397588992
1232591749782089728
1232591738730110976
1232591733143351297
1232591705196683269
1232591631708250112
1232591606366244864
1232591597507956736
1232591576213401600
1232591515064598529
1232591508735438848
1232591499013038081
1232591490779623425
1232591466901450752
1232591444248006658
1232591406574850048
1232591400681824256
1232591395673837568
1232591377571119105
1232591293806776320
1232591237301096448
1232591233127723009
1232591135236816896
1232591127489974272
1232591111123881984
1232591091049750529
1232591084217344000
1232590990063677441
1232590932563890176
1232590883561902082
1232590829992185858
1232590786677608448
1232590782437249024
1232590763185319936
1232590729974812672
1232590685615738881
1232590670386409473
1232590627344388096
1232590609438969857
1232590598533767168
1232590598470881285
1232590595346096128
1232590528665001989
1232590517021618176
1232590479549698048
1232590393633628160
1232590353246674945
1232590337249619968
1232590327002927105
1232590261508878336
1232590236611424257
1232590208211865600
1232590124791291904
1232590090150580224
1232590086509867008
1232590085805289472
1232590002233774081
1232589996193873920
1232589917085224960
1232589889486626816
1232589835904397312
1232589829201956864
1232589816979763200
1232589815884976129
1232589813351682049
1232589793453838336
1232589743738716160
1232589643650080768
1232589620044533762
1232589584753741824
1232589514759122944
1232589505519128579
1232589442893963264
1232589438598991873
1232589431867158528
1232589362048749571
1232589355774103552
1232589337222623233
1232589312321105920
1232589287155228673
1232589208482656256
1232589136592297985
1232589064873877506
1232589016832368642
1232588974067154946
1232588918899519494
1232588914751397888
1232588891225575426
1232588827778277377
1232588679085985795
1232588656692670466
1232588652527726592
1232588647284822016
1232588644281671680
1232588596714102784
1232588581140680705
1232588508168060934
1232588462152437760
1232588456800522240
1232588384335470592
1232588272750284800
1232588261304020993
1232588241838145542
1232588236641443841
1232588226323460096
1232588211710500864
1232588156517703680
1232588150893096961
1232588130185891840
1232588047579041792
1232588035679756288
1232588025298903040
1232587968210141184
1232587909582204929
1232587881920651267
1232587831660437504
1232587773854584833
1232587767676272640
1232587764413190144
1232587762269917184
1232587755642900484
1232587746054754304
1232587648528797702
1232587606753497088
1232587518824058880
1232587430924038144
1232587376981106688
1232587369452314625
1232587342445252608
1232587318462177283
1232587290490396672
1232587272475873280
1232587260199088129
1232587193132232704
1232587184408027137
1232587154947264512
1232587121505882112
1232587113494962177
1232587046822301701
1232587018766606336
1232586987674198016
1232586972339884033
1232586837195137025
1232586801962999808
1232586746946301958
1232586733683912704
1232586729103806464
1232586717603008512
1232586711219286017
1232586708501385216
1232586662292619264
1232586659935522818
1232586522114822144
1232586520764338176
1232586517341753345
1232586486517829633
1232586463948234752
1232586446520881152
1232586444696424449
1232586425033527298
1232586397900591104
1232586390434656256
1232586380271853569
1232586326698004480
1232586217096699905
1232586193566564352
1232586193046511616
1232586188994863105
1232586152986775554
1232586144182874112
1232586136142389248
1232586134930280448
1232586129653760001
1232586092395757568
1232586039983792129
1232586025828077570
1232586008501379072
1232585943011471360
1232585942168416257
1232585873100869632
1232585871188201473
1232585860232744962
1232585791194517509
1232585700027109377
1232585675398144002
1232585669555507200
1232585559564017664
1232585548834971648
1232585530875023360
1232585485186469890
1232585446426923008
1232585421089071105
1232585360816975872
1232585354454106113
1232585341435105280
1232585335529517057
1232585283318812677
1232585191715168256
1232585075151253504
1232585061096198145
1232585028930019328
1232585003462254593
1232584970503434242
1232584954724392961
1232584874298662914
1232584828660441089
1232584806552211456
1232584697445847040
1232584629695188992
1232584629225492481
1232584626843025414
1232584556265512960
1232584533666652160
1232584476410228739
1232584436325240832
1232584414976184325
1232584397838311425
1232584386417176576
1232584337838759937
1232584335343128576
1232584320864399362
1232584315856396288
1232584268586590208
1232584208087994368
1232584203700707329
1232584152131735552
1232584151347421184
1232584064181456897
1232584048385679360
1232584007277273089
1232583937857380352
1232583917431087104
1232583868668088320
1232583852599791621
1232583849076568064
1232583811772420097
1232583810677706752
1232583807397703682
1232583703001432065
1232583665709965312
1232583654129438721
1232583587293167616
1232583548869234689
1232583495534379009
1232583486906695681
1232583481475129345
1232583429360844801
1232583410004221952
1232583393763872768
1232583338004746243
1232583335555338243
1232583332266946561
1232583319419838464
1232583213744295936
1232583129912807424
1232583128956448768
1232583122639900673
1232583080386449408
1232583054683725825
1232583046957871104
1232583046026711040
1232583038883835904
1232583038720188416
1232583028637130753
1232583020500135937
1232583012283490304
1232582979089772548
1232582947548680193
1232582938337955840
1232582915013447694
1232582893509185538
1232582812487864326
1232582760579072000
1232582749879504897
1232582619939921921
1232582602395181060
1232582578256990209
1232582536171315200
1232582512158875648
1232582500351926274
1232582484468084736
1232582449747632128
1232582397339865095
1232582364393623558
1232582353849114624
1232582297184079878
1232582285041508352
1232582282017415169
1232582253290631168
1232582250111414274
1232582244159643648
1232582045743927296
1232582013288427521
1232581887908044800
1232581878848393218
1232581873957851136
1232581764159344641
1232581735591895040
1232581732274143232
1232581710744883200
1232581694382673921
1232581630931427330
1232581608336711685
1232581556004409344
1232581553840062464
1232581528192012291
1232581459820634113
1232581425746128897
1232581392216788992
1232581351204933633
1232581310067150848
1232581269373976576
1232581220111917057
1232581189950554112
1232581146707464198
1232581137584840704
1232581132216143872
1232581092332445696
1232581087559389184
1232581045050073090
1232581021410955264
1232580975248465921
1232580945326284800
1232580928951726081
1232580822030524417
1232580785946976257
1232580766149644294
1232580726765367297
1232580724261298176
1232580703948300290
1232580703109492736
1232580687259209730
1232580682918088704
1232580641474170880
1232580629168041985
1232580608481800194
1232580603284987905
1232580591146749952
1232580578513506305
1232580577351684098
1232580489497784320
1232580420354662401
1232580345230430208
1232580269099581440
1232580262892097548
1232580249633873920
1232580237604552704
1232580195099578368
1232580193421864963
1232580176246190080
1232580140544253952
1232580107123994625
1232580091571572736
1232580042686914560
1232579966707159040
1232579961988485120
1232579941889445888
1232579937380507648
1232579907198345216
1232579900432879616
1232579781939662848
1232579776596017152
1232579775878828033
1232579774100406272
1232579768283009025
1232579667049304066
1232579666772398080
1232579664507473920
1232579627459186688
1232579591534993408
1232579590901706752
1232579575588233216
1232579536778354688
1232579526837841921
1232579431853588481
1232579426866671617
1232579392787951617
1232579334931730432
1232579331676921870
1232579312353759235
1232579295278751746
1232579258696032257
1232579234520010752
1232579219881852930
1232579216992067585
1232579175296491521
1232579129393995779
1232579103410282505
1232578909847207936
1232578900506660866
1232578887021973504
1232578868176998405
1232578867266834436
1232578866759245824
1232578815509090304
1232578786417311745
1232578764753842176
1232578741798363136
1232578731388088320
1232578712752869376
1232578678078496769
1232578666279919617
1232578662664417281
1232578645778161664
1232578562374488064
1232578555239944192
1232578500701364234
1232578407042514950
1232578394270859266
1232578382757605376
1232578365753843712
1232578281020567554
1232578159176015872
1232578146555375616
1232578128163332102
1232578117820125185
1232578117413277696
1232578110836613120
1232578103328825346
1232578088233558017
1232578069581438976
1232578049251725312
1232578030641590272
1232578027680391169
1232578013746909187
1232577981224226816
1232577973590556673
1232577964367282176
1232577931362414592
1232577899078864897
1232577874261168129
1232577834520018944
1232577832867581954
1232577812999081989
1232577800663654400
1232577725875052544
1232577724394414082
1232577699757072385
1232577693943783427
1232577637282992136
1232577619125776385
1232577494865367040
1232577464288890880
1232577436417695744
1232577393249988608
1232577392415330304
1232577354029043712
1232577332361207808
1232577272651157504
1232577222978002944
1232577189889159174
1232577071064526848
1232577063900581889
1232577060293562369
1232577060041842688
1232577055440752640
1232577044950679553
1232576982476578816
1232576963648327680
1232576894735978496
1232576877988065280
1232576858333601792
1232576855661858816
1232576854424539136
1232576811910955008
1232576799571398657
1232576780894113792
1232576761793302529
1232576746240659456
1232576735109165056
1232576719128793089
1232576710643724289
1232576704746573825
1232576698689970176
1232576697523941376
1232576681497460736
1232576676074262528
1232576629945270273
1232576598173458432
1232576538522025984
1232576527558152192
1232576496230903808
1232576484776259585
1232576469148356608
1232576466610769922
1232576463884443648
1232576423451295744
1232576399019474948
1232576343507906560
1232576318522429440
1232576303041253382
1232576240177025025
1232576193242767361
1232576177967157249
1232576097327419392
1232576084186746880
1232576078977343488
1232576074967638016
1232576021980946432
1232576011495182336
1232575953651585024
1232575888581107712
1232575885099896832
1232575754245988352
1232575746901716992
1232575690681278464
1232575628727193600
1232575566395641856
1232575557885480960
1232575552906760192
1232575434342223873
1232575429611003904
1232575422723956737
1232575420580712451
1232575366428069889
1232575277093527552
1232575248916152321
1232575247901167616
1232575218557837313
1232575158646431744
1232575143198756865
1232575084688216064
1232575074420580352
1232575021073043458
1232575012319715328
1232575001393598464
1232574981340573696
1232574976399724552
1232574970116608001
1232574956128657408
1232574914550534144
1232574907130744833
1232574903376896002
1232574853212975104
1232574806123597824
1232574693531668480
1232574665446563840
1232574599419891714
1232574536396222464
1232574536199155713
1232574521653198848
1232574460051492864
1232574393156612096
1232574365092524032
1232574288110194689
1232574277683220480
1232574264827613185
1232574263300960258
1232574233198374912
1232574210171658241
1232574191238557696
1232574174285254656
1232574048342806528
1232573936891834368
1232573934568116224
1232573844487122944
1232573824018808832
1232573772206571520
1232573747971985408
1232573732457197570
1232573591067267075
1232573577297350656
1232573575292489729
1232573481310617600
1232573455066959874
1232573438864302088
1232573387635134468
1232573373009612800
1232573360908972035
1232573316449423360
1232573271301935104
1232573238364037120
1232573150774337536
1232573129400209408
1232573116511084544
1232573078712000513
1232573049267945472
1232573032725610496
1232573000219840513
1232572971249799168
1232572956045447168
1232572930481098753
1232572925846396929
1232572905197834242
1232572853276598273
1232572798670974977
1232572762910339074
1232572705565822976
1232572698393530368
1232572696271216640
1232572692181721088
1232572683390476288
1232572579057164289
1232572556894515201
1232572551546724352
1232572429286899713
1232572403991097344
1232572360185778176
1232572344595603457
1232572338719383555
1232572282847027206
1232572272646512640
1232572257433722880
1232572225296924672
1232572211644551168
1232572169886060544
1232572105054662656
1232572080861908992
1232571997516857349
1232571949848678401
1232571912632578048
1232571879535316992
1232571777374707712
1232571765081149440
1232571689713754112
1232571565344202753
1232571506774945793
1232571178356703232
1232571120555089920
1232571067060948992
1232571050120142849
1232571020332150784
1232571014959202306
1232570959334379520
1232570954020261888
1232570930154627072
1232570927231176704
1232570904917532672
1232570705864204288
1232570518383013889
1232570455216807940
1232570294063259648
1232570220037976064
1232570191944482817
1232570149552693248
1232570141306753025
1232570098906468360
1232570038072348673
1232569977670176768
1232569976927784964
1232569972704137216
1232569967624826881
1232569835021832192
1232569788859342848
1232569779908730880
1232569590338682880
1232569577382535168
1232569486588481542
1232569477209952256
1232569447195561984
1232569405990674432
1232569403889397762
1232569364412542978
1232569308309544961
1232569297240776707
1232569290085273600
1232569231016898560
1232569228542316546
1232569213354741761
1232569111714070528
1232569103375794178
1232569086342836224
1232569086216896512
1232569020810919936
1232568957611069440
1232568952951361536
1232568899499106305
1232568797871124480
1232568793970417665
1232568764492898304
1232568761334587393
1232568618438795264
1232568556287647746
1232568552324030467
1232568537140670465
1232568532950560768
1232568529251131392
1232568450331086850
1232568406030811136
1232568366910640128
1232568251055509504
1232568217320771585
1232568172890533888
1232568159816867840
1232568140455989249
1232568116527476736
1232568099100135426
1232568031450189825
1232567819176435712
1232567772711997440
1232567753153929216
1232567750532485120
1232567735487533056
1232567695062765575
1232567614154706945
1232567578024988672
1232567470671695873
1232567461867855872
1232567414904229888
1232567345442381826
1232567315088191488
1232567284989861890
1232567201523208192
1232567196443955200
1232567128206778368
1232567117393866752
1232567100272709632
1232567068760956928
1232567019834347520
1232567018567741440
1232566997155827714
1232566909893255169
1232566871100141568
1232566850548092928
1232566746902663169
1232566639960436736
1232566580342640640
1232566507240120320
1232566478165233664
1232566477313761280
1232566472007921665
1232566470808424448
1232566454140252160
1232566353384660993
1232566340566888448
1232566289526378497
1232566287596847105
1232566157963603970
1232566145569390593
1232566084454244352
1232565946423873536
1232565936856731648
1232565930288394240
1232565864190349312
1232565845181816832
1232565841088204800
1232565814911553536
1232565809555345410
1232565671764144128
1232565567795671041
1232565530118193153
1232565495687254016
1232565423801065472
1232565378485833728
1232565345476632577
1232565296642371584
1232565253776564224
1232565223615291393
1232565148755415040
1232565137632038912
1232565099765751808
1232565048448626688
1232565044078092298
1232565023400189953
1232564938952134660
1232564859054764032
1232564828197224448
1232564808672776192
1232564788909289473
1232564778909999105
1232564740636971009
1232564731711500288
1232564721171206144
1232564657501671425
1232564580188069888
1232564459757068288
1232564399149387776
1232564345596452864
1232564204160344065
1232564100397518848
1232564088263315456
1232564075453960192
1232564064817238016
1232563956293783554
1232563953743679488
1232563948785893376
1232563940586029056
1232563933157953538
1232563842103881733
1232563798193721344
1232563714232082432
1232563634607394816
1232563607713570816
1232563536683061248
1232563493007745024
1232563483692191744
1232563383871967233
1232563377777577984
1232563363529547776
1232563361465978880
1232563347687649282
1232563325000613889
1232563229089574912
1232563210693332992
1232563198894755840
1232563160734892032
1232563075561246721
1232563037393084416
1232562952781389827
1232562938172628992
1232562911111008256
1232562827401027584
1232562721851367424
1232562707661979648
1232562682773069825
1232562678805168128
1232562583401566208
1232562445157359617
1232562426836590592
1232562412865323008
1232562412341092352
1232562401754697728
1232562346176008192
1232562232770355200
1232562219268943873
1232562214936162304
1232562116600762373
1232562103589969920
1232562080181559296
1232562036338515970
1232562017136979968
1232561964888530945
1232561893749010433
1232561816951193603
1232561809971974145
1232561752757407744
1232561740765945856
1232561686667767808
1232561562617090058
1232561541473501184
1232561479615942656
1232561453128876032
1232561445533093889
1232561442940968961
1232561318491717632
1232561299726458880
1232561216700243968
1232561118238953472
1232561059350949889
1232560965566201856
1232560918665494528
1232560738822184960
1232560670035632128
1232560650150457345
1232560530692460544
1232560509108531200
1232560496844427264
1232560425964900352
1232560412643778562
1232560365780819970
1232560358197530625
1232560251548917761
1232560140265689088
1232560129700237315
1232560091326566401
1232560000104640517
1232559935084470272
1232559879325409280
1232559822622674944
1232559807107862528
1232559806998773760
1232559682717388802
1232559509090054144
1232559430555914240
1232559430497177601
1232559429654110212
1232559339321335809
1232559316856692736
1232559197285494784
1232559113764249600
1232559067756924928
1232558924160741376
1232558834029297664
1232558622598672384
1232558549747818498
1232558525320179713
1232558418050854914
1232558202434224129
1232558075585974272
1232557943079526401
1232557667937406977
1232557666259607552
1232557489792704512
1232557431890247680
1232557423677845507
1232557381101477888
1232557375967629312
1232557353997828097
1232557285437734912
1232557276067762176
1232557186557128704
1232557147877257216
1232556839788781568
1232556814765559808
1232556786248540160
1232556783845171200
1232556780313546754
1232556682959556608
1232556653524004864
1232556636650328065
1232556591884513280
1232556589984501760
1232556541175304192
1232556518916186112
1232556507562156035
1232556369267634176
1232556353727627264
1232556330143158275
1232556171791360000
1232555969302978560
1232555950860644353
1232555916857421828
1232555716935913473
1232555685730246656
1232555683758903296
1232555624195645440
1232555468293316608
1232555436353695744
1232555432889257984
1232555394767171584
1232555321526276096
1232555260629200896
1232555190194184193
1232555121101459458
1232555050087649280
1232555011961430016
1232554957791989760
1232554947063009280
1232554891496820739
1232554851919441927
1232554816422871040
1232554801579294720
1232554785255182337
1232554617088638976
1232554599426461696
1232554568053071873
1232554558402039808
1232554514324082693
1232554443046096896
1232554427229274112
1232554395071586304
1232554381658202113
1232554340730200066
1232554287605125124
1232554222551552002
1232554072668024834
1232553997233459201
1232553724477870080
1232553600175484928
1232553593485561858
1232553544101875712
1232553496941076480
1232553467086082048
1232553463260884992
1232553448152891393
1232553342989225985
1232553018517790720
1232552759129329666
1232552737939824640
1232552707657019393
1232552692280676353
1232552438533677060
1232552299400192001
1232552271189303296
1232552160296144897
1232552157355921409
1232552157355835393
1232551946260766721
1232551886722666496
1232551751909355520
1232551728173764608
1232551694459973632
1232551675723907072
1232551618828259329
1232551501207195649
1232551480487481344
1232551344092872704
1232551333997182981
1232551278481461248
1232551238819962880
1232551200253501440
1232551002525454336
1232550978488020993
1232550969742897152
1232550914596179969
1232550846765977600
1232550826683588609
1232550770656104448
1232550295630204935
1232550222292824064
1232550160632307712
1232550152088498177
1232550143968366594
1232550140784889856
1232550043158294533
1232550032286638080
1232549964510846976
1232549883804078080
1232549883258777603
1232549667910582272
1232549560498688001
1232549554081366016
1232549509500194816
1232549479276056576
1232549230671167488
1232549100899442690
1232549050559410176
1232549039180304385
1232549023602630656
1232548951674499074
1232548908670255105
1232548895382802432
1232548657863503872
1232548580478586880
1232548356276310017
1232548348676247553
1232548015694655488
1232547948279537664
1232547915014574080
1232547748227928064
1232547569735213056
1232547415015796736
1232547345667182593
1232547322795642882
1232547164276109312
1232546963754758145
1232546844355461122
1232546747550982144
1232546310861066242
1232546199766491136
1232546123300122624
1232546029901418496
1232545829300424704
1232545794328342529
1232545739747799041
1232545716335194112
1232545601142902786
1232545566082686976
1232545528392691712
1232545507546927104
1232545482213396480
1232545465494888449
1232545417977569280
1232545331331715072
1232545292878319622
1232545115752861696
1232544778287558657
1232544687002656768
1232544588788850689
1232544436892000256
1232544316159074304
1232544298610110464
1232544271246471168
1232544212941447173
1232543555295510528
1232543466216968192
1232543211773665285
1232543102117859328
1232542830481948672
1232542758860197888
1232542325324337152
1232542316285526018
1232542306563166209
1232542283196780544
1232542193719500800
1232542180440465408
1232542110114598913
1232541867524448256
1232541689945952259
1232541675857305600
1232541660753616896
1232541615870423045
1232541599734943745
1232541468113457152
1232541427374186496
1232541314614513664
1232541013610246144
1232540891119865856
1232540477985116161
1232540463795666945
1232540266789294080
1232540010232057856
1232539911682699264
1232539395477123072
1232539003343319040
1232538646630346754
1232538570382020608
1232538457836224512
1232538346657845248
1232537705562755073
1232536822204583942
1232536773433184256
1232536433900036097
1232536358356385792
1232535501975977987
1232535498159198208
1232535274045005826
1232535218659250176
1232535066309513217
1232534896117243904
1232534874843643904
1232534527978983425
1232534217608835078
1232534190425550849
1232534174667550721
1232533720877477888
1232532705847521281
1232532519687524354
1232532408035139584
1232531808803282945
1232530591888945153
1232530404478943232
1232529498949722112
1232528862539632640
1232528760320208899
1232528640262516736
1232527190132219909
1232527054408757249
1232526211034861569
1232525876153200640
1232525208839491584
1232524692038340609
1232524231830917128
1232523459659476993
1232523191072903168
1232523139596398592
1232522176823164934
1232521831376150528
1232521015789486085
1232520923388887041
1232520457733189637
1232519886158602245
1232519795318435840
1232518959477534720
1232518813717028866
1232518426310123520
1232517868178141184
1232517449515520001
1232517176931880962
1232516648869015553
1232515720900157445
1232515166190948352
1232514655156948993
1232513657172561921
1232513637409009665
1232512997509169152
1232512736875204609
1232512695146074112
1232512294921408512
1232512026557153280
1232510710485258241
1232510562283769858
1232510329030139905
1232510071118143488
1232509451598532609
1232508700901986304
1232508321321639936
1232506792262893568
1232506452654333952
1232506075561299968
1232505816906903552
1232505812603547649
1232504443574329346
1232504124077486082
1232504122240372736
1232503056253804545
1232502875231858688
1232501862433247232
1232501415874043906
1232500284871643138
1232497970597097472
1232496406683738112
1232496241377890304
1232495902171860993
1232495832135536641
1232492230151041024
1232491999304900609
1232490170382872583
1232488721242456064
1232487454373867521
1232486610186276864
1232486457840820225
1232486101811548162
1232485427036094464
1232485334769750018
1232485042930081793
1232484920737423361
1232484881302728706
1232484606441484288
1232484561423962112
1232484435708170240
1232484254149332992
1232482867889893378
1232482756782804994
1232482398605955074
1232482359716368384
1232482135354687488
1232481769930162176
1232481705006518272
1232481704687726592
1232480169320833024
1232479778181042178
1232479647872348160
1232479644579856384
1232478252586782723
1232477926274158592
1232477663626838017
1232477633478156288
1232476982685777920
1232476755685806081
1232475698805129216
1232475203394891776
1232475165491023873
1232474812439654400
1232474602938331136
1232474116550082561
1232473549413081088
1232473244176830464
1232473223792455681
1232472603425509376
1232472573629231105
1232472571288834048
1232471920060190720
1232471797699764224
1232471767005843456
1232471433483145218
1232471411261767680
1232470540960428032
1232470433493970945
1232470231672426496
1232470029381226497
1232469629961830400
1232469556947378178
1232469171373404160
1232468981732110336
1232468772310568960
1232468699115769857
1232468460761825280
1232468247825412096
1232468044032569344
1232467713571733504
1232467553223507968
1232467391658881025
1232467013949243393
1232466897020416000
1232466765680037894
1232466680854401026
1232466272815738881
1232466260694167552
1232465307018547201
1232464950544617472
1232464681928773633
1232464608314527745
1232464599326306305
1232464584000200705
1232464456132657152
1232464452131401729
1232464268211015680
1232464253258330112
1232463772905660416
1232463563962404864
1232463518521163776
1232463409951600641
1232463315164528640
1232463047903498240
1232462719145496576
1232462601893728256
1232462427272499200
1232462419168985088
1232462187660075008
1232462011893596160
1232461951541956610
1232461873561227264
1232461849792135168
1232461772772134912
1232461748587773952
1232461736772399104
1232461468605399040
1232461074839949312
1232460919789146112
1232460884166889472
1232460591824023552
1232460210746183680
1232460173454659584
1232460012624048129
1232459834554908672
1232459718116831232
1232459623468154881
1232459511291465729
1232459413731938304
1232459331800424448
1232459154746273798
1232458535356682240
1232458514204786689
1232458509108703232
1232458318666272768
1232458059051667456
1232457864750358533
1232457714086731776
1232457454316769280
1232457443038449664
1232457367939235841
1232457166067421184
1232457096605470722
1232456992716775425
1232456917236105216
1232456544979165185
1232456538825969664
1232456339298779136
1232456332747259907
1232456165163798528
1232456012583424000
1232455773390663680
1232455449116495872
1232455343411621888
1232455298410901505
1232455244094689281
