1235716529066516490
1235716417917292545
1235715752075898881
1235714791047606272
1235714706196832257
1235714576152514563
1235714493583372294
1235713493560627205
1235713211262889984
1235712931196698625
1235712545484308480
1235712201144635392
1235712189908082688
1235712175932502016
1235712175919869953
1235712142021742596
1235711453371469827
1235711288661196801
1235710800247107584
1235710178051448832
1235710149538582528
1235709891555270657
1235709515405955088
1235709510888628224
1235709464449355776
1235708948524568577
1235708775337725954
1235707822404485122
1235707724584845312
1235707504690159617
1235707232324591616
1235707202859646977
1235706888563478529
1235706747949658112
1235706518361845760
1235706379987496962
1235705830395215874
1235705806114508801
1235705677512937472
1235704861884284930
1235704802295705600
1235704033534332928
1235703655539658758
1235703080924168192
1235703049290686465
1235702482908712960
1235702407788625925
1235702322984038400
1235702303224627202
1235702153618079748
1235702134554988547
1235702031224107008
1235701519900708864
1235701479324946432
1235701354129211393
1235701230762147842
1235701082543796232
1235701069138690048
1235700885608476672
1235700809679155201
1235700519106220037
1235700513221627909
1235700401405599751
1235700169565302784
1235699729641725953
1235699173263106050
1235699139754762240
1235699131831771136
1235699122763640834
1235698700216864768
1235698652502470656
1235698484281511937
1235698354509828097
1235698234380685312
1235698163203354630
1235698153036353537
1235698144073015297
1235698117984608258
1235697702232559619
1235697681504382977
1235697613774761985
1235697595676147712
1235697561190772737
1235697291521961984
1235697271444041728
1235697183875371008
1235696847320215552
1235696690725679105
1235695741148049412
1235695656825733121
1235695621329350657
1235695467150872577
1235695352524783617
1235695126099431425
1235694824227028998
1235694724452925441
1235694705477922817
1235694087916969991
1235694070984556544
1235693744231297025
1235693674673078272
1235692787275886593
1235692532727717890
1235692318100840448
1235691998125920258
1235691830630588417
1235691747126042625
1235691716679733248
1235691554116898816
1235691536169308160
1235691505899253760
1235691400534069251
1235691372881088512
1235691125668749313
1235691100112924676
1235691003820019712
1235690938820894721
1235690933917802497
1235690716136783873
1235690519864446976
1235690216838447104
1235690187251834880
1235690156851593216
1235690089335971845
1235690033505595394
1235689979168190464
1235689922805354498
1235689815019929600
1235689765963534336
1235689607615873024
1235689526015782918
1235689475553943552
1235689303092727810
1235689196745940993
1235689043951788032
1235688996686069761
1235688623028256769
1235688213819211776
1235687909224779782
1235687814022524928
1235687755398754304
1235687741527953409
1235687738340290560
1235687616219156481
1235687607733911553
1235687256721154049
1235687015947087873
1235687002332426242
1235686943947722752
1235686862989266945
1235686659443679232
1235686429168197637
1235686320833466370
1235686226579070981
1235686167175102464
1235686032898699271
1235685831269965824
1235685716740452353
1235685610909831168
1235685512645668864
1235685508983992321
1235685294252240898
1235685200840933377
1235685154674405378
1235685103591964672
1235685066627371008
1235685052404707331
1235684961191157760
1235684934087593985
1235684875920908290
1235684816646885376
1235684717782953984
1235684714972942341
1235684683444297740
1235684567492763648
1235684557631954944
1235684489520533504
1235684435753918464
1235684374710022145
1235684343919661059
1235684332569628672
1235684322612412417
1235684161144393728
1235684020677206017
1235684018559029248
1235683882088841216
1235683736139816960
1235683637212991490
1235683589012049921
1235683500113530880
1235683448192450561
1235683434418368512
1235683383772164096
1235683179333390340
1235683142364733440
1235683140024188928
1235683132243881986
1235683105039626249
1235683010701377539
1235682782485114886
1235682706979086336
1235682590159286272
1235682518818488320
1235682400308510720
1235682344025174016
1235682293638991884
1235682093000200194
1235682017360007169
1235681998703923203
1235681992567590913
1235681876125380609
1235681870681116672
1235681847365046278
1235681839685267456
1235681819183505413
1235681794520838144
1235681780507848711
1235681749797146626
1235681703911477248
1235681634747158529
1235681633463762944
1235681601331359745
1235681534356729856
1235681481114218500
1235681317494419474
1235681237517447168
1235681034391322625
1235680922181267456
1235680892032610310
1235680678467039233
1235680583394701312
1235680481540272143
1235680093730729999
1235680039267692555
1235679924591005696
1235679918307958785
1235679912696176640
1235679871369719811
1235679817741332489
1235679716083822592
1235679711516217344
1235679634555105294
1235679616733532160
1235679612899913732
1235679522797875202
1235679278802407424
1235679237308219392
1235679235525623809
1235679056487735297
1235678918147010562
1235678897506840589
1235678813373296652
1235678589745418240
1235678565162610690
1235678439878914049
1235678132822306827
1235678110647021584
1235677946972696599
1235677782866186240
1235677763870343168
1235677758971355136
1235677757985533952
1235677752797380608
1235677743422951424
1235677704491593728
1235677585629044736
1235677484621930496
1235677315163500544
1235677213699137538
1235677198570254337
1235677140919742485
1235677010984423424
1235676973743173658
1235676805794852882
1235676731207372800
1235676728338636800
1235676322225156110
1235676302847488005
1235676221964500995
1235676167493087253
1235675905038733312
1235675722464849938
1235675595893338121
1235675557427372033
1235675066844606465
1235675023844601857
1235674464408530961
1235674331033681920
1235674246090813454
1235674217321881600
1235674133788332032
1235673870344089604
1235673828606398465
1235673633730818059
1235673600897806352
1235673360194867200
1235673056036585472
1235673022884966411
1235672774116626435
1235672558911057956
1235672340526231571
1235672310536957962
1235672291821989888
1235672230207475712
1235672169839030273
1235672134376189961
1235671970823450624
1235671743328653312
1235671671887060993
1235671641658494976
1235671238321856513
1235671136085688321
1235670978799300608
1235670757725876224
1235670733780484096
1235670584090071043
1235670567237414915
1235670532923813889
1235670451692728326
1235670315864387589
1235670210536824832
1235670006735794189
1235669938637074432
1235669889739681793
1235669885008703499
1235669804272492544
1235669779832115201
1235669661733318663
1235669458598760448
1235669261047095296
1235669213823397888
1235669093354795015
1235668972575395840
1235668895848992768
1235668557767143424
1235668525429256197
1235668451571765248
1235668422442315782
1235668386782343170
1235668194859184129
1235668061883109376
1235667962683588609
1235667923420643329
1235667858237124612
1235667831624282112
1235667796245217280
1235667779858165769
1235667662283436033
1235667635997732867
1235667445622468609
1235667425644941312
1235667400957272064
1235667189916725251
1235667103006392320
1235666733677064192
1235666732896878593
1235666720330743808
1235666504772804609
1235666480949350400
1235666423101485059
1235666408169787393
1235666386451652609
1235666363739500566
1235666297872150541
1235666278163058688
1235666267786424320
1235666259435327488
1235666168456916994
1235666087666020353
1235666017814265857
1235665939481452544
1235665897160925184
1235665785537703936
1235665751211732999
1235665494125903872
1235665349741293568
1235665213569085443
1235665151509946368
1235664944017727488
1235664886866341888
1235664868985974784
1235664865651552276
1235664838019477518
1235664695413141513
1235664591801085953
1235664584603602944
1235664565771407363
1235664543482892289
1235664534356062209
1235664502789672962
1235664463136780299
1235664444182708224
1235664399307862022
1235664393523941376
1235664339350237186
1235664302838812672
1235664289677139968
1235664264146362368
1235664262116388864
1235664150107262976
1235664134299160578
1235664084969771009
1235663870255079424
1235663788763824129
1235663756585295872
1235663756560134145
1235663678126637057
1235663639203532800
1235663534815502336
1235663405090029568
1235663397674344448
1235663350127788033
1235662943414611975
1235662918651244544
1235662763994869761
1235662667672514563
1235662569295278088
1235662349069152256
1235662061952266241
1235661966611529728
1235661912731348992
1235661789825728512
1235661726470868992
1235661719281770498
1235661679431544832
1235661667301650432
1235661544832319489
1235661446878556160
1235661283908890624
1235661278221221888
1235661071236677632
1235661049199603712
1235660916059930626
1235660530250997760
1235660488089845760
1235660458067144704
1235660375015612417
1235660329436221443
1235660119641387013
1235659969174925312
1235659949243396096
1235659860857024518
1235659825284968448
1235659748210610176
1235659609697857541
1235659519994232832
1235659501992316928
1235659250908778496
1235659180972929027
1235659124702089218
1235659118066757634
1235659107773714432
1235659071581282304
1235658847349542916
1235658793788346371
1235658769230712837
1235658563395162112
1235658381303721984
1235658339398193152
1235658317055356931
1235658161471795200
1235658040457801728
1235658011961692161
1235657967770521600
1235657950993104896
1235657896823648257
1235657788849680386
1235657729345073152
1235657702954557440
1235657699184046080
1235657557705773056
1235657546821595136
1235657352814243841
1235657349743939585
1235657318303330304
1235657313341579264
1235657313177960450
1235657130692227072
1235656934516289538
1235656846490447875
1235656744455401473
1235656712331423745
1235656645767827459
1235656422362316801
1235656340686635008
1235656314820362248
1235656271887347714
1235656040773046272
1235655998980976640
1235655969285251079
1235655863165165570
1235655724757377025
1235655659837894662
1235655650505617410
1235655567554854912
1235655464802648064
1235655437841772544
1235655399187066881
1235655361530560514
1235655156089397249
1235655117220782083
1235655015785730048
1235655007665639424
1235654972810936322
1235654862521561088
1235654859434741760
1235654849448026113
1235654819345338368
1235654676311232512
1235654660532449284
1235654652508635138
1235654494211330049
1235654487618080778
1235654291513368576
1235654088618127361
1235654036319129600
1235653726683062272
1235653580453015553
1235653559665950721
1235653521904750594
1235653374139338752
1235653226260766720
1235653066885607425
1235652884210974720
1235652869711433734
1235652805655957510
1235652626278014976
1235652484078723073
1235652478563213314
1235652468375093249
1235652261784825862
1235652230151315456
1235652223817912321
1235652070428073984
1235651998453821442
1235651949145411584
1235651914798379014
1235651607792148480
1235651515613773824
1235651506495524864
1235651389159694338
1235651367924097025
1235651244234092544
1235650941216370688
1235650827261485056
1235650744566583297
1235650706784358407
1235650567449513988
1235650531596500992
1235650461442756608
1235650315921342464
1235650103098003456
1235650022609387520
1235649984566943745
1235649767339954181
1235649695684362242
1235649592127033346
1235649383192047617
1235648690267648001
1235648598894755841
1235648559057272832
1235648508872372224
1235648401284440064
1235648390765019137
1235648179053268992
1235648129757630465
1235647943379689472
1235647939915264001
1235647475085541376
1235647231748902928
1235647037825323014
1235646758992011264
1235646717338374145
1235646617296015360
1235646436202737668
1235646432155185152
1235646406708400128
1235646311707353088
1235645961742974981
1235645680498208768
1235645296245272577
1235645246643548160
1235645217035993088
1235644889607671811
1235644881411993601
1235644866220130307
1235644792274644997
1235644612808712192
1235644587156238336
1235644471355850752
1235644444415647744
1235644412593680386
1235644346789216256
1235644337356247046
1235644266703093760
1235644250148093952
1235644233463345153
1235644137728143360
1235643755975323651
1235643664241774593
1235643600014381056
1235643557253468162
1235643518925840384
1235643462164176896
1235643317838376964
1235643302898098176
1235643275241025538
1235643128566210560
1235643068260536322
1235642792031989760
1235642748692320257
1235642735996153857
1235642431758049281
1235642407246577664
1235642402095927297
1235642340204834818
1235642199477452805
1235642074072002571
1235641972519399424
1235641684844777475
1235641539818225664
1235641522441330689
1235641397774110721
1235641158027575298
1235641064037511168
1235641049713741824
1235641022966792195
1235640976971927552
1235640910282723328
1235640623773999105
1235640558212825088
1235640238636228608
1235640236232912898
1235640177919430657
1235639996750667777
1235639963376431104
1235639869260488704
1235639833663614977
1235639716914974721
1235639634404794368
1235639608353775617
1235639580671406080
1235639451881066497
1235639266207657984
1235639133642481665
1235639031091863552
1235638994299478016
1235638976188420098
1235638844000571392
1235638818373419008
1235638683421880325
1235638642154012672
1235638638974603264
1235638632846962689
1235638554174410752
1235638534163357696
1235638522972983299
1235638415233814530
1235638381482135552
1235638216297938944
1235638097297240064
1235637875980582914
1235637787795148800
1235637515744358400
1235637308625481728
1235637084184096775
1235637083978465281
1235636959722303489
1235636873260867591
1235636737763917825
1235636618792521728
1235636602736480261
1235636575381458944
1235636375493529600
1235635994310868992
1235635846612766720
1235635827797082113
1235635772180619267
1235635611001917441
1235635610012000256
1235635428339920897
1235635377458810881
1235635365026902021
1235635320403591170
1235635168867692546
1235635141126447104
1235634888822403075
1235634869847244800
1235634808904024064
1235634721306152963
1235634716570722304
1235634579190530050
1235634574853427201
1235634500689944576
1235634253876137986
1235634220674035713
1235634018185613314
1235633880436273159
1235633638160707585
1235633637900668928
1235633603956166658
1235633597077282816
1235633356416724995
1235633166200770560
1235633151843749894
1235633106784264193
1235632956854677510
1235632793327034369
1235632691866984448
1235632664805339137
1235632641107509256
1235632634132336640
1235632593615405056
1235632546202947589
1235632454326599680
1235632453013790720
1235632381928845312
1235632226714476547
1235632190681120769
1235632105104773122
1235632045373734913
1235632021021523968
1235631872723558400
1235631803764899841
1235631752640466945
1235631618343264257
1235631470313644036
1235631452374675456
1235631411740229634
1235631225491972096
1235631124954648578
1235631009002950656
1235630972558811138
1235630930838118400
1235630922348851203
1235630840576479232
1235630593620299777
1235630344470171648
1235630304645337089
1235630228283838465
1235630140547358721
1235629921688576003
1235629884313161729
1235629737256652801
1235629700086722560
1235629579634647041
1235629338017624067
1235629333412118530
1235629273546928128
1235629210129088513
1235629141636141059
1235629105640615936
1235628226036338688
1235628202711814147
1235628185720680448
1235628178044903425
1235628162702282761
1235628053566496768
1235627914302861312
1235627139766063107
1235627100633280519
1235626969041158146
1235626873482342401
1235626824824164352
1235626664132071428
1235626395524571145
1235626291774316545
1235626047493857282
1235625986269556742
1235625948038475778
1235625847765131264
1235625844216758272
1235625691280011264
1235625414040653824
1235625351243390976
1235625332037779461
1235625122284765185
1235625077170896897
1235624864628736007
1235624382199984130
1235624160837107712
1235623821471821824
1235623821366792193
1235623790081495041
1235623333657563136
1235623217697562626
1235623181651783681
1235623176631209984
1235623146792747009
1235623012256317441
1235623010926764032
1235622870191046658
1235622781641011202
1235622551839178752
1235622544993947649
1235622433345941505
1235622430158344195
1235622093947105281
1235622064192700421
1235622032894803970
1235621966523949056
1235621792179343363
1235621791986356225
1235621633395654659
1235621497416413184
1235621238602690561
1235621008192794626
1235620935375507456
1235620857034076160
1235620724259401728
1235620690323070976
1235620664213729283
1235620359044554755
1235620025567977479
1235619486100860928
1235619129517891586
1235618806808092674
1235618720044724228
1235618569825681408
1235618476410179589
1235618322798063616
1235618265361084416
1235618202329042944
1235617925525991425
1235617853493194752
1235617767967125505
1235617665626058753
1235617556674707456
1235617429490786304
1235617219448578048
1235617212007772161
1235617172157796352
1235616954905489410
1235616912081588225
1235616892955619328
1235616809690120192
1235616778996322304
1235616770263855111
1235616769466871809
1235616688034496517
1235616485407670272
1235616015804964864
1235615999187185664
1235615892815265793
1235615779950931968
1235615398504038402
1235615262675742722
1235615084761600001
1235615051467444225
1235614980717850625
1235614966331424776
1235614819379625984
1235614780783652865
1235614621333164032
1235614410833563648
1235614370245283841
1235613943890051077
1235613647327686657
1235613411335077891
1235613309551775744
1235613041623957511
1235612884400513025
1235612811214172170
1235612735410515976
1235612604070006784
1235612545135898625
1235612523510091776
1235612105484746754
1235612102938619904
1235611962609811457
1235611853839126528
1235611780812070912
1235611722871947264
1235611612549124103
1235611528096878593
1235611489349885952
1235611302568939520
1235611261884174336
1235611144326459397
1235611068476600320
1235610867921608705
1235610863349968897
1235610792575283200
1235610756814704640
1235610663772397570
1235610614564663296
1235610543391682563
1235610458377408512
1235610425947049984
1235610204974313473
1235610167158374401
1235610145247371265
1235609803336146945
1235609747140816897
1235609423604662274
1235609269409546241
1235609003754958848
1235608845742936064
1235608836083453952
1235608726523936769
1235608697512046593
1235608663068413952
1235608530020978688
1235608389465456640
1235608323547774977
1235608274151575553
1235608240316133376
1235608215385247748
1235608202584174593
1235608068727033856
1235607979770118152
1235607917669150726
1235607881715724289
1235607744880627712
1235607290377637894
1235607236522762242
1235607211151257601
1235607199675822080
1235607188611174402
1235607128053706755
1235607087318790144
1235606835656351745
1235606806182928387
1235606786599718912
1235606622170275840
1235606605665685505
1235606536099110912
1235606429031071745
1235606335867236352
1235606326123917312
1235606283236962304
1235606240375590913
1235606042412814338
1235605968081346567
1235605951719321601
1235605665193721857
1235605617961775105
1235605426164707329
1235605397010071552
1235605128734035968
1235605025541492741
1235604948680929281
1235604877633392640
1235604663812214784
1235604399210278918
1235604386040156160
1235604354981408768
1235604312925106176
1235604160852172802
1235603973278773249
1235603909755817984
1235603886255124482
1235603849701806081
1235603843360133132
1235603832094289921
1235603737420484608
1235603663793590279
1235603489306357761
1235603431919927296
1235603310582861824
1235603292849397762
1235603287895871492
1235603062577823744
1235603021117239296
1235603019707932674
1235602942645936128
1235602610389991424
1235602412997615616
1235602304797044736
1235601917591592961
1235601666721841152
1235601422852460548
1235601374643183616
1235601329181134849
1235601271568175106
1235600850426515456
1235600818168098816
1235600766569566208
1235600765277949954
1235600735582158849
1235600733438988289
1235600697078493184
1235600629562855429
1235600500323647494
1235600498616487938
1235600099910221824
1235599928321335297
1235599866383994881
1235599786327359489
1235599663585054721
1235599416330833920
1235599257882595329
1235599216661221376
1235599162621607936
1235599153612443648
1235598987727601666
1235598639227179010
1235598612543008768
1235598299391877120
1235597948190248960
1235597832062722048
1235597774747586561
1235597548313874437
1235597466273226754
1235597435638071296
1235597299323027457
1235597274677473280
1235597007538073603
1235596715861757953
1235596473208909824
1235596164340293633
1235596039685427204
1235595886207488001
1235595615914127363
1235595557025898498
1235595329636118529
1235595164812480514
1235595049523535878
1235594888940605440
1235594794296053760
1235594735085117440
1235594680689143808
1235594654231474176
1235594575366033409
1235594494474506241
1235594440581844993
1235594425528549376
1235594335036547072
1235594140148068352
1235594081616531458
1235593922992193537
1235593901861474304
1235593797800734720
1235593682209906689
1235593161650524160
1235593109741821954
1235592860667465729
1235592788101738496
1235592774629683201
1235592738046963712
1235592610498203649
1235592547302551553
1235592427660079105
1235592307987984384
1235592287930982401
1235592151863406593
1235592147237249025
1235592062856245249
1235591834535178242
1235591544578727937
1235591430229438467
1235591379935510528
1235590972848955392
1235590651871399937
1235590548607709186
1235590388649529345
1235590237461581824
1235590226493550592
1235590186282758148
1235590115612930055
1235590041063149569
1235589972108992512
1235589946225889283
1235589838210043904
1235589763849019392
1235588932861034497
1235588865634766850
1235588850455654400
1235588724693450753
1235588711594766338
1235588683513892866
1235588682507333632
1235588443071279104
1235588359965364225
1235588295159095296
1235587862076313600
1235587814378569734
1235587697537880069
1235587608035508224
1235587604717821952
1235587414699147264
1235587265545621504
1235587167835107330
1235587143197749248
1235586992370585603
1235586586395451392
1235586448193138690
1235586319989997568
1235586232807284738
1235586230626246656
1235586130038247426
1235586117967151106
1235586096597291010
1235586031371640832
1235585796536709120
1235585761262448640
1235585712029708291
1235585682992771072
1235585397683601408
1235585083366617096
1235584903313584128
1235584893209493505
1235584861995503618
1235584746928984064
1235584614569316355
1235584537096327173
1235584311182663681
1235583955740618752
1235583874849177600
1235583790405349376
1235583754392854528
1235583749041065984
1235583595592462339
1235583401178075137
1235583341883244545
1235583295779409921
1235583220487512066
1235583172894756867
1235583169501503488
1235583135028359170
1235582953364865024
1235582871127158787
1235582798477606917
1235582782954500101
1235582652826005504
1235582602700087299
1235582342703411201
1235582319546646528
1235582208758300673
1235582120879218689
1235582035659456515
1235581886380064769
1235581801424228355
1235581731018768384
1235581724320583680
1235581693794402304
1235581495936335873
1235581468077887489
1235581409269448705
1235581365825007616
1235581217946378240
1235581189173411842
1235580990891757569
1235580869638680576
1235580858846908416
1235580840446504961
1235580787174461446
1235580755226636288
1235580568202604544
1235580471314169856
1235580464540323842
1235580464200429569
1235580361549234176
1235580278938013696
1235580236886151168
1235580069399195649
1235580022578085888
1235579979565608965
1235579882899456002
1235579875634884609
1235579836988522497
1235579698853351429
1235579643064913921
1235579614820433921
1235579582197055488
1235579466728038400
1235579414068555779
1235579318459338753
1235579255448363009
1235578918318403584
1235578796935389184
1235578783949864967
1235578780208500736
1235578579888594950
1235578572913250304
1235578375181398017
1235578230050033664
1235578222311436288
1235578123862802432
1235578070469414912
1235577926583824384
1235577912478150657
1235577885148184576
1235577867175464960
1235577756357758976
1235577755942567936
1235577667723943938
1235577570994933760
1235577557921095682
1235577513147015169
1235577336378077185
1235577335568429056
1235577136699691014
1235577047772213248
1235576888984137733
1235576888317403137
1235576715524653056
1235576600164528129
1235576553947439107
1235576312628207616
1235576218180714496
1235576150048440320
1235576046604496898
1235576029017772039
1235575876823085057
1235575599281786883
1235575515689496585
1235575496202694658
1235575414258573313
1235575333035724800
1235575218149744640
1235575170351239169
1235574792180428801
1235574746873556992
1235574662412763137
1235574369306529792
1235574033996865537
1235573893399810048
1235573845911908352
1235573716802777088
1235573711962615808
1235573708120633344
1235573652243898370
1235573620719652865
1235573562980720646
1235573471553482754
1235573139813347330
1235573137586221056
1235573127771492352
1235573102786027520
1235573025250000897
1235572961773383681
1235572949509378048
1235572811240034305
1235572612685869064
1235572548764499968
1235572541508460545
1235572455244271617
1235572375896408068
1235572359081443334
1235571950119874563
1235571846076157953
1235571832725680131
1235571805278085122
1235571727058395136
1235571540625891328
1235571438075219968
1235571417950720002
1235571253903228929
1235571249763532800
1235571242813489156
1235571230620749825
1235571161737474048
1235571082326929410
1235571049426608128
1235571037649149954
1235570955856027649
1235570756005720067
1235570746488995840
1235570696534626304
1235570605862379521
1235570601382813696
1235570547863547906
1235570536593285121
1235570431203012608
1235570385246187521
1235570351322562561
1235570256350867456
1235570221332729856
1235570100482256899
1235569852904910849
1235569680481480706
1235569650592858117
1235569479591043075
1235569409856598018
1235569314742312965
1235569300855021572
1235569198694309890
1235569192713302017
1235569148253671424
1235569139227463680
1235569121359618051
1235569063885180929
1235569036253179905
1235568869332434947
1235568858934755329
1235568832175124480
1235568715959332865
1235568549919363072
1235568424882970624
1235568209899683842
1235568076185161729
1235568073089798145
1235568035995451393
1235567908799025152
1235567823402848257
1235567731799404551
1235567594612158464
1235567587213393920
1235567518380462080
1235567384624279553
1235567325065199616
1235567239488851969
1235567125793853440
1235567120047538178
1235567090079236096
1235566991265517569
1235566913863823363
1235566904141664256
1235566870587224069
1235566851897294848
1235566811740946433
1235566761715683329
1235566729880670209
1235566697215668229
1235566684834017281
1235566681713451008
1235566670288125952
1235566665162567680
1235566644870733825
1235566556807131138
1235566514549297152
1235566508585205760
1235566479191441408
1235566359188291585
1235566301852119041
1235566275272769536
1235566255018594304
1235566145878380549
1235566095022649344
1235566033764835332
1235566003905585152
1235565977103937536
1235565937492922369
1235565916504518657
1235565854684835841
1235565806500511745
1235565690255376384
1235565673268555776
1235565666016604160
1235565632789172226
1235565609422815233
1235565527789076481
1235565314043150343
1235565309962174467
1235565159256600587
1235565131200737280
1235565073369837568
1235565001215070209
1235564738727247872
1235564630795157504
1235564627850932224
1235564407989682176
1235564370559741952
1235564369746026496
1235564321234550785
1235564303186423808
1235563784871141377
1235563764323430401
1235563697856303107
1235563576745775105
1235563508386971650
1235563359292010497
1235563276454580224
1235563155197054980
1235563126789001216
1235563024062320640
1235562794856177665
1235562690610966528
1235562684466294785
1235562572121698306
1235562497823903744
1235562387174035456
1235562292177039360
1235562243242070016
1235562165945458688
1235562156848041993
1235562016900894720
1235561914220060674
1235561817751121920
1235561474799648774
1235561114311761920
1235561068195266562
1235560964537212930
1235560922434985990
1235560739643052033
1235560657963098112
1235560596957024256
1235560343398543361
1235560244165648384
1235560194173808641
1235560135017316352
1235560078935113728
1235559957623259141
1235559892087341057
1235559819391557632
1235559807429627905
1235559546418073601
1235559515371827201
1235559510665805826
1235559409021050882
1235559220478709761
1235559198362087425
1235559128086409216
1235558964596744193
1235558964328308736
1235558786414399488
1235558761067982848
1235558759512014848
1235558755699314689
1235558724628025346
1235558643338272769
1235558601487499265
1235558575956770817
1235558327033135105
1235558312944558080
1235558298528645122
1235558294246301696
1235558211060629504
1235558017057386496
1235558013341220866
1235557903672782848
1235557750677086208
1235557652475916294
1235557612554465282
1235557576324059137
1235557457277202433
1235557380995166208
1235557341069746176
1235557175755296768
1235556886725853184
1235556880807792640
1235556859555336192
1235556697172738049
1235556632383246337
1235556530738597888
1235556491958136832
1235556277645791236
1235556248264859648
1235556205621317632
1235556099912347648
1235556007348187136
1235556004798005249
1235555898854199297
1235555860656480258
1235555646805667841
1235555631295344646
1235555569064271872
1235555563951525888
1235555491717120003
1235555451850416128
1235555418371436544
1235555383000870912
1235555339971579904
1235555279296659456
1235555224426815495
1235555112518438912
1235555005614010373
1235554998504677383
1235554871224479745
1235554700172369920
1235554593037266944
1235554459494871040
1235554453480034304
1235554329249144833
1235554230519230464
1235554122692055040
1235554122012614662
1235554078807060480
1235554065737711616
1235554052508995586
1235553877476274177
1235553869893165062
1235553737999073280
1235553651218763776
1235553627584057344
1235553612794925056
1235553451066695680
1235553336285331456
1235553257684176896
1235553236796522499
1235553128755458054
1235553043023826945
1235553003781799938
1235552992826232832
1235552967094415366
1235552837993545731
1235552638005108739
1235552224559788043
1235552165638397952
1235552163574820865
1235552145459437569
1235552056909406209
1235551992279429122
1235551975061807104
1235551874524332041
1235551810909134848
1235551684069376000
1235551551097368578
1235551550153637888
1235551426002157568
1235551422915076098
1235551344901189633
1235551186394243080
1235551122519216131
1235550960396767234
1235550958983110657
1235550767282601984
1235550689977225217
1235550666296180742
1235550646360825862
1235550639226343424
1235550549396709376
1235550535606034432
1235550489800060930
1235550282228150273
1235550083267137536
1235550079165124608
1235550066846334976
1235549885140733953
1235549832497905665
1235549638373105664
1235549627312676864
1235549591585636355
1235549563970154505
1235549557766963201
1235549529795170304
1235549440209022976
1235549419992494080
1235549301822156800
1235549216509841408
1235549144338460672
1235549098280988673
1235549039082590208
1235548925601427458
1235548883490611200
1235548794936229888
1235548724337815553
1235548691009646592
1235548652954955776
1235548618926559232
1235548571476185090
1235548559224815625
1235548500542316544
1235548397421068289
1235548348360404993
1235548343654375425
1235547827843067909
1235547639636254726
1235547437344808960
1235547385373306885
1235547381246148609
1235547349067288576
1235547344961224705
1235547324308500482
1235547155181551617
1235547150429425665
1235547138148282369
1235547069655519232
1235546956023377920
1235546816025788416
1235546761659396097
1235546610039500801
1235546546843852800
1235546531593367554
1235546465965047813
1235546393747603457
1235546179393511424
1235546102662905856
1235546035285561344
1235545933942841345
1235545656095395840
1235545643201921024
1235545579255668736
1235545497357688832
1235545341069381633
1235545284916269056
1235545203794227201
1235545114073878530
1235545109288095744
1235545011447631874
1235544989997899776
1235544981433016322
1235544955042529281
1235544882745393153
1235544874209943553
1235544839346958336
1235544736435441668
1235544582798049281
1235544495929901057
1235544438815879168
1235544424861577217
1235543835830337536
1235543732335894528
1235543665369591809
1235543625804767233
1235543520489943040
1235543464227545089
1235543390445584385
1235543316348846085
1235543206437228547
1235543200892362752
1235543102884110336
1235542979357503489
1235542885845446656
1235542878040006656
1235542733445451776
1235542636842438656
1235542619167625216
1235542607347974144
1235542596409323520
1235542585164419072
1235542501521379330
1235542400287858694
1235542291567255557
1235542219353976832
1235541895482421249
1235541711033597952
1235541630918197248
1235541621518798848
1235541612039753728
1235541492028125184
1235541375040409600
1235541239682019329
1235541168013877248
1235541139945594880
1235541023348142080
1235540914061352961
1235540901113536512
1235540896235409410
1235540870742458369
1235540806536228866
1235540695508754435
1235540680329527298
1235540422358962176
1235540349835083779
1235540301344673792
1235540243731763201
1235540070221963264
1235539990819549184
1235539914063634434
1235539795176083456
1235539720496533505
1235539705225031682
1235539683435667456
1235539542041600001
1235539363963912195
1235539306904555520
1235539047239606272
1235539042885763072
1235539014528139265
1235538687095525377
1235538575078436865
1235538546301247490
1235538533424787456
1235538518555987969
1235538378701123586
1235538359835127809
1235538346392371201
1235538329464188928
1235538172827906048
1235538136421281793
1235538086181945345
1235538054368108544
1235537909660274688
1235537859513327616
1235537691472793600
1235537684019453952
1235537668567633924
1235537562107654145
1235537392074817536
1235537335225286656
1235537292187635712
1235537045084348416
1235537042173550592
1235537023391404033
1235536877404311554
1235536811092570117
1235536582939115521
1235536414906949632
1235536368849346560
1235536325362823168
1235536257662570497
1235536241120047106
1235536027164565505
1235535857823739906
1235535831156260865
1235535732883808257
1235535650822254592
1235535643402477568
1235535449487216640
1235535403131658245
1235535395393323009
1235535237582635008
1235535217168957441
1235535199036772355
1235535182620483584
1235535144531918848
1235535099346726913
1235535054669074434
1235535054006255618
1235535048268550144
1235535047710498816
1235534990764621830
1235534930068860928
1235534889295859723
1235534579605307392
1235534456552857601
1235534455323774976
1235534451817373697
1235534441902002176
1235534390618402817
1235534388798066688
1235534331952746496
1235534267171721216
1235534249715003393
1235534055120293888
1235533953009885184
1235533946206720000
1235533940569649153
1235533889570922496
1235533851298054146
1235533848148086794
1235533829424766977
1235533821656760320
1235533695798439936
1235533572418699264
1235533457486381056
1235533206344159232
1235533087544610816
1235533035363155971
1235533003704750081
1235532995601281031
1235532925317365760
1235532844426031104
1235532786691444736
1235532726259920897
1235532713295253504
1235532672103051265
1235532626435264512
1235532556566593537
1235532524698439680
1235532338039267329
1235532289188048896
1235532091120476161
1235532019599323136
1235531971801100288
1235531933930708994
1235531879752912897
1235531855824334849
1235531785389436928
1235531526806425600
1235531525896237056
1235531406228500480
1235531195255009281
1235531135205208065
1235531026249789440
1235530775350689792
1235530671449346051
1235530638981246976
1235530621218426880
1235530608128020486
1235530551575973888
1235530455874707457
1235530443413307393
1235530414229458945
1235530184381673472
1235530090382946305
1235530028462624768
1235529839253188614
1235529829312655361
1235529778121322496
1235529626971144193
1235529404618616834
1235529401208418304
1235529367306059777
1235529345587793920
1235529228356947968
1235529154088579072
1235529140503220226
1235529139857141760
1235529134178209792
1235528944134361089
1235528863960178688
1235528837473153024
1235528633764196352
1235528530588569600
1235528401152135170
1235528302066089984
1235528294155423746
1235528092057247744
1235527920673669121
1235527903410077697
1235527837131530241
1235527818290880521
1235527700657381381
1235527661495058434
1235527416803504128
1235527330145144839
1235527006525231105
1235526942364971014
1235526853030371328
1235526744842686465
1235526391103475714
1235526213831143425
1235525953746583552
1235525844258320385
1235525527613648898
1235525454339153920
1235525441957609477
1235525315616632832
1235525261417947140
1235525243101380608
1235525230636003329
1235525127678447617
1235525040004874240
1235524624768798721
1235524613263822849
1235524353753845760
1235524253174435840
1235524162481008640
1235524059934294018
1235524057099104257
1235523979424694274
1235523910290083841
1235523699299815425
1235523510644232192
1235523436111450112
1235523294952067075
1235523193085014018
1235523160415432705
1235522969314766848
1235522910824968192
1235522848162230274
1235522634470879232
1235522570872590336
1235522490300092416
1235522424743112704
1235522328244695040
1235522254252855296
1235522082752118785
1235522067933560832
1235521622343168000
1235521393766301696
1235521282671853568
1235521249448730625
1235521115755294721
1235520986180534272
1235520974466015232
1235520848867573761
1235520544457531392
1235520544264663041
1235520487968645122
1235520481635102721
1235520388114853888
1235520339976679424
1235520232191594496
1235520012670156800
1235519869262708737
1235519797015781377
1235519600667877376
1235519560243126273
1235519557348933632
1235519518329450497
1235519494904299520
1235519470002753536
1235519363492573187
1235519229279035392
1235519073250938880
1235518906548224001
1235518785857220608
1235518705347461120
1235518527236386816
1235518164328419330
1235518120347013120
1235518047772913664
1235517914049986560
1235517905175011330
1235517841601892352
1235517501812981760
1235517409714462726
1235517218559049729
1235517178776084480
1235517134681366529
1235517028619948032
1235517025679749120
1235516799585792001
1235516552797184002
1235516393145225216
1235516249574174720
1235516227663126529
1235516077565673473
1235515926658744326
1235515630222221313
1235515241586405377
1235515237702529026
1235515214176624640
1235515087231897600
1235514932038258688
1235514758847070208
1235514709274529792
1235514503564951553
1235514324283731968
1235514239424528385
1235514135649177601
1235513838101028864
1235513327947837446
1235512902293041152
1235512833879805953
1235512635019403266
1235512499111366657
1235512448284753921
1235512405817520133
1235512268143489024
1235512203287150592
1235511895634960384
1235511555577561088
1235511550783508481
1235511399448743937
1235511176236273664
1235511102730948608
1235510689411862530
1235510658436935681
1235510277333864453
1235510270954336259
1235510221071626241
1235510204067966976
1235509987990003712
1235509864215900161
1235509751724650496
1235509646049361920
1235509620749164544
1235509364254863361
1235509286190477312
1235508921055444992
1235508819616321536
1235508517655715841
1235508221508534272
1235507962807894016
1235507526545833985
1235507513539334144
1235507502281875458
1235507492026601472
1235507458052931584
1235507450536701957
1235507396673339392
1235507356311728130
1235507255296094210
1235507255128309764
1235506929172189184
1235506894346698752
1235506692995067904
1235506524555849729
1235506518448959489
1235506494256353280
1235506292585893888
1235506042093658113
1235505916314861568
1235505705496559617
1235505569919877121
1235505493654691840
1235505426365546496
1235505367355920385
1235505323118661635
1235505202649800705
1235505140242632704
1235505004737425413
1235504930162716672
1235504764735102976
1235504744690409472
1235504710330781696
1235504504029827072
1235504470928261120
1235504435784187905
1235504349427752965
1235504090001690624
1235504049161744385
1235503980244955137
1235503684517113858
1235503681396772865
1235503613084160000
1235503492137136128
1235503300050591744
1235503169247023104
1235502590441463809
1235502403664973824
1235502392109645825
1235502189298278402
1235502136290676737
1235502076957986817
1235502023954575360
1235502020578152448
1235501981013143554
1235501949983830017
1235501935593058305
1235501838465720320
1235501724162457600
1235501698866712579
1235501490351026176
1235501427440656384
1235501426358566914
1235501327691771904
1235501263258882048
1235501155565912064
1235501105427222528
1235501101706817536
1235501080177410048
1235500995368472577
1235500716959109120
1235500673199898625
1235500626307690496
1235500574067642370
1235500472825286656
1235500171900760064
1235500168809771009
1235500134772989952
1235500000970444800
1235499930590023682
1235499862759591936
1235499755389816832
1235499666373873665
1235499624841875456
1235499478762893314
1235498844068155392
1235498561468538881
1235498499548069890
1235498422179893249
1235498223919403008
1235498175961665536
1235497795735285761
1235497560221024256
1235497528382164993
1235497502901706753
1235497479270993920
1235497244834570241
1235496749197930497
1235496669409669125
1235496632973774848
1235496619795189761
1235496617115074560
1235496611591204864
1235496514371366913
1235496491323494401
1235496444854845441
1235496409115262977
1235496325040558080
1235496284032839680
1235496113408315392
1235495913843458048
1235495805013934080
1235495498565300224
1235495247540555776
1235495150044041216
1235495065717440512
1235495039448596482
1235495031185633281
1235494981634109441
1235494918967234560
1235494798880133120
1235494789107159046
1235494786737549314
1235494715832725505
1235494707427282945
1235494650766647296
1235494393580118016
1235494357173563392
1235494296226316288
1235494175346511872
1235494152353300480
1235493977656299520
1235493966839152641
1235493580124246017
1235493565104640001
1235493553125691393
1235493525652992001
1235493332811382789
1235493253333516288
1235492955743543297
1235492783085047810
1235492648661725184
1235492576536301569
1235492419652726787
1235492409510891521
1235492306679148545
1235492283069485057
1235492228224757761
1235492065947115520
1235492062071406592
1235492004693446657
1235491995180617729
1235491877044002817
1235491861898371075
1235491707472338945
1235491687075635200
1235491613167595521
1235491499183411206
1235491487300718592
1235491471475838977
1235491402110439426
1235491311458926592
1235491305251356672
1235491168646987782
1235491106579795968
1235491050157989888
1235491042511613952
1235491019782832134
1235490870612439040
1235490832708403202
1235490475521347584
1235490226866249728
1235490147925401602
1235489976739131392
1235489936796798976
1235489927158263808
1235489737516998657
1235489648266416128
1235489586375274497
1235489496935915520
1235489470721515521
1235489433970864128
1235489370922201090
1235489255683772416
1235489203862921216
1235489035507961856
1235488931963170817
1235488849884741632
1235488819773927431
1235488775792361472
1235488750584639494
1235488483768221696
1235488437806891008
1235488403816407040
1235488384849596416
1235488196802146304
1235487975275888640
1235487816471150593
1235487657267998721
1235487655514734593
1235487525839331330
1235487473712517120
1235487435628347394
1235487344054108160
1235487316984172544
1235487267914907649
1235487236784824321
1235487215645388802
1235487090478968832
1235487013127811074
1235486933578584065
1235486741085032449
1235486624152195072
1235486533886541824
1235486070822719495
1235485931756548096
1235485821194694657
1235485557612048384
1235485469980360704
1235485430541320199
1235485365114490881
1235485354708385792
1235485284860649473
1235485203872632833
1235485015858909184
1235484965795741697
1235484865686122497
1235484862875947008
1235484713055383553
1235484649096458240
1235484597585981440
1235484095494451205
1235484011696447488
1235483974077763586
1235483904078946304
1235483851348115456
1235483845811716098
1235483834742763520
1235483660297662464
1235483578307395584
1235483239244091392
1235483058221895680
1235483030870880256
1235482918333698050
1235482786904952832
1235482742235619328
1235482715413192704
1235482710661050368
1235482631606874113
1235482600992632837
1235482597033197568
1235482557296390146
1235482394511183872
1235482369320194049
1235482261178499072
1235481635208024065
1235481512365223936
1235481375827886080
1235481327857807360
1235481308459122688
1235481281166626816
1235481190519443456
1235481171582124032
1235481127403630597
1235480880757518336
1235480872041598976
1235480780207505408
1235480701543342080
1235480626607816710
1235480567149445120
1235480565933015041
1235480517832736768
1235480146024554496
1235480047252893696
1235480033751429120
1235479721531457537
1235479714330001408
1235479646461968386
1235479629156081664
1235479288859832320
1235479214184214529
1235479073012486145
1235478919945564160
1235478764542398464
1235478751422619648
1235478564394405888
1235478523910991875
1235478405417758720
1235478181253181442
1235477935924154369
1235477868400070656
1235477837328437248
1235477804512313344
1235477718373974018
1235477331139080192
1235476974149214209
1235476973230661633
1235476896923766784
1235476859212754945
1235476594690584576
1235476586054537216
1235476575337971717
1235476518014500864
1235476505955835904
1235476176681996288
1235476008020688896
1235475968573214720
1235475778067890180
1235475714062921728
1235475584320450560
1235475492783915011
1235475474266099713
1235475266446770177
1235475196720508928
1235475193553801217
1235475093616279552
1235474907762475008
1235474865974632448
1235474733963120641
1235474611141296128
1235474535836573697
1235474423198691329
1235474208748179457
1235473966845677569
1235473558207434754
1235473541614702594
1235473464963805184
1235473442876485632
1235473374224121856
1235473189787930625
1235473131663511552
1235473093960912897
1235473022385106944
1235472775239917569
1235472655559639040
1235472551150747648
1235472418694746112
1235472343377440768
1235472343301947392
1235472273601150976
1235472272825049088
1235472242441666562
1235472178805477376
1235471963226812416
1235471841491369985
1235471835527098368
1235471733395722240
1235471715863494656
1235471695131131905
1235471599878443008
1235471528596312064
1235471523118321664
1235471386375831553
1235471373201313794
1235471365928620033
1235471341387739136
1235471280801017857
1235471216670134273
1235471178803957760
1235471127519965184
1235471073392631808
1235471028849184769
1235471002173403136
1235470732878110721
1235470461540208645
1235470425863450625
1235470339372507136
1235470279671001088
1235470218559922177
1235470174297427970
1235470032995483650
1235469963621806080
1235469938959122432
1235469798416486400
1235469640400240640
1235469605726031872
1235469474310115328
1235469358031204352
1235469341656854528
1235469318483316737
1235469267396481024
1235469215404089344
1235469121950609409
1235469032276426752
1235468978002300928
1235468959425720320
1235468902177505280
1235468877561237505
1235468871940878336
1235468802244165632
1235468705099845638
1235468677371199490
1235468609880821761
1235468604197539840
1235468322851844096
1235468283861708800
1235468202584338432
1235468051002413056
1235467987060011008
1235467982735843328
1235467968542359552
1235467946673258497
1235467909192916992
1235467826087047168
1235467817094443009
1235467774933295104
1235467582519508995
1235467165412798464
1235467155753308161
1235466911804035072
1235466907421204480
1235466532978864129
1235466410924609538
1235466361033256960
1235466328963780608
1235466142719840257
1235466113309343745
1235466069671899136
1235466045101690880
1235465933721829376
1235465895784247296
1235465699524370432
1235465655039782913
1235465648186126336
1235465575826104326
1235465534193319936
1235465529034452993
1235465525842468865
1235465521073737729
1235465500768919552
1235465399480782848
1235465306023374848
1235465287853457410
1235465104491069440
1235465099533594624
1235465047104729088
1235464897556865024
1235464892100022272
1235464885624020993
1235464836009652224
1235464816938168321
1235464790081966080
1235464789503156224
1235464773342384128
1235464765079764992
1235464715901558785
1235464456206987265
1235464451966541824
1235464135162425345
1235464101356359682
1235464060902223878
1235464002970533889
1235463968027631616
1235463789564145670
1235463686061535232
1235463644101709825
1235463622245134339
1235463580931284992
1235463560253370368
1235463374017671168
1235463242111217667
1235463042512687104
1235462867090014208
1235462629788921856
1235462616870420481
1235462174249635841
1235462158919643137
1235462105781985280
1235462071484968960
1235461975167115264
1235461970683445248
1235461775375699968
1235461764139159552
1235461718140235776
1235461601563676672
1235461600569589760
1235461489957515264
1235461489726648320
1235461439411720193
1235461369786482688
1235461303453528064
1235461246079692800
1235461101095133184
1235461063388340225
1235461057889607681
1235460943389192193
1235460898455773184
1235460699834462208
1235460550236266496
1235460541742829568
1235460521270415360
1235460449753276416
1235460449723912193
1235460394401046528
1235460369960886273
1235460261886210048
1235460211936301056
1235460072018456576
1235459797769695233
1235459765506981889
1235459666466889729
1235459582014697472
1235459539379482624
1235459373880750080
1235459316620156928
1235459123233329152
1235459114521817088
1235458893406326784
1235458768143388672
1235458551029645313
1235458506993463297
1235458457228021760
1235458246493822976
1235458244732162053
1235458162569826304
1235458097252110336
1235458040905654278
1235457949012811776
1235457884164485121
1235457843416969217
1235457699460067328
1235457429573455873
1235457382286835712
1235457349680353281
1235457340674936833
1235457290913931264
1235456917192863744
1235456874243395584
1235456622677438464
1235456516582526977
1235456328417476608
1235456318070083584
1235456242300014592
1235456159601041408
1235456136545005571
1235455945657872386
1235455766850568192
1235455765349126144
1235455398515298306
1235455348149899264
1235455251517509632
1235455217199693824
1235455038337753093
1235454908645740545
1235454819571286016
1235454728009592832
1235454603778547713
1235454463026094080
1235454341894606848
1235454309665517569
1235454291239936000
1235454143688568833
1235454057210187777
1235453923064008704
1235453902537003008
1235453898229346305
1235453789232156672
1235453594393952256
1235453535606779907
1235453513469169664
1235453373039742976
1235453281830408193
1235453280068800512
1235453190239334400
1235453158761037824
1235453130223034371
1235453013839556609
1235452992276611072
1235452697047949312
1235452488427294722
1235452367803502593
1235452102174007296
1235451430913392640
1235451297060605952
1235450903563366400
1235450869170221057
1235450869061042176
1235450833749372929
1235450801490968576
1235450706884210689
1235450655290068992
1235450478567346176
1235450457448996864
1235450378885517312
1235450267790979073
1235450198899351554
1235450193967017986
1235450190951313408
1235450002677190657
1235449728285855744
1235449443639492610
1235449337628553216
1235448913886351362
1235448890100289536
1235448828125421568
1235448715873157120
1235448491155091456
1235448260002820101
1235448251186384897
1235448245880406016
1235448240008581121
1235448022793940992
1235447972231593987
1235447959702999040
1235447825007341568
1235447720934072320
1235447246184988673
1235446938591465472
1235446849504292864
1235446663256272896
1235446312071344128
1235445859627696128
1235445810231488512
1235445180624494598
1235444484596535297
1235444263640588290
1235444194031710212
1235444192412921856
1235443827374055425
1235443686533562368
1235443098055888901
1235442865460989953
1235442816316133376
1235442403173191680
1235442145281994752
1235442092358479872
1235442060150190081
1235441927434014720
1235441498423877633
1235441413296279553
1235441253850001408
1235441236154167296
1235440988727853056
1235440932063006720
1235440797119418368
1235440717943758850
1235440610430971904
1235440419636420609
1235440229781250048
1235440207786323968
1235440197938155520
1235440137040834561
1235440025178755072
1235439879292694530
1235439876381818880
1235439871092719616
1235439870249705474
1235439235114635264
1235439030772199424
1235438886832279555
1235437470214311936
1235436476718034944
1235436184085688320
1235436118394494976
1235435676377677824
1235435202287153153
1235435025409044481
1235434894420926464
1235434762803822592
1235434671930040320
1235434665512759296
1235434284502208512
1235433627170648064
1235433098747301890
1235432925639987200
1235432726074884096
1235432504397570048
1235431971611914240
1235431844176261120
1235431294760345601
1235431192729616386
1235430736938835969
1235430494021574657
1235430165305585665
1235429090464686080
1235426760973357056
1235426566429192194
1235426292935331842
1235426263977857025
1235425808073793536
1235424281263321088
1235423035378855937
1235421869521743884
1235420432620294144
1235417621941673991
1235415801760489475
1235415090800644096
1235415020030197761
1235414945434603520
1235413431068561408
1235411964018356224
1235411880627314688
1235410499593854976
1235409988123635712
1235405641054695424
1235405551242285059
1235405311046848514
1235405284245417986
1235404939909718016
1235401348079931392
1235400883686563845
1235399768203055105
1235399502951051264
1235399476572897281
1235399330963640321
1235399087220035584
1235396979343142912
1235395142544240641
1235392785815085057
1235390972889980928
1235390379224154112
1235389242341298178
1235384136287875073
1235383859186786304
1235383247397359617
1235382754382135296
1235382666658275328
1235382135919448065
1235382065086021638
1235381322060881920
1235380520671940609
1235379541276753921
1235378476640808961
1235377023616528384
1235376481230106624
1235375800733626369
1235375718323957760
1235375654822084608
1235373742030761985
1235373314081767433
1235372349563777030
1235371722863411201
1235371517413912576
1235370838293131264
1235370593849085958
1235370432511045632
1235369430558871552
1235366593955270657
1235365984157995008
1235365927073521666
1235365605185925121
1235364817390784514
1235364576042024960
1235364458094039048
1235364308558766081
1235364166384455681
1235364067721785344
1235364023417409539
1235363753216049154
1235363119125364740
1235362658653736961
1235362358182150147
1235361983144345600
1235361431652110338
1235360797666275328
1235360462960832513
1235360232559308800
1235359511344537601
1235359187720441856
1235358278185558017
1235357815281201153
1235357804896104448
1235357068405755906
1235357064332967936
1235356560966238208
1235355931065675780
1235355794683633669
1235355634687782912
1235355153210970112
1235354919122563073
1235354907840073728
1235354552490176513
1235354525931892741
