1241514891049160706
1241514883205795840
1241514878457786371
1241514795016302595
1241514754566508544
1241514675348668426
1241514674027483142
1241514652355497985
1241514590741188611
1241514588346224641
1241514363078524931
1241514231964610560
1241514215363563522
1241514207490854919
1241514100275982337
1241513956918861824
1241513624398639105
1241513619201970178
1241513595340566529
1241513436015714304
1241513393749659648
1241513291781988353
1241513257636171777
1241513168477847552
1241513135544111105
1241513074684833792
1241513072591765509
1241513037451923458
1241512989712429057
1241512972545077248
1241512889325887488
1241512836339322881
1241512832203739136
1241512798770933765
1241512739618553859
1241512718257053696
1241512658131726336
1241512524371165187
1241512460718407680
1241512302173663232
1241512212189110279
1241512209781592064
1241512170753531905
1241511913860800513
1241511856830853120
1241511845355302917
1241511831681863686
1241511425828360192
1241511416311537669
1241511399689461761
1241511286338355200
1241511076447096832
1241511072219181057
1241510985938198528
1241510902911971331
1241510873107234817
1241510872951947267
1241510699114934272
1241510674892820481
1241510435272167428
1241510413231063042
1241510291130679298
1241510241407303681
1241510079498801154
1241509696843984897
1241509662152892417
1241509615273234435
1241509578312949761
1241509534453116928
1241509394573115400
1241509379872100354
1241509251203375106
1241509191778435072
1241509142260482048
1241509021309440001
1241509005132005376
1241508765771407360
1241508658569187330
1241508369766256640
1241508063825276928
1241507761395060743
1241507749827141632
1241507397149118464
1241507363955396609
1241507334771429377
1241507229020364801
1241507183877066764
1241507140147253248
1241507131364442112
1241506880482086912
1241506743043096576
1241506447395106818
1241506042132955136
1241505891792424962
1241505826373844992
1241505793868009475
1241505792655872000
1241505728290054147
1241505607452065794
1241505412396077057
1241505236579225600
1241505174654418947
1241505065174732801
1241504999601029126
1241504861901836288
1241504835314352134
1241504589452587009
1241504395210227714
1241504181380358144
1241504172274565121
1241503937024450561
1241503900575903745
1241503732505939968
1241503703846326274
1241503447331069952
1241503350329393153
1241503161778610180
1241502878134648833
1241502830390915072
1241502762975875072
1241502681849573378
1241502629894725632
1241502540476317702
1241502455126515713
1241502178491195392
1241501804245983233
1241501802387902466
1241501758372839424
1241501711362953216
1241501710926962691
1241501687824748547
1241501462607417346
1241501445976993794
1241501425521303552
1241501340452478976
1241501339965894658
1241501243316543490
1241501217051815937
1241500894803484674
1241500882082152449
1241500834812305412
1241500621028589568
1241500619053154305
1241500602875731969
1241500462102298624
1241500410067783682
1241500399103807496
1241500373862490114
1241500357441830912
1241500259542609922
1241500240055881729
1241500228919926784
1241500079565017090
1241500040616697860
1241499894935945216
1241499818016550912
1241499767437434882
1241499737100034050
1241499528018243588
1241499520732667911
1241499451497353218
1241499326729392130
1241499324678311936
1241499304709193730
1241499195636436992
1241499112622735360
1241498855323164674
1241498796300918785
1241498751765745666
1241498686817009671
1241498560610394112
1241498536598032384
1241498532701446145
1241498440103858176
1241498359292198916
1241498340908556290
1241498307849060352
1241498291726168065
1241498257458638853
1241498111949844482
1241498007759093761
1241497972317343744
1241497856961363973
1241497772362207235
1241497569483784193
1241497527846875136
1241497520213241866
1241497507965919234
1241497484649730049
1241497446276005888
1241497417083760640
1241497273428836355
1241497148367286274
1241497144659451904
1241496778056388609
1241496772100395010
1241496707462049795
1241496516780527618
1241496415165177857
1241496348760969216
1241496282956468235
1241496131072385025
1241496009269796864
1241496006367350787
1241495838700044291
1241495696412487683
1241495667069136901
1241495651017465857
1241495603064045570
1241495470360473602
1241495423103258624
1241495354455068674
1241495272192122880
1241495110392721408
1241494929823727617
1241494756355649536
1241494746394243072
1241494730975969280
1241494626734923777
1241494573232336896
1241494566693474304
1241494548683120642
1241494541745688576
1241494482744418305
1241494302557122560
1241494277991141376
1241494231392432129
1241494001712275457
1241493986226974721
1241493926856491008
1241493921689145345
1241493920523210752
1241493867985338368
1241493821936078853
1241493676452392962
1241493583485698048
1241493341474361345
1241493305554337804
1241493302802866183
1241493176529178631
1241492974992834566
1241492480819896324
1241492315358875649
1241492312393424897
1241492022432849922
1241492008193200129
1241491920792309761
1241491888487780358
1241491367588741122
1241491164987080708
1241491058422358016
1241491021420269571
1241490870010077184
1241490840679301127
1241490799751311362
1241490755237089282
1241490613859745795
1241490593844527112
1241490577738383360
1241490543378644992
1241490415808897027
1241490407239843843
1241490331964669952
1241490094940393473
1241490062493265921
1241489988233109507
1241489969480372226
1241489935124901892
1241489930544648193
1241489925066969091
1241489794066243584
1241489718325501954
1241489702190043138
1241489577547890692
1241489540516327424
1241489537534132230
1241489537102209026
1241489528537432064
1241489526784233475
1241489480315518977
1241489415286984716
1241489344671682562
1241489339617599489
1241489327332438016
1241489314372030465
1241489309808701446
1241489224781705216
1241489220570619905
1241489168527745030
1241489155315679232
1241489132456751104
1241489098910695439
1241488876637753345
1241488821054771201
1241488807377154049
1241488760593940480
1241488693858353163
1241488598815453188
1241488581589229568
1241488567781732358
1241488511779430400
1241488506058346497
1241488467281969153
1241488372989820928
1241488360448892930
1241488259802431488
1241488194639708160
1241488022669058048
1241487991450882052
1241487990867865600
1241487963160264706
1241487860974436352
1241487774957658116
1241487761946935298
1241487754237825026
1241487636730183680
1241487633068556290
1241487607466545152
1241487479351447552
1241487305539497984
1241487238615138304
1241487187515863040
1241487023413825538
1241486951301165057
1241486943038423043
1241486840894537730
1241486770845483010
1241486745847373824
1241486708572663810
1241486625487585286
1241486582986747905
1241486505434124289
1241486468331253761
1241486215553130496
1241486146192003074
1241486108762005506
1241486046824738816
1241486004630020096
1241485925391138818
1241485855891558402
1241485795451691008
1241485790917656576
1241485780360585219
1241485649838051329
1241485648466456576
1241485579784794113
1241485456178544645
1241485450054901766
1241485441850900482
1241485359126581251
1241485206718238720
1241485197729808385
1241485164347305984
1241485138116128779
1241485049553391618
1241484993731481601
1241484969714876416
1241484910478704640
1241484909539188737
1241484871375163397
1241484806753595392
1241484800227147784
1241484793692459010
1241484768056946688
1241484756992352256
1241484715389079553
1241484568831672320
1241484517761843212
1241484482571575298
1241484335489966087
1241484281035329541
1241484257043927049
1241484160268677120
1241484054966525953
1241484028206821377
1241484000738398209
1241483933692432384
1241483933176430592
1241483917959540737
1241483891904479232
1241483876352036864
1241483778767441920
1241483778297663489
1241483706252120066
1241483600152924168
1241483582012522498
1241483552925143040
1241483518406000642
1241483471958179840
1241483437959249920
1241483321089146881
1241483293482237957
1241483288373575681
1241483285177475074
1241483208996388866
1241483188498845703
1241483186070306820
1241483155045076993
1241483077542608897
1241483069422555147
1241483042419597313
1241482902195572736
1241482737762082821
1241482650482868228
1241482638763974662
1241482593587036162
1241482416138719233
1241482399348916224
1241482302238187521
1241482268520132609
1241482242830073857
1241482184680144896
1241482147350949888
1241482077792604160
1241481978282741761
1241481846992617473
1241481823420665857
1241481699575443457
1241481628863664131
1241481625994698752
1241481502212456452
1241481462194614279
1241481426505216008
1241481406741610496
1241481187446730755
1241481149685383170
1241481051035308033
1241481019070578689
1241480918684053509
1241480861649981442
1241480709119901698
1241480629507829766
1241480579750690819
1241480469331542017
1241480459038662656
1241480418995703809
1241480285583282176
1241479873853624325
1241479721109590020
1241479638393765888
1241479636544032780
1241479565337395201
1241479539060092928
1241479528117133312
1241479420793294851
1241479409191788544
1241479131944148992
1241479058657026051
1241478926519742466
1241478914595262464
1241478858173530112
1241478841123602440
1241478689487032321
1241478651679514637
1241478551548891136
1241478468665303040
1241478378449928194
1241478368639496200
1241478336653770753
1241478216684130304
1241478209897672704
1241477875028701187
1241477868825305089
1241477820326522880
1241477802987225090
1241477802978947072
1241477711417262088
1241477587479789568
1241477586804408322
1241477586040934400
1241477570182492161
1241477512221396995
1241477465555468293
1241477332403195904
1241477266686738436
1241477265592135680
1241477239071543297
1241477227587436545
1241477085954277378
1241477016320380929
1241476990366027781
1241476969113489410
1241476929573748736
1241476888935239680
1241476755120173068
1241476753400434690
1241476563142684672
1241476495375302658
1241476476295315458
1241476364026462208
1241476339322019842
1241476301933944833
1241476201040019456
1241476194085765125
1241476092738834437
1241476054927147009
1241475955186638852
1241475895501697025
1241475841156157442
1241475773682286598
1241475635870138370
1241475613287989249
1241475570237661184
1241475560909438976
1241475545835220993
1241475526868512774
1241475403321167872
1241475371406688260
1241475345750114311
1241475305497333761
1241475256658939909
1241475170918903809
1241475152422019072
1241475123464503297
1241475066782797826
1241475023736635400
1241475017138978818
1241475001603293184
1241474994472960001
1241474969265192967
1241474933185810434
1241474776285302785
1241474581472391185
1241474398038753283
1241474380686860291
1241474380619751426
1241474358100594690
1241473812253880320
1241473786312110082
1241473657706340353
1241473652954185728
1241473540802650113
1241473341460041729
1241473281594712065
1241473051818102791
1241473023481446403
1241472963729412098
1241472819365634052
1241472726763700225
1241472694366896128
1241472615979593728
1241472603480641537
1241472585369636864
1241472474073751552
1241472473226502144
1241472449113468929
1241472420256587776
1241472220381294594
1241472186428395523
1241471973550698497
1241471917489623041
1241471855611052037
1241471769422200834
1241471754968719364
1241471710769053697
1241471653600792588
1241471634696998913
1241471600060481536
1241471575041417219
1241471508410773506
1241471469743456256
1241471353577975810
1241471287597432842
1241471284246196225
1241471199051481089
1241471132437544960
1241471113248595970
1241471044436856832
1241470941974142983
1241470931463294984
1241470930548936707
1241470906557497345
1241470895866163204
1241470866724139009
1241470576658702337
1241470501391945733
1241470441186906117
1241470407380742144
1241470391773810696
1241470371687170048
1241470335972544512
1241470302623797252
1241470285368483841
1241470263142875136
1241470232784515075
1241470191755841536
1241470181978902528
1241470152161538053
1241470108045914112
1241470097044226049
1241470081101594630
1241470044879704065
1241469923831971840
1241469854332436483
1241469828386390025
1241469798233649152
1241469794756558848
1241469784119808001
1241469759276879888
1241469754201825280
1241469705594048514
1241469625621250050
1241469582067601413
1241469383173693453
1241469332611387395
1241469305339940865
1241469238415687683
1241469210821345281
1241469083155079173
1241469048086462464
1241468987927658498
1241468898614087680
1241468813796835330
1241468713003634688
1241468559626248192
1241468450528284679
1241468402562207753
1241468374485524483
1241468192234618880
1241468163889512453
1241468123217309697
1241468070620692489
1241467973086347272
1241467900873134080
1241467804873875456
1241467792236449798
1241467788876828682
1241467778176921600
1241467658089967618
1241467582554791943
1241467520726585352
1241467417630511111
1241467289016377350
1241467245269864454
1241467239141908480
1241467197144383489
1241467099400241154
1241467093528313858
1241466984132419585
1241466964167589890
1241466940922658818
1241466918235750403
1241466909389971457
1241466902632947722
1241466884538720258
1241466840246882304
1241466746155999237
1241466659417833475
1241466558091874304
1241466452928053254
1241466257897066498
1241466190570102789
1241466163084828672
1241466088237477892
1241466006922498057
1241465996012965889
1241465953910755328
1241465952367190021
1241465948810379272
1241465942158315520
1241465938073001985
1241465854233116672
1241465839804694529
1241465815242887177
1241465696351125504
1241465663559995392
1241465635764387840
1241465462501699585
1241465309867003904
1241465267525496832
1241465247803813891
1241465102861250568
1241465072490332165
1241465046762487814
1241464967548862464
1241464966651281409
1241464837139582977
1241464648144216066
1241464535346806784
1241464532935081986
1241464513117007872
1241464508482273280
1241464442992373762
1241464433592893440
1241464369239728129
1241464350042468352
1241464339846004739
1241464260842184704
1241464249114923009
1241464247034535943
1241464166482878470
1241464077702041601
1241464069208649731
1241463999641903106
1241463995640487937
1241463811225370624
1241463806431318017
1241463660138106881
1241463658640744451
1241463648347979780
1241463569549602817
1241463542299189248
1241463435524743172
1241463419443843072
1241463402884739072
1241463329685753856
1241463260223803397
1241463061661257729
1241462946783510529
1241462811483680769
1241462744982921219
1241462677089726466
1241462383287193604
1241462349476888578
1241462309308030980
1241462273715122180
1241462271852843016
1241462208384688129
1241462195533250560
1241462180098322433
1241462170262679552
1241462168702398465
1241462104256888832
1241462024028205056
1241462014742016002
1241462007330746369
1241461901076332545
1241461763985588224
1241461593533288448
1241461488067530754
1241461454718599169
1241461448678805511
1241461433789014017
1241461315694190596
1241461255338065923
1241461170256711684
1241461072558776322
1241461063511691264
1241461015474249728
1241460970016382981
1241460885014577162
1241460876374310916
1241460821433159683
1241460742534070272
1241460716604928002
1241460693792063488
1241460574841643016
1241460464355291140
1241460396428492806
1241460361506816001
1241460242107576327
1241460193155854339
1241460174856093698
1241460118262341632
1241460113585643520
1241459958107029506
1241459871050010626
1241459793157656576
1241459655097946113
1241459521903636481
1241459498793013248
1241459391246761984
1241459331104718848
1241459256244740102
1241459218693132292
1241459213454520325
1241459167786917890
1241459091307986947
1241459025088258054
1241458897187147777
1241458888379183105
1241458878635806720
1241458854392729600
1241458776252833792
1241458693209763841
1241458625555632134
1241458587496579072
1241458557142405121
1241458162319921153
1241458114492272651
1241458034251124737
1241458032409751553
1241457890973581312
1241457837525676033
1241457780273405954
1241457774657224705
1241457716360622084
1241457703697989634
1241457486001037312
1241457419953360897
1241457342752964608
1241457287086116865
1241457264659255296
1241457229116686339
1241457168970387456
1241457031934025728
1241456979513614338
1241456958995156995
1241456892381138951
1241456879777329155
1241456821572972544
1241456820088168449
1241456811405959174
1241456750496296961
1241456720859344896
1241456692224831488
1241456581411299335
1241456420446494721
1241456402037645313
1241456371813548034
1241456196399304705
1241456189214523402
1241456185817075715
1241456168373026820
1241456089075519488
1241455967671287808
1241455918941945856
1241455689232535552
1241455628771569666
1241455624078180352
1241455618378158084
1241455594512490498
1241455571297021954
1241455569480941570
1241455535829979137
1241455503097638912
1241455178676686851
1241455062142107648
1241455058287497221
1241454707152809984
1241454605558480900
1241454493709094914
1241454485815398401
1241454467750547456
1241454453561217031
1241454413224574979
1241454351060697092
1241454342034636801
1241454313974661121
1241454091794026498
1241454081715122176
1241454081295736832
1241454033505828865
1241454022592278530
1241453844149739528
1241453565245358084
1241453442918481922
1241453355819548674
1241453350002085889
1241453341802147841
1241453320839012352
1241453064344801286
1241452875735334913
1241452771485900805
1241452723830231040
1241452623124934657
1241452615617196032
1241452479683932162
1241452475632287745
1241452280286715906
1241452261059985414
1241452228952690695
1241452224397574144
1241452040095698944
1241452039214903296
1241451920767713283
1241451890019315719
1241451873682554886
1241451473940217856
1241451231006134273
1241451220323057664
1241451210701443080
1241451046649675777
1241451027481661442
1241451023627161600
1241451021454446593
1241451011052572675
1241450962847440898
1241450962155339776
1241450824968089600
1241450813828055042
1241450791304642561
1241450713122836484
1241450380132827137
1241450262755184641
1241450204697636870
1241450101366808578
1241450089975029760
1241449973381824512
1241449931774328834
1241449799565656069
1241449678916456460
1241449657164877827
1241449645076815874
1241449465778765830
1241449465128550401
1241449461949358082
1241449461034946563
1241449413274472448
1241449376100290560
1241449375609556994
1241449167936839680
1241449044381179905
1241449040501497856
1241448987858788355
1241448894946566146
1241448668026322946
1241448557850345473
1241448377289760769
1241448274889977857
1241448265603788806
1241448181122154497
1241448130434019328
1241448105733697537
1241448071843717120
1241447963005681672
1241447837751283719
1241447756398579712
1241447717936812032
1241447640266661895
1241447539309715456
1241447531969679362
1241447489288404995
1241447455520182273
1241447386750300161
1241447288377131009
1241447274699464704
1241447264759042048
1241447180340203521
1241447170676592640
1241447142297927680
1241447128079138816
1241447017714515968
1241446889641385990
1241446858511265793
1241446814508896256
1241446781105438720
1241446740521365505
1241446731914641408
1241446678076567554
1241446465303609350
1241446347582078978
1241446333757755395
1241446324568014852
1241446256150564864
1241446091427663873
1241446068325363712
1241446050357018625
1241446032954834955
1241446025056976896
1241445988889432064
1241445918706196481
1241445805812301826
1241445732248432641
1241445573774979073
1241445568544718849
1241445499510697984
1241445445794246657
1241445402660012033
1241445397995958272
1241445210837614598
1241445167439151104
1241445090544975872
1241445041123602435
1241444958021857287
1241444944734273536
1241444883375599616
1241444859384299523
1241444843622141952
1241444772344143873
1241444700734795777
1241444696951607297
1241444622779498497
1241444427442401280
1241444334060408841
1241444326342905858
1241444281832951808
1241444257086480390
1241444203189751809
1241444071362703364
1241443967918575618
1241443924327178241
1241443784661049351
1241443735759663104
1241443707242590211
1241443667811995649
1241443534370201600
1241443532910575622
1241443094903640064
1241443042776813569
1241442996039581696
1241442808583651329
1241442778648915969
1241442478554845186
1241442353828724736
1241442285243387904
1241442151810154499
1241442114656972800
1241441999988850698
1241441957848776705
1241441781545414656
1241441764017418240
1241441743238725633
1241441733218615297
1241441681234329600
1241441653891764229
1241441639085871107
1241441541257932802
1241441244586401792
1241441198847545344
1241441164307431435
1241440936841879552
1241440916956733440
1241440890679418880
1241440710932549639
1241440682507735048
1241440474356989953
1241440411702476800
1241440411186540547
1241440378710110210
1241440368710819840
1241440207867645952
1241440126082920448
1241440088652951552
1241440064787361792
1241440031148998657
1241439836881539077
1241439703347404806
1241439670266998784
1241439571000336385
1241439547113816065
1241439541392785409
1241439528562425856
1241439487013593093
1241439421645414400
1241439417182621696
1241439262479966210
1241439016152707072
1241438925002018816
1241438876016705538
1241438813861355520
1241438773650563072
1241438762644758528
1241438729375547393
1241438667161440268
1241438624748638212
1241438597393403905
1241438441902084107
1241438374864527360
1241438237274640384
1241438024866705416
1241438012564819968
1241437938145206278
1241437795375296520
1241437716845395969
1241437695907368960
1241437612910534658
1241437591079129092
1241437519683686400
1241437518203097089
1241437116409708544
1241437076647825412
1241437004576980995
1241436869516238851
1241436857499619333
1241436849727590408
1241436675647078400
1241436643900489728
1241436535062478852
1241436504788021249
1241436401280876551
1241436377109147648
1241436240442011648
1241436200151515139
1241436170078367746
1241436072233533441
1241436046178598913
1241436016772349952
1241435962313445376
1241435905212190723
1241435796621623303
1241435725326843904
1241435724198674438
1241435529607929856
1241435467104628738
1241435460746063878
1241435411559350273
1241435390969630727
1241435387047878656
1241435326809354241
1241435279233294337
1241435271197048832
1241435237294505984
1241435206281764867
1241435202259505153
1241435172924461056
1241435137478463497
1241435078439374848
1241435044465565697
1241434921761214464
1241434919718604805
1241434784930422784
1241434745654988808
1241434678550245376
1241434553396408321
1241434549969707008
1241434392712577025
1241434347397427202
1241434104442257410
1241434048825831427
1241434023609630726
1241433923239981062
1241433857146191873
1241433658428461057
1241433535455649794
1241433533845037057
1241433495865606144
1241433494997303297
1241433190708981761
1241433019342348291
1241432961494462464
1241432888903708672
1241432720686886914
1241432640777060354
1241432622401761280
1241432531054067720
1241432525823762441
1241432499147898880
1241432355572723714
1241432247091281922
1241432189126021121
1241432110856114176
1241432101444038657
1241431964219068418
1241431956937748481
1241431895168159745
1241431814239072261
1241431802457325568
1241431730516561921
1241431681011257346
1241431522265247744
1241431495413243904
1241431372910284800
1241431348990050311
1241431264164528133
1241431228743651330
1241431210221543425
1241431021498904581
1241431009880612870
1241430896827420674
1241430890330435591
1241430745610100740
1241430730661642240
1241430596678795265
1241430581180796928
1241430471113953286
1241430359461560320
1241430337885962242
1241430337483309056
1241430270030385155
1241430252053827586
1241430249495302145
1241430240276238338
1241430183493677059
1241430135825485825
1241430134089007105
1241430058792869888
1241429933710282753
1241429891490426885
1241429863824793601
1241429862688186375
1241429832334008320
1241429654860378112
1241429638443868161
1241429628469874694
1241429534496436224
1241429505677418496
1241429500522647552
1241429482516426753
1241429329202028546
1241429307353968640
1241429278312497155
1241429204249477121
1241429078588129280
1241428839424831491
1241428794436714496
1241428421172961282
1241428412641824768
1241428192671531014
1241428183460786179
1241428003843911680
1241427997124710404
1241427986819223559
1241427968049778689
1241427946214232067
1241427933429972994
1241427897384132609
1241427875221381125
1241427847002103808
1241427811157643268
1241427771475333120
1241427715162624000
1241427611722670086
1241427590998568962
1241427586376437767
1241427536279678987
1241427458903216141
1241427384953380871
1241427358302769155
1241427308713406465
1241427282696310785
1241427204183031808
1241427146859520001
1241427128790454272
1241426986511237121
1241426975530586112
1241426706210193410
1241426706000490505
1241426696592646144
1241426628049338368
1241426613767753732
1241426598659850244
1241426573565333504
1241426519832084484
1241426376269455361
1241426345906839553
1241426142466379780
1241426090083651584
1241426075672084486
1241426036203622401
1241425934361772032
1241425671123087360
1241425639720312832
1241425621206609921
1241425613128417280
1241425551358820354
1241425432806858760
1241425369066016770
1241425358207016960
1241425332999278595
1241425313999060994
1241425306206027776
1241425230649790469
1241425140249964546
1241425028564090880
1241424981520781313
1241424979138396161
1241424926642450432
1241424880639315969
1241424851518345219
1241424821231259650
1241424576246165507
1241424294544060416
1241424269327978496
1241424201069854721
1241424091007115264
1241423919917268992
1241423832788934658
1241423824496852993
1241423734256345089
1241423696415293440
1241423691776512002
1241423660872806408
1241423656552673281
1241423585874530308
1241423567876653056
1241423523391905792
1241423376973025280
1241423358111223811
1241423116108279809
1241423023531528192
1241423005823139841
1241422982721011714
1241422915263959040
1241422908842553345
1241422631238238220
1241422495019745281
1241422365856235527
1241422329688842240
1241422310663479302
1241422274042966017
1241422149992275968
1241422105922715655
1241422096238026752
1241421997122486274
1241421880227135492
1241421844231663616
1241421840687366144
1241421698232201217
1241421671845822466
1241421654200287234
1241421632876486659
1241421560772255744
1241421541499383816
1241421511367561217
1241421482594631681
1241421451154075651
1241421311899062279
1241421291279855622
1241421048958128130
1241421002199965696
1241420966477037571
1241420921602215937
1241420752341078016
1241420632413388806
1241420624272207878
1241420546446954497
1241420453450780672
1241420280876216320
1241420256368787458
1241420236244598802
1241420226991923203
1241419986268303360
1241419675512299521
1241419580649635843
1241419575436115968
1241419450521391106
1241419395924189184
1241419395445948427
1241419322758778881
1241419278575943680
1241419220996558848
1241419218157023238
1241419147067772931
1241419112364019712
1241419099479080961
1241418944684216323
1241418924870242311
1241418865839689735
1241418729591910403
1241418673199464450
1241418623022960641
1241418392726355969
1241418382718767106
1241418006674264065
1241417909580320768
1241417782824181761
1241417662179180544
1241417661197803521
1241417582399426561
1241417557720121346
1241417461477638147
1241417451415449602
1241417450522116097
1241417449666478081
1241417338139926529
1241417319563345922
1241417303172034560
1241417294259073030
1241417181247700995
1241417110267596802
1241416979933728768
1241416954960850956
1241416939874004993
1241416850732462080
1241416577351847936
1241416574277431296
1241416450574888961
1241416432543465472
1241416170571468800
1241416169732616192
1241416144923365380
1241416082717642753
1241416058793340929
1241415648389083137
1241415219697631233
1241415118702940162
1241415022884110336
1241414959415939072
1241414895326945286
1241414894215446528
1241414893087186944
1241414892432867331
1241414877555679235
1241414565902123009
1241414496649973761
1241414437069783041
1241414310003380225
1241414268463046656
1241414262582583298
1241414057640497157
1241413821589344258
1241413727150321665
1241413600293593088
1241413535902638083
1241413535432835074
1241413332369920001
1241413109543297025
1241413070586621959
1241412943666917377
1241412836460503047
1241412811475103750
1241412808828387328
1241412551218475010
1241412512437936133
1241412496717680641
1241412285421236229
1241412197160562690
1241412058429693958
1241411998442835971
1241411993141235719
1241411992398815232
1241411963122483201
1241411843626860547
1241411585370918919
1241411489774407682
1241411389702406145
1241411077679853569
1241410965008199683
1241410931055308800
1241410773429243909
1241410499054575616
1241410488837328896
1241410481807654915
1241410363087818752
1241410359203975168
1241410173622792192
1241410058069708800
1241409866805149698
1241409602480201729
1241409539351642114
1241409515276455938
1241409469306875905
1241409393352114178
1241409274372333568
1241409234501128192
1241409225525518337
1241409109339013123
1241408906775220225
1241408815339319302
1241408786683891714
1241408652898185221
1241408310177390593
1241408261653516294
1241407958531129351
1241407952508063747
1241407943309963264
1241407862196273154
1241407650560126980
1241407646554447872
1241407582826364932
1241407534537355264
1241407474302955521
1241407453335617539
1241407392526589954
1241407380258279424
1241407368656826371
1241407271734849537
1241407209025810432
1241407206760648704
1241406969916936193
1241406936370819073
1241406851075452934
1241406817839779840
1241406725195956224
1241406521050902529
1241406468689211396
1241406312837193728
1241406204699607040
1241406044150075392
1241406020955537408
1241406002173444096
1241405995877892097
1241405914093101056
1241405906207813633
1241405796392620032
1241405727962476544
1241405631220912129
1241405400429322242
1241405213006848000
1241404991199481858
1241404914179297282
1241404761993248769
1241404722252218368
1241404687032750080
1241404648688418818
1241404642082336768
1241404473651499008
1241404410049310720
1241404298820497410
1241404199356846082
1241404110487855104
1241403907626225669
1241403859840483332
1241403688863830017
1241403669985312768
1241403633729712128
1241403510643724291
1241403460819484672
1241403450400874497
1241403441643229186
1241403433590145027
1241403417790156800
1241403284113559552
1241403244838113280
1241403181759938567
1241403170275950599
1241403129666682882
1241403005800513539
1241402951702364160
1241402933373263872
1241402908693970945
1241402860736327683
1241402826762444800
1241402783846346761
1241402700786515968
1241402589834510338
1241402576077275137
1241402520511156226
1241402416681148419
1241402187579822081
1241402169666031620
1241402115278475267
1241402103173713921
1241402023746195457
1241401915818328064
1241401760423575553
1241401707948621826
1241401706526568450
1241401690533900289
1241401685714632704
1241401667947573248
1241401573269520392
1241401551937298432
1241401504159989766
1241401410652078080
1241401350379970561
1241401279169073152
1241401268616257537
1241401243840458752
1241401207995891714
1241401126773297152
1241401048855711745
1241400979221856256
1241400854705471491
1241400829678157824
1241400828742729728
1241400827698438144
1241400826922401796
1241400826259738624
1241400825328668672
1241400824393273345
1241400823369945091
1241400785214345218
1241400745011929088
1241400737139249153
1241400683896717318
1241400669501865994
1241400584487518208
1241400507211620352
1241400315800403972
1241400306682003456
1241400156140064768
1241400152457457666
1241400011239415816
1241399922819248128
1241399903810727939
1241399480194228226
1241399392323735562
1241399320991195136
1241399294843904001
1241399104950939648
1241399037506486273
1241398447531581440
1241398423137517570
1241398305877307393
1241398297803264000
1241397937562882049
1241397601095778304
1241397581017726977
1241397574311055360
1241397252503097347
1241397123851173889
1241396649118896128
1241396617326014472
1241396525240135682
1241396487873007625
1241396435880468484
1241396353512677377
1241396300198875136
1241396240966959105
1241396230590042112
1241395978864910336
1241395959776645120
1241395873906556929
1241395743509839872
1241395621799571456
1241395466920747012
1241395311777587200
1241395035511361536
1241394979764867074
1241394920537145346
1241394916569370631
1241394368537333762
1241394362866597893
1241394153789022208
1241394088005468162
1241393969835257857
1241393868186230785
1241393844031311872
1241393187576479744
1241393113647722500
1241392941912002568
1241392859783323649
1241392690241118209
1241392615863525377
1241392501317152768
1241392408920764418
1241392280881242113
1241392262678003712
1241392245791694848
1241392036852436992
1241391954090475521
1241391894690742272
1241391859911589889
1241391695218061314
1241391230753398784
1241391198981455877
1241391133600747520
1241391094870523906
1241391077812310016
1241391049819467777
1241390955057614848
1241390757346500611
1241390648823091200
1241390538559041537
1241390504870391812
1241390497626820610
1241390248170524672
1241390062400651264
1241390056276926465
1241389983442878464
1241389958260305920
1241389913205084164
1241389731721760768
1241389596182818817
1241389226266157056
1241389201955971078
1241389157735374850
1241389070539948034
1241388771272282113
1241388368296120320
1241388247449776129
1241388188616339463
1241388117300588545
1241388114456838144
1241388094332559360
1241388070429229058
1241387868746121216
1241387862882484225
1241387723354779648
1241387679801135106
1241387560020201475
1241387489715195908
1241387251780771841
1241387250614784000
1241387138610089987
1241386992350478336
1241386915980599296
1241386861618180101
1241386666989846536
1241386600044658689
1241386445379600385
1241386312499974145
1241386100721102848
1241386035323588608
1241385998853996544
1241385941002051586
1241385883028410368
1241385830062620673
1241385822609432576
1241385776916631554
1241385729126797312
1241385653507633154
1241385511761129479
1241385446661382145
1241385440042778625
1241385232470810627
1241385093631000576
1241385015700832256
1241384952845029382
1241384797722816514
1241384604596088836
1241384582466932736
1241384545661997059
1241384321799393287
1241384188793806849
1241384083432800257
1241384039841497090
1241384016646934534
1241383794143367169
1241383759473192963
1241383675234836482
1241383656813404160
1241383648391200769
1241383611661680647
1241383475183304705
1241383336909643776
1241383284636028930
1241383207033024512
1241383135444598790
1241382813091364865
1241382703192301568
1241382540071616515
1241382505615437824
1241382430646378497
1241382338761838594
1241382119173173255
1241382008804315138
1241381998737920000
1241381944727912453
1241381942106488834
1241381792709476352
1241381344523046916
1241381101597270017
1241381063051616256
1241380785992675332
1241380727465312257
1241380704807780352
1241380508447248384
1241380377136115712
1241380313282084865
1241380009455104001
1241379781704384513
1241379730441584645
1241379457681838080
1241379353520418816
1241379314819629056
1241379190311718916
1241379089262526464
1241379035558617089
1241378916675321864
1241378740929789953
1241378728795570176
1241378505688059906
1241378501380489218
1241378407264509954
1241378261948604417
1241378173901815812
1241378007790608385
1241377979734855680
1241377829348089858
1241377767855398920
1241377292334649344
1241377133420859392
1241376989585563653
1241376806609063937
1241376755589492736
1241376629051490304
1241376565247774720
1241376322829660161
1241376311538601989
1241376249039278081
1241376239870509058
1241376044290015239
1241375866812338177
1241375783265935362
1241375665162727426
1241375637530689536
1241375582341996545
1241375531511287808
1241375452498968577
1241375438880071682
1241375243723313152
1241375176387854336
1241375168850731008
1241375131173302272
1241374972284530688
1241374699852107776
1241374521933922304
1241374519627046913
1241374514216423425
1241374401418977281
1241374315033120773
1241374017845694464
1241373855417073664
1241373752132329472
1241373720561831939
1241373525505642496
1241373478919589889
1241373475966681088
1241373142695718912
1241373083354742784
1241372963636760583
1241372799354142721
1241372776197480450
1241372705976397824
1241372695050289160
1241372547964440577
1241372493715255297
1241372403697098755
1241372100574789636
1241372023798054913
1241371969989328896
1241371913160622083
1241371854994124801
1241371705639079936
1241371650156892160
1241371453498560512
1241371299114618886
1241371117698387968
1241370958134415360
1241370922776432641
1241370738638159872
1241370689870934018
1241370611978567680
1241370535541583873
1241370514284843008
1241370414724546560
1241370402296868865
1241370271166103558
1241370142631759872
1241370099493240837
1241370036494831616
1241369738162421760
1241369629928407042
1241369592972357634
1241369376663748609
1241369226759352321
1241369094999465985
1241369089467179008
1241368847053131777
1241368655671197697
1241368627061952513
1241368546892042241
1241368533122105345
1241368415144751117
1241368224073211904
1241368013376499713
1241367787345514496
1241367758853550081
1241367639198511104
1241367594239774725
1241367552401563649
1241367486970413056
1241367446537330688
1241367328731906049
1241367174385676288
1241367151799386113
1241367021381705728
1241367000926113796
1241366929249652737
1241366844277239809
1241366822659731457
1241366770805506048
1241366710319489024
1241366549845417985
1241366527561039873
1241366500113551360
1241366442232209409
1241366440252407811
1241366308240920577
1241366206860406784
1241366145824894976
1241366118448627717
1241366020494893064
1241366007513526273
1241365972621148161
1241365887740977154
1241365822712549378
1241365598262738944
1241365521452412929
1241365477806542849
1241365468633608192
1241365417211367426
1241365404733313024
1241365169730654208
1241365114898563072
1241365094275190784
1241364940981776385
1241364613410717702
1241364599548542976
1241364455948238848
1241364444594216960
1241364430090383361
1241364157531934731
1241364115886571521
1241364109834309632
1241363937863573506
1241363695609020420
1241363616126898177
1241363610057785345
1241363447364882433
1241363266502307840
1241363015720632321
1241362806315909120
1241362652586225670
1241362637662883842
1241362632474611714
1241362586354028544
1241362546235490304
1241362507152924672
1241362274968834054
1241362256870494208
1241362230232391681
1241362111420338177
1241361957426466816
1241361789255913479
1241361777104953344
1241361766896087040
1241361397927284742
1241361217245122560
1241361081156722688
1241361006904909827
1241360724619866112
1241360673973645313
1241360671276707840
1241360630214467585
1241360468435972096
1241359918566957056
1241359782684041216
1241359659463827456
1241359448293150720
1241359411848843265
1241359222014652416
1241359136895512577
1241359113365356544
1241359104980987906
1241359079664168961
1241358959157575680
1241358657465520133
1241358595679272961
1241358537013563393
1241358430255882248
1241358365139353600
1241358245652049920
1241358230288244736
1241357896836878336
1241357832991256580
1241357461019385856
1241357460453154817
1241357389913378816
1241357110123823105
1241356962253524992
1241356887897059329
1241356619331575809
1241356179890229248
1241356161477115905
1241356142208565250
1241356127218151425
1241356109174226944
1241356096872361985
1241355914868936705
1241355852524724224
1241355668684144640
1241355625285718018
1241355547196129280
1241355523955490816
1241355396822044672
1241355287363309568
1241355193163427841
1241355039102337024
1241355012812476417
1241354730632359937
1241354719123120133
1241354643537567744
1241354634779856897
1241354573278859265
1241354560830156801
1241354487534694400
1241354475090202630
1241354389593493505
1241354303064989696
1241354294928031744
1241354209712275461
1241354205568393217
1241354175965024257
1241354162866139139
1241354157124182016
1241354123473272832
1241353950714105856
1241353901825232896
1241353842513653761
1241353816483811329
1241353376908095488
1241353292283891713
1241353287636586496
1241353118010560517
1241353069641768966
1241352680037105673
1241352674789986311
1241352672961273857
1241352639440277504
1241352585203900421
1241352583882723329
1241352569991151616
1241352529310617602
1241352390869221376
1241352324582445056
1241352199759974401
1241352155291947015
1241352055719067649
1241351922940104704
1241351921400713217
1241351919739834368
1241351647709847553
1241351559876947968
1241351552054501377
1241351180690866176
1241351120188047360
1241351050533240832
1241351000730095618
1241350999178166275
1241350985118818307
1241350929238110208
1241350891363536904
1241350862200545280
1241350778771603462
1241350771502964739
1241350605110677504
1241350596801835013
1241350572026068992
1241350533606227969
1241350480950935554
1241350257813983232
1241350185634103296
1241349740039675910
1241349555540680705
1241349419662016512
1241349317920796672
1241349142473048065
1241348992820281344
1241348982120624130
1241348604381540354
1241348485603041280
1241348394569945089
1241348362932232192
1241348297320796161
1241348111261458432
1241348110841937923
1241348068722839552
1241347917098737664
1241347851252359168
1241347810018111489
1241347601829593088
1241347587799744513
1241347578240864257
1241347468496904193
1241347465489547265
1241347406773530625
1241347337764700161
1241347294345203712
1241347283284877312
1241346794971373568
1241346760678739971
1241346722288349184
1241346609960583168
1241346555124363264
1241346490393677824
1241346461327142912
1241346386458816514
1241346158628405248
1241346072611639298
1241345965111627777
1241345917434945537
1241345821905432578
1241345800896163840
1241345489662066688
1241345425476648961
1241345121226031104
1241345104461410304
1241344987054460931
1241344857261649923
1241344694627467267
1241344420391370753
1241344043768045573
1241343878575411200
1241343670143668225
1241343541286141953
1241343365804953600
1241343252604780544
1241343076775460864
1241342987004776448
1241342971250905094
1241342928741634048
1241342914460037127
1241342899272527872
1241342755500105728
1241342754497736704
1241342608640823296
1241342546258751490
1241342075976769536
1241341977309872129
1241341844841287683
1241341753610862592
1241341625705603072
1241341581984137216
1241341326618214400
1241341022975725570
1241340925303029761
1241340873897586689
1241340472896950273
1241340409328132096
1241340336733138944
1241340250561134592
1241340212330053636
1241339974961844225
1241339797098188802
1241339640155701256
1241339607557574656
1241339442817884160
1241339230095278081
1241339204073816064
1241339138651107329
1241339081050722305
1241339062906208259
1241339044186992640
1241338974880309248
1241338884837048320
1241338865069305857
1241338694981881859
1241338641714155525
1241338479029694465
1241338459685519362
1241338444921610240
1241338422045954049
1241338331943796738
1241338320841555968
1241338258468098048
1241338122421633024
1241337876668985344
1241337746012110848
1241337443221192704
1241337436602589186
1241337206184312838
1241337149544415232
1241337106368208897
1241337085535178752
1241336919071621120
1241336724359385088
1241336584223539201
1241336440061136897
1241336416736403458
1241336389901463553
1241336191305334784
1241335917094359043
1241335889395146752
1241335781265981441
1241335681550598145
1241335584121073664
1241335302020648962
1241335093664403456
1241334743146299393
1241334697906577409
1241334635776348161
1241334517123747840
1241334493543366656
1241334483762262016
1241334444830711809
1241334444608413696
1241334273665372161
1241334236197588992
1241334204992040960
1241334128844378112
1241334000603586561
1241333985436983296
1241333913005539328
1241333872794783744
1241333737582997509
1241333728661692416
1241333623569166337
1241333500323803138
1241333473014689793
1241333419981881344
1241333276951875586
1241333113273356289
1241332998030659591
1241332680152752129
1241332525689180165
1241332441899466755
1241332397741944832
1241332254560989184
1241332014520860673
1241331927233241088
1241331814620413952
1241331805711732738
1241331627986386945
1241331520469696512
1241331445043470336
1241331410335682561
1241331331533025282
1241331285081165826
1241331197575401473
1241331034278506496
1241330854804291585
1241330707567435776
1241330694036561922
1241330611253633030
1241330580182241283
1241330234227597319
1241330161838182401
1241330158499438592
1241330097568833536
1241330065620828162
1241330025070309377
1241330017700917249
1241329850268426242
1241329824293105664
1241329721415270401
1241329529601359872
1241329359941754881
1241329255826567168
1241329183600660482
1241329179418910720
1241329171881758722
1241329121403297792
1241328839063633920
1241328779491979264
1241328759522951168
1241328740950585347
1241328636751462400
1241328633144360960
1241328347797434370
1241328299911139329
1241328194340429825
1241328182156046341
1241328138543673345
1241328106654351360
1241328033417646083
1241327985137012736
1241327578151084032
1241327396428578816
1241327387717099522
1241327313964408832
1241327289931005953
1241326976188723201
1241326912443691009
1241326763810177026
1241326626207666179
1241326508729421824
1241326426227441664
1241326276138479618
1241326262431424513
1241326195855298561
1241326189609795585
1241325967861219328
1241325912110641152
1241325899749957632
1241325805122265089
1241325726755946497
1241325659479322624
1241325567728857088
1241325563928813569
1241325536653250560
1241325385893187585
1241325331354615808
1241325311146500096
1241325182020706304
1241325142535438336
1241325042342002688
1241325018564440064
1241324719661633536
1241324651281874944
1241324641253195776
1241324328685363202
1241324124812820481
1241323898765029382
1241323873599094784
1241323872810655744
1241323862761058304
1241323569717616640
1241323386732785664
1241323199247388673
1241323140090859520
1241322721155350528
1241322705766567936
1241322438836789248
1241322090864807936
1241322089384235009
1241322027753013253
1241321952129814528
1241321941077839872
1241321862329700352
1241321773490110464
1241321737242976258
1241321626286927872
1241321507529338880
1241321490663997440
1241321398456520707
1241321332379353088
1241321323164565514
1241321301878476801
1241321231196008448
1241321216629071872
1241321207800233995
1241321080792514560
1241321009258561537
1241321006100287488
1241320907827810305
1241320898113818624
1241320757399085063
1241320728982667264
1241320717452488704
1241320665006956547
1241320577031421960
1241320284759527424
1241320216438673410
1241320213481693184
1241319930831745029
1241319886317670401
1241319757841870848
1241319701696970753
1241319646168580097
1241319526500831233
1241319345399246849
1241319060425650176
1241318909590069250
1241318767256317953
1241318752735633408
1241318561110544384
1241318465685913602
1241318412845907968
1241318258973618176
1241318149791846400
1241318137934602246
1241318115591495680
1241317973962489858
1241317968086274049
1241317952206647304
1241317939007062021
1241317851580989440
1241317818567733249
1241317698249854976
1241317667534966784
1241317647326814208
1241317635666726913
1241317585221795840
1241317506461192192
1241317484831137792
1241317462253150208
1241317338416381952
1241317094207016960
1241317072002523136
1241317047688220672
1241316743982833664
1241316679944228864
1241316674223124480
1241316585907912704
1241316571747934209
1241316538323517440
1241316138576949248
1241316119002185728
1241316035694919681
1241316004195598336
1241315986533502976
1241315978035806209
1241315882544050176
1241315815925977089
1241315731234598912
1241315715724034054
1241315657045757952
1241315605057359874
1241315569258938368
1241315550044786689
1241315543212310529
1241315510052163584
1241315467400224768
1241315452598530048
1241315338433814535
1241315265100595201
1241315231596453888
1241315194875363328
1241315186646155265
1241315099312304130
1241315086049906688
1241315040504004610
1241314931955453952
1241314801290182656
1241314790695407616
1241314680200736768
1241314647900372993
1241314603319074816
1241314539465039872
1241314418165776385
1241314343368765442
1241314339795152897
1241314182450024448
1241314171855265793
1241313934650626049
1241313750755483648
1241313726701109249
1241313663052627969
1241313598481326081
1241313244855316481
1241313225884479488
1241313080652509184
1241313047702114304
1241313026394947585
1241312973735501825
1241312856475348994
1241312673104609280
1241312551260094467
1241312493378641921
1241312359651606528
1241312349677633538
1241312251333804032
1241312194240921602
1241311985234513926
1241311981677744128
1241311816761905157
1241311703234641920
1241311589531254789
1241311472262828033
1241311434253971458
1241311319107801089
1241311063422967809
1241311060214284288
1241310886352076800
1241310748015562752
1241310668562857984
1241310531304161283
1241310458465923072
1241310457970995200
1241310106647695363
1241309916062760960
1241309911792922630
1241309891538628608
1241309646608044035
1241309612537778177
1241309348674121728
1241309293799976960
1241309249948602370
1241309108940288002
1241309052564647936
1241309033761513474
1241308787723599872
1241308477974331393
1241308462505758720
1241308355236421632
1241307839102103553
1241307794990665729
1241307640954789889
1241307625029017600
1241307411480219650
1241307217602785281
1241307048295481345
1241306897715773441
1241306785056788481
1241306625941659649
1241306513085431808
1241306460040179712
1241306177138503680
1241305952533479424
1241305798036373504
1241305720143912966
1241305310456942592
1241305202281644032
1241305178298613761
1241305124993142784
1241305069619986433
1241304931447037952
1241304889717854209
1241304812764958725
1241304788324814849
1241304745320550406
1241304723082424321
1241304681495834629
1241304659265978368
1241304572532056064
1241304560091750401
1241304477023580160
1241304179601219584
1241304171338489856
1241304153000943618
1241304131266019329
1241304104145649664
1241304074655580160
1241303982137577473
1241303770849574914
1241303762179850241
1241303724108189696
1241303710032068609
1241303682127454211
1241303648300400640
1241303641484668928
1241303638447972354
1241303612703285249
1241303577039167493
1241303543111352320
1241303537155338240
1241303409531248640
1241303386479382528
1241303380342894593
1241303300030554113
1241303151078264838
1241302960023445506
1241302914792132608
1241302731022913536
1241302725217914881
1241302679806259200
1241302426336088070
1241302341837561858
1241302291703115776
1241302285864636417
1241302249378385920
1241302236325646337
1241302234392137728
1241301939750612998
1241301925322199041
1241301874621452288
1241301658539380736
1241301607238832129
1241301555686649856
1241301192396988416
1241301146188288000
1241301098784337920
1241300986083278848
1241300929825189888
1241300901618503681
1241300716804804608
1241300668406796288
1241300565277184001
1241300554103603201
1241300480883654657
1241300465368944640
1241300335026716672
1241300300998336514
1241300205624070144
1241300174573637632
1241300162171088898
1241299886814957570
1241299719722278914
1241299667490570240
1241299618358595584
1241299610397749248
1241299510938263552
1241299486888153089
1241299442000703488
1241299285666410496
1241299207736168449
1241299117160173579
1241299102673113088
1241299077951819777
1241298929079156737
1241298920535470080
1241298779275493376
1241298580670951424
1241298513008435200
1241298469874270209
1241298312046825472
1241297930058895360
1241297896286404608
1241297783635804160
1241297736273743872
1241297676727201797
1241297671429685250
1241297622322884611
1241297593709330432
1241297555591397378
1241297518245355521
1241297494841208833
1241297451832823808
1241297433520414725
1241297424452386816
1241297411764600832
1241297408019050496
1241297397625610240
1241297354348802048
1241297295007797250
1241297227122909184
1241297173804986369
1241297087364575232
1241297001079242755
1241296923379863553
1241296842257838081
1241296797793951744
1241296776889618433
1241296703820611586
1241296661038669824
1241296626586718210
1241296563726692354
1241296533137563648
1241296508085026821
1241296477508509696
1241296475679842305
1241296464065826818
1241296318716358657
1241296231953051648
1241296219533688832
1241296142010331138
1241296036326510593
1241296018383216641
1241296018009993216
1241295877119053825
1241295485085851649
1241295378479288320
1241295375811608577
1241295359407796224
1241295356970905600
1241295311626276870
1241295284816224257
1241295248829145089
1241294917130911744
1241294901469483008
1241294863947247617
1241294734607425537
1241294703347335168
1241294580269690880
1241294465165377536
1241294409347608576
1241294369342345216
1241294305072996352
1241294241881563136
1241294187829567495
1241294098935488512
1241294008829296641
1241293997496205312
1241293677831622656
1241293649356431360
1241293591093231617
1241293581182263298
1241293470821543937
1241293470045736960
1241293355730055168
1241293355188998144
1241293297030770688
1241293253539921920
1241293204827373568
1241293141971480576
1241293116839247873
1241293104574947328
1241293070416654336
1241292909992972290
1241292814513823744
1241292634296967169
1241292596791697408
1241292587090280448
1241292541162651654
1241292499811028993
1241292237096529920
1241292230586970113
1241292216259293184
1241292147653033984
1241292108545306625
1241292011531108353
1241291969730686976
1241291921034809344
1241291891225833472
1241291846967533568
1241291809097240576
1241291807960547328
1241291796774359041
1241291621381091328
1241291505261780992
1241291500589404160
1241291388504989697
1241291255344226305
1241291189178990592
1241291169407123456
1241291138507644928
1241291014201118721
1241291011009232896
1241291009277014017
1241290996496949249
1241290751750914049
1241290698961440769
1241290665549586432
1241290558544510977
1241290518182715394
1241290502076542979
1241290350959960066
1241290350125289473
1241290294202634240
1241290186371354626
1241290119023415297
1241289890656067584
1241289865230237696
1241289848348180481
1241289722539974656
1241289605648957440
1241289490020401152
1241289478238547970
1241289327637942273
1241289303604580352
1241289291319427074
1241289277595623426
1241289108426764289
1241289073404383232
1241288942487560193
1241288853786365953
1241288826695417857
1241288657639743488
1241288516316868609
1241288473409134595
1241288360452333573
1241288084462895104
1241288059985035264
1241287992251219968
1241287970717663234
1241287962681278465
1241287889864011777
1241287881840353280
1241287881311883264
1241287874563256320
1241287865453219842
1241287773363023872
1241287766346027009
1241287736193101825
1241287603074326533
1241287562330808322
1241287439622299649
1241287404323049474
1241287386866343937
1241287334072631296
1241287315525378049
1241287218116861952
1241287214325170176
1241286847457886208
1241286756915392512
1241286649717366784
1241286621833695232
1241286586366668801
1241286508658778112
1241286245508100096
1241285947842531334
1241285762894757898
1241285758322950145
1241285728648269824
1241285678463418374
1241285514809966592
1241285506337517568
1241285461710077952
1241285415723847680
1241285406110425094
1241285365148930048
1241285318298435585
1241285311109439488
1241285298698543104
1241285251671961600
1241285198102310912
1241285100773552130
1241284829708255232
1241284826537263104
1241284606030237696
1241284263116509184
1241284130891014144
1241284001110937600
1241283955602722816
1241283818407018501
1241283811150827520
1241283809817083904
1241283800371466240
1241283755530170369
1241283659107352581
1241283623128567809
1241283596704415744
1241283595215482880
1241283515079168001
1241283461383684097
1241283425207812099
1241283419620937728
1241283202242748416
1241282998558953472
1241282896796753921
1241282774859997184
1241282713392463873
1241282610422317056
1241282589954134016
1241282578474287106
1241282466213695488
1241282464632487937
1241282400107274242
1241282368515776512
1241282356767535110
1241282347556835329
1241282098964676608
1241282091767214082
1241282076319629313
1241282027971903488
1241281994710847491
1241281982476234752
1241281946254221312
1241281911009484800
1241281883222179840
1241281701139165184
1241281679156805632
1241281632323198976
1241281626102956033
1241281554229465088
1241281483316305922
1241281076577918976
1241280874420809728
1241280778543280129
1241280732032569344
1241280680522321921
1241280578730758144
1241280375999135744
1241280340540473344
1241280156603383808
1241280077733793792
1241279778034003969
1241279744789942272
1241279702788190208
1241279694001102848
1241279616171552768
1241279522697293826
1241279495254028288
1241279414220046337
1241279336981893120
1241279155720855560
1241279068693237760
1241279004633694208
1241278988464672768
1241278901478883328
1241278881220505601
1241278772504035328
1241278627553128448
1241278604438319105
1241278467431415808
1241278424888553472
1241278218730078210
1241278209846583296
1241278071635935232
1241278066443386881
1241277868967067648
1241277833453993984
1241277832426373125
1241277764667351041
1241277703329906688
1241277680559050752
1241277461473693697
1241277214060150787
1241277198490796032
1241277160830230528
1241277128357838849
1241277016038690816
1241276986930143232
1241276769329655808
1241276440043229184
1241276423228227584
1241276306681204736
1241276268722688000
1241276087004549120
1241275971422031872
1241275944897298434
1241275771806760960
1241275652952768512
1241275608371519489
1241275593385291776
1241275573739061248
1241275421901103104
1241275282390224897
1241275193621983238
1241274873860820992
1241274859801452544
1241274823634026496
1241274821457182721
1241274752364314626
1241274520843026432
1241274403234734080
1241274397362708481
1241274397241081857
1241274162825646080
1241273909166645248
1241273500855414784
1241273456102121473
1241273327886512128
1241273239944531968
1241272962004779010
1241272945193955329
1241272835303256064
1241272791216918528
1241272777572782082
1241272752910336000
1241272668093067264
1241272497124847617
1241272141527633920
1241272104336658434
1241271932370259969
1241271879173898240
1241271752430358530
1241271470375997440
1241271246593064961
1241271158068125697
1241270972734464001
1241270885841014785
1241270798301704192
1241270730999975936
1241270645960433665
1241270387163496448
1241270357635579906
1241270243248549890
1241270130706964482
1241270064185294848
1241270049631076353
1241269946853863425
1241269783221415936
1241269545563717632
1241269437304627200
1241269231553044480
1241269131611160576
1241269105677799429
1241268818980282368
1241268740773330946
1241268629670428672
1241268603003043840
1241268588708798469
1241268588494888962
1241268407552618496
1241268303278084096
1241268287947911173
1241268240279535616
1241268131089330176
1241268084964458498
1241268044376289288
1241267838423359489
1241267664598765568
1241267598337216512
1241267573221658624
1241267475544780801
1241267341284999169
1241267305667080192
1241267235131457536
1241267207167934465
1241267029497335808
1241266936543170561
1241266910941138944
1241266909808558082
1241266848663994368
1241266689616089090
1241266597886640128
1241266489631612934
1241266268130418688
1241265941952020480
1241265846057684993
1241265609675079680
1241265586975506433
1241265251309563905
1241265224822521858
1241265224528941056
1241264992583892992
1241264973411729410
1241264785557258240
1241264671103033344
1241264485551259648
1241264446862958593
1241264303870705664
1241264249244131328
1241264214045593602
1241264133867278336
1241264040028094466
1241263832309420032
1241263827045560320
1241263636229894144
1241263563441913856
1241263498421768193
1241263322382700549
1241263165322792960
1241262942533844992
1241262850062069763
1241262814934818816
1241262741110820866
1241262603411783680
1241262552782438400
1241262251706929152
1241262233360965633
1241262126473383937
1241261978242473985
1241261636964450305
1241261633852321792
1241261628248727553
1241261622552752128
1241261519070990337
1241261483687886850
1241261468345122816
1241261165327638528
1241261034570158080
1241260798007222272
1241260748095053825
1241260573259677698
1241260129577766912
1241260090918830081
1241259885750337536
1241259872320196609
1241259854301446144
1241259591834505216
1241259479691378689
1241259360648560640
1241259304088416256
1241259192868114433
1241258924076122112
1241258580092817410
1241258529970958337
1241258287028453377
1241257956076851200
1241257866272673792
1241257845099843586
1241257840968376321
1241257662681055232
1241257498650255360
1241257353497935872
1241257327358959616
1241256719348649984
1241256698767183875
1241256647898664960
1241256607675305985
1241256443539578880
1241256441396236288
1241255784601845761
1241255668524474368
1241255593282764800
1241255590145425408
1241255484021043200
1241255463016153088
1241255330195156992
1241255184967315456
1241255094257102848
1241255086438920192
1241255080042663937
1241254926145249281
1241254895052873728
1241254775833989120
1241254627850563584
1241254313462284288
1241254200052527105
1241254068720472064
1241254032724963330
1241254016853696514
1241253855100354561
1241253647943634944
1241253237518471170
1241253192043724803
1241252375291138053
1241252210392150017
1241251969714524160
1241251873375563778
1241251862168375296
1241251707004375041
1241251657725480960
1241251459305549825
1241251400518074368
1241251293911490561
1241251264970854400
1241251222897618946
1241251106409381888
1241250973487595525
1241250861294202881
1241250699192741888
1241250504266649601
1241250118176780288
1241250070865031168
1241250056587673600
1241249984672083968
1241249952912805888
1241249685651816448
1241249558736392193
1241249516537380864
1241249070900969483
1241248765836767232
1241248759465590784
1241248723512037377
1241248677869518848
1241248676783304704
1241248609858981890
1241248494620487680
1241248325975846912
1241248201161801728
1241248194601852934
1241248158442807296
1241247972169601024
1241247653712875521
1241247118666469377
1241246989716721664
1241246988831789056
1241246908506652679
1241246724351561728
1241246297530736640
1241246295588823040
1241246261011009536
1241246101908467712
1241246083378020353
1241245913735204864
1241245826640420867
1241245768595451905
1241245618380722177
1241245477452034048
1241245430467432449
1241245415250550784
1241245288771342341
1241245245272199169
1241245157053341697
1241245120223154176
1241245025368973317
1241245022152011793
1241244931202654208
1241244930867171328
1241244556953255936
1241244282134110208
1241243910233411586
1241243809163378688
1241243491323215872
1241243318123626496
1241242703872102400
1241242034817638401
1241241959597068288
1241241886267973632
1241241542049890304
1241241515743162368
1241241379688382464
1241241036976009217
1241240974979993600
1241240711846080513
1241239959736123392
1241239897333288966
1241239713211613184
1241239221425319938
1241237167130710016
1241237132481626112
1241236845322801152
1241236455554514944
1241236351699255296
1241235362493747201
1241234719406243840
1241234383572537344
1241234372084318208
1241233158634381312
1241232600074792960
1241232479786336256
1241232356465410048
1241232066173419520
1241231889987403779
1241231403066540033
1241229398973571072
1241227874549542912
1241226809133408256
1241226299974221824
1241224945801342978
1241224518913359872
1241224277766090752
1241223618174095361
1241221511027085313
1241221433843474433
1241220789933936640
1241220309900054530
1241218734917734400
1241218298173370368
1241218275746304002
1241218140761206784
1241217219876585473
1241217213757100039
1241216760352833538
1241214667827134464
1241214245829857282
1241211521159618561
1241211346835976199
1241209932889894918
1241209397818404869
1241209221493948421
1241208501533319168
1241207883121012737
1241205501410582528
1241204108733886464
1241203049835778049
1241201757138665477
1241201271866081280
1241200116310192129
1241198968115208198
1241198157058449408
1241195742229942272
1241194646128283648
1241193878532829186
1241193325861928960
1241193270958587906
1241192629200728065
1241192449919328256
1241191793909272576
1241191165426307072
1241189399255298049
1241188460565876743
1241187734615662592
1241186684047249408
1241185896558444547
1241184855611846658
1241184665853140992
1241182712309915648
1241181514643226624
1241180314300547072
1241180273989111808
1241178688596709376
1241178381456211973
1241176220261376014
1241175566696550400
1241175464024117250
1241175458152165378
1241174704007806977
1241174100875321344
1241174089663942656
1241173275042086912
1241173246629818369
1241173239247900674
1241172959772975104
1241172712325816321
1241172603332636678
1241172399892111362
1241171806029066242
1241171101637423104
1241170983727267841
1241170937174618113
1241170437947736064
1241168808863322113
1241168551391739904
1241168462367600640
1241168038415695874
1241167739911385088
1241167618838593536
1241167609279713280
1241167584109760521
1241167437934014464
1241167325388308480
1241166821958529025
1241166765071138822
1241166630190813185
1241166159749296129
1241165845256118272
1241165785529225219
1241165385816293378
1241165209785556993
1241164869786898438
1241164811968434176
1241164758881046539
1241164735271313417
1241164706393489414
1241164665780162567
1241164619231776768
1241164593625477122
1241164562365329408
1241164466244419589
1241164426943873024
1241164383260233729
1241164291652419591
1241163666822701056
1241163641141018626
1241163434840010752
1241163289142460417
1241162870051799046
1241162869665935361
1241162776158121992
1241162710450044928
1241162294798815234
1241162266705383427
1241162257138167808
1241162197671251977
1241162151013814280
1241162122287099904
1241161960491814919
1241161677233623041
1241161674926800901
1241161504243830784
1241161197166223362
1241161017545146369
1241160942890688512
1241160895818055687
1241160773914804224
1241160642222067712
1241160578330251266
1241160416203587586
1241160360390004743
1241159832465485824
1241159747367247872
1241159209984630786
1241158654252003331
1241158531191115784
1241158290878402562
1241158253616259075
1241157703667515393
1241157620649648128
1241157529025085440
1241157495881695243
1241157086781878273
1241155947457916928
1241155906504720385
1241155647418380291
1241155436516200451
1241155141723656192
1241155000086286337
1241154905643065352
1241154725489389573
1241154719885688834
1241154706946379779
1241154700965281794
1241154249955979266
1241154072645861376
1241154016136122370
1241153659502813185
1241153414714642433
1241153412802260992
1241153317855731713
1241153282011258882
1241153002414542848
1241152822130900992
1241152796000468998
1241152561303994369
1241152541477527555
