1446603989005578243
1446604017979703297
1446604044835991553
1446604048807960578
1446604062758219781
1446604092600733704
1446604102193057799
1446604144123518987
1446604172586102784
1446604195554078731
1446604198024450052
1446604200838934534
1446604264676155394
1446604277246578688
1446604278991409153
1446604297987362818
1446604314756190209
1446604320657526790
1446604338613432329
1446604352144220162
1446604365058424835
1446604366216114177
1446604394691182594
1446604398243811328
1446604399002980356
1446604407932653571
1446604409652264965
1446604412479279107
1446604415926951938
1446604421354467329
1446604421987700749
1446604438802771974
1446604471040159744
1446604502392528901
1446604560571772933
1446604591995539456
1446604680654696452
1446604686958731266
1446604690670727173
1446604735751102468
1446604736493465600
1446604746371043331
1446604755539795970
1446604800402067458
1446604813744156672
1446604830357786633
1446604859743088642
1446604861521416200
1446604863002005510
1446604879510884361
1446604883281514498
1446604893679128577
1446604902554382337
1446604971588395016
1446604998369058817
1446605001363755016
1446605051582107651
1446605053624729600
1446605065469534208
1446605083349852166
1446605117965410308
1446605119118839812
1446605141751250947
1446605213582823428
1446605237326860288
1446605275868368896
1446605290212937734
1446605301805891590
1446605313214500868
1446605339789602818
1446605374790979585
1446605376087109635
1446605437265190917
1446605501660270593
1446605504990662658
1446605507704369154
1446605511428870144
1446605585886089216
1446605587366748162
1446605632207998978
1446605666987220993
1446605754664955905
1446605774214533123
1446605777528147969
1446605793319657472
1446605867147747333
1446605903411679233
1446605922269343747
1446605937272295424
1446605949175836673
1446605955832197126
1446605976732377088
1446605979202752516
1446605984277966849
1446605989344595970
1446605992259694594
1446606026975989760
1446606032290131981
1446606048320794629
1446606080189022208
1446606085876555779
1446606103312228356
1446606106009214979
1446606106445373442
1446606130067746830
1446606147872563204
1446606162137321472
1446606187236106240
1446606191166169088
1446606232807264260
1446606264864288769
1446606276935528450
1446606317154676740
1446606331494998017
1446606335051710469
1446606371491885061
1446606384859131909
1446606391406469120
1446606419332145153
1446606441830363140
1446606481978187776
1446606511229349889
1446606538941116423
1446606604485513218
1446606613431848970
1446606633220591616
1446606643433807875
1446606650857693191
1446606668889010177
1446606677315407879
1446606712505462784
1446606720298541059
1446606736186609665
1446606785960419334
1446606786182721536
1446606835822338056
1446606921927118851
1446606927169994755
1446606945931210755
1446606955322224649
1446607003929956352
1446607020199714823
1446607027933954063
1446607068027363328
1446607072506830855
1446607131898175490
1446607155986042880
1446607233668816896
1446607268942856201
1446607270612193280
1446607295803179011
1446607314933501956
1446607351562260483
1446607362773618697
1446607386408534024
1446607387222282243
1446607390682583041
1446607414908919824
1446607436656390148
1446607446601093121
1446607451336417283
1446607476632297481
1446607556382711811
1446607591002583043
1446607600003518472
1446607640054874121
1446607672506191874
1446607711421009926
1446607715774644232
1446607740768555010
1446607743461253133
1446607787656687618
1446607844195844100
1446607879520366595
1446607902601584648
1446607931529699329
1446607931546521604
1446607962185863169
1446608050782146561
1446608109598822403
1446608143492993026
1446608145565069316
1446608253786415104
1446608345536897027
1446608413157437441
1446608459231809539
1446608482103332870
1446608500243771395
1446608501569212418
1446608584683528197
1446608657861513223
1446608720176287750
1446608761095958528
1446608766116536326
1446608768679223298
1446608824345972741
1446608827990822913
1446608879400497157
1446608903245078529
1446608937160220672
1446608937361584128
1446608955992576001
1446609013572055042
1446609054667837443
1446609061726900231
1446609115162333189
1446609163056975872
1446609164239769601
1446609172053860358
1446609199010570245
1446609228915875840
1446609254677352448
1446609264643092481
1446609269390991361
1446609290660392967
1446609329164013572
1446609347753259012
1446609353910407168
1446609397849919489
1446609431165288450
1446609443270053888
1446609446101266435
1446609447766405120
1446609450316468225
1446609456788348929
1446609472567267335
1446609482264547329
1446609494570586113
1446609531384090630
1446609556411408385
1446609565051674624
1446609636761690112
1446609638200336390
1446609680063729668
1446609709864308740
1446609732664430593
1446609742030331904
1446609774146117635
1446609827887820800
1446609855012298755
1446609898205233156
1446609922007896067
1446609925879353346
1446609933059887104
1446609942341996545
1446609994514944000
1446609995676651520
1446610020163067909
1446610031949008896
1446610079709532160
1446610122239774727
1446610149007937540
1446610188652449796
1446610222815059970
1446610244642160641
1446610271854866438
1446610348925145092
1446610399281963009
1446610399479148544
1446610431590772738
1446610438482014209
1446610439576637440
1446610494232616968
1446610497135067139
1446610568647958530
1446610570195750918
1446610607546015745
1446610633546403841
1446610636545347584
1446610664206880768
1446610668233318401
1446610712550379521
1446610722952204294
1446610738290864129
1446610742157971457
1446610759824416771
1446610798932070406
1446610848450064386
1446610856947617804
1446610882449059851
1446610903449939972
1446611025399357445
1446611028981211142
1446611044701548547
1446611051500421124
1446611102234812421
1446611108916301826
1446611150532141063
1446611162628595714
1446611184669626368
1446611209411825664
1446611242165145601
1446611264344662017
1446611282006888456
1446611292463247368
1446611302345060355
1446611317423591424
1446611382489829380
1446611389200621576
1446611423262650376
1446611446062780417
1446611454858301446
1446611473128636418
1446611502644015104
1446611511712092165
1446611520759160838
1446611536102019076
1446611558243737600
1446611575020863488
1446611597967900673
1446611645074116614
1446611675113742344
1446611699033911316
1446611715110678528
1446611726884085760
1446611739257315330
1446611753723367427
1446611787915436035
1446611832010063878
1446611867590438913
1446611905712377857
1446611996498087939
1446612046775300103
1446612072125632515
1446612078643580929
1446612089838129158
1446612182041509889
1446612198160310274
1446612211615535105
1446612353982861315
1446612485960830977
1446612510996668416
1446612521444577291
1446612525785702404
1446612564276826114
1446612568836091911
1446612592315731968
1446612632375644161
1446612651652620295
1446612657990217730
1446612672993185794
1446612679418957824
1446612718123982851
1446612818653028365
1446612854556274688
1446612909967216644
1446612950807162881
1446612975121469446
1446612991072481280
1446613024186454021
1446613071363981319
1446613101273616394
1446613109272104963
1446613152091803652
1446613161008934912
1446613168177000450
1446613245935198215
1446613288792510468
1446613300352065537
1446613369025400834
1446613374331199493
1446613374490615808
1446613410775449602
1446613419042422791
1446613456870903811
1446613458297016324
1446613526429278212
1446613575259262980
1446613622176813059
1446613638551375873
1446613646042337286
1446613701310681088
1446613713058926593
1446613727235776515
1446613751453601794
1446613762748919811
1446613770734907398
1446613808013848579
1446613926679023622
1446613929397047304
1446613932337152003
1446613937689145346
1446613973688889347
1446614019054440450
1446614033914863617
1446614054760599556
1446614063778340876
1446614063979634688
1446614122783780865
1446614127015759877
1446614133487644675
1446614149178462213
1446614162004713475
1446614165641125892
1446614204077719555
1446614215075278848
1446614282347626497
1446614301221982210
1446614303805779971
1446614309262536706
1446614356586864640
1446614367131381762
1446614372730740738
1446614376694300675
1446614410588397569
1446614492763365377
1446614515311857668
1446614524702904328
1446614538997096449
1446614607028686866
1446614680089333764
1446614696786894850
1446614736628498433
1446614743507210240
1446614759323885569
1446614771839602692
1446614860645666819
1446614877074829314
1446614901259182083
1446614973145309186
1446614982767136769
1446614996658659331
1446615017953153027
1446615063457054721
1446615064610582532
1446615073871499269
1446615076014903296
1446615171485650946
1446615178603339781
1446615195095375878
1446615239512965123
1446615258790080515
1446615289450405892
1446615361588170754
1446615369444216834
1446615370769522689
1446615372258586629
1446615472200368133
1446615514139316224
1446615570389086211
1446615645702049801
1446615656452050945
1446615685413625856
1446615734008913926
1446615766116274177
1446615851248066567
1446615970102054916
1446615989358055425
1446616009515864066
1446616025710186500
1446616110577688579
1446616135995174913
1446616151140847618
1446616217826041856
1446616229976944644
1446616230547402753
1446616290764931074
1446616405214965763
1446616422067671044
1446616428552101891
1446616617471852548
1446616622542774275
1446616653131825157
1446616660828377090
1446616664053846018
1446616685914509314
1446616704226897922
1446616735923245059
1446616738041409536
1446616759201673220
1446616947756523523
1446617013456187394
1446617047081881600
1446617112882069507
1446617121878839298
1446617180502646785
1446617185514926082
1446617186223722497
1446617236320436228
1446617315911471107
1446617339248644100
1446617345787580421
1446617358668271619
1446617512754487299
1446617526436257793
1446617594635636740
1446617634238345218
1446617670447767557
1446617684146368516
1446617704505528321
1446617802945835008
1446617925050327040
1446618002712154116
1446618017299943430
1446618072090128386
1446618124300820480
1446618184480608258
1446618261647409153
1446618283747250180
1446618294253985796
1446618404195033088
1446618428576514060
1446618490660704257
1446618605538447361
1446618658374029318
1446618693816004611
1446618875374800899
1446618876528271366
1446618925115056131
1446618976461725698
1446619005075304452
1446619102076882950
1446619133370642437
1446619224449982467
1446619229105573888
1446619231303475200
1446619261141757954
1446619276710981639
1446619466968797186
1446619505938075653
1446619537634385920
1446619584774217731
1446619618777485318
1446619646552064000
1446619674872012803
1446619680513347592
1446619755977134084
1446619764986683392
1446619799245705216
1446619826668154880
1446619842774196224
1446619863229902854
1446619874223181826
1446619877167538177
1446619896171974658
1446619942028255232
1446619944175681540
1446619978732552192
1446620026128244741
1446620028242178053
1446620039365419008
1446620091177648135
1446620135096307714
1446620198493110272
1446620270362603521
1446620291770290179
1446620373760491520
1446620374167343105
1446620425140809728
1446620443109203973
1446620457189482497
1446620472796499970
1446620492392275974
1446620605319688199
1446620652161708032
1446620656825688065
1446620713083981826
1446620780855504899
1446620810781806595
1446620836752936962
1446620870546448388
1446620874010935298
1446620912212713472
1446620921540878338
1446620939865702401
1446620988465160192
1446621004931997699
1446621042722676738
1446621132573057030
1446621164479160320
1446621180635537413
1446621192547405825
1446621301771317249
1446621390082301959
1446621426040123392
1446621472923996163
1446621526850248705
1446621565400010760
1446621623944192003
1446621778063863810
1446621789598126082
1446621812381601792
1446621846766592002
1446621934301614087
1446621947350093830
1446622044146253826
1446622051616362496
1446622181773950977
1446622219044524036
1446622226867015686
1446622399886204937
1446622403359125514
1446622518366908427
1446622577263366149
1446622707119017985
1446622708654039044
1446622775397990403
1446622860924030981
1446622922123227136
1446622927005392896
1446622957518868486
1446622969179017216
1446622997318602757
1446623003517800451
1446623108492894208
1446623119586832391
1446623189505880065
1446623255415169030
1446623271240273921
1446623279364534272
1446623344003006465
1446623424433037316
1446623462974500874
1446623465793101829
1446623489209868290
1446623491499909123
1446623495656456192
1446623520163864579
1446623564694794241
1446623578552782849
1446623663424479240
1446623760912617474
1446623767606685703
1446623850414972929
1446624034460946436
1446624060599906304
1446624105348882433
1446624228514672645
1446624240619474946
1446624252560646145
1446624363214737413
1446624418210398212
1446624422153101312
1446624534887641091
1446624534979923968
1446624536775073794
1446624741062758403
1446624765112893443
1446624783324614660
1446624787388899338
1446624853239517190
1446624872302616581
1446624885053272064
1446624924467085313
1446624962073317381
1446625058902925313
1446625120026611714
1446625141740515333
1446625173306757130
1446625225118978059
1446625262767067137
1446625301350469639
1446625346858651649
1446625350776147969
1446625368429977606
1446625428538597381
1446625474092937219
1446625528291729409
1446625560445300738
1446625566669557760
1446625621430444035
1446625648844419082
1446625683925569540
1446625876716699649
1446625880357445633
1446625901928763393
1446625955896860678
1446626083558789121
1446626141956157446
1446626179662888963
1446626183819444228
1446626250659880960
1446626254627672074
1446626309631787013
1446626453349601287
