1448053621652967424
1448053625448714240
1448053640774791169
1448053664711643143
1448053666527723528
1448053681895706629
1448053704620494855
1448053709682978820
1448053714388979718
1448053716448432128
1448053732214808577
1448053735243063296
1448053745129082889
1448053750489305088
1448053758219411457
1448053768793305090
1448053774887628800
1448053781531406343
1448053786128289792
1448053787965501440
1448053790465314818
1448053805703172098
1448053817686302726
1448053823705075719
1448053825819004928
1448053829140893696
1448053835340070914
1448053837227601926
1448053846916444167
1448053859226583043
1448053862238142468
1448053863899189257
1448053874280046597
1448053877056720901
1448053878155526146
1448053886711967750
1448053891732541441
1448053899777167361
1448053900087599105
1448053902646067201
1448053913651929090
1448053917326118916
1448053928256540679
1448053942546583553
1448053948527558656
1448053957553790979
1448053958640033798
1448053960594571264
1448053961018286091
1448053973898903565
1448053993587027973
1448054012885053442
1448054015439278083
1448054019176415236
1448054031163736078
1448054036230516739
1448054064885940225
1448054090974515207
1448054109375012865
1448054118619230210
1448054129520218115
1448054137120251904
1448054138739306497
1448054143155941377
1448054147580825603
1448054147891224582
1448054158729306115
1448054164437749761
1448054165062696962
1448054168070000644
1448054170158780421
1448054183047860227
1448054186059382792
1448054191008649217
1448054195387617288
1448054198847803393
1448054203289636875
1448054212588457984
1448054227079737351
1448054244515385346
1448054244519649285
1448054249305280512
1448054252589436931
1448054260097290240
1448054272210477060
1448054282629091331
1448054293731368965
1448054298001264651
1448054299406254081
1448054303411822595
1448054305416785927
1448054338232913922
1448054338992099333
1448054339868762112
1448054341286367234
1448054349729513476
1448054350752931840
1448054355983323137
1448054365315534848
1448054397452304384
1448054401017450502
1448054412849598464
1448054418843262984
1448054423909978118
1448054429639454720
1448054435377209346
1448054453039509505
1448054462040453124
1448054469258792969
1448054478826057734
1448054518009241606
1448054530076258307
1448054533310095360
1448054536195780609
1448054537772847106
1448054544773099523
1448054563806789635
1448054568525381635
1448054594047721476
1448054597596192768
1448054605468905478
1448054620664774666
1448054630529785856
1448054655687315463
1448054684288266243
1448054697273831427
1448054698301329410
1448054732128407552
1448054739304919044
1448054740496039939
1448054749656502276
1448054756178632706
1448054766328852486
1448054773618515971
1448054777917722627
1448054779750633473
1448054782166503429
1448054783764537347
1448054800558563333
1448054804329140233
1448054822943535104
1448054826621980673
1448054834406600707
1448054838084898818
1448054843273273348
1448054853511618562
1448054867453427714
1448054885921001475
1448054888387198980
1448054894888378369
1448054913053888512
1448054985191743498
1448054989142863879
1448054990312980482
1448054993681059840
1448055000605806602
1448055011028656129
1448055016607174657
1448055027214524416
1448055029101998082
1448055036320358415
1448055061188333571
1448055065026220042
1448055074169794564
1448055076518567936
1448055078196232202
1448055079454580736
1448055092385619970
1448055099373219840
1448055133707902978
1448055149755314186
1448055150308900873
1448055153010135043
1448055163999203329
1448055166800912385
1448055180826656771
1448055187575382018
1448055189877972994
1448055192033845249
1448055196635090947
1448055218923520003
1448055236849963008
1448055237571452931
1448055238167076865
1448055244005462016
1448055245976870912
1448055256143777798
1448055266142998530
1448055269532086277
1448055280617627658
1448055297285689345
1448055314864091145
1448055315879108608
1448055325471526912
1448055336900890629
1448055342244433924
1448055345318973446
1448055356119207936
1448055362142318592
1448055382870568960
1448055391074541570
1448055407658799108
1448055407658872842
1448055422297022465
1448055422628339716
1448055426726170625
1448055439925682176
1448055440416325635
1448055442635120645
1448055446258991109
1448055448557522946
1448055463929651204
1448055467490557953
1448055490357960709
1448055491029053442
1448055498855620615
1448055500403318790
1448055500667596805
1448055502039130113
1448055512969486337
1448055520871559173
1448055521135767554
1448055523400691714
1448055535870304263
1448055541851381761
1448055582800457728
1448055590920597506
1448055598893998087
1448055600806567939
1448055612286377985
1448055617332076544
1448055634709164038
1448055645735989253
1448055655689039877
1448055682490634245
1448055683946061824
1448055686697529353
1448055691411853317
1448055703302811657
1448055711724982278
1448055730964205568
1448055775675441152
1448055781375553543
1448055781459439621
1448055790779179009
1448055793664811009
1448055806306537474
1448055820554579977
1448055881128624131
1448055893845856258
1448055905258545154
1448055908374880256
1448055935423991819
1448055938003439616
1448055945720905728
1448055953589514240
1448055953782411264
1448055954034020353
1448055955829280773
1448055969385226240
1448055972539273218
1448055990075670533
1448055991682093065
1448055997742960640
1448055999529734144
1448056000146202632
1448056000477605890
1448056027400835077
1448056028973735939
1448056036276019201
1448056049525739521
1448056062385573889
1448056063522222095
1448056064986042376
1448056071139078146
1448056087593226241
1448056100297711618
1448056102726275081
1448056117825871877
1448056124293386242
1448056144870715392
1448056154882519041
1448056167800967178
1448056171374469134
1448056192329293831
1448056196888502281
1448056218833063938
1448056243994648576
1448056262864916496
1448056263821103108
1448056277242896399
1448056277343645698
1448056281105903623
1448056281122627584
1448056291100868611
1448056291293863938
1448056295177736196
1448056300877885448
1448056320347840514
1448056335191400453
1448056349863124996
1448056367680458754
1448056369655926784
1448056377599987718
1448056394041659393
1448056396709257217
1448056403629944837
1448056408134541313
1448056426325323777
1448056426908299264
1448056435066249217
1448056456041881605
1448056461729443854
1448056483376152581
1448056484496121859
1448056484647026688
1448056491181854734
1448056492708466692
1448056507120160770
1448056529156968448
1448056533284184068
1448056538212483083
1448056555098841088
1448056598702829577
1448056602318229510
1448056606508343301
1448056607284281346
1448056624489320460
1448056630810226689
1448056630998933513
1448056646299754503
1448056663282524167
1448056677970939908
1448056687441629186
1448056693993189382
1448056704789274624
1448056720316583939
1448056732526202882
1448056733809745921
1448056735307022337
1448056745889239041
1448056746250055681
1448056760359653378
1448056760745533446
1448056770572718082
1448056793813430277
1448056834724671495
1448056843088056320
1448056869973594114
1448056880367079429
1448056922008129540
1448056933320122372
1448056940567871495
1448056949447303175
1448056982150189067
1448056998797488128
1448057037255057412
1448057069609885714
1448057080280195076
1448057084566818817
1448057089436291075
1448057097946546178
1448057109166297090
1448057109279559683
1448057128724410370
1448057134088863750
1448057157082091521
1448057162157203462
1448057167626579970
1448057168029274115
1448057174333300741
1448057177688608771
1448057181501276162
1448057250740834306
1448057256252162049
1448057256856236035
1448057268528943107
1448057277576003586
1448057287680172033
1448057292189052933
1448057297951993858
1448057301433298944
1448057304675463173
1448057318453784578
1448057318642536457
1448057323319087104
1448057333872009222
1448057336891850760
1448057342617169921
1448057345553145857
1448057354507984904
1448057359738224642
1448057368881795072
1448057372124065798
1448057381863182341
1448057398736965640
1448057429405671435
1448057441611141121
1448057443288817670
1448057451178336256
1448057473387188230
1448057484221034502
1448057485433126918
1448057492584509441
1448057501937774593
1448057529842470914
1448057550033887235
1448057563904368641
1448057567754719233
1448057584318038021
1448057607999086592
1448057620959539205
1448057635413151746
1448057636767817729
1448057640316178434
1448057655004520450
1448057689980952583
1448057699137114114
1448057712445640706
1448057715943788544
1448057728518197249
1448057753155604484
1448057763435847680
1448057767286251526
1448057795555860480
1448057799167127555
1448057805190094848
1448057832906055690
1448057843702239234
1448057851440738311
1448057883707518977
1448057893123764224
1448057935486140425
1448057973281001473
1448057973805305856
1448057993690505223
1448057998270771200
1448058003253514242
1448058016490786820
1448058023876964358
1448058028901740545
1448058033570041858
1448058044525518855
1448058050137497602
1448058051240546304
1448058052939235330
1448058089177944066
1448058104491520005
1448058106903252992
1448058115648262146
1448058117649047554
1448058124603203586
1448058132522049536
1448058133394432002
1448058135151775747
1448058150293233669
1448058152176467969
1448058152507912195
1448058158904184841
1448058159986270208
1448058167338864640
1448058167410188291
1448058188012601344
1448058192580198415
1448058194245439489
1448058207771971591
1448058219914539008
1448058231473967107
1448058254974726144
1448058256048406533
1448058257642299395
1448058280287297545
1448058292354310148
1448058300860444672
1448058301636386824
1448058326353383427
1448058330367340552
1448058346242727946
1448058350374166539
1448058361061203972
1448058364949319682
1448058365821788168
1448058369806381057
1448058376609480707
1448058376924106754
1448058379243565062
1448058389070860291
1448058390215806980
1448058398881288200
1448058405399187456
1448058432737660929
1448058435879198726
1448058442694991881
1448058454325841921
1448058467688796161
1448058479692877824
1448058495417335811
1448058512836333576
1448058514862133257
1448058523305250816
1448058565802041344
1448058592293236740
1448058592649691139
1448058592674918400
1448058593266257925
1448058609422716931
1448058614955094016
1448058620671930372
1448058622840279042
1448058636253663236
1448058671439695876
1448058680784588804
1448058705304596480
1448058718948573184
1448058730810167303
1448058745708240901
1448058755497832451
1448058769972289545
1448058784228810753
1448058801735802881
1448058811890257922
1448058814587154436
1448058817787355138
1448058843091570692
1448058843980763143
1448058857234784257
1448058885034684421
1448058897445662724
1448058902835257347
1448058906186502144
1448058915481165829
1448058938822471683
1448058952856571905
1448058958376222722
1448058960163049477
1448058973328973831
1448058979389779973
1448058986562007047
1448059028463132673
1448059053859606530
1448059064085327875
1448059072696225792
1448059083383320581
1448059089100197891
1448059097065086983
1448059107450175489
1448059125569622016
1448059126773338112
1448059136902586372
1448059138857226241
1448059168578015232
1448059175754469380
1448059192846258182
1448059202694434817
1448059235581956099
1448059240426483712
1448059259925803010
1448059284944719877
1448059295661187078
1448059298907672578
1448059320592125956
1448059336736006153
1448059349176406018
1448059422916464640
1448059436124286977
1448059443187490816
1448059461755621384
1448059466591653891
1448059473449336833
1448059487185686528
1448059502943690755
1448059510313136136
1448059512691335168
1448059531834105863
1448059538796646403
1448059540126289923
1448059566911021058
1448059586808778753
1448059593196777475
1448059603678281732
1448059609659420676
1448059626277195792
1448059640504332288
1448059640621699073
1448059645759795204
1448059649119358977
1448059659995254785
1448059682149523457
1448059727431208960
1448059750822916096
1448059759597400065
1448059776785686532
1448059779314749443
1448059781634301956
1448059791243370505
1448059791973265412
1448059801729122304
1448059814496673792
1448059825607299074
1448059830799937536
1448059837326168072
1448059839393980418
1448059840983703554
1448059860684361728
1448059889188749320
1448059890694557697
1448059896725901314
1448059904141504526
1448059948462710785
1448059949771329536
1448059983107592194
1448059998588837895
1448060014615318528
1448060015735185408
1448060016108388353
1448060016401989634
1448060022269820931
1448060048282984450
1448060050711498754
1448060052523343878
1448060059645267968
1448060063491440653
1448060069422239744
1448060081959063559
1448060097230344194
1448060100707553284
1448060104541097986
1448060140771491843
1448060145687318531
1448060146102542345
1448060158899367939
1448060206445998080
1448060214742327299
1448060226628882434
1448060238683414534
1448060244807102479
1448060268769075205
1448060276671197190
1448060286750056450
1448060297525276675
1448060310917681157
1448060316202455047
1448060318853345281
1448060326419832833
1448060329246724096
1448060332719628288
1448060337836658688
1448060352206446604
1448060354114772994
1448060364722221059
1448060390039031808
1448060392404570116
1448060426542010373
1448060433034878977
1448060439062065153
1448060458771025928
1448060488961699842
1448060537871417349
1448060554795433985
1448060569504960518
1448060572919009287
1448060581811040256
1448060582243016706
1448060592372260864
1448060598709899268
1448060601989836801
1448060612182003715
1448060664023592961
1448060692666458113
1448060699045941253
1448060713688346624
1448060724828332035
1448060740192161792
1448060740452110340
1448060754989654021
1448060757107781635
1448060785444392960
1448060803077312519
1448060803404472329
1448060830386475010
1448060885776445440
1448060894580297735
1448060900158607360
1448060945931063306
1448060960703385602
1448060967183597569
1448060985525383173
1448060985718284290
1448060993402195974
1448061012599611400
1448061052227399681
1448061067159080960
1448061074910089225
1448061089191706625
1448061090684866564
1448061127573839872
1448061134137876488
1448061138755784707
1448061146120982531
1448061155872739334
1448061170582179842
1448061170741649412
1448061204233076740
1448061204308561925
1448061205940248577
1448061209048231937
1448061218460160001
1448061241520447490
1448061248243965953
1448061254921248771
1448061290598084623
1448061311502454786
1448061327436656640
1448061331211489285
1448061332050391049
1448061332503285761
1448061351683891200
1448061361628631041
1448061373624332300
1448061374266023941
1448061394751049731
1448061403546456069
1448061449402830849
1448061483984818179
1448061492310446084
1448061495674347526
1448061499180830726
1448061501072420867
1448061556194004996
1448061557158592514
1448061586405531655
1448061588041261063
1448061588628516871
1448061592621522944
1448061598602600450
1448061615711133703
1448061650372792323
1448061665073897476
1448061677853941763
1448061686733234182
1448061692177526795
1448061695511908352
1448061706824044546
1448061717859250185
1448061728156160004
1448061739480801283
1448061752369983504
1448061760414658566
1448061776415924228
1448061810544979975
1448061820108001284
1448061857407938564
1448061903494959104
1448061912034562050
1448061912097427457
1448061915817783297
1448061926001496065
1448061938907418628
1448061953931452421
1448061985090854916
1448062022093090821
1448062027222638592
1448062028350988291
1448062038878588933
1448062043890782213
1448062056830283778
1448062074689568769
1448062078074372097
1448062079202643973
1448062113843486721
1448062127986642951
1448062146869436417
1448062161763307523
1448062162510000130
1448062167077556225
1448062178272161792
1448062186669084672
1448062232903004165
1448062251815088128
1448062253933207552
1448062283951841282
1448062287315668997
1448062290939588610
1448062296601894913
1448062311298736132
1448062344303611912
1448062361751928835
1448062391502114817
1448062401484632065
1448062413459365898
1448062462541148160
1448062468912201729
1448062525535408128
1448062526923608067
1448062542161534976
1448062552265695237
1448062587107782659
1448062624307032069
1448062636025950210
1448062639989481478
1448062651003723777
1448062652295651335
1448062658318675969
1448062659505557506
1448062675599204356
1448062690933497863
1448062693533966341
1448062702799179780
1448062721656819712
1448062723661697036
1448062730066436100
1448062738815664130
1448062766317719557
1448062772223295489
1448062802590060545
1448062810769051654
1448062815659495427
1448062816120942603
1448062827676188672
1448062848425418755
1448062852011540484
1448062862899941377
1448062887478575110
1448062910257840129
1448062961466155009
1448062970542632967
1448062991874801664
1448063015358713869
1448063017695039488
1448063022715527175
1448063030642843648
1448063057071124487
1448063065946218498
1448063123332767745
1448063173207134212
1448063191284654081
1448063198142337025
1448063209647312896
1448063209726939140
1448063212222664705
1448063231583559687
1448063240949403650
1448063242698477570
1448063251644882947
1448063253754617867
1448063304778276864
1448063313951268870
1448063346666782723
1448063366560366593
1448063367638302727
1448063372726046720
1448063381299240961
1448063389247356933
1448063441076379668
1448063448127057924
1448063460554780675
1448063477717905409
1448063545179004931
1448063551994728452
1448063559607463948
1448063562925105157
1448063565441667077
1448063591798685699
1448063625164361728
1448063641174020098
1448063646052069377
1448063652611989504
1448063654163881984
1448063666100871168
1448063717850193923
1448063750590828547
1448063831880646658
1448063850465669124
1448063870657040386
1448063913841598469
1448063929981313024
1448063952345251848
1448063963581800451
1448063978458988544
1448064009136222210
1448064011807899651
1448064027201052672
1448064033010167810
1448064041881153539
1448064076362432516
1448064113419169797
1448064128753471496
1448064141319712768
1448064152359088133
1448064175935311873
1448064186676809728
1448064189692616709
1448064201323425794
1448064202753683457
1448064206134198283
1448064231832752129
1448064236178059268
1448064256734384130
1448064267601817606
1448064271980666882
1448064297859440641
1448064305207910400
1448064323868315650
1448064327760613384
1448064332630274049
1448064370358079499
1448064372165816320
1448064380009078788
1448064382244696066
1448064456072773636
1448064468395741189
1448064492328394752
1448064501505474561
1448064552269230082
1448064571193823237
1448064598347763712
1448064601367658498
1448064624746766340
1448064657428713481
1448064744238338054
1448064817374404609
1448064820994093057
1448064826283024384
1448064865726341124
1448064878728695826
1448064880926416900
1448064882612518913
1448064899821838339
1448064967530385416
1448064974757183491
1448064987528892420
1448065032181399553
1448065048761544712
1448065102368890883
1448065108995985414
1448065137269686272
1448065160191619079
1448065161701597185
1448065162574016513
1448065180919795713
1448065181783834629
1448065195386023941
1448065225530425351
1448065234107871235
1448065237366755333
1448065248884318217
1448065253888176133
1448065255964299272
1448065271458041861
1448065286389776387
1448065303087288328
1448065303494250501
1448065307529125893
1448065309500444672
1448065311874424832
1448065366958219264
1448065404664963085
1448065419097612289
1448065435329605635
1448065441415450624
1448065450684915712
1448065460986126343
1448065488387510277
1448065495056461830
1448065505932333062
1448065520343953411
1448065545799098370
1448065576610541571
1448065595094839299
1448065620650647553
1448065628884066307
1448065669094952964
1448065704993951746
1448065719254540296
1448065739924066307
1448065770806726658
1448065789593067520
1448065805049024516
1448065821931102208
1448065857687597067
1448065877350440960
1448065885109882892
1448065886213091330
1448065896581410818
1448065917024358410
1448065958724218882
1448065961978998785
1448065978856841229
1448065993285251073
1448066013866643462
1448066054270464008
1448066057399382019
1448066065343434752
1448066084125429760
1448066146356416513
1448066149195911168
1448066159547408390
1448066185782861830
1448066213536489474
1448066226803159047
1448066233891540995
1448066239952265217
1448066255454359556
1448066281110900736
1448066361595400199
1448066385117159428
1448066398081667075
1448066454201544707
1448066478733938689
1448066479736434700
1448066504889708546
1448066529938051073
1448066560283791369
1448066562943029253
1448066579284086784
1448066597923561472
1448066690621874181
1448066752471080960
1448066793311019009
1448066796632817674
1448066801212997635
1448066813925920776
1448066824692719620
1448066857085415430
1448066888177704960
1448066894695702532
1448066912123080712
1448066924575969283
1448066937808986115
1448066943949410306
1448066958642057216
1448066960072318987
1448066974664253442
1448067018754822154
1448067034726666246
1448067046135185419
1448067049125711881
1448067068335738893
1448067069908590594
1448067095665729539
1448067109762834439
1448067149508005905
1448067164158709762
1448067202884775937
1448067244999815168
1448067261084864518
1448067268609560584
1448067272434671623
1448067294328934409
1448067321105457153
1448067338234904577
1448067359143510017
1448067371235778569
1448067371386744834
1448067386071044096
1448067395009105927
1448067417557643264
1448067486679699460
1448067501074620416
1448067567277518852
1448067575590555653
1448067584826527755
1448067593101848576
1448067601696018438
1448067609002487814
1448067687066779655
1448067703961444356
1448067723406237702
1448067731962613761
1448067757141110787
1448067762979545090
1448067809288785922
1448067826024173576
1448067870278262784
1448067871775633408
1448067879971299334
1448067889374826504
1448067895284670470
1448067918567284741
1448067922224685058
1448067961978343425
1448067968085200900
1448067989031489542
1448067989643964420
1448068002440794128
1448068008119783427
1448068014902026241
1448068027489075204
1448068049765085187
1448068123890958340
1448068147433590793
1448068212147593222
1448068213707788290
1448068216358572035
1448068219923845129
1448068241046360064
1448068249380347916
1448068263934676993
1448068304313147399
1448068357777985550
1448068363159281671
1448068432394604545
1448068443488591872
1448068445346672641
1448068452137242627
1448068461008199687
1448068469182935050
1448068499817988096
1448068502800277509
1448068531564732431
1448068534559551488
1448068558680952835
1448068600766554116
1448068616214257668
1448068661680480267
1448068721696821251
1448068741414236168
1448068763362992141
1448068773492232198
1448068843910357003
1448068847546810368
1448068891838648322
1448068913485565959
1448068937619496964
1448068971631194115
1448068998919249920
1448069007148453891
1448069035606806531
1448069043928371203
1448069057291427848
1448069076916576261
1448069082822103046
1448069084365660165
1448069119471984641
1448069226456092689
1448069271939080196
1448069275059728385
1448069288741515266
1448069289370656773
1448069306378510338
1448069326389616648
1448069327522050065
1448069344307580932
1448069347012919300
1448069355485417478
1448069366956892160
1448069378453426178
1448069385701167112
1448069398548340742
1448069425144475650
1448069434782928903
1448069446665445378
1448069456517861376
1448069473341165581
1448069509693296640
1448069521697349636
1448069523660283905
1448069538420035587
1448069556044455941
1448069562914721798
1448069568262463488
1448069602261483526
1448069606233493508
1448069607051472896
1448069639091666958
1448069641759305732
1448069664853172224
1448069697988141064
1448069737137811457
1448069766703427594
1448069776752975874
1448069827944407051
1448069835628371978
1448069835691372548
1448069857715503106
1448069859938549772
1448069871032492035
1448069874283126786
1448069877315555334
1448069898731720704
1448069919724212239
1448069932307075073
1448069935222116356
1448069943921098757
1448069972337508358
1448070096522522624
1448070103505985542
1448070123068305416
1448070153032323073
1448070165665652739
1448070168731656193
1448070175178338317
1448070187576700938
1448070260830113796
1448070268711325699
1448070329662849026
1448070338789707780
1448070344099651587
1448070357076910086
1448070375980650496
1448070376756584451
1448070389712789506
1448070437024448519
1448070446042263554
1448070456154656776
1448070530570018821
1448070531211726853
1448070542268014594
1448070543975059459
1448070546470678530
1448070559246471170
1448070565353476097
1448070566116827137
1448070586341670915
1448070595418234882
1448070603387310099
1448070611750825998
1448070630646165512
1448070698606473226
1448070705447411714
1448070721821937665
1448070751475707908
1448070777069256710
1448070782601646083
1448070810330095629
1448070821126213632
1448070853267230729
1448070881767460866
1448070888868438018
1448070895092838402
1448070937316888582
1448070953511047168
1448070955423645707
1448070987866644491
1448070998172094464
1448071011367276544
1448071074281885705
1448071130422599691
1448071133564227586
1448071149720678405
1448071153457766402
1448071165466054661
1448071184046862338
1448071197275660291
1448071214883291141
1448071300501606400
1448071307699044359
1448071333045313538
1448071333691154443
1448071337453527044
1448071357284093953
1448071379761381379
1448071497965346827
1448071498141511681
1448071521885380617
1448071541137330176
1448071610506924033
1448071621105885188
1448071626868891649
1448071636939382789
1448071655453036556
1448071675271163910
1448071681197682696
1448071704346046468
1448071707374362626
1448071713703481352
1448071739771076612
1448071740190560263
1448071747018842121
1448071768493772803
1448071780556496898
1448071783240937479
1448071785249902596
1448071786776735753
1448071794775183363
1448071797354778627
1448071802140385291
1448071804489289737
1448071808691941378
1448071817277681667
1448071824084963329
1448071875335163904
1448071878816542720
1448071890581458947
1448071921036300294
1448071977885999104
1448071980679303170
1448072025008902144
1448072027533942788
1448072044353032192
1448072111013212164
1448072120093773833
1448072145012207617
1448072146408943618
1448072195666759691
1448072200393740295
1448072215665201152
1448072240789078016
1448072249488052225
1448072252013039626
1448072279389360135
1448072291070455811
1448072295927398405
1448072296233672710
1448072298125271043
1448072305725349894
1448072341460856835
1448072361836691460
1448072380962717697
1448072449573232652
1448072514106703876
1448072521165774851
1448072523040579590
1448072590178795524
1448072590375915520
1448072598181588994
1448072624903438339
1448072658780835851
1448072687125946380
1448072708097515526
1448072732701339657
1448072747209347082
1448072776250765316
1448072805824843782
1448072815803052034
1448072827060563979
1448072844701732869
1448072848908619784
1448072869439750146
1448072877144789000
1448072883113185284
1448072895780081672
1448072926629175297
1448072930353684484
1448072932811497473
1448072940919140352
1448072979045289992
1448073010766913544
1448073100663435267
1448073102215237635
1448073155629785089
1448073156678258692
1448073174151794691
1448073179306549250
1448073182037135363
1448073192954863623
1448073216828841995
1448073281744080896
1448073287960043525
1448073308860207104
1448073402997256197
1448073422345494531
1448073426883817474
1448073461470007303
1448073467396608004
1448073478993813507
1448073488976257029
1448073489613721600
1448073521482063884
1448073538406162443
1448073602725781505
1448073607557656576
1448073612087410698
1448073616516657161
1448073643540422656
1448073653036462092
1448073686196625410
1448073691615666177
1448073692538363924
1448073855373910019
1448073856208547843
1448073866098708485
1448073890522075137
1448073890761256960
1448073906577936389
1448073913670451210
1448073930942697476
1448073945194930185
1448073947761758211
1448073962370502663
1448073977067458561
1448074053319860226
1448074070759813130
1448074132646662152
1448074138120331274
1448074160178176006
1448074185184534529
1448074194315587599
1448074206554566658
1448074216981532674
1448074249898442753
1448074254851903493
1448074258857578499
1448074263966146566
1448074342332616706
1448074348795994121
1448074353137049609
1448074380211331075
1448074401283518465
1448074459752157188
1448074460901388297
1448074472267845635
1448074481990316032
1448074484469096463
1448074498159230977
1448074500742975502
1448074510159253506
1448074529281040409
1448074559077425155
1448074564051816450
1448074628660932608
1448074770956890115
1448074783057403907
1448074813306716164
1448074892910473216
1448074899185090560
1448074953476222978
1448074968626089984
1448074969775235075
1448074977916473347
1448075022963195909
1448075057453051905
1448075137425842177
1448075137966870532
1448075157650776064
1448075167121514501
1448075284125790216
1448075286772391936
1448075304052854790
1448075319420850180
1448075324051369994
1448075326907731968
1448075328589602818
1448075346922950661
1448075373732843531
1448075380913577987
1448075415424323591
1448075439055024132
1448075459057655809
1448075483741134853
1448075543841226758
1448075554247303170
1448075557695115269
1448075622094344195
1448075759755669512
1448075776084094983
1448075781377339401
1448075829523755010
1448075838985998352
1448075870959284229
1448075930006609925
