1446241653677776898
1446241653883342851
1446241655691022341
1446241664851398658
1446241675135922190
1446241679284051972
1446241690373828615
1446241788054970368
1446241792479858691
1446241793662652427
1446241816421015556
1446241826164420609
1446241856375906309
1446241863787233283
1446241866496856064
1446241891847184391
1446241914546802695
1446241931340697601
1446241941742620678
1446241943571374081
1446241947262332931
1446241982720970761
1446241987183747074
1446242014589292546
1446242016371871750
1446242024928198656
1446242036915609609
1446242052333883395
1446242069450616841
1446242076199358471
1446242135217524738
1446242144482729985
1446242145346727937
1446242148232409092
1446242166272057349
1446242184328531975
1446242251517083648
1446242296685604869
1446242309981589509
1446242312884047878
1446242334920912902
1446242349588389892
1446242362913591298
1446242403497779207
1446242405724921858
1446242410191785987
1446242416164474881
1446242424473391107
1446242500742729737
1446242548410900486
1446242563992784903
1446242565175578625
1446242584075046913
1446242589661933569
1446242605134753795
1446242623048626176
1446242623317024772
1446242626244644867
1446242639360233473
1446242648537407497
1446242664412811266
1446242666887401474
1446242694389538817
1446242694779523083
1446242695232593927
1446242697111609344
1446242699129102341
1446242716740956166
1446242727960719362
1446242730749878272
1446242746134671361
1446242755374686213
1446242788014706691
1446242790728511492
1446242790938234882
1446242802137026561
1446242885385560068
1446242891928588290
1446242897704230913
1446242903815241729
1446242926997147655
1446242943342452736
1446242995980886017
1446242999038529541
1446243058354380801
1446243064796925952
1446243100523962368
1446243107096387586
1446243156467585026
1446243167720853509
1446243174519816192
1446243177082626050
1446243190474956807
1446243201434726402
1446243202185433090
1446243228496318468
1446243233131073539
1446243255897796609
1446243257533538309
1446243296884441089
1446243304950087680
1446243311199694848
1446243314815098884
1446243324583677959
1446243327985266693
1446243328102707201
1446243359161475080
1446243360314957824
1446243367868829701
1446243377247367173
1446243378321137664
1446243403075829761
1446243405026234368
1446243427381809154
1446243428258488320
1446243444607889414
1446243444683382794
1446243458121936903
1446243461410213891
1446243534135246850
1446243540460310529
1446243559334612999
1446243606868762627
1446243610664505346
1446243643904380930
1446243670710226946
1446243678683648004
1446243688049479680
1446243692642197510
1446243699348983812
1446243709515964418
1446243724695113731
1446243749454094339
1446243757997928450
1446243765480574980
1446243793284501511
1446243794794467328
1446243795117481985
1446243802046509061
1446243835101724675
1446243860091392001
1446243862251511809
1446243876344377347
1446243882358935552
1446243883864690690
1446243887316676613
1446243896397385729
1446243917012295681
1446243924515999747
1446243927883927559
1446243936507514883
1446243977292926981
1446244003419246592
1446244014076964864
1446244019131068422
1446244024159977474
1446244037598617601
1446244051611754501
1446244056091267077
1446244184789299208
1446244186076950528
1446244255610163200
1446244290829692930
1446244313671901192
1446244324635709445
1446244399764148226
1446244414649741313
1446244450196410372
1446244484531081219
1446244518064447493
1446244541800067073
1446244548250902535
1446244558363369473
1446244591674474497
1446244625719701505
1446244628999589891
1446244633995005954
1446244642241060865
1446244647374819329
1446244662143078402
1446244663707455493
1446244671169122311
1446244682938437634
1446244697417134082
1446244701573636097
1446244711543549958
1446244722213797891
1446244729281257472
1446244747832606721
1446244756493848577
1446244757458587648
1446244774420307973
1446244794276229126
1446244822940102657
1446244824554823680
1446244904611495941
1446244931996168198
1446244979366670337
1446244991773429766
1446244992238903297
1446245007036456963
1446245025470373888
1446245033125023749
1446245034471329792
1446245044051185666
1446245052989296641
1446245067048501248
1446245078775762946
1446245082877894662
1446245120190427140
1446245130399256581
1446245147876921349
1446245170312355850
1446245193909477383
1446245199630438400
1446245216512581633
1446245218907480071
1446245223647088644
1446245246325694464
1446245248141828096
1446245258707324929
1446245270631636996
1446245270874988544
1446245303435337733
1446245307809996804
1446245323450486786
1446245326491459588
1446245328253030402
1446245336377438210
1446245344996741122
1446245352370233345
1446245381826830342
1446245409404465157
1446245440857456645
1446245453599756288
1446245463901024262
1446245511892279301
1446245516627566593
1446245564392349702
1446245580540424199
1446245604569587712
1446245608508076032
1446245612119339008
1446245679236534281
1446245692398256130
1446245704314261506
1446245726569132032
1446245732281995265
1446245746106372096
1446245764724895754
1446245797385867264
1446245820144177154
1446245828998352898
1446245844324438018
1446245849659490306
1446245875316056064
1446245921461784584
1446245940982161408
1446245947332251652
1446245956635308037
1446245973391458309
1446245976923049986
1446246019373600775
1446246065787834377
1446246083429126148
1446246119009394694
1446246120598999051
1446246120611532807
1446246140203212801
1446246153356554241
1446246158293213195
1446246160960835584
1446246162042925060
1446246171320672261
1446246200945127429
1446246207496544264
1446246213733519360
1446246224273809413
1446246230800183298
1446246231202729994
1446246234658942988
1446246260906856453
1446246295321157642
1446246360173486084
1446246366536155137
1446246418553970689
1446246436891500550
1446246445305274378
1446246456525004800
1446246467019100162
1446246497696337923
1446246501420834818
1446246523700973573
1446246555162497029
1446246569536282624
1446246585646653440
1446246604529340419
1446246610799927297
1446246627300282372
1446246635114278912
1446246640239718405
1446246658925281280
1446246682883133444
1446246684653203459
1446246694627250176
1446246728416612355
1446246761652162561
1446246805239435267
1446246832212832394
1446246832275853312
1446246859257823244
1446246871748448263
1446246878702673926
1446246906913599490
1446246933513871362
1446246944523882497
1446246950748278787
1446246953608695813
1446246974085283848
1446247014241652740
1446247036656013312
1446247042834214915
1446247047510859780
1446247049456988162
1446247051440832516
1446247061100322818
1446247069426012163
1446247071233847299
1446247089621676036
1446247104020635650
1446247128108503049
1446247141102530561
1446247160144662529
1446247161201676292
1446247174656954370
1446247203484446720
1446247211847802884
1446247220324540416
1446247279539769346
1446247284535136261
1446247309134766083
1446247347323908099
1446247349756497923
1446247370530885636
1446247406778081286
1446247427992920075
1446247474608418820
1446247485207371776
1446247497605820418
1446247499501613062
1446247507642798085
1446247510742380557
1446247550093246464
1446247553935331332
1446247583035318274
1446247681140080645
1446247715743092736
1446247716376432645
1446247746218962944
1446247759678431234
1446247801101426692
1446247810052001792
1446247852829777921
1446247879752962050
1446247882730975233
1446247888468729860
1446247889223704579
1446247916134440965
1446247946962546694
1446247952662548484
1446247974946881538
1446247976075157512
1446247998858698758
1446247999181623301
1446248036267659268
1446248082572726275
1446248086142132225
1446248119121887237
1446248127246315532
1446248139539767297
1446248143268483075
1446248143587315715
1446248157759909899
1446248201930018825
1446248218795315203
1446248246616240136
1446248257261346819
1446248272125906947
1446248272931196932
1446248297325281286
1446248323619434498
1446248336126791685
1446248336697307138
1446248373892395017
1446248389709074435
1446248402312892422
1446248404040945667
1446248404972093442
1446248405337055235
1446248413805400067
1446248475067396098
1446248480943575044
1446248504410652680
1446248506038099976
1446248507774484485
1446248574338179074
1446248574925295618
1446248590150717444
1446248620534140934
1446248633284890630
1446248697789128704
1446248699152175105
1446248765615128577
1446248767267672066
1446248774024761351
1446248822473101316
1446248839590068225
1446248840768671746
1446248844958765057
1446248860347666435
1446248866479808522
1446248878886596614
1446248882816655364
1446248888063647748
1446248903557488644
1446248932661731332
1446248953188605954
1446248993785368581
1446249003344085000
1446249004350812160
1446249007974653953
1446249021840846905
1446249028090482690
1446249028400951296
1446249033622827012
1446249046553804805
1446249048915300354
1446249050370682889
1446249056938909698
1446249065084293133
1446249159233769472
1446249162111131648
1446249174387810307
1446249214145609739
1446249217652105219
1446249219925422081
1446249226149810182
1446249231044562948
1446249247586856964
1446249257481166849
1446249257896398856
1446249287474634752
1446249291312472072
1446249299625627652
1446249306646892544
1446249311952588801
1446249318382333963
1446249372321304577
1446249372560285701
1446249379753517060
1446249380982534146
1446249386539900930
1446249390465855489
1446249396186882054
1446249426440359942
1446249445864189954
1446249447760048134
1446249448917643265
1446249499668754435
1446249550491136004
1446249568312647684
1446249571231965191
1446249597672824835
1446249600986267651
1446249632787574798
1446249662097330177
1446249665960333312
1446249676274028545
1446249735589879809
1446249767990878218
1446249825012436998
1446249836647526405
1446249884923879424
1446249921091354625
1446249931031855105
1446249948962598915
1446249954889146373
1446249974744985600
1446249991744499713
1446250081913556992
1446250082811142144
1446250093825433601
1446250095092064262
1446250170165907457
1446250177203933185
1446250261337493508
1446250263606702085
1446250299790925832
1446250303569940488
1446250310234685442
1446250372192931840
1446250396700262402
1446250427226501127
1446250441151500289
1446250450433548294
1446250476471783426
1446250513071288322
1446250584730914823
1446250640469016585
1446250650518626311
1446250652544475140
1446250701861044228
1446250757557207040
1446250854647009288
1446250856886771712
1446250867053760513
1446250896543862790
1446250942358335494
1446250986708865028
1446251028308021251
1446251032632303617
1446251058980966406
1446251075162492935
1446251115738288129
1446251126693810176
1446251175142166529
1446251189864124431
1446251257430265858
1446251330989871110
1446251339072385028
1446251385373270017
1446251389953445894
1446251423872790536
1446251548552667141
1446251558660984839
1446251572175024135
1446251588738330624
1446251635550867456
1446251647923941397
1446251669340176389
1446251702571749379
1446251712042385409
1446251751972147204
1446251759320641537
1446251817684414465
1446251820356100100
1446251891046948868
1446251908306554881
1446251948005597184
1446252035469463565
1446252045334454276
1446252049549520915
1446252061360889857
1446252078851108869
1446252106541932547
1446252138179485697
1446252152830271494
1446252153807511553
1446252158052184070
1446252162988875777
1446252163664072711
1446252287370965003
1446252298510942209
1446252359013867523
1446252386801143816
1446252398557765634
1446252420162588675
1446252436285534209
1446252470825537538
1446252546494980101
1446252572243857410
1446252582951919619
1446252586156367872
1446252683023749126
1446252701034197000
1446252705706557448
1446252738434715648
1446252850791735296
1446252909960830976
1446252922619244546
1446252982295793675
1446253005347737602
1446253035068477443
1446253052059701263
1446253054131679239
1446253076126396439
1446253193286070279
1446253200005287940
1446253201053921282
1446253231567421444
1446253240102932483
1446253351922982914
1446253359036616707
1446253395430498311
1446253414011359234
1446253420449615873
1446253429530271749
1446253432202006529
1446253462505893889
1446253472697946116
1446253489810780162
1446253501688995851
1446253504104968201
1446253613454700545
1446253627165839361
1446253657020715009
1446253661559078919
1446253711555170307
1446253754744025091
1446253773429559297
1446253776852111360
1446253798587084811
1446253848734089216
1446253889259511809
1446253911522828295
1446253930221027329
1446253937896591363
1446253972516483072
1446254028585938956
1446254041860907010
1446254055622336519
1446254068922470400
1446254097741631489
1446254114741133312
1446254132231299072
1446254140280164356
1446254157829218306
1446254200925605892
1446254211084267523
1446254217275052036
1446254229321142275
1446254265186590720
1446254283758968837
1446254293540130820
1446254305548308489
1446254324556910597
1446254335772528640
1446254345348128768
1446254349546450969
1446254360116318213
1446254414415728645
1446254452676124674
1446254507332145152
1446254520850321408
1446254557697347586
1446254563451883520
1446254578014560259
1446254602953936897
1446254621966675972
1446254632855035908
1446254633270263809
1446254653079961604
1446254661950914563
1446254663456722946
1446254707421372418
1446254709304610836
1446254716074213387
1446254750949838854
1446254783933865986
1446254896534245385
1446254911721811968
1446254912250200074
1446254913391140871
1446254945393647617
1446254955388620804
1446254965324976129
1446254975852683270
1446255002549379075
1446255006018150404
1446255025739735042
1446255039375347712
1446255040965009410
1446255041124474880
1446255067309428741
1446255079409991687
1446255132925218819
1446255146128846848
1446255151879184385
1446255164130746371
1446255202118537219
1446255216907665408
1446255260041887748
1446255275770585092
1446255290861584385
1446255305730441218
1446255333303889923
1446255341663105025
1446255534865272837
1446255559141908484
1446255614066401288
1446255701173604359
1446255737471176710
1446255801178415104
1446255853263282178
1446255871827218437
1446255895231479810
1446255968300552194
1446255986910679049
1446256066564706305
1446256071694327808
1446256076832260096
1446256077042032649
1446256099645136896
1446256121942102020
1446256159380312079
1446256185049587712
1446256187922685955
1446256206872514563
1446256227147726850
1446256240267612160
1446256244126269441
1446256265366224899
1446256313906958336
1446256316142473217
1446256340180119555
1446256350770704390
1446256397470011396
1446256462318157831
1446256465438724099
1446256479242235910
1446256491086983168
1446256525484466179
1446256537127866369
1446256563598024709
1446256624008581122
1446256725212942336
1446256766803664899
1446256810168619013
1446256857799139329
1446256877843755011
1446256893282897920
1446256946793824265
1446256977911418881
1446256993455513603
1446257006369812480
1446257039488045068
1446257097142898693
1446257150855090181
1446257198213050370
1446257378807197696
1446257386054897666
1446257418556657664
1446257420423110661
1446257455030325250
1446257483098566666
1446257503612846081
1446257505852665858
1446257585095647232
1446257594662891526
1446257608726355972
1446257621665726467
1446257626631782405
1446257633720213507
1446257656478453762
1446257676397256708
1446257719292346368
1446257732026257408
1446257759540838400
1446257766591467520
1446257773763829761
1446257785738518536
1446257790981492738
1446257798317285376
1446257859197550592
1446257870589267972
1446257899639123968
1446257931993948162
1446257993478139904
1446258029155045378
1446258050873057285
1446258279055773701
1446258283636011008
1446258284550365189
1446258316120936448
1446258330285101056
1446258332826746885
1446258357661274114
1446258376132808704
1446258450217017349
1446258497293803520
1446258499151859718
1446258520857485312
1446258583931342849
1446258596199735304
1446258606484201472
1446258609751482369
1446258738860642306
1446258796192571392
1446258815092117509
1446258821714911232
1446258829688254467
1446258857127329793
1446258863913717762
1446258896297922568
1446258898789408769
1446258949985083398
1446259087222640640
1446259094252359683
1446259097997807617
1446259162896388100
1446259217015390210
1446259250024620035
1446259255514914820
1446259265749098496
1446259273462423553
1446259315313156096
1446259332111294465
1446259375082020870
1446259397504737282
1446259468057075714
1446259518577459204
1446259534226407431
1446259565834620929
1446259567298547713
1446259580820938757
1446259615902097411
1446259624072581131
1446259634147364865
1446259705408544771
1446259754301640704
1446259771229802498
1446259806298324993
1446259810069094401
1446259868533465092
1446259882890510339
1446259919997521923
1446259923780841479
1446259940746829826
1446259964486590469
1446259966692691969
1446259988343754758
1446260036515287042
1446260043364683777
1446260054525677579
1446260066483646464
1446260128450232320
1446260147811201027
1446260152236134401
1446260188202381313
1446260207349288961
1446260229784719361
1446260236248039429
1446260268015706116
1446260329705578500
1446260331777609728
1446260384109826052
1446260385997336577
1446260482378190859
1446260495372144647
1446260539643080708
1446260828404133891
1446260847865733128
1446260849832775684
1446260861153198080
1446260921169584129
1446260926966124544
1446261023074365443
1446261025179832323
1446261034927411200
1446261059543834625
1446261062328782851
1446261092917862404
1446261101017145344
1446261147733221378
1446261151138992132
1446261215274184705
1446261263064051720
1446261287458062338
1446261373927936006
1446261450306117632
1446261467167301636
1446261479213240327
1446261491255087114
1446261497194287107
1446261530752847876
1446261540118740999
1446261574205911042
1446261587447255043
1446261592006537217
1446261664270147584
1446261730041114637
1446261884597022724
1446261900392681476
1446261962778816513
1446261989362348032
1446261997956476930
1446262010124148741
1446262052834709506
1446262056626294785
1446262101010493442
1446262277917888516
1446262425007841283
1446262471682048005
1446262504146055174
1446262551831064580
1446262585578434560
1446262612451266563
1446262613164367880
1446262615416639492
1446262642641936388
1446262645867302913
1446262782052163589
1446262897542406144
1446262910045589507
1446262914680336388
1446262915330453506
1446263020481622016
1446263047002234880
1446263086973870084
1446263117441286154
1446263198173306880
1446263276212527106
1446263368646541314
1446263408828030980
1446263445947666432
1446263472023539712
1446263505275994112
1446263517301121028
1446263577594236930
1446263660695990273
1446263736059191296
1446263793412186114
1446263830691172353
1446263855651430401
1446263870859907078
1446263917018288130
1446263920914796553
1446263935926145024
1446263960785899525
1446264030717480961
