1448416032738193410
1448416049221840899
1448416096785207299
1448416106847293441
1448416119618949121
1448416138946359302
1448416139118264324
1448416163961131013
1448416166683291648
1448416172643323904
1448416203832184834
1448416213944651776
1448416221309898755
1448416238728851461
1448416247444615169
1448416252003766275
1448416259981418503
1448416268135063553
1448416287181389825
1448416296987774977
1448416306919792643
1448416311671918596
1448416323453792256
1448416328637894663
1448416333239136257
1448416338867785730
1448416367061966854
1448416387861471237
1448416391397318660
1448416396220715011
1448416403422420999
1448416403732717573
1448416407654383617
1448416412331089921
1448416416198184960
1448416423307530244
1448416437794656261
1448416441544450052
1448416448985059331
1448416462142574604
1448416463199653895
1448416467955994626
1448416472372588553
1448416479112835074
1448416511828373508
1448416530941755396
1448416539372306437
1448416568535363588
1448416570255024129
1448416581990637568
1448416586499559425
1448416599053115397
1448416608960061441
1448416632712404995
1448416639758786560
1448416652735942659
1448416652794736641
1448416653549637635
1448416654870863878
1448416660168261636
1448416720029368320
1448416727386185730
1448416743920181248
1448416755349659655
1448416772848238592
1448416774920278017
1448416787813617667
1448416788056887298
1448416791613644803
1448416808277528581
1448416818633261074
1448416820533374980
1448416820768161797
1448416824362741761
1448416845137162241
1448416849276940294
1448416856541474826
1448416861763379203
1448416864158236677
1448416867530457093
1448416869313093633
1448416883871469573
1448416899663077377
1448416909104488448
1448416918025691141
1448416918487150592
1448416922954084357
1448416927207071744
1448416941941698562
1448416942478483458
1448416942553972740
1448416948451168258
1448416951714340867
1448416955191500802
1448416960920817667
1448416962971934721
1448416970727170049
1448416975663796227
1448416992369774598
1448417002205425664
1448417005116219397
1448417006475218947
1448417032429572098
1448417036787490820
1448417042181365767
1448417048372068357
1448417056265809929
1448417069545009152
1448417076771708936
1448417093217570825
1448417100284973062
1448417106379354118
1448417109663490055
1448417116294729731
1448417126490968064
1448417130412716033
1448417139011080195
1448417141225558016
1448417156807503874
1448417158392946690
1448417186754834433
1448417188319277065
1448417195512508422
1448417204739919874
1448417209907359744
1448417238462214152
1448417240689397760
1448417245928075266
1448417260893347841
1448417264206811137
1448417267964858371
1448417271425159175
1448417350194286600
1448417351003779076
1448417356615716866
1448417361405661185
1448417376656138243
1448417379759841287
1448417383937462275
1448417384574984200
1448417397107462148
1448417407165403142
1448417421262528530
1448417438912090113
1448417439306469378
1448417447271440386
1448417455244775424
1448417473888456709
1448417493610008579
1448417512358649859
1448417516095692803
1448417519346270214
1448417528980594688
1448417531996278788
1448417536870072323
1448417545556578304
1448417552393195520
1448417552565166081
1448417552938459137
1448417556218499075
1448417577420591113
1448417577475190784
1448417594256539652
1448417621393747969
1448417626393284612
1448417640460996608
1448417648262455302
1448417648312791040
1448417649868869633
1448417666260258826
1448417669493968897
1448417699097419776
1448417747466084355
1448417750804795392
1448417750834196485
1448417766130782209
1448417789459447808
1448417797328064521
1448417802684182533
1448417835458441216
1448417861563785220
1448417862612291587
1448417889678200834
1448417893201424386
1448417894040276992
1448417898930839559
1448417906765746180
1448417911799001088
1448417914126749698
1448417915305447424
1448417922116956171
1448417929649868801
1448417932166434816
1448417952819200014
1448417954379534348
1448417960297697281
1448417973795016707
1448417974600220674
1448417979025219593
1448417979654361092
1448417988705665026
1448418029642072072
1448418035447091204
1448418036801749000
1448418042053070852
1448418045962166273
1448418062626172931
1448418087020208129
1448418087355695107
1448418101431783426
1448418123137359872
1448418131106570240
1448418131324588033
1448418133929304064
1448418134340382721
1448418167005528067
1448418169589309440
1448418193337430020
1448418193765244930
1448418214791290885
1448418214975877120
1448418224710864897
1448418228246618113
1448418240892387331
1448418266649710593
1448418278423027718
1448418292855713804
1448418297029009412
1448418306319323141
1448418312011100160
1448418321716633600
1448418323897667589
1448418324627476485
1448418325348982784
1448418330335973377
1448418335083859969
1448418368189607936
1448418368877387783
1448418370819342340
1448418371134005248
1448418371385573376
1448418371767312391
1448418383670697985
1448418386074087426
1448418394672353282
1448418398870855680
1448418403744681988
1448418417233563648
1448418432865783817
1448418440222580737
1448418441296285696
1448418450511126529
1448418453635874818
1448418455020097541
1448418482790535169
1448418492672352261
1448418517485772805
1448418518236553222
1448418538541174784
1448418544673345550
1448418554500554754
1448418572439535616
1448418578827517961
1448418597639016455
1448418599614484487
1448418613141069828
1448418613472468996
1448418632103510023
1448418637619019777
1448418650554343427
1448418652206911488
1448418676613554176
1448418683798396929
1448418685190873091
1448418699430481921
1448418716870381571
1448418718728560641
1448418725674291200
1448418753226625025
1448418757810995207
1448418771669028864
1448418795698130946
1448418837557358595
1448418851767693318
1448418863151030278
1448418869891244042
1448418877768097804
1448418908277338112
1448418909867044864
1448418936052142084
1448418941483864064
1448418941722894342
1448418946491822083
1448418957053022215
1448418964531449862
1448418975851991040
1448418979995955204
1448418982906769413
1448418982982266885
1448418985192660994
1448418986341904384
1448418989701468170
1448419016234700800
1448419034505043975
1448419035817955331
1448419037004931077
1448419038728699914
1448419039164911617
1448419043707428866
1448419059595415553
1448419081581965315
1448419097218273287
1448419098833084417
1448419099747536896
1448419103232888834
1448419104235442177
1448419105841811456
1448419114725281792
1448419118667993097
1448419121100623877
1448419149718360065
1448419150804799488
1448419165413445633
1448419177518276619
1448419189736288260
1448419195654389766
1448419213434097674
1448419234229506060
1448419239103246341
1448419239430397956
1448419244035780610
1448419282451374095
1448419285588750341
1448419288772120578
1448419292433862662
1448419295411703817
1448419327099740160
1448419328265789445
1448419333126991872
1448419344388665344
1448419352315842568
1448419361081933825
1448419363028180998
1448419369688633347
1448419381105545221
1448419383886364674
1448419384138022914
1448419389565554691
1448419397287268354
1448419401661812741
1448419403327053829
1448419420288782337
1448419424856383491
1448419430497652738
1448419432540352517
1448419494347542534
1448419506762698755
1448419513578541059
1448419546545655811
1448419560005251072
1448419575691948032
1448419582797090823
1448419591252815875
1448419596936138755
1448419609103765507
1448419609267290121
1448419613440716807
1448419617358106627
1448419627575529480
1448419634580008964
1448419636282806277
1448419650056900609
1448419662409068545
1448419662635552768
1448419663902302213
1448419664430780418
1448419682344742912
1448419690972385280
1448419700124311552
1448419709469315077
1448419731153764358
1448419756814503943
1448419766708932609
1448419770802622473
1448419781091201026
1448419784761167872
1448419800288530434
1448419804264730626
1448419812913426434
1448419815945867264
1448419823839596546
1448419835193528322
1448419849546436617
1448419856337055749
1448419867430883337
1448419887068684289
1448419897231482886
1448419916445540358
1448419922049179656
1448419956761169921
1448420009546588163
1448420017515737089
1448420020070096896
1448420043553918977
1448420048608141317
1448420064743526403
1448420082632335362
1448420090546905096
1448420105717751819
1448420117222760451
1448420123694485505
1448420127716818950
1448420139389571074
1448420157559300096
1448420158758952962
1448420164614201345
1448420172172255237
1448420176446230528
1448420176551088130
1448420179319349250
1448420191747067906
1448420199951216648
1448420224697573381
1448420231181918213
1448420240157773830
1448420258524667906
1448420260504289280
1448420297594621952
1448420302808092672
1448420309489573893
1448420322798145537
1448420325503520770
1448420326413570049
1448420340988776458
1448420353970167812
1448420367333212164
1448420392708755456
1448420395128852486
1448420395883929601
1448420401953005574
1448420420097658885
1448420420827369474
1448420426338684933
1448420449386389505
1448420468587958277
1448420500565336065
1448420515975155712
1448420520614060035
1448420533041831943
1448420548564881409
1448420560292270082
1448420563869913094
1448420573542064128
1448420599500525572
1448420614549774338
1448420671445520387
1448420673865633799
1448420674385715203
1448420687421526017
1448420694463762434
1448420721198260224
1448420726810218505
1448420736524247041
1448420747291025409
1448420785765371907
1448420789750018049
1448420792769855488
1448420833035276288
1448420841847459842
1448420856883990532
1448420876194615299
1448420884281270274
1448420901121314819
1448420902245392387
1448420903818338314
1448420912991285248
1448420913041584131
1448420936160534529
1448420938614296579
1448420939922804737
1448420947137114115
1448420950693879809
1448420958918819840
1448420958964944902
1448420970851622913
1448420979437445121
1448421002812211204
1448421007417647107
1448421020650586115
1448421038140887041
1448421042804961286
1448421050228908039
1448421052623773698
1448421070210543617
1448421087499460609
1448421089936297987
1448421093363142660
1448421093807738886
1448421108152246272
1448421110425530378
1448421113885827075
1448421134484000768
1448421184979226628
1448421191115579392
1448421196543021061
1448421242197917696
1448421283813863428
1448421321839415301
1448421323894661123
1448421329271672835
1448421346850000899
1448421354773127171
1448421382304542721
1448421386951737352
1448421399786369024
1448421422595022853
1448421423152762882
1448421440085237762
1448421445068066818
1448421452349198336
1448421454958239748
1448421457000902657
1448421465062260738
1448421467721457664
1448421480652476421
1448421486264467457
1448421490098114560
1448421517491068936
1448421535690145797
1448421537556672516
1448421574751707137
1448421578442743809
1448421583836622850
1448421597312917517
1448421607127588865
1448421619857252354
1448421633752977411
1448421636168953859
1448421643915780106
1448421644947570695
1448421661959757832
1448421664371449858
1448421666904752135
1448421691990978573
1448421694285225988
1448421718893203465
1448421737322926082
1448421761129791489
1448421761675145217
1448421775541514243
1448421781824475143
1448421788489236488
1448421801516834825
1448421819132911620
1448421835096330242
1448421848736206849
1448421849403207690
1448421854599917575
1448421862120296449
1448421873474314240
1448421895305637893
1448421901286662147
1448421912707751939
1448421939094118400
1448421958656397313
1448421966369730563
1448422001027260416
1448422022237798403
1448422046661230595
1448422060049448967
1448422063157428225
1448422071403532289
1448422109894615041
1448422134099894275
1448422144107585544
1448422155318874112
1448422181843750912
1448422187355021314
1448422192337784834
1448422196611792904
1448422204174110726
1448422238433288201
1448422255579602953
1448422263255097345
1448422273279479809
1448422279298289670
1448422293579907074
1448422315809808384
1448422327914532870
1448422328531099648
1448422340077969414
1448422340149252101
1448422357933174784
1448422361968033797
1448422366942572545
1448422369467437057
1448422375914082304
1448422381983240195
1448422400031395842
1448422406654136321
1448422431476039685
1448422440833622025
1448422461847089156
1448422469396742146
1448422484974489600
1448422514561015808
1448422518478589957
1448422525092904968
1448422532147712001
1448422534366519302
1448422535645761539
1448422555933679616
1448422569519075328
1448422586933731331
1448422587789414403
1448422598237372419
1448422609943728131
1448422623080292353
1448422629799563271
1448422638997708802
1448422659222556679
1448422664650084362
1448422691816591362
1448422717930315782
1448422723445743618
1448422723642961925
1448422738377551874
1448422744132136967
1448422791594795010
1448422795973640197
1448422802655219716
1448422836889169924
1448422839854501893
1448422885312376834
1448422890844610573
1448422892975370244
1448422916597637126
1448422920158601217
1448422921718882304
1448422929226678275
1448422980678258699
1448423011791609859
1448423018666078208
1448423029223137280
1448423039876620289
1448423043773108231
1448423045148946434
1448423064660758529
1448423069375152129
1448423090023813124
1448423098542432259
1448423139625553921
1448423149872328705
1448423155433984002
1448423171984707584
1448423196265521152
1448423212124196870
1448423238074241026
1448423264846589954
1448423315375280134
1448423334941712386
1448423335948398600
1448423339932913667
1448423354063536128
1448423357242908681
1448423359348416516
1448423366063493123
1448423374561107971
1448423411169079298
1448423425094062081
1448423443100225541
1448423445985955841
1448423463740399621
1448423486645542915
1448423497022287878
1448423500650356736
1448423519847698436
1448423544027762694
1448423547022479367
1448423580451151876
1448423607277957123
1448423626932461571
1448423628748513283
1448423643227119619
1448423668426723328
1448423678392348676
1448423701377073154
1448423730481451008
1448423732414922754
1448423734671462400
1448423748793769989
1448423750509203456
1448423759782813697
1448423762848800775
1448423774794223617
1448423800803057667
1448423814631723009
1448423844289650694
1448423869929361409
1448423898442354695
1448423928309895168
1448423948136419332
1448423976636669960
1448423978666762243
1448423982441586690
1448423994084954117
1448423999369883657
1448424003916468225
1448424119381467136
1448424133977677832
1448424144794574849
1448424146837331969
1448424178147803143
1448424180559585282
1448424183558328320
1448424205104689160
1448424227175124995
1448424260968538113
1448424307122708485
1448424327205036032
1448424385703030786
1448424400894808066
1448424403025473546
1448424442313510913
1448424443936714756
1448424445102723076
1448424449187975170
1448424464513998856
1448424508344385540
1448424513440559112
1448424535808741376
1448424562505420805
1448424564887785474
1448424580469731334
1448424581321080836
1448424594210177033
1448424613478912003
1448424614070214660
1448424630994227200
1448424637751341060
1448424662514405377
1448424670005547008
1448424696719024133
1448424719980580868
1448424741577056258
1448424744467017731
1448424783100715008
1448424785621442561
1448424810711818241
1448424819356229642
1448424833243615234
1448424860603006976
1448424865158111235
1448424878315614208
1448424905884721153
1448424906438369280
1448424906463514628
1448424910792056838
1448424929473540098
1448424974017081351
1448424992480366599
1448424993558343687
1448425024923254785
1448425074760028167
1448425088487931906
1448425089897222147
1448425097925210113
1448425102761136131
1448425135908835329
1448425157597573120
1448425209472684033
1448425224517607428
1448425243157180416
1448425263516246016
1448425266737565707
1448425280595505154
1448425282797441026
1448425292981227523
1448425296269611014
1448425316700102662
1448425323637452802
1448425337533120512
1448425347263995904
1448425353551228935
1448425358882127872
1448425376577949698
1448425379354525699
1448425406231715846
1448425409582927873
1448425427882713092
1448425446853459971
1448425455577702402
1448425496065290248
1448425498233737217
1448425502780370944
1448425509109514240
1448425527082160130
1448425529971982337
1448425535634395138
1448425549819523072
1448425564948340737
1448425582358896640
1448425584628047874
1448425604936835077
1448425605091971073
1448425608984383489
1448425629498683396
1448425639166582790
1448425657508245510
1448425666660216837
1448425683466788871
1448425719047016450
1448425721957961731
1448425733118889984
1448425739494252551
1448425750177193985
1448425770276245504
1448425795987324930
1448425812575784964
1448425835522834432
1448425893031030786
1448425902464028682
1448425916217053184
1448425940707692545
1448425967962185736
1448425993463554049
1448426020378488844
1448426026397229056
1448426054461362185
1448426064678621186
1448426066243203074
1448426080268955651
1448426086979756034
1448426089039208453
1448426108198735874
1448426108274319361
1448426109075431424
1448426147017003010
1448426152624889856
1448426221423955968
1448426225232457731
1448426241825067012
1448426248930308102
1448426304274116612
1448426312314540036
1448426333495758854
1448426387220598785
1448426408905252869
1448426427506991116
1448426437028032514
1448426481839968263
1448426524101812226
1448426526463205382
1448426554518818822
1448426565684105221
1448426570817933312
1448426571967119364
1448426578686382083
1448426590942212100
1448426614468001794
1448426658462056449
1448426669522489347
1448426678041157635
1448426678309597185
1448426701206265860
1448426705471868935
1448426706017169411
1448426716972699649
1448426731346538500
1448426732067901446
1448426758865362948
1448426785562140673
1448426791576686593
1448426809159294977
1448426819510837258
1448426836812308480
1448426849982365698
1448426851203002368
1448426856554934277
1448426870161264645
1448426877505449988
1448426883654291461
1448426896107229184
1448426971311087617
1448426979599032326
1448426984254607360
1448426991204683776
1448426997294800903
1448427043469811718
1448427058338705408
1448427086805360652
1448427086977376257
1448427118795317248
1448427121790099462
1448427129838972930
1448427139381014530
1448427209866219521
1448427265554010114
1448427271145115652
1448427272856350729
1448427292955398145
1448427293538496524
1448427326174343176
1448427337847091203
1448427347670179843
1448427382189215744
1448427408693022720
1448427418469945347
1448427439567351811
1448427451856695297
1448427466536718337
1448427472324894725
1448427489471180802
1448427497767456768
1448427499499790342
1448427504151183362
1448427544189997057
1448427555367837699
1448427556772925440
1448427577299902465
1448427619565903873
1448427622921277443
1448427626683633664
1448427636297019394
1448427672384778243
1448427685592633350
1448427719759388675
1448427725560205313
1448427741020360706
1448427770711793665
1448427771538051075
1448427807088992268
1448427826076602374
1448427826747777028
1448427847757008899
1448427865205248003
1448427885270872065
1448427895718879236
1448427906506629121
1448427910696783872
1448427935573086213
1448427973925814277
1448427987930697731
1448428011787800576
1448428023104118784
1448428025306046464
1448428025704550409
1448428038916644865
1448428051725963272
1448428056385884164
1448428063855943686
1448428070562582528
1448428079756550144
1448428086563942406
1448428101168472064
1448428129878515717
1448428137612824577
1448428146647355400
1448428175378223113
1448428204469932032
1448428219632390151
1448428222501240834
1448428233997832196
1448428282752471041
1448428290683899908
1448428291946319881
1448428324141797378
1448428331519594503
1448428332777938950
1448428340180922374
1448428371462041606
1448428438277267457
1448428455029317634
1448428493449138180
1448428500717875203
1448428502387240960
1448428504740159489
1448428528865845250
1448428540765016065
1448428544359608325
1448428547337596929
1448428596150816769
1448428633798885377
1448428654736953344
1448428714346303493
1448428730502746115
1448428746931785732
1448428748924203008
1448428756952100864
1448428786576510976
1448428834651578372
1448428842746535937
1448428852691316736
1448428866394066947
1448428870672207873
1448428877311787009
1448428881422209024
1448428897834618887
1448428908660002822
1448428917107433475
1448428943556612099
1448428962384957445
1448428969536237569
1448428979174744065
1448428992630034434
1448429019020599299
1448429024393547782
1448429049894760450
1448429059759906821
1448429067087253505
1448429071566876675
1448429072183402498
1448429079913541634
1448429121890050050
1448429123093868546
1448429181168230401
1448429185442193410
1448429193587462147
1448429209953648641
1448429219097333762
1448429242669219841
1448429271706394628
1448429281642745857
1448429354497740807
1448429380703764483
1448429402837196810
1448429430901198849
1448429433774301191
1448429440028004352
1448429456083857411
1448429456851456006
1448429482189131781
1448429483741126656
1448429490405793797
1448429508776931331
1448429517081653248
1448429577626390533
1448429590276448258
1448429642935898113
1448429645590941696
1448429651639025665
1448429653761331203
1448429663194423299
1448429667128684544
1448429720337534979
1448429732719173634
1448429757943754757
1448429763085930500
1448429774075006987
1448429816718503939
1448429835366379529
1448429841565487104
1448429848381337601
1448429854165176320
1448429910905823240
1448429945294925827
1448429951078871044
1448430052207742976
1448430087204917253
1448430102409252869
1448430106419007497
1448430130532126726
1448430149180039174
1448430253685235715
1448430274828771333
1448430282416300032
1448430320487895040
1448430439228747778
1448430471419940867
1448430472137256963
1448430502218698754
1448430528324112389
1448430530345717764
1448430532606537737
1448430536771440643
1448430548431613954
1448430568996212738
1448430590756274180
1448430692073881601
1448430723971563521
1448430733173919752
1448430733819793410
1448430743462502401
1448430794343686149
1448430834118189056
1448430923054256131
1448430963948675082
1448431059117486080
1448431090725752835
1448431111441461248
1448431162821599236
1448431254941077511
1448431356451696641
1448431359224160256
1448431374432620546
1448431377117073408
1448431390199099392
1448431405663465475
1448431422696460291
1448431422994268160
1448431494125522949
1448431496382095361
1448431498223312896
1448431577944502273
1448431614866903041
1448431622039146500
1448431632009076741
1448431637813940227
1448431712535461894
1448431719099637767
1448431720093585415
1448431793330442242
1448431801735786500
1448431819955838978
1448431962432188426
1448432020837765120
1448432098113638403
1448432140903931909
1448432174038933506
1448432182679248901
1448432189381697538
1448432199464890369
1448432206184071171
1448432209262780417
1448432211473182722
1448432216464363521
1448432224500596736
1448432240518701060
1448432244448796676
1448432254401880070
1448432272798101510
1448432275704721408
1448432325503725572
1448432355425898498
1448432362782707712
1448432377085169665
1448432429266505730
1448432430344507395
1448432440058523648
1448432465232674818
1448432492638244865
1448432498300669952
1448432513488130048
1448432573093404672
1448432575505178624
1448432629783699458
1448432632040144901
1448432650058883074
1448432661941391360
1448432697987186692
1448432706744987651
1448432743042387968
1448432806544220160
1448432810751111168
1448432828144816130
1448432879969656833
1448432893215248386
1448432897610993666
1448432924118900736
1448432966603001857
1448433009611481090
1448433011838566402
1448433023138009095
1448433032445272067
1448433047259451401
1448433049490935812
1448433050119983109
1448433086904119304
1448433168701394944
1448433196597657605
1448433201605660674
1448433205103767564
1448433221692178433
1448433265900204042
1448433311479648256
1448433332472143873
1448433343113072643
1448433387786670081
1448433489645342722
1448433492518391814
1448433602719584261
1448433613876367364
1448433654968029184
1448433656364736513
1448433659384680449
1448433686345666564
1448433737708998661
1448433770999255043
1448433776674095104
1448433817048453123
1448433897944010757
1448433920232542213
1448433953187192833
1448433959520583684
1448434000238989313
1448434006899449863
1448434018517667843
1448434027422273539
1448434058019622916
1448434068882870274
1448434075816112130
1448434107957096451
1448434126491631622
1448434191654432770
1448434194300997637
1448434200613371905
1448434235736535041
1448434248428531714
1448434308885229570
1448434368117035014
1448434383145377796
1448434391898894344
1448434398110666753
1448434463113990145
1448434503073083393
1448434547767615489
1448434567283675138
1448434588263534592
1448434608102682628
1448434619825668097
1448434682488573952
1448434706803003398
1448434751841443844
1448434780870164482
1448434783470637062
1448434812986007552
1448434874126413829
1448434901485817859
1448434907999518720
1448434928287367171
1448434953243533312
1448434965889392643
1448434966233325573
1448434974278004736
1448434988408520712
1448435001784246272
1448435002837016582
1448435013322780680
1448435044486422533
1448435054489837573
1448435073410285581
1448435077986373634
1448435107103137794
1448435112236965889
1448435135175606275
1448435193233252354
1448435235079737344
1448435284023160837
1448435286598426629
1448435342151860225
1448435351190708225
1448435391619600389
1448435398737338374
1448435457579175941
1448435460863401985
1448435478202552323
1448435483013431297
1448435513359278082
1448435516395884549
1448435534322339844
1448435535777865728
1448435563233677312
1448435571584557062
1448435574549979140
1448435578027057159
1448435580401037312
1448435591142641664
1448435609945640961
1448435690589544451
1448435701784227842
1448435713603682310
1448435722965458948
1448435738073313281
1448435823494537218
1448435935314685955
1448435964079218689
1448436006823337991
1448436034094702595
1448436055670145026
1448436057792471041
1448436135655624707
1448436210117054470
1448436236310487044
1448436254345936896
1448436326630629376
1448436336130732033
1448436390199504904
1448436459447402498
1448436485192142855
1448436512346054656
1448436531912400899
1448436539722059776
1448436555819978761
1448436559695462401
1448436573809385474
1448436576804089856
1448436640939188224
1448436685499420672
1448436699688804356
1448436706592632836
1448436710895984645
1448436715258003461
1448436734497263618
1448436826990129152
1448436830219681793
1448436850004316161
1448436856685842438
1448436858887811077
1448436920787345410
1448436944824832002
1448436967268569089
1448437006002966528
1448437008595030017
1448437013762433024
1448437054443081731
1448437082351878153
1448437142288576514
1448437147925684229
1448437229316149251
1448437245514588161
1448437246466609154
1448437273004027909
1448437291404480515
1448437304176087042
1448437310266167296
1448437329237000199
1448437348920803328
1448437378050363399
1448437410052837376
1448437544832487428
1448437546363592705
1448437582325555214
1448437656552189955
1448437689200566273
1448437732569649152
1448437805491818500
1448437828153757699
1448437831966265352
1448437835154042884
1448437839994269696
1448437848772956164
1448437935339094018
1448437963164106765
1448437979320569864
1448438006562623489
1448438014934458370
1448438069439471622
1448438131351564288
1448438131825512448
1448438141237579781
1448438145662455810
1448438200758853635
1448438276164046850
1448438342400495616
1448438362705104897
1448438373488676870
1448438390098178050
