1324863641775116289
1324863071962226691
1324862136661766145
1324862130575826947
1324862048279404551
1324861522418479108
1324861154569711617
1324860639500775429
1324860552921960450
1324860552406065155
1324860505442422784
1324860115753820162
1324860028378083334
1324858659898322944
1324858548875124747
1324856596447588353
1324856581465559041
1324856526297853952
1324856151499051008
1324855948150771719
1324855657967755264
1324854969451819009
1324854955287732225
1324854608527847424
1324854193807675393
1324853882103779333
1324853862965063680
1324853620324638722
1324853566826315781
1324853545577926656
1324853308637532163
1324853299594596356
1324853175850065926
1324853117192724481
1324853094094639105
1324852000694149120
1324851586980524032
1324850951543468034
1324850806416461824
1324850583724036099
1324850562458886149
1324850499804450818
1324850480250605573
1324850316790112258
1324850264633913344
1324849725934325760
1324849603078926339
1324849211049914369
1324848759797415936
1324848431244976130
1324848341495197697
1324848308968448002
1324848119457210376
1324848051551408129
1324847742418587648
1324847369041707009
1324846217906540545
1324846189016207363
1324845884010569728
1324845350407053317
1324845303661502470
1324845211323899904
1324845205611286528
1324845068914696193
1324845063571197956
1324844902631546886
1324844712717668355
1324844142598496262
1324843829741178884
1324843589621395457
1324843402136006656
1324843301070057476
1324843273228353545
1324843189761642496
1324843073692700673
1324843073428488193
1324842831723302912
1324842701376937987
1324842685870592005
1324842299445137409
1324842266863804417
1324842098814820352
1324842092665966596
1324841746874966016
1324841674703515648
1324841539009454081
1324841482252156928
1324841478292733952
1324841394641526787
1324841306275930115
1324841227968221185
1324841088990019584
1324840906445475841
1324840883716386818
1324840808349130752
1324840802389020672
1324840759741304836
1324840654770446337
1324840601267916800
1324840582267752450
1324840578404765697
1324840552949522432
1324840463849918467
1324840342106066955
1324840297256357888
1324840277270560774
1324840241719611392
1324840220081168391
1324840143732301825
1324840113357180928
1324840098123419649
1324840067274362881
1324839939834548225
1324839916283584516
1324839683591983110
1324839309225172993
1324839172285386752
1324839010943074306
1324838951308431361
1324838931960107012
1324838930542399490
1324838878088482816
1324838818583846920
1324838730348331010
1324838374100881408
1324838198946762758
1324838197147389955
1324838159981694984
1324838102297358341
1324838019568967681
1324837902728253441
1324837843668185090
1324837812223594498
1324837578684641282
1324837347071037442
1324837149808746497
1324836882556080130
1324836617761280001
1324836557069733894
1324836440879075337
1324836388991369220
1324836344607182849
1324836233953030144
1324836148259311620
1324836146996805635
1324836146434707456
1324836145931472897
1324836145092530176
1324835676140064769
1324835004237664266
1324834889460494336
1324834855537041408
1324834853142056961
1324834852512899073
1324834850793230339
1324834429395701761
1324834392267784193
1324834305487548416
1324833917669658626
1324833890524143616
1324833886099197953
1324833709581836288
1324833614819897346
1324833532808712202
1324833428668370944
1324832972768485376
1324832609042636808
1324832495905525761
1324832085295640576
1324831918261678081
1324831691605757953
1324831345219112963
1324831270002720768
1324831209508188166
1324831204714176513
1324831048451182594
1324831043480883200
1324830982130831364
1324830714840420354
1324830640311816199
1324830345120927744
1324830318726156289
1324830205219905536
1324830107668828161
1324829817653526528
1324829386235850752
1324829046363049985
1324828779403972614
1324828740816379904
1324828601238364161
1324828045618909185
1324827916405035008
1324827799849439232
1324827763711315971
1324827646023340034
1324827610090754050
1324827487327715330
1324827307882721286
1324827165003841536
1324827015158091779
1324826897193250822
1324826660210966533
1324826588345675777
1324826487149731844
1324826464924192770
1324826275651985408
1324826187131138051
1324826162493874179
1324826159931138048
1324825877251870721
1324825290925871110
1324825034540666885
1324825011669053446
1324824828751261701
1324824731300859904
1324824681128566788
1324824635268124673
1324824510747598849
1324824152012918789
1324824094957850636
1324824027010113536
1324823932000784385
1324823679902060546
1324823526092713985
1324823484447555585
1324823451689984000
1324823431423102981
1324822880006406148
1324822827443408896
1324822741732786182
1324822674955186179
1324822632093593605
1324822631242235906
1324822387041423360
1324822027577053184
1324821925869297665
1324821891979354112
1324821860027125763
1324821821879947269
1324821771728596992
1324821633694158849
1324821575821070336
1324821549367627776
1324821525049069569
1324821513447608320
1324821457470455810
1324821438243704832
1324821414797561857
1324821410125144064
1324821358807818242
1324821304273522689
1324821193719992321
1324821172027052032
1324821147385536513
1324821093308338178
1324821071078563842
1324820999624417280
1324820988404682752
1324820850747543552
1324820825015570433
1324820822729641996
1324820779779952643
1324820716068446208
1324820712998244358
1324820693637279744
1324820660930203650
1324820652680007681
1324820651773988871
1324820620786487296
1324820608652320776
1324820429110972417
1324820379639173122
1324820366628454404
1324820285699272710
1324820262253170688
1324820255772938241
1324820203788783616
1324820181470842881
1324820020589985799
1324820020296404992
1324819688774402050
1324819641957580800
1324819478325219328
1324819465528397824
1324819436247928838
1324819166495461377
1324818726550732802
1324818677083086853
1324818623240851456
1324818422723678208
1324818331199770624
1324818232486830083
1324818140442873857
1324818135183200257
1324817852243845124
1324817582315216901
1324817531404754944
1324817417407729666
1324817368552538113
1324817251153989634
1324817143280607233
1324817069347655683
1324817059189063680
1324816892331253762
1324816882394894337
1324816839034261505
1324816686130909187
1324816454517227525
1324816338355892224
1324816330105737216
1324816316788809728
1324816172282454021
1324816073158496257
1324815753065975810
1324815499331620872
1324815335728553993
1324815209324826626
1324815160712830977
1324815040525017088
1324814757669556224
1324814596344025089
1324814555629948928
1324814514899083265
1324814472528232448
1324814457793634305
1324814451816591361
1324814225819185153
1324813954288357376
1324813829562376194
1324813733194063872
1324813685177667584
1324813680077398016
1324813450506391552
1324813213469413377
1324813206695649281
1324812808597458944
1324812710048137217
1324812520650137601
1324812519056297985
1324812310855196673
1324812286310207488
1324812283382550529
1324812282371678209
1324812280081588227
1324812255951806464
1324812217741676550
1324812190516453376
1324812184648617989
1324812158262280198
1324812150901252096
1324812134518312961
1324812041098584065
1324811855739629570
1324811831945367552
1324811803877117956
1324811310299795458
1324811069584560130
1324810975074279424
1324810936037892103
1324810816147853317
1324810795599994880
1324810622136180747
1324810553584316417
1324810420805345288
1324809970303569921
1324809779932499968
1324809556900356097
1324809431561981953
1324809380320206848
1324809379972059138
1324809359122173952
1324809346119852032
1324809305699373057
1324809283763113986
1324809143966965761
1324809027369508869
1324808998466560001
1324808976035401733
1324808918774800385
1324808909626970112
1324808867860066308
1324808850533502978
1324808842451001346
1324808792320724997
1324808738025472009
1324808533460819968
1324808520743768064
1324808469002788869
1324808464007372800
1324808376988143617
1324808166320779270
1324808125858406403
1324808054123208705
1324807981079367682
1324807959860400133
1324807858756734976
1324807832324198406
1324807791459094529
1324807752909279232
1324807672013750272
1324807644645830658
1324807483504893963
1324807378408218624
1324807285399539719
1324807254764363776
1324807201706385409
1324807006935547904
1324806986937094144
1324806778769625088
1324806626377895936
1324806530710069255
1324806456705753091
1324806350640132105
1324806323238817792
1324806311092039681
1324806165717504001
1324806163578408960
1324806127628988416
1324806109434175488
1324806093495799809
1324805928483459081
1324805778163802118
1324805776473575425
1324805743367827461
1324805709268221953
1324805677349523456
1324805644248141824
1324805430103678980
1324805409996156934
1324805223295102982
1324805128579244032
1324805062573674496
1324805008181891073
1324804927672197120
1324804906608402432
1324804846952865793
1324804766430597122
1324804728354721802
1324804573098377216
1324804485412278273
1324804418731167746
1324804178481451010
1324804082104750080
1324804058406858752
1324803987611308033
1324803967000449025
1324803879557570566
1324803836154990597
1324803604612599808
1324803539454038017
1324803497821429760
1324803277947547648
1324803240404439044
1324803177800208384
1324802902406344708
1324802862925402115
1324802859469254662
1324802744402804737
1324802588353662982
1324802537665560576
1324802505088315393
1324802496037031938
1324802401430310912
1324802320119615489
1324802299806601217
1324802153752547329
1324802103148220420
1324802101927620609
1324801996046639105
1324801990266888192
1324801916669513730
1324801874894196737
1324801815251165184
1324801791331094528
1324801729850974209
1324801640927498241
1324801475244077058
1324801360311799811
1324801169991081988
1324800659858821122
1324800546759495688
1324800545434046466
1324800422146617345
1324800420515106821
1324800419378462722
1324800372750340098
1324800368757399552
1324800297466793985
1324800257201496065
1324800211848482818
1324800104251985926
1324800072169754625
1324799922605068293
1324799756250554370
1324799644292026369
1324799416600043522
1324799406542147584
1324799288325582849
1324799181391859715
1324799094276132865
1324798697297895424
1324798683406360577
1324798556553752581
1324798493437906944
1324798208984403971
1324798184040943616
1324798147298820100
1324798004554010624
1324797828103839748
1324797776455151623
1324797693584134145
1324797616417312769
1324797410753810433
1324797318756028416
1324797279258189825
1324797274761940992
1324797126254231554
1324797043500589057
1324796987686981632
1324796924143296513
1324796762956115969
1324796751774142466
1324796680655540224
1324796453311684608
1324796452342767624
1324796151749554176
1324795906949042181
1324795904277315586
1324795885772046339
1324795857649213440
1324795620150960132
1324795490303725575
1324795447593099264
1324795397211115521
1324795313891254279
1324795259046473729
1324795017651757056
1324794963280994304
1324794746699657216
1324794638885150723
1324794522560286720
1324794506663862273
1324794496106811392
1324794484580851713
1324794480864776193
1324794217475067904
1324794203805782017
1324794194242752513
1324794021202591745
1324794005142556673
1324793994153496577
1324793918031089664
1324793856978800644
1324793836330242051
1324793826750451718
1324793721641181185
1324793688053133313
1324793671083008001
1324793655123709958
1324793565235597317
1324793548093403137
1324793492174966784
1324793437749682179
1324793429583450112
1324793376953323520
1324793375036420096
1324793326852329475
1324793263879081985
1324793144068722689
1324793114515689477
1324793060937633792
1324793059087966208
1324793053752840193
1324793026984726531
1324793013860749318
1324792977236131846
1324792910416588800
1324792904242651141
1324792902820777994
1324792798252589057
1324792753738436614
1324792639548510212
1324792628026712064
1324792612902129664
1324792585026740235
1324792497516797954
1324792463190593537
1324792240431079432
1324792202665594881
1324792192603480065
1324792163272691715
1324792152245915649
1324792123875614722
1324792042384445447
1324791971882426374
1324791883927851008
1324791857470164992
1324791840785211392
1324791712645062671
1324791626330460161
1324791294267449348
1324791145688387589
1324791108895973381
1324791084984246276
1324791043351601153
1324790947549511680
1324790871020179458
1324790869145329664
1324790824710868993
1324790557911224323
1324790553280684036
1324790527150141448
1324790482388557825
1324790252897247237
1324790146244530177
1324789900827381765
1324789884993839107
1324789695860137985
1324789656064503811
1324789624980602883
1324789312899190786
1324788860790972417
1324788616300761090
1324788529210281985
1324788518594498560
1324788359231901696
1324788353250828295
1324788342345601024
1324788146568126466
1324788130038403072
1324788105476509699
1324787863465218051
1324787672305573888
1324787478767800320
1324787389789802498
1324786845503336452
1324786661172137990
1324786590099644419
1324786556415184896
1324786524454588418
1324786342031753217
1324786278685151232
1324785997461311490
1324785942260056070
1324785589951090689
1324785484657250309
1324785418458509312
1324785340641644544
1324785278528180225
1324784949451542530
1324784911069401091
1324784736603119618
1324784589504696321
1324784584190472197
1324784504456794125
1324784467282743298
1324783978205843457
1324783819510190080
1324783632314212352
1324783618913378305
1324783612844265473
1324783353946644486
1324783201668288516
1324783195980730369
1324783143199608833
1324783135608000512
1324783112778358784
1324782989243490304
1324782975570030600
1324782913259450371
1324782896318713857
1324782740252798976
1324782693251506176
1324782648720580609
1324782518642630656
1324782238005866496
1324782117474152448
1324782113472843776
1324782055159455745
1324781948254986242
1324781853363023872
1324781835931537408
1324781640808280064
1324781571778449410
1324781555915673605
1324781400831250433
1324781294841192449
1324781214901952522
1324781153707040778
1324781038451757058
1324780939952750593
1324780935691313154
1324780595302551552
1324780540227182595
1324780475647483904
1324780228846198785
1324780093361803264
1324780054308704256
1324780036533161995
1324779949337812993
1324779920225161216
1324779808056840192
1324779790247829505
1324779647645716481
1324779447145451520
1324779303830228994
1324779189766152198
1324779185865457665
1324779181155225600
1324779055045070851
1324778952821452803
1324778795719680006
1324778577737457666
1324778506228813824
1324778500616785925
1324778351882633217
1324778255946260485
1324778178062229505
1324778152279875584
1324777941394477057
1324777871446036480
1324777863489400833
1324777851162382338
1324777771382525952
1324777701056651265
1324777446256857094
1324776962846527488
1324776819275505671
1324776766343360517
1324776665713643527
1324776609929433096
1324776583601836032
1324776512948736002
1324776506925731842
1324776399559938052
1324776399446704133
1324776356064956417
1324776300033249281
1324776233780039692
1324776129497075713
1324776122052186112
1324776084148277249
1324776075772256257
1324776062295941120
1324775813477261312
1324775750139039744
1324775737388314624
1324775730262265860
1324775496249450503
1324775466197274624
1324774958506139648
1324774889455312896
1324774881288953858
1324774700531257346
1324774657078288387
1324774577189302278
1324774505093488640
1324774468183560192
1324774318971211778
1324774264176869385
1324774201090342914
1324774123101368323
1324774122002522112
1324774048472158209
1324773988774612994
1324773914518687744
1324773873787785218
1324773852795314178
1324773841265184770
1324773688043065346
1324773676596793346
1324773653972717568
1324773608892309504
1324773607596265472
1324773567825956867
1324773536448323586
1324773419561484288
1324773391254102016
1324773375642947585
1324773333603356675
1324773286128111617
1324773244780617730
1324773158369579010
1324773097099190273
1324772758371422208
1324772741116035074
1324772730047258624
1324772726834343942
1324772501944229888
1324772495803797504
1324772451776155649
1324772421426204672
1324772292665159681
1324772238122430464
1324772228706242560
1324772226089033728
1324772189179158531
1324772167268081667
1324772114994470914
1324772083755323392
1324771947985723399
1324771841412599811
1324771837507702787
1324771827592343552
1324771759414005760
1324771735028322305
1324771655823073281
1324771622897725443
1324771596213649414
1324771439849971716
1324771327450980352
1324771324129091586
1324771196718714883
1324771087301943304
1324771042569687043
1324771011917697025
1324770995031461888
1324770891067260930
1324770854501339137
1324770821164945415
1324770789749624834
1324770734695174146
1324770667187896320
1324770469044752385
1324770463504125955
1324770408218898441
1324770381408948229
1324770380259692544
1324770209119567875
1324770094438862849
1324770086775853061
1324769998187974658
1324769889110949889
1324769887957504003
1324769764506587136
1324769741031002112
1324769734601199616
1324769730130042883
1324769655907618822
1324769635661729794
1324769592036777987
1324769465721040896
1324769447287115784
1324769440815337472
1324769329532076044
1324769104100818945
1324769096966246402
1324769076196052992
1324769012417548288
1324768942980845569
1324768897862696962
1324768879772635136
1324768844687265798
1324768748558057475
1324768734419034122
1324768701430849544
1324768631935389697
1324768532165545985
1324768495125602305
1324768494911660032
1324768491728195586
1324768270948454403
1324768208482717701
1324768171325358081
1324768046729334785
1324768018329645063
1324767966169341958
1324767778193264641
1324767754629558281
1324767668134694914
1324767637922963461
1324767619845627904
1324767579869773825
1324767332271562752
1324767020722888704
1324766888904327168
1324766778677993472
1324766776014606338
1324766659920465923
1324766551451586560
1324766462251335681
1324766423248523266
1324766413924536321
1324766286820331521
1324766269548224513
1324765980883640323
1324765901246398469
1324765858619600897
1324765781679366145
1324765639957950466
1324765604428025857
1324765558798196739
1324765518734217218
1324765433656987649
1324765417819246592
1324765349661782017
1324765088272842756
1324765004634198016
1324764999206817792
1324764998086795266
1324764979627700227
1324764969464979459
1324764859360268295
1324764820885962752
1324764764254425090
1324764737863852036
1324764537548013569
1324764477611495426
1324764432480784385
1324764391028494338
1324764268517068801
1324764249357516801
1324764142981566464
1324764137323376642
1324764101067812866
1324764059615567873
1324764054116802563
1324764046831345667
1324764016376483841
1324763972671885313
1324763814060003331
1324763802706075650
1324763781889708037
1324763739615301634
1324763724842962946
1324763706660704257
1324763360949342208
1324763356968923136
1324763140626722817
1324763139011973120
1324763053498507264
1324762865182584836
1324762802586898435
1324762652942413826
1324762487787556865
1324762471622680576
1324762296783118338
1324762266449911809
1324762252050898946
1324762245830746112
1324762143615582210
1324762039697448962
1324761723308515329
1324761710616563712
1324761557100875778
1324761556597542912
1324761556064915456
1324761555473436673
1324761554953375747
1324761554445869057
1324761553904816128
1324761553414037504
1324761552910721025
1324761538738225156
1324761481938898951
1324761212501020672
1324761102216036358
1324760960414994433
1324760699353108481
1324760680063488000
1324760591962165248
1324760588464148481
1324760583548391426
1324760460202225664
1324760071235133440
1324760056466935813
1324760033532534787
1324759939106119680
1324759846571384834
1324759751578845186
1324759720188661762
1324759405922045953
1324759387198640128
1324759304201740289
1324759262338469888
1324759251290628096
1324759177185665024
1324759124249366529
1324759069274607619
1324758966514180100
1324758955210493953
1324758851183239171
1324758721336168448
1324758719062749184
1324758702746968066
1324758420822630400
1324758393836503048
1324758327679717378
1324758217742798851
1324758185249484800
1324758069776101376
1324757887634280448
1324757878864072704
1324757817446772739
1324757797620371457
1324757770000891916
1324757505365389314
1324757500265140227
1324757452903141376
1324757355704311808
1324757321944281091
1324757295776075776
1324757200481382400
1324757167178682369
1324757164259446784
1324757117065220096
1324757087449239553
1324756660599070720
1324756544026779655
1324756449390600192
1324756442683899904
1324756412476592132
1324756325079883776
1324756303311491072
1324756207056408580
1324756100651094016
1324756081793531904
1324756079620796416
1324755839606018048
1324755690527903745
1324755676007141379
1324755379629285378
1324755302768648194
1324755278039056384
1324755266613764098
1324755155338801153
1324754952686833667
1324754622804799488
1324754477983870978
1324754174978879488
1324754138891198469
1324754018921533441
1324753869965004800
1324753740948275205
1324753487629029376
1324753460089233409
1324753397912903680
1324753168471908354
1324753151677911042
1324753088218046467
1324752746927587329
1324752675481784320
1324752662517219330
1324752599082536963
1324752596477874179
1324752593365749763
1324752550374133760
1324752503062319105
1324752467863703554
1324752446397259782
1324752415904698371
1324752401543385088
1324752387920306178
1324752359751180289
1324752357830258688
1324752357813440512
1324752354533543936
1324752346493190145
1324752260472229889
1324752220181663745
1324752109523402753
1324751981903269889
1324751966048645120
1324751879927140353
1324751574195970048
1324751565463392265
1324751560837091328
1324751554524647428
1324751499982000129
1324751465907392512
1324751424224452618
1324751364715667460
1324751353818873858
1324750955968110593
1324750933243404289
1324750673292963840
1324750634650841089
1324750580699533315
1324750364864843780
1324749929684914179
1324749869500796930
1324749823338258432
1324749781713997824
1324749746540584962
1324749552407191552
1324749533352497152
1324749513073037315
1324749471188688898
1324749371716571141
1324749320537722885
1324749299725393920
1324749269543329792
1324749104044515328
1324748832966504449
1324748555014311936
1324748509568884736
1324748509124259840
1324748455194087424
1324748335274729475
1324748102092394498
1324747953387483136
1324747881702592512
1324747839956766725
1324747757161082885
1324747756691316737
1324747634423246849
1324747612851982336
1324747545629888513
1324747462112849922
1324747446635954176
1324747388863524871
1324747269388849153
1324747204754575362
1324747150815842304
1324747017759973379
1324746875757420544
1324746712456613889
1324746546819321856
1324746443400318976
1324746056983322624
1324746001593282560
1324745957133717505
1324745955653148676
1324745923788967938
1324745922291654656
1324745890830143488
1324745889450262529
1324745857619689475
1324745856088711170
1324745600819175424
1324745557731123202
1324745362825973760
1324745211529101313
1324745210216198144
1324745194831548418
1324745147607908357
1324744989004328960
1324744919479668741
1324744908218007552
1324744782581764097
1324744639132377089
1324744578914635777
1324744543376449543
1324744328372248578
1324744326723809282
1324744234373697536
1324744141318795265
1324744072880443392
1324744035387527170
1324743981360648192
1324743935441408000
1324743479692578818
1324743373073326082
1324743349321015296
1324743246090829824
1324743218475520002
1324743211299033088
1324743097906024449
1324743090721140737
1324743060715175938
1324742975742640129
1324742844943314947
1324742587673096194
1324742366293594112
1324742308911341568
1324742098466279424
1324741745201057798
1324741737416458240
1324741722522460162
1324741665844809728
1324741616863764480
1324741386265108481
1324741343281819649
1324741293159960576
1324741280312811520
1324741085437022209
1324741077681786880
1324740998459805697
1324740748969955330
1324740336363724800
1324740334744670209
1324740100299829248
1324740058814074882
1324739815477313537
1324739788864409600
1324739748984999940
1324739714176425991
1324739653887578113
1324739299947012098
1324739147429457927
1324739120296591361
1324739099517984768
1324739005548761088
1324738907083313155
1324738830101061632
1324738710357893120
1324738556443664384
1324738482158342144
1324738480807809027
1324738457118408706
1324738315816488961
1324738228663046145
1324738202842914816
1324738174732673025
1324738100032135168
1324738079777792000
1324737926383738886
1324737833102417920
1324737779885101057
1324737758288662529
1324737732720078849
1324737542277812224
1324737536456089601
1324737442583367680
1324737427601281027
1324737405635670020
1324737403718901768
1324737307858132993
1324737274836385794
1324737074059218945
1324736900737966081
1324736899714605058
1324736827014742020
1324736723008573442
1324736356220895232
1324736255402430465
1324736164339867651
1324736105820946433
1324736100682944519
1324736042243674113
1324736015735685127
1324735891055796226
1324735711606693890
1324735564772450316
1324735417090977792
1324735385495359488
1324735356890189825
1324735235523809283
1324734941431779331
1324734688263610368
1324734516498497536
1324734459107835907
1324734413448585218
1324734341935697923
1324734265242931200
1324734239372414978
1324734227590619136
1324734175816146947
1324734146233720832
1324734034254200833
1324733788132429825
1324733727872864266
1324733619634659333
1324733604304506881
1324733519067832321
1324733485999947779
1324733424578473986
1324733403950886917
1324733398028529664
1324733277089968132
1324733237428690957
1324733149188919297
1324732696472551427
1324732496785907716
1324732030014255104
1324731514941308929
1324731338348548096
1324731194303488000
1324730984227577861
1324730898223345666
1324730844112736258
1324730838811086849
1324730790006169601
1324730709391613959
1324730404750954497
1324730359985197059
1324730088399773696
1324730076383059968
1324729930618445824
1324729872929955841
1324729835516796928
1324729822573199362
1324729789308088320
1324729716281061376
1324729669917286403
1324729610765029378
1324729587000107010
1324729537981222915
1324729452241309698
1324729448609009665
1324729314949107717
1324729250478460931
1324729238147260416
1324729120522194952
1324729047822327810
1324728736160321543
1324728496309022720
1324728478378479616
1324728364847030272
1324728318910976000
1324728251776815106
1324728223159226369
1324728137603829766
1324728126627291145
1324728052971114496
1324728012173156352
1324727936319131653
1324727921123217408
1324727719662391302
1324727662212976641
1324727589936746496
1324727468838866945
1324727365419806720
1324727354871189507
1324727353315102722
1324726939022745600
1324726929556201472
1324726898677719042
1324726892130406402
1324726876829634560
1324726833800249349
1324726659166150656
1324726584109080576
1324726569802309635
1324726454001770499
1324726409806467072
1324726350490599424
1324726336234151936
1324726272912666625
1324726226548887553
1324726222383915010
1324726222253936641
1324726197142626306
1324726098266128384
1324726023498436608
1324726022311497729
1324725964824260611
1324725930229669898
1324725923288174595
1324725792144826371
1324725747450339328
1324725727661608960
1324725726055202817
1324725524657328130
1324725505761959940
1324725390569541633
1324725329244672003
1324725317580316684
1324725314900119552
1324725200420786178
1324725110532657154
1324725077418663936
1324724866633863169
1324724796173811713
1324724772941553668
1324724626455515136
1324724544293294083
1324724497736454145
1324724469013880832
1324724023289405441
1324724006126264330
1324723968419471362
1324723814236856320
1324723792283914240
1324723750898728960
1324723749636235264
1324723699916877824
1324723600880971784
1324723583545942018
1324723435403137029
1324723154326093824
1324722584206848001
1324722573716967424
1324722508562649090
1324722490036412417
1324722438270259200
1324722343361601541
1324722318300618752
1324722133021446151
1324721780431441920
1324721771728293891
1324721600915275784
1324721522188210180
1324721318953103361
1324721310598107141
1324721275118460930
1324721220009549826
1324721158093242369
1324721047854288896
1324720994339139586
1324720906724397056
1324720873367109633
1324720849514102787
1324720840693420032
1324720521985052672
1324720469904424970
1324720451357085696
1324720277750775808
1324720213829574657
1324720152320086017
1324720133684760578
1324719997608988672
1324719679001235456
1324719616988483585
1324719577381687297
1324719486767869952
1324719417108955136
1324719283268657152
1324719244580409347
1324719162674106373
1324718854417879052
1324718608249954308
1324718441140543488
1324718429945896961
1324718413634220034
1324718320986300417
1324718314015215618
1324718156959698949
1324718027460530176
1324718007940194305
1324717831573938178
1324717799437053952
1324717783259746306
1324717783104573448
1324717777089941505
1324717602690813954
1324717597225570304
1324717431131148288
1324717365402226688
1324717253925998593
1324717182828318723
1324717126385545217
1324717042226864128
1324717041476083712
1324716946655305736
1324716546695090176
1324716538675535872
1324716514432421888
1324716349852176384
1324716330415697926
1324716299025526784
1324716298991996928
1324716157304213505
1324716130934657025
1324716109111693316
1324716028090372096
1324716002005929987
1324715996796649476
1324715954362896389
1324715868794880007
1324715816982642690
1324715753170415616
1324715603014418432
1324715493580824578
1324715409896067072
1324715326387458050
1324715321274630145
1324715244992811008
1324715086854950913
1324715008295604231
1324714887403261952
1324714884513366019
1324714685187371008
1324714664534503424
1324714632699850754
1324714546544676865
1324714451904450560
1324714354600804373
1324714345243332614
1324714264507125761
1324714223239368705
1324714157602672640
1324714145342775296
1324714062874292227
1324714007488593921
1324713909798854656
1324713890324848642
1324713836608397316
1324713788147486721
1324713740600836096
1324713645306163201
1324713513764425731
1324713478330945537
1324713446743724033
1324713425692483584
1324713398303641600
1324713396340695041
1324713298751819779
1324713265730039809
1324713207500468226
1324713154765561857
1324713053053689856
1324712894286700544
1324712814930513920
1324712739416264709
1324712731426066433
1324712716808892418
1324712712685948935
1324712494670237703
1324712468237766656
1324712457370218498
1324712433747959808
1324712420594601985
1324712326881288198
1324712150502383616
1324711890283565059
1324711778027266049
1324711761707180032
1324711756346859522
1324711738881835009
1324711567166984192
1324711400871239680
1324711258319429633
1324711194855460864
1324711103012704256
1324711037296431110
1324711025841754114
1324711001833570304
1324710947437555714
1324710889191256065
1324710865413832706
1324710838087880705
1324710814608199683
1324710774221266944
1324710693560606721
1324710661436395521
1324710631921143813
1324710568792608768
1324710480091455493
1324710276164440064
1324710240051437568
1324710005350801409
1324709897687212032
1324709878074642433
1324709863415517186
1324709844255952897
1324709791370006531
1324709681798008832
1324709617377644544
1324709477497606144
1324709003407118336
1324708966690099200
1324708883957534735
1324708685420072961
1324708668080857088
1324708658740166656
1324708605464072195
1324708583297196034
1324708560811499521
1324708258431541249
1324708167868207104
1324708082778341376
1324708060703694848
1324707985428488193
1324707976024870914
1324707962460528641
1324707611850276864
1324707364054966273
1324707244085108743
1324706984826908675
1324706949708058625
1324706917508329485
1324706907609845760
1324706900068491264
1324706839465000960
1324706807005237255
1324706531653419009
1324706426502193153
1324706033097461760
1324705962360451074
1324705937467281414
1324705878189158400
1324705679131725824
1324705672248905728
1324705624903553024
1324705600413093889
1324705596373913602
1324705559073951745
1324705520343748608
1324705509019127811
1324705493076627458
1324705228466221056
1324704968071413760
1324704747513876482
1324704734020861953
1324704565648859136
1324704558854115330
1324704061745221633
1324703999145222146
1324703974470098944
1324703899136200708
1324703883181121536
1324703788842844161
1324703743762485248
1324703484730630147
1324703407563821062
1324703333404258305
1324703312260857859
1324703209831759873
1324703195453661185
1324703105280331777
1324703082857594881
1324703023642365953
1324702971758825472
1324702961918910464
1324702796655067137
1324702646490566656
1324702579545296903
1324702556904394753
1324702480471597056
1324702252406349826
1324702219837591560
1324702072177086464
1324702032360542209
1324702012324384768
1324701964958126080
1324701853712613378
1324701815791910913
1324701762310279174
1324701732643942401
1324701729032646656
1324701642537750528
1324701285967384576
1324700775055003650
1324700701117829120
1324700679420731394
1324700625461010433
1324700548331950080
1324700478354137092
1324700224028368899
1324700132823150592
1324699962014371841
1324699870549155841
1324699801129259009
1324699586452140033
1324699527132123136
1324699502335447042
1324699431032229888
1324699415425257473
1324699364888088576
1324699360781832195
1324699312484483072
1324699061774098432
1324698928651141121
1324698578686803971
1324698564468068354
1324698517575786496
1324698405977939970
1324698367449026560
1324698314189742090
1324698168999772160
1324698106441551875
1324698022484344835
1324697488553578496
1324697435076206592
1324697392256606208
1324697358572179457
1324697297637249024
1324697289915584514
1324697276808310785
1324697267627057152
1324697249981566977
1324697245959233538
1324697089876676610
1324697006397366278
1324696842832150529
1324696798095679488
1324696796690612224
1324696744727355395
1324696632420683783
1324696577479462913
1324696566238715904
1324696515596722177
1324696511943499777
1324696285182648321
1324696081997930497
1324696028067581952
1324695790426742784
1324695599170670593
1324695587363659778
1324695570288648192
1324695439686406144
1324695418022879235
1324695393389731840
1324695383138816000
1324695285835145217
1324695215958040576
1324695109187837953
1324695042628423681
1324694962164912128
1324694904216444928
1324694900919717889
1324694875040813057
1324694773391892482
1324694678374125571
1324694448773701632
1324694393778044928
1324694320474193921
1324694308533030912
1324694164311805956
1324694154883072002
1324694084041216000
1324693933625135104
1324693841698541569
1324693557115015170
1324693452127428609
1324693380358672384
1324693379628892161
1324693210120232960
1324693203325460483
1324693011846946816
1324692992352018432
1324692991236255749
1324692981488721920
1324692971527245824
1324692967161008128
1324692954766782464
1324692893492269059
1324692823665479680
1324692785295958020
1324692662063169543
1324692629876101125
1324692535395131394
1324692513844809729
1324692511235973121
1324692463211155457
1324692422069276677
1324692274081648640
1324692230959960069
1324692216397340674
1324692211389390849
1324692074428534786
1324691956220526594
1324691712057528320
1324691613570994177
1324691585448218624
1324691490627616768
1324691413297188868
1324691257147465728
1324691229439889408
1324691148615475200
1324691145394409473
1324691077832605698
1324690512469741568
1324690403581448192
1324690169862172674
1324690063419154432
1324690000852766721
1324689768194678788
1324689607305420801
1324689425209663489
1324689205260419072
1324689183634608128
1324689146946985984
1324689098230161411
1324689081335504898
1324688993292832770
1324688988754628613
1324688951026851840
1324688912829341700
1324688739071918081
1324688589331062789
1324688561938063360
1324688459240525826
1324688338704543744
1324688285801848832
1324688204252041222
1324688166314528771
1324687957807271936
1324687913645387777
1324687907786002432
1324687762080075776
1324687693964578822
1324687584975589376
1324687571876798464
1324687564872318977
1324687542550253568
1324687473713336323
1324687447926648835
1324687412681936897
1324687353164795904
1324687220293443584
1324687170372804610
1324687165343830016
1324687130166206465
1324687025480622081
1324686912658018305
1324686671699464192
1324686509694398466
1324686373090168832
1324686195583029251
1324686169192452097
1324686134727888898
1324685957677912064
1324685751527854081
1324685583260811264
1324685471449055232
1324685396375199744
1324685316880502786
1324685222122721282
1324685177550000129
1324685131089661952
1324684500627083264
1324684432264073219
1324684407358279680
1324684282422591490
1324684258213056512
1324684224985784320
1324684131800854529
1324684130676858883
1324683990314471424
1324683967564443648
1324683941605986306
1324683937067769857
1324683932567244800
1324683801163931648
1324683737557250048
1324683584326799365
1324683542639616000
1324683490626068487
1324683343905067009
1324683309889277953
1324683246572130304
1324683236644163589
1324683182986375168
1324683182109806593
1324683016615174144
1324682945953730560
1324682898428039168
1324682864785559553
1324682834880114690
1324682799870365696
1324682735047364609
1324682728420368386
1324682619368427522
1324682539987050496
1324682494776659969
1324682435481767936
1324682344641552384
1324682114319683584
1324682091339153408
1324681920647749634
1324681750744834050
1324681724849278977
1324681705446322182
1324681438818684928
1324681402097520642
1324681367410585601
1324681089953288195
1324681057556439043
1324680970809782274
1324680968691720192
1324680948311597057
1324680713015316481
1324680656325103620
1324680434484207617
1324680428976922624
1324680428427616261
1324680363499814913
1324680362405076993
1324680361188696064
1324680224093601793
1324680217672048640
1324680211133202433
1324680209011003395
1324679940789489664
1324679898699628545
1324679808865980416
1324679788070621184
1324679674165972992
1324679624299810816
1324679605635211264
1324679485208354816
1324679422444769280
1324679214814109697
1324679126805106688
1324679099525287937
1324679040901484545
1324678983989026817
1324678740048285698
1324678627766816769
1324678458811863040
1324678142359949315
1324677988017967104
1324677943793246209
1324677931919134720
1324677929570390016
1324677781146505216
1324677725144162304
1324677578502905856
1324677575201927174
1324677385472614401
1324677375821598721
1324677166085406720
1324676840343113729
1324676802653073409
1324676758453604356
1324676708574834688
1324676612550524928
1324676608486199296
1324676535375245320
1324676524809879552
1324676498440278016
1324676401421787138
1324676374737670145
1324676373605191687
1324676262460358656
1324676066246561793
1324675878064922625
1324675869617639426
1324675855096971265
1324675844015558656
1324675816106663941
1324675801598615552
1324675713329487877
1324675674058215424
1324675538133389313
1324675496765018112
1324675487742992384
1324675406046367745
1324675343467372544
1324675254761988096
1324675213657808896
1324675185723772931
1324675158695706624
1324675079947669506
1324675062016942082
1324675046288302081
1324675044883238913
1324674913853202435
1324674767694274562
1324674763499937793
1324674756466061313
1324674566388621318
1324674565042307072
1324674483681218561
1324674454388170752
1324674383516995584
1324674352269447171
1324674324763201537
1324674315770626051
1324674301644201984
1324674297189879808
1324674221142925313
1324674190490947585
1324674132248825859
1324673820515540998
1324673771991638016
1324673755034062848
1324673748994301952
1324673705037996032
1324673671001235456
1324673665884184578
1324673663975723009
1324673570522468353
1324673455258767360
1324673371934760960
1324673369728573440
1324673363701342208
1324673326426529792
1324673311813545990
1324673304863690753
1324673296567328768
1324673281958596609
1324673131471056896
1324673083651706880
1324673052316209152
1324673045542379520
1324673030635819009
1324673017742581760
1324672896254529536
1324672867510984704
1324672867116744705
1324672865464127488
1324672839564349447
1324672735419707392
1324672665316151298
1324672651038773249
1324672608575627264
1324672593580990464
1324672560718618625
1324672559099596800
1324672480020226048
1324672407592984576
1324672371740073984
1324672104164433925
1324672044643033089
1324671914254782467
1324671770268454913
1324671749280145408
1324671598964756480
1324671498116845569
1324671376486256641
1324671244642459648
1324671183762214912
1324671070796976129
1324670935300001792
1324670895760302081
1324670865385132032
1324670858506522624
1324670811152781313
1324670807092699137
1324670667653042176
1324670645016403968
1324670612745424897
1324670480201224193
1324670336412110851
1324670231395094528
1324670178895028225
1324670174449065985
1324670007767408640
1324669920139972608
1324669885729951744
1324669876099862528
1324669871016337412
1324669825986289665
1324669757241569280
1324669734248452099
1324669675653992448
1324669656548913152
1324669578790789122
1324669565926842368
1324669461903876098
1324669432103403522
1324669409944866816
1324669285650804741
1324668816136261633
1324668759458615301
1324668683457888259
1324668639753216000
1324668623756107777
1324668595369091072
1324668408739303424
1324668403861389313
1324668379542786048
1324668359917658112
1324668296256507904
1324668180728553472
1324668162227535875
1324668122641666049
1324668095747817472
1324668060905676800
1324668034171260928
1324667990865039361
1324667931050082304
1324667914558033920
1324667871285387264
1324667810107314177
1324667805766221837
1324667800443588608
1324667785633554432
1324667701684510720
1324667480980230144
1324667449141268480
1324667228445417472
1324667100045012993
1324666994327769089
1324666915030269952
1324666590793707520
1324666561446223872
1324666502516252673
1324666438985125889
1324666427593416704
1324666372866084865
1324666350724329472
1324666251139076096
1324666074902745088
1324666018917163009
1324666018636144640
1324665963606872065
1324665926915133440
1324665907227099141
1324665863824384006
1324665738808954882
1324665732270088192
1324665678008373248
1324665602636734464
1324665565903028225
1324665513042153474
1324665427667095552
1324665400496394242
1324665373657124865
1324665299241754625
1324665283567669249
1324665255465832448
1324665148594888705
1324665052641792001
1324665050045579267
1324664932458258435
1324664830347923460
1324664788681740290
1324664664773566465
1324664664148578305
1324664581206269960
1324664375542689794
1324664337039040512
1324664293950922753
1324664042854764548
1324664038471700481
1324663927582691328
1324663910654451712
1324663905755475968
1324663807432658945
1324663797391466497
1324663765317701634
1324663749651910657
1324663670299889667
1324663604919050240
1324663558249000960
1324663537277558784
1324663477064130562
1324663468801273857
1324663433862746112
1324663421346918400
1324663287649370112
1324663256691150851
1324663161602101248
1324663048024580097
1324663034095218688
1324663000662507521
1324662922199654400
1324662900238286848
1324662891438628865
1324662873533124608
1324662844462424064
1324662810270408704
1324662777408065538
1324662759808765957
1324662757992660993
1324662744138788864
1324662733422419968
1324662732013133824
1324662688723673089
1324662617193984000
1324662557970485248
1324662510084042753
1324662498944028673
1324662484922499072
1324662430476177410
1324662293573984261
1324662271289790465
1324662241715773440
1324662191627395073
1324662183637274626
1324662150183440386
1324662137587990528
1324661948517093377
1324661937465102337
1324661893697589250
1324661893668155392
1324661849502162945
1324661783806812161
1324661640999116800
1324661455850033152
1324661298651607040
1324661233526706176
1324661063212781569
1324660716457123840
1324660636031291393
1324660606536962050
1324660598609727489
1324660481471250432
1324660059507490817
1324660051852840960
1324660050418434048
1324659971993313280
1324659796272926720
1324659565825298434
1324659531801133057
1324659504663986176
1324659447197741056
1324659422266855426
1324659388901195779
1324659365165584384
1324659298761363457
1324659213096898563
1324659169241321475
1324659143072976897
1324659084486942720
1324659076861710337
1324658916928724993
1324658864575467520
1324658786271985664
1324658772988563457
1324658710980055041
1324658668680478721
1324658549272825857
1324658484223291392
1324658213501968384
1324657950888218625
1324657892725788672
1324657829249245187
1324657279191420928
1324657198102941696
1324657170835820545
1324657122307690503
1324657109485658112
1324656901834133505
1324656770820833281
1324656650914045953
1324656590847414272
1324656497335406592
1324656294289133569
1324656146574172162
1324656022309523456
1324655994836815872
1324655859033669635
1324655830936002562
1324655570847256577
1324655452630749184
1324655442891542529
1324655437350883330
1324655427913715712
1324655394103398407
1324655355725598721
1324655346909151232
1324655346254782465
1324655344841302017
1324654942683017217
1324654852773990401
1324654830422577154
1324654724491153413
1324654510434897921
1324654464175931392
1324654364489900032
1324654360178106368
1324654267450478592
1324654227147395073
1324654190753243137
1324654174093643778
1324654001644883970
1324653986675306496
1324653962344206336
1324653917809070082
1324653859122327552
1324653793401802753
1324653690041585665
1324653649633681409
1324653611289292801
1324653553173102592
1324653219319042049
1324653160854638593
1324653114906075139
1324653011227058178
1324652995376783360
1324652832633532417
1324652798697496577
1324652772273303552
1324652552915505154
1324652512780161025
1324652452210245643
1324652408719478784
1324652357515386881
1324652197846622208
1324652060344803328
1324652054757990402
1324651847047651331
1324651843784507392
1324651697017364480
1324651518012936192
1324651479383289857
1324651288391536641
1324651214362071042
1324651058803712000
1324651004449689601
1324650978566672384
1324650969452466178
1324650959528726530
1324650905334067201
1324650904864305153
1324650865630846977
1324650847641440261
1324650800027738112
1324650640908451842
1324650294886703104
1324650212141506560
1324650156579586049
1324649922604408833
1324649858163220481
1324649692307869696
1324649659940458497
1324649409951531009
1324649291747655680
1324649046347255809
1324648839345852422
1324648765479858176
1324648752469233664
1324648746131619841
1324648503545630720
1324648463309639681
1324648461178937344
1324648417440784386
1324648101509013504
1324647850953842689
1324647819819569154
1324647503996899328
1324647503636082688
1324647485462220800
1324647425726947331
1324647336644149248
1324647151142658048
1324647017981841408
1324646912134447105
1324646700909236224
1324646692889808896
1324646605945999361
1324646367399157761
1324646232132886529
1324646062003572736
1324646061567336448
1324646060967473153
1324646060589985794
1324646059986112513
1324645981414195203
1324645972723535874
1324645863692640258
1324645831555883009
1324645772948840449
1324645762819567616
1324645632318050304
1324645426482581504
1324645283989540865
1324645281779097600
1324645105077264384
1324645097305182210
1324644816484007938
1324644675471462400
1324644591883194370
1324644361464877058
1324644300123213826
1324644188936380417
1324644042102185984
1324643913483825152
1324643822073225216
1324643797901447168
1324643775982014465
1324643735397949442
1324643618896957440
1324643590992285698
1324643506418339840
1324643422842638337
1324643374054387718
1324643352822882306
1324643204394868736
1324643104872370176
1324643010936713217
1324642990422401029
1324642869618028544
1324642864668823552
1324642703246790656
1324642682929598465
1324642666848636929
1324642661878345728
1324642654131539968
1324642619843137538
1324642442172370950
1324642429497200642
1324642425395138561
1324642410010390528
1324642281094262784
1324641935198400515
1324641916537999362
1324641901249732608
1324641686031634432
1324641626875191297
1324641585401876488
1324641513175982082
1324641483056623616
1324641331780702209
1324641164285353984
1324641053841018881
1324640984798515200
1324640979618566144
1324640951621591040
1324640914757849090
1324640906281177102
1324640554303606785
1324640488616583173
1324640424062050305
1324640268843421696
1324640042543972358
1324639992711421952
1324639984511582208
1324639876835364869
1324639823861305345
1324639733188886529
1324639573285240832
1324639520285990915
1324639465835474944
1324639414664990720
1324639392238051329
1324639358444539904
1324639260486606849
1324639151061422081
1324639052474290177
1324638965366984704
1324638719673094144
1324638530010783744
1324638373093527554
1324638249600589824
1324638242260570119
1324638171041333250
1324638127420563459
1324638045228961797
1324638030548840448
1324637898730295297
1324637813288050690
1324637787602247686
1324637749606043650
1324637723311955968
1324637703531581441
1324637698263556096
1324637653975752706
1324637647751577602
1324637625144279040
1324637468088537088
1324637431270940673
1324637413570977792
1324637319723388929
1324637248403460096
1324637116773634050
1324637098683543559
1324637052793688064
1324637021709717507
1324637021680340992
1324636912116785155
1324636858287116291
1324636848879263744
1324636821771456512
1324636805409497089
1324636737860177921
1324636698970640384
1324636696143605760
1324636443147468802
1324636392471879680
1324636232555601922
1324636231309889536
1324636230605246464
1324636230127144961
1324636229644832779
1324636228688482304
1324636194567671809
1324636189689872385
1324636179279548417
1324636173776670729
1324636049960771585
1324636000300244992
1324635809803358214
1324635704081657861
1324635651246088192
1324635640416395264
1324635630249402369
1324635498271379457
1324635468655398914
1324635464427589632
1324635392197341185
1324635392193236992
1324635392079847424
1324635292532416512
1324635100752072705
1324635075976273924
1324635014387036161
1324634877682135041
1324634628246904833
1324634506993799169
1324634467772829703
1324634443051634690
1324634397522485248
1324634355667472386
1324634162217844736
1324633989991305221
1324633824211468289
1324633811301376001
1324633804972109825
1324633739884941313
1324633722436550658
1324633655944372225
1324633629809659904
1324633586885156864
1324633518618644483
1324633308358152193
1324632969466859522
1324632889179385857
1324632529144553473
1324632293193994240
1324632148326912000
1324632102294401028
1324632088415510528
1324631998435074048
1324631932513243137
1324631885729931264
1324631671665209344
1324631514227888128
1324631494585995264
1324631230537760768
1324631078955606016
1324631069614870528
1324630918523424768
1324630891054944258
1324630852731625474
1324630721420529664
1324630627287793664
1324630598795886593
1324630370424422400
1324630301734293507
1324630276161576960
1324630230963789824
1324629647603212289
1324629530057867265
1324629310360223744
1324629039907295233
1324629014875643904
1324628760344301568
1324628713917599744
1324628686642053120
1324628630358675456
1324628323041947649
1324628302406078467
1324628267106709504
1324628265714225152
1324627775102341122
1324627737596825600
1324627734509821953
1324627698531053571
1324627650946781184
1324627463146741762
1324627415830843395
1324627402228670464
1324627226898374657
1324627215930122240
1324627065375760384
1324627031410331649
1324627012435255296
1324627008110866432
1324626842054201345
1324626641679753216
1324626620842450944
1324626575216824322
1324626394769428480
1324626316268838912
1324625980594552833
1324625970230366208
1324625715912912898
1324625663760998400
1324625579753283584
1324625480981581824
1324625446898667521
1324625388203614209
1324625280347099137
1324625268854689792
1324625204803473408
1324625026612645888
1324624990038331394
1324624892453675008
1324624884417384448
1324624816490643456
1324624813575540737
1324624756881149952
1324624751588003842
1324624675163545600
1324624648408096768
1324624629953105921
1324624554283667457
1324624476793962497
1324624472582881280
1324624465536425984
1324624451741356032
1324624378567528448
1324624357277245440
1324624341456343042
1324624324154822656
1324624122480074757
1324624098106974208
1324623985154379776
1324623921266806784
1324623710272344064
1324623699883020289
1324623615892008960
1324623202757365761
1324622918081482752
1324622841065709570
1324622682407784448
1324622501650010112
1324622431001079809
1324622335538855938
1324622291528044546
1324622029191073793
1324621948639432704
1324621816883798016
1324621757635010560
1324621591490252805
1324621536142217216
1324621350766608384
1324621340725415936
1324621284316241923
1324621123913396225
1324621089440411648
1324620824477913088
1324620745004224512
1324620736091271168
1324620563189506048
1324620382343671808
1324620361305128961
1324620071612911616
1324620046828736512
1324619948413648896
1324619873960513536
1324619815437455361
1324619812845297664
1324619708767916032
1324619700580589569
1324619162795319296
1324619062048116736
1324618859517796352
1324618798117302273
1324618780236984320
1324618665757691904
1324618505178828800
1324618365588168705
1324618334852304896
1324617964872781824
1324617509165817856
1324617430547783680
1324617372653768704
1324617091383758848
1324617030990004224
1324616990737240064
1324616987809636353
1324616800009658376
1324616639288135686
1324616613904195584
1324616397767540737
1324616390465089536
1324616305207554050
1324616218616147969
1324615975665344513
1324615920120188929
1324615730315350016
1324615613495627779
1324615252957405186
1324615136301195266
1324615044575973377
1324614966767427584
1324614859380711424
1324614765172428800
1324614649757708288
1324614341598040064
1324614283867676672
1324614155970715648
1324614110210887680
1324613950458179584
1324613455756828672
1324613437960474625
1324613186809712642
1324613164370198528
1324613147173494784
1324613047634317312
1324613005443796992
1324612904071647232
1324612886824656897
1324612873797226498
1324612821745831937
1324612655483637762
1324612440873750529
1324612407453491200
1324612390093234176
1324612365321703424
1324612355666464770
1324612127563370497
1324612066267856896
1324611888114794497
1324611840601718784
1324611586313625600
1324611532693622784
1324611206691328000
1324611166765785088
1324610908581203968
1324610616699588609
1324610191703396352
1324610032584019969
1324609721173741568
1324609636188782592
1324609615590576128
1324609437902974976
1324609045689470976
1324608422533357569
1324608378589634561
1324608219000590336
1324607818209570818
1324607795006722048
1324607783921242113
1324607725364518912
1324607669773176833
1324607646247374849
1324607215899185153
1324606969706127361
1324606932787802113
1324606705347473412
1324606545850716160
1324606100990210054
1324606070061412352
1324605814359937024
1324605800850034688
1324605788644585472
1324605560826847232
1324605550471118848
1324605275979079680
1324605267871498240
1324605233817931776
1324605036194910208
1324604807580176384
1324604740894949377
1324604594262020097
1324604586221514752
1324604291185811456
1324604144871682048
1324604131646951426
1324603573045501952
1324603556482158593
1324603225656406016
1324602962916900864
1324602915147915265
1324602563807875073
1324602499140112387
1324602273142607872
1324602199998156800
1324602096998633474
1324601876680265729
1324601760657408000
1324601434629935110
1324601252207071232
1324601117083344896
1324601046237351936
1324601039903985664
1324600782696685568
1324599943034753024
1324599915541123072
1324599806669578241
1324599609302355968
1324599536287944712
1324599403173339136
1324599327801704448
1324599198679994368
1324599043805319168
1324599021089050624
1324598734307680256
1324598733640785921
1324598657786777605
1324598347282481152
1324598246241611777
1324598200754442240
1324598070458408963
1324597691544948736
1324597541024006144
1324597349495263233
1324597227218677760
1324597032640794625
1324596968660807680
1324596892487970816
1324596844857561088
1324596671523729408
1324596556545347585
1324596405802074114
1324595690987753473
1324595686294331397
1324594859760586753
1324594834318020609
1324594799404589056
1324594771835473923
1324594764113682432
1324594731532357632
1324594730223702016
1324594711630368768
1324594710082670594
1324594678013087752
1324594676767358977
1324594631896637441
1324594630424436736
1324594598447108096
1324594596974862336
1324594246024941568
1324594167683702784
1324594166823870464
1324594166245056512
1324594120782917633
1324593886304632832
1324593665801682947
1324593443482513409
1324593306769215489
1324592825762197504
1324592758863048704
1324592452032933889
1324592450401406976
1324591839220060160
1324591452270301189
1324590638311088133
1324589805016109056
1324589278681309184
1324588766351269888
1324588241073438720
1324587413180682250
1324587219122794496
1324585081692966912
1324583207019438082
1324583050794205184
1324582087974858752
1324579853916643329
1324578656199626752
1324578170104733697
1324577988550266881
1324577109944258560
1324576676584529920
1324576636331843587
1324574267451838467
1324573916849995776
1324573916334034945
1324573914136252417
1324573913645461504
1324573913158983685
1324573869118685184
1324573480470388737
1324572328852885504
1324571906360725504
1324570233626132480
1324569891836514304
1324568405509361665
1324568218753781761
1324567396695396353
1324566930905288704
1324566406181101568
1324566105403305984
1324563953905750017
1324562841622532096
1324562786681266176
1324561290849898496
1324561144829431808
1324559330985811968
1324558879099916288
1324557000827699200
1324551938176884737
1324548477880336384
1324543759997149184
1324542318800740352
1324542209232953345
1324541956307955714
1324540721047740418
1324533884084772864
1324532944632008706
1324532117901058048
1324531591859896323
1324525196531957760
1324523660087074818
1324523351059107845
1324522812871069696
1324522647871492099
1324521688734830598
1324521405875163138
1324520900444696579
1324520669892218881
1324519424091660288
1324518705330556929
1324518648451633158
1324517772710346752
1324515863832256514
1324515603886071808
1324515299249524738
1324515181712580608
1324514929282633732
1324514263847886849
1324514028635496449
1324513735000629253
1324513518406848512
1324513089363083266
1324512377241522176
1324512205585420288
1324511932418822147
1324511829138309120
1324511415101739012
1324511170313728001
1324510557538570247
1324510108311801858
1324509060545368065
1324508976659181569
1324508535208714243
1324508254534291457
1324507965282570241
1324507862274658307
1324507591741972480
1324507415203749888
1324507160815042569
1324507075494453248
1324505664031494144
1324505630502195207
1324505482074165248
1324504113749643265
1324503978718187525
1324503878524653574
1324503550853079042
1324503021120856064
1324502833056649216
1324502795416981505
1324502312233160704
1324502218142289923
1324501972549013505
1324501753220472834
