1396231985715154950
1396231987623514112
1396232007441649667
1396232008607600644
1396232011698872329
1396232012973940741
1396232030430576640
1396232058641465345
1396232109770092546
1396232116921376768
1396232118934675458
1396232121400893443
1396232140141080576
1396232145316859911
1396232147602706434
1396232153122344961
1396232166653272068
1396232169547173889
1396232184588025860
1396232197498187777
1396232201965084673
1396232214325698562
1396232232537313280
1396232272370716673
1396232297259618304
1396232299864281089
1396232318994558978
1396232422317039624
1396232434467942402
1396232445792505864
1396232464335622151
1396232485541978114
1396232491569197056
1396232494807240718
1396232524616114176
1396232551178584072
1396232572808671232
1396232577254629378
1396232625518481413
1396232639204536320
1396232656384311300
1396232659601350659
1396232661086228483
1396232689636843520
1396232745794351105
1396232746482208770
1396232790098812930
1396232792128765954
1396232817151971329
1396232854024114177
1396232858382000128
1396232861229932545
1396232861477482498
1396232870172282888
1396232878191747074
1396232934353420289
1396232937650065410
1396232948295286786
1396232957749350403
1396232971892543491
1396233051605196801
1396233075898687488
1396233097855868929
1396233103488782338
1396233115853541378
1396233137500430336
1396233151521992708
1396233218354032656
1396233265804107782
1396233267670654978
1396233284841922562
1396233306476318720
1396233307319373828
1396233322301382657
1396233329674964999
1396233351443501056
1396233384469409793
1396233531433660420
1396233533451034625
1396233586177576961
1396233589826670592
1396233633548095490
1396233688745226247
1396233692784308235
1396233702729003015
1396233736816037892
1396233751567507460
1396233778167787522
1396233797553766400
1396233800246611972
1396233804747051010
1396233839119319048
1396233902759501832
1396233927455555586
1396233938184593409
1396233974587011075
1396233998750437384
1396234000222543873
1396234038629834753
1396234077162942465
1396234077372551171
1396234089263505410
1396234089926123530
1396234090383294471
1396234090467270658
1396234090995765251
1396234246185000963
1396234263650086912
1396234298039099395
1396234317563666437
1396234326786953220
1396234335712423938
1396234360983015424
1396234362572533763
1396234482089353223
1396234485620948996
1396234486329794564
1396234486438940685
1396234505296490506
1396234572791156736
1396234671000805384
1396234699870195719
1396234724767567874
1396234792677617671
1396234811551870979
1396234840631033859
1396234842598170625
1396234884151193601
1396234910973763585
1396234918498344960
1396234922889723904
1396234925079150592
1396234939071451139
1396234989545607173
1396234993228206081
1396235030238801922
1396235099423838209
1396235168529195011
1396235172148879364
1396235196664528897
1396235219716431872
1396235220400103425
1396235246719442945
1396235253128343558
1396235267900690433
1396235322527297546
1396235330311921668
1396235371235643393
1396235371780915207
1396235416848711683
1396235424578904064
1396235442769514496
1396235457000771592
1396235529323261954
1396235538328399877
1396235653671800833
1396235705815347206
1396235708675805185
1396235715185418242
1396235746315489282
1396235783229562887
1396235783586127878
1396235788095004678
1396235793904066561
1396235829488590860
1396235831237660674
1396235843405287433
1396235852691427330
1396235853811306499
1396235872983556096
1396235961298739203
1396236022313373704
1396236069469892611
1396236094904180737
1396236135706333188
1396236186209996800
1396236222213894146
1396236234327011334
1396236310243942400
1396236392989089793
1396236416951230468
1396236427130818560
1396236455811371011
1396236602112884736
1396236615803154433
1396236628033736712
1396236664394207242
1396236670127771648
1396236699450105864
1396236745960796163
1396236798360162322
1396236805910011911
1396236830358523907
1396236874335887361
1396236877934571524
1396236885714997250
1396236939515375616
1396236975645024261
1396236976118980617
1396237040396681221
1396237047103475716
1396237117097922563
1396237125826273280
1396237132050714632
1396237147905069062
1396237166490132485
1396237172999610376
1396237178380894213
1396237249159835653
1396237296572174340
1396237343049330696
1396237348917104643
1396237374200467457
1396237391204167681
1396237395956219909
1396237410019782657
1396237435881902083
1396237437677056001
1396237447974039554
1396237448577966090
1396237451279077385
1396237458636001283
1396237523945508871
1396237588101537792
1396237597232537600
1396237620624101382
1396237651083210756
1396237654589644801
1396237666178449408
1396237672457330690
1396237748659490821
1396237774068584450
1396237856373366787
1396237927160614913
1396237928746168321
1396237950594297862
1396237962476724226
1396238002209398786
1396238056097714177
1396238079237705730
1396238086439411715
1396238108799209473
1396238114562191364
1396238116961329152
1396238118295121922
1396238130051682304
1396238130647388164
1396238177459916800
1396238199169687554
1396238227254792197
1396238240760348673
1396238304853516289
1396238337451626511
1396238365431898112
1396238392917204997
1396238405520998404
1396238489218387978
1396238497388826628
1396238503298670592
1396238563495325697
1396238587524493315
1396238587599937542
1396238612048621569
1396238636715290624
1396238648241164296
1396238650711621645
1396238662191435778
1396238692382085120
1396238721104683008
1396238727148675072
1396238752847171587
1396238754394910727
1396238766289915905
1396238789102739464
1396238802906230788
1396238804760027137
1396238859135070218
1396238900536954883
1396238906299912195
1396238925425938432
1396239005323350023
1396239020519198720
1396239023845351425
1396239043017457666
1396239082133626880
1396239083274440717
1396239093219139589
1396239095362371584
1396239108813594632
1396239113548935176
1396239121182564360
1396239162597064707
1396239162710413316
1396239203785191427
1396239204342976512
1396239204884090885
1396239209011322880
1396239226711289856
1396239232914571266
1396239336459407366
1396239356004818947
1396239360077570052
1396239375730626560
1396239452121583617
1396239488343580678
1396239506135715842
1396239518412443656
1396239519502974977
1396239527199584257
1396239552667439104
1396239559365640196
1396239571600519172
1396239604055896068
1396239612943687681
1396239621751726081
1396239657441103876
1396239659659931650
1396239660221861888
1396239662738464768
1396239692207587334
1396239699870617601
1396239711803432961
1396239724851904517
1396239759752761344
1396239766358736899
1396239767172419591
1396239789440045059
1396239880133488646
1396239895451029504
1396239904955375620
1396239910915432449
1396239925805260804
1396239928074330112
1396239940078510088
1396239952099356673
1396239965399441416
1396239971082719233
1396239985607651329
1396239995753705477
1396240074443001856
1396240077727096837
1396240096777707527
1396240127387750400
1396240151144247297
1396240154118049793
1396240245373472769
1396240319650402308
1396240329892839424
1396240350377881605
1396240445185970181
1396240466040049664
1396240481672208388
1396240482213171200
1396240483832279047
1396240484960509953
1396240485560238083
1396240486126571527
1396240581345558536
1396240589436473351
1396240596805750785
1396240619383705603
1396240621535367172
1396240642955677696
1396240659879809027
1396240660915789825
1396240691769057287
1396240722995650563
1396240769456001026
1396240778008174593
1396240780176633859
1396240786405019650
1396240804474200070
1396240805275262976
1396240813340909570
1396240822425866241
1396240850947125248
1396240856089255943
1396240858266091523
1396240877912268800
1396240880693092357
1396240900725133314
1396240904021815297
1396240945130184704
1396240952507998214
1396240974829998082
1396241030358478850
1396241030819745796
1396241043780251654
1396241059064188929
1396241061174038529
1396241075258470400
1396241076428492804
1396241111245590534
1396241135643861005
1396241166983696384
1396241211568967680
1396241212911366145
1396241214194716675
1396241270465568769
1396241290631827464
1396241309359296513
1396241311901102088
1396241332222447617
1396241356914315266
1396241432390819843
1396241442289356802
1396241453664325632
1396241463063810048
1396241539316203522
1396241546559860738
1396241579250180098
1396241614117478407
1396241622673788928
1396241624724918274
1396241667359973377
1396241716622077954
1396241741150396416
1396241772486008832
1396241786893385736
1396241795487567873
1396241836621062157
1396241872545271810
1396241939096379399
1396241940988010499
1396241947531091969
1396241957316435977
1396241961275641858
1396241968028598276
1396241969786019845
1396241978686328832
1396241992800219139
1396241997984374791
1396242008914681859
1396242036144148481
1396242039021449222
1396242053437304836
1396242071225253888
1396242082092797957
1396242083862753284
1396242154746417153
1396242172102520834
1396242174904242177
1396242203991846914
1396242219825238021
1396242221343588355
1396242225361793024
1396242241354670085
1396242308987768835
1396242315321225217
1396242393226256384
1396242399681200129
1396242423479668736
1396242482166484996
1396242485911986178
1396242578463510528
1396242599300812808
1396242639238881281
1396242668552871952
1396242695845208065
1396242713230680065
1396242762757025796
1396242768113057792
1396242798072971264
1396242895875809282
1396242941778214913
1396242987370352643
1396243023521067013
1396243066634358784
1396243090852171776
1396243119092424705
1396243143847198722
1396243156803411971
1396243201174945794
1396243208888209409
1396243218694557698
1396243250835558402
1396243259157004292
1396243268938174469
1396243326458900482
1396243390736515072
1396243394968555520
1396243405299191812
1396243406947594241
1396243450736095234
1396243461762912258
1396243491102019587
1396243491307597825
1396243496240099331
1396243520051163138
1396243547158982656
1396243571221700610
1396243631099555849
1396243638330527749
1396243658148655107
1396243743410475008
1396243779024211973
1396243942031638530
1396243970234195968
1396243976018186244
1396243995177758724
1396244042481029122
1396244051649695746
1396244058213949444
1396244111850713094
1396244150606082051
1396244208470609920
1396244241567858690
1396244242138284033
1396244275231342596
1396244291882786818
1396244315291140100
1396244315312173060
1396244327114944516
1396244330730360832
1396244345649614849
1396244360874823683
1396244428487020547
1396244434703065094
1396244479162687492
1396244480588668929
1396244489782665221
1396244498552872962
1396244505695768585
1396244522208727042
1396244531604074496
1396244534493859841
1396244594921283584
1396244606820433921
1396244628861603840
1396244692069715968
1396244725167005697
1396244739117264896
1396244772864598025
1396244793185931266
1396244805945118720
1396244825524129795
1396244861238579205
1396244878896549891
1396244892540678146
1396244897624215555
1396244909162647556
1396244924048236549
1396244934169174016
1396244957841723393
1396244974505807876
1396244998518149123
1396245005925244931
1396245011260452869
1396245031200120834
1396245055602573322
1396245057129299971
1396245066046451713
1396245084245532674
1396245088901246976
1396245112884191235
1396245156735733761
1396245164100829189
1396245173181485059
1396245183650484228
1396245193733677057
1396245210238230532
1396245215304982537
1396245242614005761
1396245325195751425
1396245329280917506
1396245380254343168
1396245432171384838
1396245444418842624
1396245445878353923
1396245458788438017
1396245522051174405
1396245537175871489
1396245548303360001
1396245573863460865
1396245599369011201
1396245659611762700
1396245738481496065
1396245796052426757
1396245823898402822
1396245838788186112
1396245838884704257
1396245853849931776
1396245866474844165
1396245948226023433
1396245959915540480
1396245974834634756
1396245998180081667
1396246067197452293
1396246089670569986
1396246090115059714
1396246111694819330
1396246117684322304
1396246147367378951
1396246169735634947
1396246173527203843
1396246206637125634
1396246268964450306
1396246269337620481
1396246287461330945
1396246303038902275
1396246322487910401
1396246366351990793
1396246392000110594
1396246408781385730
1396246509730111491
1396246567489769477
1396246581331042304
1396246601987932160
1396246624603672576
1396246637220147203
1396246690353590276
1396246853197369350
1396246896792977414
1396246919421300737
1396246930280402950
1396247033246269443
1396247035188334599
1396247049088258058
1396247057040646147
1396247057103458306
1396247080037986307
1396247148405088256
1396247149957029890
1396247201664339974
1396247207725223938
1396247327380226052
1396247390726860806
1396247447047913472
1396247461388226566
1396247490618343425
1396247540018843653
1396247595090124800
1396247716292927492
1396247767316680708
1396247851462795265
1396247854759428098
1396247914272415744
1396247936196136967
1396247947273293826
1396247951605895168
1396247972732620804
1396247975509233666
1396247980026568704
1396248002038218752
1396248033340317698
1396248037736001540
1396248116282724359
1396248126562897928
1396248153352032260
1396248154194993152
1396248167230889984
1396248203570434052
1396248209102626816
1396248216933322752
1396248249829404674
1396248255097450497
1396248270826000385
1396248288932868097
1396248302262407174
1396248314681638922
1396248315403153416
1396248316694908942
1396248358549958661
1396248404175511560
1396248406167801856
1396248545787891712
1396248546748293122
1396248578549501953
1396248595456745473
1396248639429775360
1396248662142029828
1396248686380806145
1396248702474506240
1396248718207332356
1396248718572236810
1396248733055078407
1396248764243918849
1396248766383001603
1396248767104438274
1396248781612519436
1396248809626292227
1396248834041384960
1396248858137702400
1396248868459884552
1396248892845477890
1396248998353195015
1396249216868044802
1396249227823562753
1396249235457290243
1396249247864037376
1396249255782854656
1396249256634241028
1396249338515427335
1396249360183275521
1396249373135278083
1396249402478522371
1396249425757024256
1396249430169358337
1396249430689517571
1396249432270774272
1396249442362306560
1396249452202057735
1396249529016590349
1396249543679827970
1396249584502988802
1396249591574634498
1396249609350127622
1396249620410474496
1396249659866234882
1396249802032222216
1396249815827324929
1396249830293446662
1396249901957324802
1396249914850557953
1396249924329693188
1396249927110565894
1396249951785660418
1396249979933630468
1396249980868956164
1396250007465046017
1396250095717322753
1396250106903605248
1396250119629070338
1396250186402443267
1396250197441851393
1396250229658243072
1396250289632595970
1396250319865225219
1396250380045017088
1396250399863152649
1396250462706352130
1396250463364952066
1396250492154613763
1396250502128668674
1396250513440714753
1396250514082484224
1396250519623016448
1396250551277559816
1396250571275919361
1396250588904632322
1396250590364291072
1396250598572445697
1396250605144920068
1396250608047362050
1396250671792459781
1396250700498313217
1396250706592546816
1396250708421267456
1396250723621478400
1396250725647331332
1396250790319247365
1396250825417281538
1396250878223560705
1396250889376223234
1396250928206974978
1396250930371235841
1396250949413490689
1396251031529529345
1396251128921268228
1396251184512606209
1396251201709264902
1396251221070077952
1396251268889329666
1396251296668266498
1396251314590568453
1396251351152316419
1396251362250395648
1396251399252496385
1396251405703335942
1396251410916859908
1396251417371885570
1396251422426025984
1396251433092227073
1396251462687248385
1396251479862882315
1396251532677500934
1396251557981794306
1396251566785679360
1396251576092794882
1396251602869268481
1396251643180691463
1396251668237496327
1396251702722969601
1396251722788524034
1396251726592815104
1396251765251657734
1396251766937858052
1396251793160642562
1396251794725015564
1396251795991695360
1396251809124061184
1396251819647639555
1396251862622380033
1396251898768932864
1396251910986993664
1396251932860329987
1396251956457443334
1396251963277430784
1396251964871217152
1396251976401395716
1396251977751961602
1396251981811961857
1396252024870785037
1396252026233892865
1396252111927656448
1396252150406074369
1396252218685280257
1396252250448728066
1396252266735280130
1396252281482395650
1396252301153771525
1396252332535558146
1396252381097218049
1396252411568795653
1396252606092169216
1396252688724021250
1396252692943712257
1396252719426461696
1396252779807711234
1396252790553518081
1396252806424797192
1396252834665050118
1396252869368631297
1396252934472622082
1396252945956622336
1396252995973754880
1396253034968240128
1396253113410105348
1396253124352954377
1396253255991271424
1396253297577693185
1396253305345556491
1396253311343505410
1396253362396532738
1396253419199995905
1396253432349171716
1396253510270918656
1396253529539551236
1396253532496568329
1396253538951499777
1396253565832896515
1396253594987470853
1396253604139384836
1396253614713229313
1396253663346184195
1396253765179744256
1396253765490053133
1396253766882578436
1396253793126342658
1396253793310978057
1396253797937303553
1396253801099763713
1396253840027029512
1396253879826853893
1396253883601653761
1396253938593247233
1396253958168010754
1396254031455129601
1396254034525368321
1396254144642572290
1396254175927885832
1396254212565123076
1396254312905551874
1396254401371779072
1396254427841970179
1396254428492091393
1396254442454929411
1396254443134459907
1396254457990680576
