1395869652635508737
1395869657819648003
1395869660659257345
1395869740959158273
1395869784294797316
1395869792553349127
1395869839986675717
1395869846177566720
1395869848572502017
1395869894697172992
1395869896454586370
1395869905497563138
1395869905950478346
1395869908869816320
1395869943049162752
1395869952008204288
1395869972040228867
1395870011818921989
1395870062351896576
1395870070723710976
1395870076398620673
1395870110322249728
1395870112322834433
1395870122208866310
1395870178861268992
1395870181050703873
1395870196242472964
1395870218371665921
1395870224214278144
1395870227230044161
1395870257793929222
1395870309371240454
1395870310143078400
1395870361246441472
1395870380150202376
1395870383782379520
1395870394863820800
1395870430750199812
1395870473603403781
1395870486144462856
1395870512035794947
1395870671440433152
1395870679690588161
1395870693384937477
1395870697335963649
1395870704143409153
1395870705640693766
1395870833441230848
1395870855461212160
1395870876265029633
1395870878869508099
1395870943650660353
1395870952177782787
1395870989528047619
1395871049066192898
1395871051775627272
1395871058008412164
1395871063876177922
1395871081161011202
1395871150345969667
1395871157665079297
1395871164505993219
1395871197116653568
1395871205413068802
1395871206281203716
1395871208625815554
1395871211167563780
1395871222915911681
1395871229761007619
1395871259360206851
1395871266796675072
1395871291543015429
1395871317598035970
1395871317937774592
1395871325936361472
1395871330076143618
1395871339538432000
1395871345133621249
1395871351500464129
1395871407758888970
1395871410476756992
1395871442663841802
1395871448242262032
1395871481679290369
1395871483956707332
1395871501421776903
1395871577955241985
1395871598310301700
1395871638743363586
1395871641180250112
1395871657315684356
1395871675657424898
1395871680992628740
1395871686789148673
1395871730229448705
1395871757626744840
1395871763385487360
1395871774391390216
1395871826631344130
1395871838182461440
1395871864224993285
1395871864917045250
1395871918587318275
1395871927235923970
1395871930532696067
1395871939252695045
1395871944436862978
1395871953647460352
1395871969002799104
1395871987730366464
1395871988116336645
1395871998627225600
1395872005073801216
1395872010744516608
1395872045175644160
1395872068105814018
1395872092873187332
1395872108543098880
1395872109914689536
1395872125832007681
1395872139023208456
1395872151572463618
1395872158467956736
1395872160992796674
1395872164004483075
1395872171969372163
1395872218895241218
1395872237744439305
1395872323358625806
1395872346611884035
1395872348176326657
1395872365809111040
1395872388475236352
1395872416056893451
1395872416971300866
1395872494352048135
1395872518280556549
1395872549943353345
1395872552082362374
1395872560898772992
1395872570394746880
1395872577306890240
1395872584810606593
1395872584953122816
1395872647192383494
1395872650631729155
1395872726582185986
1395872736346529795
1395872796111253506
1395872820631113728
1395872837592915976
1395872837748105219
1395872892768985090
1395872904152236044
1395872927749378049
1395872956950192136
1395872962838925314
1395872967163187205
1395872990370336772
1395872996611473408
1395873059555483652
1395873060331397123
1395873062508187648
1395873132662099973
1395873180544380930
1395873221799518210
1395873242980683783
1395873265596440580
1395873320013271040
1395873348077375489
1395873393153613825
1395873427970564097
1395873429648297985
1395873431300841479
1395873432357703686
1395873432928141316
1395873433506963456
1395873434027139072
1395873434555531267
1395873435092463617
1395873435629367300
1395873436149370886
1395873533893414914
1395873645566828545
1395873671525326851
1395873674650128389
1395873710381453312
1395873714345029633
1395873755218518016
1395873778845032448
1395873779142778887
1395873803264200714
1395873814102302721
1395873858931015680
1395873877260226568
1395873879269183490
1395873918011969538
1395873947967754241
1395874016833982466
1395874050111688710
1395874120991129600
1395874190918660099
1395874237160869888
1395874286934667269
1395874305884532737
1395874329636872194
1395874362365030400
1395874402567401475
1395874441444433926
1395874504744841220
1395874505046831107
1395874513586425857
1395874549661683712
1395874598252687370
1395874598508445699
1395874667194421252
1395874693161361411
1395874707526885382
1395874707782737920
1395874713797283840
1395874714279686157
1395874741039341574
1395874806046859264
1395874813701468170
1395874868340699139
1395874877048074241
1395874877635235840
1395874900037054472
1395874931775135750
1395874940507860998
1395874951903784960
1395874967389188096
1395875040411926528
1395875132804149253
1395875169776902146
1395875173216276481
1395875185786425344
1395875211241836544
1395875228086161412
1395875234100781060
1395875265860014087
1395875330901041152
1395875342242533377
1395875355412606981
1395875422332760066
1395875434341060610
1395875437151244291
1395875438761762822
1395875493564518401
1395875516679434240
1395875525588094981
1395875526493999105
1395875537516703744
1395875557477322752
1395875594139848704
1395875596782145543
1395875646123958272
1395875669578485762
1395875705922142209
1395875759496089609
1395875826810380289
1395875839888211976
1395875842773950472
1395875875657240577
1395875876986933252
1395875891658567684
1395875893072048132
1395875897014726663
1395875929289809920
1395875970893164553
1395875989599686656
1395875990132363266
1395875995345997833
1395876006402134016
1395876038220165121
1395876099947737090
1395876112249589761
1395876128695410688
1395876138157842432
1395876142759006211
1395876147376926724
1395876223876751360
1395876276108472320
1395876300238295042
1395876311424503809
1395876313798483970
1395876315237163009
1395876349185773570
1395876369045807110
1395876381108625408
1395876400054345735
1395876430794330115
1395876471751815170
1395876574667313154
1395876584142348290
1395876591708905476
1395876599707353099
1395876635635814402
1395876703923212289
1395876704023941123
1395876706024579072
1395876739222474752
1395876744436068354
1395876774052048902
1395876777214496773
1395876788249706497
1395876804695629829
1395876856784687113
1395876915119013889
1395876943480901634
1395876948702814212
1395876953534644226
1395876979585470467
1395876993846157314
1395876997486858242
1395877009838981120
1395877067384889348
1395877073454092293
1395877073571438592
1395877077920911363
1395877087546904579
1395877100062711811
1395877102780653584
1395877145990291460
1395877187333627904
1395877207969566720
1395877229167579136
1395877278870016004
1395877319282147328
1395877322385936390
1395877330984349696
1395877353537015813
1395877373044740096
1395877384696500225
1395877396386095105
1395877400827727872
1395877406884438017
1395877421140873217
1395877427889508354
1395877455559340033
1395877509841965060
1395877546827321344
1395877583695319044
1395877592620838916
1395877598295625732
1395877612724133890
1395877617677504516
1395877685327540225
1395877691983810560
1395877708798865413
1395877711474741252
1395877755552665600
1395877796099108866
1395877812708458498
1395877819939495941
1395877826960756739
1395877850243342338
1395877860062158849
1395877891364229125
1395877893251739652
1395877927967985664
1395877958674432000
1395877963871178760
1395877965087531011
1395878010088198150
1395878053163802627
1395878056707903489
1395878060046618631
1395878066228957185
1395878120444637184
1395878138782097416
1395878205542780934
1395878225847455748
1395878254788194306
1395878269879263232
1395878320345075712
1395878453262573568
1395878459537305600
1395878472560611329
1395878488687714305
1395878519398408203
1395878592819732482
1395878600491114496
1395878626600448003
1395878636545314818
1395878708616044546
1395878745743953923
1395878760696664066
1395878778627371010
1395878791659020289
1395878820872433674
1395878827465842692
1395878916439564289
1395878952426684417
1395878995728687106
1395879019439136773
1395879023910211590
1395879129040318466
1395879139761139712
1395879259047174153
1395879306816114694
1395879323299614725
1395879326227238912
1395879327426912264
1395879432204820488
1395879454828810244
1395879473208299520
1395879502459330562
1395879589524779010
1395879601067503621
1395879609682518016
1395879668826312705
1395879700384391172
1395879701520977922
1395879743581458433
1395879757938626560
1395879774283866113
1395879784287199238
1395879793456041990
1395879821180383236
1395879821843091468
1395879827832459271
1395879829766082565
1395879871973400579
1395879896816173058
1395879914621054979
1395879920237174787
1395879947286327297
1395879947584118785
1395879967200841731
1395880033684795395
1395880111988219908
1395880118694854656
1395880138756304896
1395880284311150597
1395880324551282691
1395880336186351616
1395880344600068096
1395880361796722688
1395880368490876929
1395880380549509123
1395880394776621063
1395880399679668225
1395880414175240195
1395880422068920324
1395880463605112832
1395880505309007878
1395880525630480385
1395880542562889730
1395880591749439490
1395880618144243723
1395880793227112450
1395880823866417155
1395880834083794945
1395880837640593408
1395880846016528384
1395880846280757250
1395880871123640321
1395880880745422850
1395881020491239429
1395881109188222983
1395881120558985216
1395881154742571010
1395881179912577025
1395881212909129728
1395881217292226562
1395881251865772032
1395881297877291013
1395881321973653505
1395881340289970178
1395881343645589504
1395881415921840130
1395881515435892742
1395881542812045313
1395881586617462784
1395881619794366465
1395881647162236928
1395881711918014469
1395881742213468160
1395881748035248131
1395881762161561600
1395881778741579777
1395881789353250816
1395881790062092288
1395881806226931714
1395881823700402177
1395881843245846535
1395881903664816128
1395881924548341767
1395881936896266240
1395882021222760456
1395882081234952194
1395882094761496578
1395882283471495169
1395882284524392454
1395882288920006656
1395882301519765506
1395882328812052484
1395882336173142021
1395882337301368836
1395882368653828099
1395882401725886466
1395882402447253504
1395882405274259460
1395882428040888321
1395882441148178434
1395882461280800768
1395882461310169092
1395882469681946626
1395882486408876035
1395882497284714500
1395882526934192128
1395882532932042758
1395882536006475776
1395882549495443461
1395882554666979330
1395882573973307398
1395882583397961732
1395882630332227584
1395882633897381889
1395882634706931716
1395882679980199938
1395882737622474757
1395882757813854210
1395882772657496064
1395882772879785986
1395882785106243586
1395882801795411968
1395882866811281410
1395882916664815618
1395882926022303745
1395882997002420224
1395883005554667522
1395883022701023234
1395883030582112257
1395883040996483073
1395883069354217474
1395883078711709697
1395883109913092104
1395883152867004420
1395883169392513024
1395883172383105024
1395883197750185985
1395883201176932370
1395883244969730054
1395883279866286082
1395883308924473344
1395883390172336129
1395883418819366912
1395883550054957057
1395883564173078533
1395883600273358855
1395883610910171140
1395883613334429697
1395883636143034376
1395883682506891266
1395883683924619264
1395883734310789126
1395883740585500672
1395883793630875648
1395883806750543873
1395883823313924097
1395883864455884800
1395883901831327748
1395883924577001480
1395883955782627336
1395883961927323656
1395883993292214278
1395884041094762497
1395884063999803394
1395884067489517569
1395884068114472960
1395884106915921923
1395884156614238208
1395884180886675456
1395884276676190213
1395884346557468674
1395884372411170824
1395884439952138246
1395884458855878658
1395884469257740288
1395884477331775488
1395884502325542912
1395884539214508032
1395884542091829255
1395884556004347908
1395884569308680195
1395884597880270848
1395884644072050690
1395884662703149057
1395884721536700416
1395884782492471298
1395884871852122120
1395884982837538818
1395885109543329794
1395885141352976388
1395885191248416771
1395885199230214146
1395885252216827904
1395885330159525888
1395885336975314945
1395885382068211720
1395885396807008260
1395885406734929924
1395885473697050632
1395885571185258498
1395885585248653312
1395885668124045314
1395885703272271877
1395885767147335682
1395885832658169858
1395885848323891205
1395886044055212032
1395886077353807873
1395886173269209095
1395886191006863363
1395886228151705603
1395886290009210880
1395886359924117507
1395886480036335617
1395886579772792836
1395886611125215235
1395886621883514891
1395886636639064064
1395886782730981385
1395886798140755968
1395886832508940290
1395886911869358081
1395886954873503744
1395886982878932995
1395886993893175296
1395887055083876354
1395887056216367104
1395887062067392512
1395887072871845893
1395887121097838592
1395887164022480900
1395887184822116352
1395887255512834055
1395887451974033409
1395887463990759427
1395887470902927360
1395887475265048577
1395887522971017217
1395887528687906824
1395887535474237442
1395887888710111237
1395887957916139523
1395887996575129602
1395888016539926530
1395888068671033347
1395888088094814209
1395888140125151232
1395888222585204736
1395888350490419207
1395888429632790528
1395888511753072640
1395888622931382272
1395888673435045888
1395888701226487810
1395888726694371336
1395888754997485574
1395888855723782145
1395888858676539392
1395888873591480321
1395888912304848898
1395888978470088709
1395888986267209735
1395889040604508163
1395889048594550785
1395889061588606981
1395889144145006593
1395889246582493185
1395889248419602439
1395889275611357188
1395889286105419777
1395889311942332416
1395889372663324679
1395889423590559744
1395889488728109065
1395889724372492289
1395889737517383683
1395889780802600961
1395889879549194241
1395889972528439304
1395890082100482051
1395890129185787908
1395890150744510467
1395890184059764740
1395890189994692608
1395890197334798343
1395890265710288908
1395890280247832576
1395890282860793857
1395890310719344640
1395890345397956611
1395890439002238978
1395890472812482563
1395890492336918531
1395890727381573639
1395890730074263553
1395890747166150656
1395890888983949315
1395890975323664384
1395891122346549249
1395891153820659713
1395891300701020162
1395891379952312320
1395891470960369668
1395891471090339846
1395891636547301383
1395891658206683137
1395891675789205511
1395891784492912640
1395891805753954305
1395891827757260800
1395891860556627968
1395892008431009793
1395892039766745096
1395892055507881990
1395892128786620420
1395892153809788930
