1274854214959861762
1274854192377737216
1274853959593799680
1274853584497258498
1274853450854158337
1274853063413477377
1274852913551155203
1274852664057171968
1274852186904764417
1274852107607322626
1274851980171771904
1274851603737182210
1274851181282627590
1274851163884728322
1274851006946447363
1274850853833277442
1274850594898030592
1274850575591538689
1274850321983037440
1274850079711678466
1274849816175091712
1274849512058691584
1274849416302727168
1274849394039427074
1274848214685024256
1274848109420597248
1274848006190309377
1274847969272115200
1274847923738742784
1274847803387363339
1274847762392199170
1274847514605355009
1274847000232673281
1274846609629753346
1274846399813701633
1274846343018799105
1274846258579070977
1274846142833065988
1274846083185811456
1274845602183086080
1274845440454930433
1274845027227877377
1274844925222359046
1274844447877017608
1274844173301092353
1274844123112124421
1274843873995603969
1274843866198429701
1274843708630982656
1274843354203918336
1274843235257630725
1274843209441710080
1274843117389217792
1274843115698958337
1274842787238817793
1274842622348099584
1274842395071393792
1274842002170011650
1274841706563805185
1274841677174394880
1274841593766346757
1274841459729014786
1274841423150538755
1274840717706383361
1274840556984827905
1274840348406185984
1274840041899073540
1274839975515893761
1274839812445556736
1274839730035851265
1274839566437027846
1274839195899617282
1274839132351746049
1274838633355390976
1274838601948450816
1274838537951641600
1274838354794876930
1274838333731069952
1274838296410099718
1274838218958163972
1274838108769529856
1274838080055279616
1274838079992365057
1274837860609396736
1274837835519070210
1274837495151280129
1274837400343253005
1274837349441196032
1274837128355201027
1274837091856322560
1274836741476810754
1274836568361054208
1274836514472591365
1274836396856000517
1274836392573652993
1274836389956399106
1274836353503690753
1274836264940863497
1274836121227321344
1274836097571401731
1274836004743102464
1274835489753792512
1274835338461097985
1274835250930159618
1274835138875179010
1274834771726794752
1274834307639631878
1274834302904209408
1274834180724207616
1274834134272299009
1274834033319575553
1274833899919675392
1274833689269219329
1274833663088263170
1274833612496670722
1274833534763630592
1274833334821097479
1274833237769097216
1274833165127909378
1274833128008318978
1274833053693640706
1274832779222626308
1274832303139827712
1274832163444310023
1274832093797912583
1274832081735073793
1274832061669482497
1274831738867339264
1274831650967470083
1274831507698462720
1274831343160098817
1274831331806109696
1274831296724963328
1274830834298761217
1274830739624861698
1274830527187607554
1274830439992229893
1274830416151797760
1274830049506623489
1274830026228338694
1274830000806658049
1274829933563478016
1274829915842543623
1274829653358915584
1274829511952142336
1274829329403392001
1274829317596479491
1274829277868036098
1274829256795832322
1274829240198889472
1274829026121732097
1274828990314938369
1274828675326840837
1274828491939291144
1274827929281875968
1274827608820256768
1274827605007634436
1274827590587625473
1274827567095320578
1274827440372748290
1274827286278176768
1274827247275446274
1274827093206065152
1274827017356181507
1274826959193849858
1274826731984166914
1274826653982736384
1274826600723480582
1274826599494492160
1274826587008118784
1274826532243079168
1274826493332512770
1274826397178040320
1274826314088841216
1274826272879894529
1274826061143068675
1274826038019854348
1274825903181369346
1274825874630565888
1274825826761089028
1274825766950309897
1274825690756665344
1274825656359178245
1274825596984590342
1274825544731934727
1274825493213298689
1274825197284196353
1274825049904734216
1274824895243960320
1274824819083751424
1274824799924215808
1274824755263213568
1274824635352322050
1274824584924192769
1274824551164186624
1274824479655559172
1274824363230068737
1274824269466415104
1274824201145286666
1274824100163268617
1274824091090944002
1274824062741725185
1274824060883677186
1274824059709259776
1274824056144039936
1274824019263524871
1274823829035134976
1274823824807268352
1274823816275996675
1274823789780615170
1274823536323026957
1274823484716310534
1274823460469039104
1274823347340279815
1274823330768588803
1274822833030520838
1274822793599860736
1274822667393253381
1274822637752070148
1274822372290330628
1274822274332479488
1274822092500983809
1274821954806198273
1274821909721604096
1274821848279199746
1274821806831083531
1274821699251458050
1274821661762740226
1274821553935572997
1274821499023654912
1274821480354926600
1274821454824181763
1274821380970856448
1274821366198534145
1274821275379216387
1274821099478568966
1274821068025409538
1274820956071100417
1274820930917801990
1274820910453850113
1274820892640579589
1274820872268890112
1274820750009077764
1274820637450735616
1274820608199667712
1274820562448199680
1274820540587479042
1274820462208573441
1274820437424422912
1274820370500145153
1274820278196068353
1274819890101260289
1274819887173697536
1274819811512586240
1274819774334328834
1274819758064652291
1274819593958232064
1274819409740267521
1274819321475354626
1274819315594911746
1274819296552779782
1274819251619221506
1274819081733050371
1274819017820311558
1274819003761020928
1274818984676909057
1274818973096435717
1274818948920418306
1274818915139489794
1274818740601962496
1274818731810701314
1274818714848944135
1274818700869357568
1274818218838962178
1274818176027631622
1274817990098288641
1274817914001133568
1274817822636597248
1274817762662273026
1274817658899386369
1274817573767524354
1274817557053259778
1274817548392058882
1274817431333208065
1274817318346993664
1274817123337089030
1274817021469790208
1274817007804956678
1274816997931585538
1274816962846175232
1274816930092810240
1274816894135087107
1274816861788672001
1274816820344733696
1274816714434318342
1274816564613832706
1274816557185671170
1274816279791177730
1274816263307628544
1274816233528008705
1274816164288434176
1274816030183952386
1274815745126469634
1274815680689430530
1274815460933095431
1274815447637032960
1274815278279507976
1274815265478492161
1274815130472153088
1274814972841910274
1274814930886295552
1274814898208456704
1274814841644027904
1274814579831386114
1274814401472757763
1274814396846530560
1274814347718660096
1274814284602671108
1274814275534626816
1274814198795710465
1274813988623323137
1274813941751955457
1274813782640951298
1274813750151991296
1274813733307547654
1274813425911164929
1274813414955782145
1274813328670498817
1274813225230569474
1274813210403749888
1274813125347495939
1274813095223996416
1274813063183515648
1274812984968306693
1274812817196146688
1274812814549549067
1274812730197839877
1274812691669024769
1274812562044080132
1274812522374344705
1274812479865081857
1274812470746546176
1274812438282735616
1274812349204103169
1274812334486310916
1274812315305742337
1274812272712601602
1274812188448960513
1274812162981142530
1274812106660089856
1274811954381586440
1274811930222395392
1274811919988375554
1274811919770234881
1274811813062983680
1274811749540286465
1274811740014948354
1274811605872713729
1274811586952208386
1274811526470340608
1274811429963599875
1274811323302449152
1274811251747586048
1274811226850308096
1274811209188081667
1274811151046586369
1274811128523165696
1274811125553561607
1274811094150844418
1274811027352363009
1274811010453561350
1274810925808304129
1274810518302265346
1274810305504317446
1274810247090233344
1274810231869014018
1274810032618602498
1274810026553683972
1274810009063436288
1274809988687462401
1274809948267044865
1274809810253492224
1274809786144522240
1274809766011863044
1274809728758173697
1274809636978294786
1274809608264200193
1274809588127281153
1274809576609714176
1274809560226824203
1274809502915801088
1274809472393805824
1274809376235274241
1274809375366971399
1274809337786097668
1274809330555117572
1274809277220339723
1274809231393390593
1274809208320524294
1274809062597832710
1274808976102883328
1274808579325902853
1274808508098232322
1274808506747584512
1274808466712997888
1274808367589068803
1274808318930882563
1274808303390994434
1274808234839334912
1274808234566717450
1274808173766021127
1274808006040002563
1274807766339682304
1274807762699026440
1274807743900196864
1274807712161939457
1274807697775493122
1274807680754991104
1274807533685915648
1274807525360230400
1274807517516832770
1274807478669185027
1274807348331241477
1274807337778380800
1274807236364296193
1274807185453826050
1274806891793743875
1274806876170002439
1274806819312013322
1274806805785456640
1274806671341166593
1274806624780275716
1274806613170442242
1274806588428165124
1274806572355588097
1274806548951425026
1274806458216001538
1274806443741523969
1274806420211466251
1274806307363737602
1274806271645007877
1274806224341606409
1274806214413729794
1274806185254944775
1274806161263529987
1274806040647925762
1274805945944637440
1274805739698171906
1274805603160985602
1274805543060803584
1274805531266420737
1274805479039021056
1274805278836436995
1274805271005626369
1274805267595747328
1274805257420275715
1274805095222390791
1274804981984608257
1274804768452591618
1274804676026937344
1274804644330573826
1274804573404909568
1274804541008068609
1274804419843051520
1274804419771719682
1274804419570401280
1274804279820333056
1274804217119739904
1274804215148404736
1274804193094766597
1274804185624707074
1274804166792282112
1274804165097783296
1274803977301962752
1274803970024800258
1274803901724844033
1274803707562033152
1274803703107792896
1274803676977205253
1274803630378549250
1274803597381959681
1274803539206967296
1274803521507020802
1274803502578098179
1274803501617549313
1274803427365851138
1274803243785347072
1274803130920767495
1274803094094839809
1274803058363465729
1274803050511826944
1274802919490150400
1274802891161812995
1274802884497027075
1274802872354570245
1274802771590623241
1274802761650012160
1274802733552459778
1274802678133133316
1274802597547913218
1274802559404904451
1274802507294937090
1274802481076338689
1274802438558699521
1274802407369773058
1274802370921234432
1274802335055831040
1274802329880088577
1274802321071976449
1274802293523783683
1274802142277222400
1274802141635452928
1274802079694012423
1274802046189920260
1274802044684165128
1274802030243131392
1274801965386600450
1274801952854020096
1274801902065192963
1274801866874982401
1274801792472297474
1274801627078197249
1274801486552317952
1274801405170274304
1274801306906083329
1274801283178868739
1274801216933986311
1274801129407352832
1274801094942773249
1274800871487012866
1274800691253477377
1274800674262462469
1274800668046430211
1274800646768787459
1274800632403308544
1274800630633283587
1274800626199924739
1274800588958642177
1274800427125653507
1274800424785268743
1274800418669899778
1274800328135921664
1274800296980557825
1274800196610854913
1274800142999265281
1274800067363385344
1274800035637714944
1274799964460376066
1274799892968493058
1274799831672852482
1274799793567662080
1274799762731085825
1274799738156658690
1274799723791224834
1274799647308079107
1274799635215847432
1274799495558115328
1274799489396637696
1274799485902893056
1274799482790727680
1274799409440657412
1274799247536410625
1274799089121742849
1274799066866692103
1274799035388497922
1274798981621612548
1274798960188764162
1274798899446927362
1274798834636541953
1274798822196162563
1274798742064050176
1274798649491492864
1274798475973218311
1274798462106771457
1274798352396410882
1274798290261901318
1274798258834018307
1274798208166871041
1274798058736410628
1274797978625212416
1274797931766394881
1274797927165239297
1274797879866142730
1274797813398933504
1274797763449049093
1274797699322318849
1274797654204198918
1274797639247298560
1274797624940466176
1274797531168374784
1274797460729270273
1274797410842271744
1274797236526944258
1274797157921566722
1274797134370557952
1274797125889597445
1274797105039753216
1274796973372121089
1274796950362226689
1274796860247506944
1274796833517318150
1274796690957053953
1274796650331090944
1274796632714903553
1274796563051827200
1274796464594726921
1274796406440632322
1274796388308615170
1274796362702491653
1274796216761626624
1274796118006775810
1274796038864412675
1274796015263113222
1274795904688586752
1274795848677941249
1274795781891985408
1274795768197627907
1274795677164482562
1274795636882276362
1274795604003127296
1274795599712456704
1274795486990315521
1274795478698385414
1274795188163149825
1274795116755128325
1274795028636893187
1274794921363464193
1274794864052486145
1274794807223869441
1274794766371258378
1274794736860217351
1274794669139005441
1274794624171810816
1274794575949856768
1274794456173236224
1274794433511383040
1274794265604960257
1274794260995457027
1274794186806607872
1274794146545504258
1274794145748594693
1274794123627806727
1274793980237156353
1274793957566939136
1274793943235014657
1274793933592199169
1274793915086929930
1274793804076322821
1274793731481391104
1274793723667202048
1274793720190296070
1274793687382458369
1274793683443949569
1274793665051885568
1274793497086898181
1274793493173592071
1274793487729405952
1274793420767350787
1274793372788633600
1274793335526510593
1274793236326998017
1274793208309055488
1274793140185116675
1274793104076349440
1274793005308940290
1274792974161973251
1274792804879867907
1274792765449211905
1274792736034631680
1274792719966179329
1274792684138442753
1274792617180618753
1274792527451873280
1274792482086232064
1274792439807647749
1274792434254467074
1274792115462189056
1274792114866524166
1274792096206073856
1274792015872524288
1274791997660975105
1274791896012001281
1274791848779841538
1274791744706658310
1274791674498158597
1274791660929667072
1274791629325467652
1274791589098008576
1274791576863215618
1274791547612139522
1274791500958875648
1274791494818369543
1274791306221543426
1274791296142585857
1274791235375575042
1274791209823809536
1274791126365622273
1274791124385837059
1274791007243186180
1274790952813694976
1274790905556369408
1274790867249909765
1274790813122297863
1274790738853756929
1274790670952206337
1274790658432172032
1274790640736501761
1274790497215799296
1274790435119038464
1274790359541919744
1274790355389513728
1274790058818703361
1274789976060899330
1274789762084331520
1274789632677425153
1274789616210542592
1274789609231220736
1274789606572032002
1274789597386596355
1274789591489417220
1274789524422434821
1274789520232386567
1274789474560606208
1274789464691408898
1274789364963434501
1274789361591123969
1274789229143433216
1274789218527649795
1274789181361963009
1274789172872720385
1274789102001573890
1274789083668152320
1274788999887040513
1274788844739665923
1274788810388316161
1274788733783597058
1274788651143135233
1274788570318979072
1274788567663992833
1274788538693947400
1274788498889781248
1274788432586432513
1274788326147579904
1274788239203799040
1274788208539205640
1274788178642317312
1274788174125043712
1274788043208228866
1274787936479870978
1274787933569126405
1274787908956958724
1274787899951767552
1274787886123094023
1274787787796107267
1274787695999492097
1274787662692573184
1274787659253243919
1274787594715443202
1274787480290590721
1274787468903157770
1274787459650519040
1274787432777625606
1274787319745314818
1274787317849391104
1274787273838657537
1274787197565239304
1274787112047566849
1274787109577129985
1274787053197299713
1274787005172416512
1274786852969611264
1274786790763790337
1274786717019537410
1274786658043539458
1274786636979736577
1274786481874391040
1274786419295375360
1274786320267780096
1274786303830298625
1274786278068965379
1274786247467286528
1274786152621510657
1274785975965814785
1274785911402893317
1274785901030375425
1274785881224773633
1274785722214596609
1274785719261814785
1274785645962186753
1274785614735564801
1274785601976438784
1274785560348053504
1274785532623667202
1274785377749012480
1274785371264614403
1274785346245423104
1274785310862344193
1274785244919586816
1274785241312493570
1274785080460926976
1274785004556558336
1274784964077289477
1274784832720158722
1274784831008911368
1274784684195622912
1274784658312564740
1274784612527587328
1274784593976143872
1274784571607957507
1274784482286014466
1274784458147848194
1274784404871806978
1274784381341773824
1274784221345861632
1274784211254284288
1274784104085704710
1274784083562946566
1274784044564307969
1274784018014355462
1274783758206537729
1274783702606888961
1274783583098601472
1274783545437949953
1274783204638162946
1274783156894302208
1274783130667319296
1274783127878144003
1274783121968332806
1274783102745948161
1274782984093253633
1274782968851169283
1274782925456912385
1274782903835209729
1274782832985018374
1274782815591247872
1274782780115816449
1274782727556993024
1274782659391229962
1274782287108935682
1274782278162485248
1274782263906045952
1274782263511826434
1274782154036252673
1274782096284962816
1274782075078545412
1274782065452515328
1274782050051067906
1274781989212762113
1274781870337687552
1274781818680676353
1274781744206696450
1274781710866153473
1274781535758102531
1274781411623473156
1274781183134531587
1274781068961419269
1274780961281060865
1274780939323924480
1274780864346492929
1274780800949649409
1274780709077553153
1274780672184500224
1274780669751840771
1274780592945745925
1274780517276286977
1274780424380833792
1274780417682530304
1274780326758363136
1274780321599422467
1274780263910912002
1274780247259516931
1274780189965406209
1274780155974729728
1274780040019017728
1274779809198063617
1274779774259519490
1274779692562812931
1274779653593600007
1274779619175137287
1274779474282807296
1274779331236106240
1274779208833798148
1274779179297406976
1274779084212625408
1274779056307929093
1274779006701899777
1274778972614725632
1274778922069233668
1274778915488358400
1274778892834832389
1274778797926158338
1274778755739914242
1274778691755749379
1274778539095666688
1274778529708879873
1274778526605086720
1274778431822184450
1274778295884709889
1274778258782007298
1274777987578200065
1274777912948989958
1274777890069131264
1274777865045803009
1274777863305166848
1274777793251901443
1274777790064275461
1274777763052912640
1274777686116913153
1274777671092834304
1274777649731309568
1274777593611530240
1274777580118388737
1274777571696218113
1274777560044515329
1274777529434476544
1274777500447657990
1274777486790922243
1274777218829385735
1274777203943800839
1274777201263738880
1274777195509100544
1274777173363130376
1274777105969090563
1274777048922370049
1274776968781877248
1274776953262923777
1274776845741940737
1274776730511826952
1274776655664418816
1274776569429528578
1274776567156219904
1274776525758500865
1274776380639793152
1274776359395569673
1274776356472135681
1274776309961568257
1274776296715956225
1274776243066621952
1274776209558253569
1274776150884130817
1274776142042607617
1274776090700132352
1274775960039153665
1274775926748991488
1274775888853454850
1274775865084313604
1274775864790659072
1274775785988112384
1274775781093322752
1274775646942777350
1274775598494363652
1274775521591779328
1274775423092744192
1274775371683188736
1274775370781294593
1274775362304708608
1274775306235195393
1274775292788310018
1274775229429166084
1274775128220540930
1274775121828470784
1274775116820492289
1274775104325652480
1274775067298353154
1274774895558365185
1274774609146101760
1274774590892449793
1274774569530937345
1274774519677366274
1274774517529874433
1274774503596404741
1274774337095176192
1274774306590011392
1274774241053982721
1274774181184516097
1274774047973392384
1274774034035683329
1274773922156871680
1274773910995849218
1274773890506674176
1274773788148879361
1274773714735894528
1274773657487921153
1274773656112115713
1274773616325021699
1274773520682229761
1274773464247726080
1274773436804608005
1274773415040372743
1274773383125893122
1274773369964105736
1274773345058402304
1274773303652212737
1274773281791410179
1274773256969637893
1274773214091190272
1274773169220603904
1274773156641865730
1274773120835096578
1274773112081571845
1274773076702646273
1274772972977508352
1274772908209037312
1274772831562354694
1274772826042568706
1274772730471161857
1274772720954281990
1274772676154920960
1274772664410877955
1274772467232444416
1274772457849868289
1274772446063853570
1274772409711722496
1274772383782572032
1274772368938938371
1274772331571884033
1274772302928936967
1274772263112519683
1274772204270563330
1274772183466811394
1274772178010025986
1274772087710810112
1274772032857800709
1274771998892331010
1274771990226894848
1274771988024832000
1274771986451959809
1274771957448429568
1274771925303201794
1274771893355233280
1274771772206977024
1274771718037520384
1274771688278888448
1274771572771913729
1274771552781942786
1274771428034961410
1274771398603476994
1274771336355864576
1274771277845336066
1274771273189666816
1274771272673759232
1274771177802792961
1274771170638934025
1274771169955241986
1274771142864179206
1274771112635904001
1274771069866512387
1274771044004438017
1274770997082800128
1274770968016273411
1274770820078997505
1274770801825382401
1274770774948229121
1274770740152336384
1274770690646904835
1274770674301710336
1274770638213971970
1274770424900042753
1274770393782509568
1274770344230993921
1274770314690547713
1274770239851581440
1274770210696966144
1274770030316658688
1274770011845001219
1274769964659101697
1274769939140837376
1274769903019491333
1274769826595119108
1274769814821769221
1274769812842057730
1274769748249755648
1274769742746865665
1274769644738445312
1274769641735426050
1274769470075142150
1274769453910294529
1274769423946133508
1274769381227204610
1274769376223219712
1274769368266792960
1274769321965862912
1274769240973770753
1274769127408832512
1274769084014628867
1274769060417413123
1274769005803339776
1274768964577615873
1274768793600999424
1274768774378459143
1274768633357533185
1274768576814120962
1274768546980081664
1274768439995924486
1274768272630693890
1274768248232427520
1274768199381286914
1274768163159359488
1274768151838932993
1274768114341773312
1274768107102404610
1274768061887897601
1274768033119113224
1274768018329960450
1274767932573331458
1274767902688894977
1274767834380480519
1274767830660112385
1274767766998994954
1274767713471287296
1274767666633465856
1274767663974277126
1274767640334987266
1274767593715445769
1274767502707437570
1274767489394712577
1274767417491828737
1274767345530044418
1274767137765285893
1274767135852675072
1274767026125488133
1274766992449339393
1274766988993351688
1274766906751356928
1274766884509036545
1274766863344513036
1274766852829446145
1274766786920153088
1274766675452342273
1274766659690127360
1274766571353800705
1274766500415647744
1274766467964248066
1274766436540518403
1274766406257704962
1274766386913579010
1274766356567728129
1274766337391374336
1274766261101174784
1274766222610051072
1274766006192427012
1274765998395138049
1274765977788583937
1274765934423662598
1274765929302425600
1274765855797186560
1274765808623915008
1274765709093019649
1274765700008235008
1274765689920917508
1274765625261527041
1274765616218624002
1274765600062148611
1274765578037854209
1274765542797316097
1274765519888015365
1274765498090217472
1274765445602643970
1274765433283977222
1274765409762320388
1274765398307745793
1274765277650194434
1274765244603281409
1274765217898139651
1274765207848525830
1274765082996637703
1274765082296279040
1274765043079327745
1274765037144625154
1274765027061518338
1274764871649964032
1274764747741827072
1274764710076801024
1274764692829896704
1274764586219159552
1274764504958730242
1274764414915424258
1274764344367239169
1274764120949248000
1274764055295807489
1274764033787342848
1274763957211926529
1274763951096692736
1274763943622385665
1274763898097459200
1274763884310736897
1274763877054582784
1274763843743485955
1274763816740536322
1274763738416062466
1274763736339881989
1274763724323250176
1274763610842161153
1274763567116451841
1274763529845964800
1274763528780603394
1274763468021927937
1274763456017825793
1274763436178706434
1274763403161153536
1274763384597229569
1274763250924748800
1274763144490074113
1274763131043143680
1274763062688526336
1274763061644197895
1274762918945525762
1274762894748647430
1274762864331501569
1274762688770576384
1274762663713812480
1274762627529486336
1274762611326885888
1274762490199580672
1274762474206748678
1274762464060755969
1274762457421094912
1274762421563994119
1274762421199134720
1274762306552037383
1274762260410400770
1274762236578402306
1274762153870987265
1274762147646578688
1274762130974224385
1274761919799443462
1274761816632102912
1274761778497544192
1274761673035972617
1274761670573899776
1274761567888904196
1274761544807702528
1274761538977570822
1274761431385243648
1274761405191905289
1274761364406439936
1274761269501886469
1274761201847865344
1274761188325416962
1274761152950566914
1274761053553950722
1274761023539593217
1274760978152984579
1274760932023992320
1274760920179376128
1274760754344976389
1274760727887327233
1274760670236626945
1274760559846731776
1274760502028242954
1274760394427584515
1274760336583856128
1274760324332298240
1274760262462181379
1274760258083328006
1274760144346394634
1274760114600321024
1274760108149551104
1274760099018551297
1274759938385088512
1274759832181104641
1274759815613554691
1274759798794399744
1274759747099656193
1274759672000544769
1274759635887706114
1274759528735744001
1274759477661782017
1274759469034020866
1274759419172139010
1274759412952051712
1274759369234747393
1274759276976902150
1274759244877901825
1274759170357637122
1274759149235175424
1274759068436103168
1274759067043606535
1274759018741927936
1274758956594933761
1274758947858243588
1274758896813518848
1274758878023102473
1274758833269866500
1274758773115105280
1274758755721322497
1274758690080542720
1274758613182156803
1274758601765257219
1274758483955658759
1274758423339577344
1274758395795562496
1274758373779615751
1274758311259320325
1274758304015810561
1274758289692205058
1274758274617933824
1274758238278467584
1274758217533403137
1274758202928836609
1274758137115967491
1274758060146376706
1274758025631404033
1274757988914470912
1274757968874082304
1274757904328003584
1274757875169136641
1274757737843474432
1274757731673608197
1274757634034405378
1274757605500608515
1274757596617023488
1274757585401458690
1274757550030848003
1274757522046533634
1274757519592886272
1274757514438029312
1274757511871152128
1274757356799344640
1274757330182307840
1274757064196329473
1274756997636927488
1274756828115714049
1274756807802707969
1274756749338312706
1274756633898430466
1274756631218327553
1274756611383459845
1274756588277039105
1274756580895002624
1274756503149383680
1274756466474389507
1274756406957297667
1274756359595134976
1274756357187612672
1274756352007712769
1274756317996032000
1274756251075907584
1274756239411630081
1274756162211151875
1274756120607895553
1274756111011373060
1274756074227339264
1274756055327739907
1274756044518981635
1274755997949665287
1274755924687814663
1274755899601481728
1274755879737450496
1274755856811384835
1274755849664282625
1274755658357899265
1274755495702781954
1274755461087219714
1274755301489684480
1274755297949736961
1274755283345170444
1274755258300936200
1274755206413258752
1274755043971997696
1274755043556757504
1274754907741081600
1274754869069516800
1274754855161204738
1274754850442674178
1274754807916572673
1274754798089371654
1274754791219105793
1274754790061477888
1274754787565805575
1274754752014925825
1274754707815358465
1274754640849129473
1274754593143095299
1274754587833008131
1274754564860915716
1274754557130702848
1274754547177660416
1274754545353187329
1274754542522052615
1274754532950622208
1274754406886539264
1274754393733246984
1274754385646694400
1274754371352436737
1274754368764628996
1274754192763162625
1274754133376020484
1274754087964282880
1274754085342806017
1274754065893863425
1274754049548718082
1274754023040716801
1274753983895212034
1274753980497788928
1274753927347605505
1274753927188230145
1274753808976023555
1274753758505963521
1274753747151978496
1274753708417601539
1274753707062763520
1274753706043617280
1274753613357821956
1274753503605424133
1274753494797496320
1274753455119368192
1274753454003675137
1274753447330488321
1274753441915691008
1274753400970846209
1274753359220744194
1274753347485143043
1274753324584243206
1274753313712623616
1274753302710882307
1274753252916109313
1274753134842216451
1274753102135115777
1274753056723415042
1274752923042557952
1274752895829913600
1274752875160272898
1274752820231778304
1274752807116189696
1274752758114123778
1274752756012797952
1274752737645903872
1274752708566753280
1274752707082039296
1274752704959713282
1274752691143684097
1274752689499496448
1274752686219550721
1274752665902333952
1274752662693699585
1274752651553640449
1274752650739953664
1274752643567693825
1274752629466374145
1274752592787255296
1274752561342492673
1274752549271240705
1274752499279441921
1274752480119750657
1274752464730968064
1274752331482046466
1274752252251693057
1274752248334213121
1274752074585190401
1274752056650317825
1274752054058246152
1274752011871883264
1274751879981957122
1274751873304670209
1274751808016089091
1274751774834872321
1274751701342355457
1274751666726854656
1274751661945368577
1274751640340434944
1274751611269677058
1274751556450205702
1274751537907216384
1274751535650660353
1274751410052182020
1274751408160542720
1274751391895113735
1274751365466783746
1274751337054511107
1274751261754130434
1274751184428044291
1274751141507670018
1274751135052640261
1274751092463673346
1274750994157617156
1274750968610140163
1274750866633953280
1274750841078022144
1274750817174728706
1274750789089722369
1274750781212803073
1274750760002228225
1274750605899247616
1274750574077116416
1274750563578712064
1274750521572818952
1274750482754555911
1274750407043153921
1274750351128879104
1274750347727298562
1274750266877902851
1274750250499166208
1274750124842012674
1274750084702445568
1274750064855060480
1274750054130212869
1274749908210286594
1274749803134619656
1274749780347011072
1274749686075871232
1274749683299233797
1274749652198449154
1274749519641620483
1274749427182428161
1274749364200779781
1274749280096485382
1274749232516345857
1274749196931870723
1274749064136077312
1274749057681051648
1274749044401864706
1274749028987596800
1274749006430773248
1274748920271376384
1274748908233728001
1274748902206509056
1274748900222668801
1274748894904287237
1274748893012660224
1274748856723476480
1274748835605164035
1274748768546623490
1274748752486641666
1274748734342156293
1274748705632116736
1274748593530863618
1274748579144441858
1274748528896679941
1274748481098453005
1274748448319954944
1274748424504688640
1274748373611003904
1274748318548099077
1274748296104378368
1274748177510473733
1274748119452975105
1274748109646630913
1274748069620469762
1274748034904215552
1274747988582203392
1274747936258379777
1274747925105704961
1274747852393263108
1274747835372703747
1274747804892704771
1274747791169015809
1274747758969266179
1274747757035569152
1274747725435854850
1274747724987092992
1274747718846595072
1274747708532764675
1274747668917563392
1274747655600713731
1274747557546283012
1274747530392240133
1274747503993327616
1274747500855988230
1274747440952901632
1274747402617061378
1274747383407050752
1274747240356118528
1274747225478922254
1274747083665408000
1274746979223056385
1274746956204687362
1274746955957178368
1274746931659620352
1274746833093492736
1274746822834171909
1274746809123057664
1274746808418422785
1274746720736419843
1274746693028806656
1274746665665269761
1274746651698245636
1274746649231982594
1274746644135841792
1274746617502019587
1274746511532994561
1274746503542816769
1274746453269852165
1274746432281546757
1274746380272238592
1274746235132526592
1274746210356690944
1274746132065894402
1274746117104820225
1274746036993564680
1274745922140938248
1274745915383914496
1274745847658446854
1274745735507034113
1274745716775235586
1274745657732009984
1274745625888907265
1274745592426762245
1274745439171076096
1274745427208830976
1274745389422346240
1274745382434734082
1274745328714035200
1274745123390337024
1274745016783699968
1274744981840855041
1274744904774832128
1274744807596994561
1274744620883329024
1274744609000824834
1274744597156171777
1274744588750802944
1274744497059086336
1274744455120277504
1274744304204988416
1274744213813551104
1274744110713356288
1274744033957609473
1274743999266459656
1274743975883223040
1274743847357202437
1274743823911063556
1274743742940041216
1274743604209164290
1274743586999934976
1274743544218083328
1274743402551300098
1274743356371935241
1274743343013154816
1274743286163480578
1274743270292283398
1274743248049901571
1274743107007938564
1274743082857238529
1274743077148807168
1274743072098791425
1274742996928471042
1274742960614244354
1274742894704893953
1274742882428235781
1274742869723668480
1274742853470769154
1274742783715270658
1274742775263756288
1274742731907219457
1274742632414089217
1274742504139735041
1274742476834844674
1274742442772791297
1274742421084164096
1274742334635245569
1274742238510108672
1274742212287434759
1274742196596588547
1274742121262702592
1274742101415038976
1274742007152377857
1274741781695954945
1274741730764566530
1274741677601755138
1274741518817951744
1274741271605714945
1274741242765676544
1274741225548132352
1274741182350925825
1274741142723219456
1274741096669732867
1274740984606228480
1274740919485583367
1274740914012000256
1274740870554644482
1274740748429275137
1274740695585226752
1274740677318979585
1274740670478069766
1274740507474788355
1274740491637059584
1274740486939578368
1274740473630986240
1274740395314941953
1274740381343760386
1274740334128496641
1274740233192472577
1274740176770813952
1274739975452528640
1274739926936977409
1274739907181846530
1274739871224074242
1274739596887195649
1274739592650948611
1274739583218049030
1274739444428521474
1274739321367597057
1274739320872742920
1274739047362158593
1274738972003053568
1274738953657241601
1274738857469251584
1274738743212113920
1274738662417276932
1274738616057712641
1274738587540631553
1274738511137079297
1274738473963073543
1274738428907851778
1274738413372137474
1274738405268697089
1274738378207002625
1274738289992491008
1274738283512299522
1274738243809021954
1274738226973085696
1274738218034966529
1274738157842464770
1274738027122831360
1274738001810251776
1274737957153517574
1274737952527089664
1274737905194450947
1274737893312004096
1274737885342810112
1274737824873566209
1274737823522922496
1274737822105206785
1274737820536582144
1274737807374929920
1274737802111004673
1274737785946222599
1274737749405433857
1274737635244806145
1274737552839360512
1274737493309603842
1274737442877329408
1274737425395433472
1274737411809935360
1274737373126053892
1274737356344606722
1274737265319837697
1274737061405351936
1274737033374838785
1274737008477429762
1274736971336818697
1274736945957089281
1274736892773359620
1274736879645179906
1274736870056955910
1274736808514015232
1274736719066259462
1274736660379557889
1274736649444962305
1274736627240312839
1274736593480400897
1274736587990085632
1274736349254488065
1274736218731880456
1274736208778846210
1274736139035910144
1274736106366554113
1274736066508075010
1274735861498892288
1274735756364431364
1274735736152039424
1274735728216412169
1274735686017527808
1274735618443153409
1274735608032899072
1274735600218898433
1274735489401176064
1274735440319438850
1274735440025858048
1274735435701530624
1274735422594220033
1274735255359029249
1274735225805967360
1274735108583559168
1274735085921734658
1274734978824314881
1274734970511253505
1274734950122651651
1274734883760463872
1274734843365113860
1274734830014664706
1274734786888826883
1274734727849742337
1274734720073465857
1274734668177461248
1274734652142555136
1274734637479329792
1274734571666444288
1274734461398192129
1274734400207552512
1274734275129204736
1274734137564372993
1274734130404745222
1274734121709965312
1274734088449150981
1274733989950099458
1274733960329940993
1274733909872435201
1274733823033585664
1274733705215586305
1274733575523520514
1274733536738783232
1274733517897957376
1274733452521160709
1274733422171377664
1274733391565524994
1274733379666219009
1274733354865344512
1274733308375638016
1274733278973571073
1274733193816653829
1274732922344550400
1274732850420514816
1274732831944716288
1274732830401220609
1274732817977610242
1274732804404924416
1274732787204055040
1274732692802801664
1274732687610261504
1274732683453702151
1274732657021267971
1274732632295776263
1274732613303926784
1274732595419414529
1274732572787048449
1274732540629262339
1274732506961633280
1274732500242350082
1274732449478725632
1274732420026245122
1274732384425070593
1274732292200677376
1274732196818046976
1274732142405332992
1274732047903461377
1274732022603407362
1274731933679923200
1274731852645969922
1274731845335371776
1274731804193361925
1274731689315651584
1274731620495474688
1274731502522249216
1274731485359153152
1274731371647426560
1274731268891193344
1274731130835566597
1274731116554051589
1274731060664979461
1274731037436903425
1274730990536196096
1274730958256824327
1274730934038859776
1274730851482447872
1274730838903664640
1274730782918160396
1274730757039284227
1274730726592843777
1274730628391538688
1274730599115358212
1274730588511956992
1274730337608876038
1274730304612302853
1274730184403550211
1274730081781497860
1274730078908420098
1274729948847247364
1274729924654481409
1274729922062401542
1274729816143642626
1274729395710767109
1274729202802200577
1274729181297946626
1274729106404507648
1274729099735363585
1274728890536267776
1274728800740413441
1274728763184558080
1274728621308022784
1274728557378514946
1274728453175152647
1274728449001828352
1274728403082645506
1274728340038041607
1274728334237327360
1274728315203522566
1274728314444353536
1274728260543361029
1274728219359526915
1274728160739962880
1274728079299088385
1274728039180644352
1274728034554335232
1274728031760809984
1274727950424911872
1274727940710977537
1274727911480864768
1274727908515463169
1274727847626670081
1274727830388183041
1274727792421277696
1274727708707168256
1274727643565391872
1274727592499740674
1274727578813829120
1274727534421254145
1274727439273517057
1274727431295860736
1274727294658117634
1274727262353489923
1274727182682767361
1274727094732365824
1274727075438616577
1274727025266262022
1274726922438705152
1274726889479966724
1274726823516082179
1274726798329294848
1274726553931386880
1274726539117178885
1274726484322783232
1274726479381901313
1274726300658393088
1274726271415652352
1274726261269712896
1274726240268816385
1274726145943093249
1274726068197482498
1274726035347644416
1274726023985324033
1274725915101184015
1274725857374932992
1274725856615829504
1274725762227154944
1274725651698810880
1274725607729963008
1274725429354663937
1274725187062300673
1274725136260882432
1274725115616464901
1274725108943380484
1274724968979447808
1274724933554315267
1274724899601428480
1274724881347891201
1274724851627036672
1274724840671457285
1274724810891890688
1274724794324353025
1274724784698535943
1274724775240306688
1274724713621868544
1274724663948705793
1274724568205312001
1274724547703472130
1274724546860535808
1274724510063869953
1274724463033057280
1274724290286534656
1274724284905197572
1274724187286970373
1274724171533164545
1274724113484046336
1274724072962822144
1274723998354624517
1274723928674643968
1274723921221255168
1274723918096543746
1274723898861502468
1274723857736314880
1274723828900548610
1274723739909926912
1274723512008282112
1274723399210872832
1274723377593401346
1274723374753820673
1274723374149894145
1274723347172122627
1274723320295034880
1274723246152318976
1274723158000615425
1274723058671124480
1274723023141175298
1274722958129475599
1274722919281823745
1274722915506937863
1274722888868716544
1274722864797749249
1274722824666693635
1274722698774679555
1274722684425904134
1274722642919129089
1274722627987390465
1274722627651874817
1274722626854891520
1274722604641894402
1274722583720669184
1274722548593430529
1274722524287434752
1274722514695061509
1274722496751771649
1274722430267916289
1274722406259703815
1274722328098865152
1274722305684496386
1274722063794737159
1274722037618139136
1274722000741830659
1274721969691340802
1274721964586827779
1274721885838868480
1274721776921165824
1274721748878065664
1274721684109565957
1274721582821396480
1274721526877753347
1274721521613918208
1274721509882429440
1274721496833941504
1274721484934647808
1274721424343736326
1274721421076373506
1274721403552628737
1274721400868286464
1274721345390215168
1274721193241780224
1274721115638763520
1274721027726213120
1274720938949566464
1274720922960887808
1274720894410264576
1274720829662781440
1274720823438454785
1274720672040849411
1274720621092618240
1274720560526897158
1274720500468588545
1274720329278029825
1274720293446180866
1274720292296851456
1274720266850107394
1274720183400218625
1274720179461685250
1274720084494254081
1274720026663288832
1274720009814716417
1274719983013150720
1274719939635687424
1274719931410644999
1274719914809593859
1274719850234032129
1274719710110797824
1274719703945154562
1274719688057118723
1274719656276824065
1274719472679608320
1274719370774745088
1274719313832939520
1274719313056993280
1274719303053578242
1274719218102079493
1274719207188508677
1274719153140752384
1274719131263172608
1274718870994071554
1274718855441666049
1274718830816890886
1274718770393645056
1274718738399531010
1274718602088845312
1274718452792639488
1274718419573772288
1274718391438315521
1274718375881703425
1274718266007617537
1274718219056660483
1274718197279842313
1274718138261819392
1274718121174204416
1274718118502334466
1274718098734669824
1274718067336110080
1274717779061596160
1274717767309107201
1274717753946116100
1274717740507508738
1274717679237160960
1274717657695170562
1274717599851581443
1274717567882530819
1274717350743412746
1274717275522764801
1274717140558458880
1274717079258759174
1274716981384577024
1274716934471405568
1274716927651430401
1274716817152512000
1274716815650930689
1274716739721363458
1274716681601011718
1274716664211390464
1274716531021230082
1274716515317829638
1274716410015625216
1274716279576944640
1274716273763590146
1274716228507049984
1274716162266447872
1274716159997247488
1274716060541952007
1274716045383786496
1274715944749850632
1274715653484818433
1274715580424245250
1274715540456701952
1274715534932750336
1274715490229854210
1274715486526341121
1274715476623589376
1274715363683569664
1274715312533966849
1274715226211078146
1274715127569428481
1274715088310673411
1274715067595083779
1274714865895079939
1274714844760072193
1274714811620904963
1274714781023436800
1274714690514493440
1274714588131491841
1274714545811054592
1274714527779688449
1274714458238013440
1274714346824884231
1274714249370230786
1274714165790175234
1274714165538705410
1274714156923486217
1274714083208683520
1274713979177390080
1274713875737464833
1274713830178918400
1274713709219401728
1274713675937562624
1274713470454374400
1274713459100463113
1274713428033183744
1274713328238104577
1274713323540447232
1274713304901070849
1274713241164316677
1274713194137899008
1274713183945621505
1274713147853672449
1274713131063877634
1274713097471737856
1274712935231901696
1274712924481900550
1274712806168895489
1274712799500013569
1274712785553850368
1274712707854467072
1274712707137183744
1274712558935715840
1274712374650560513
1274712183927115777
1274711957036314629
1274711949826240518
1274711932906483718
1274711904053837824
1274711858658893824
1274711851155312640
1274711793991061506
1274711669474820097
1274711614239969280
1274711411315392512
1274711370928455682
1274711301328158720
1274711177776582656
1274711085459877889
1274711079885684737
1274711018531422208
1274710995961876480
1274710981286006787
1274710848993452034
1274710847185698819
1274710836666347522
1274710742818848769
1274710694060068864
1274710569195573248
1274710454393241600
1274710435422494725
1274710371543195653
1274710258397650944
1274710225933778946
1274710208544157697
1274710195906674689
1274710191578271744
1274709994206834689
1274709977253494784
1274709919636303872
1274709834160627712
1274709328042303495
1274709170378375168
1274708928056754181
1274708750763524096
1274708510685700099
1274708504553668610
1274708464154148864
1274708383535370240
1274708348726841344
1274708317596778499
1274708303675822080
1274708288450502657
1274708203067117569
1274708159639289857
1274708068153032705
1274708037098508291
1274707933515874305
1274707907553230849
1274707747477618694
1274707715701571586
1274707645602168832
1274707558809448450
1274707536852258816
1274707531278036993
1274707481315467266
1274707471370792961
1274707385987280896
1274707342668554241
1274707328680497152
1274707288750804992
1274707221302165505
1274707130550046722
1274707117958746112
1274707037562318848
1274706906179919872
1274706787975954432
1274706739540230144
1274706727259320321
1274706672682962945
1274706571751235585
1274706510053064707
1274706501966454786
1274706445276254211
1274706397960253447
1274706333074423811
1274706314866941952
1274706289327779840
1274706250442379265
1274706205668184065
1274706194058235906
1274706153247817728
1274706140018941955
1274706135270948865
1274706094376529921
1274706026508451842
1274705943096328194
1274705937379581957
1274705924402425858
1274705898653585409
1274705863442391040
1274705833079824384
1274705720794066949
1274705688590258176
1274705686694420482
1274705579995549697
1274705572730994691
1274705383236538369
1274705323769683969
1274705262830661633
1274705260796403713
1274705060057042944
1274705014536179713
1274704995234054146
1274704980457512962
1274704971385253888
1274704934420844544
1274704777763569664
1274704727427686400
1274704704048594944
1274704638986588161
1274704586637479938
1274704495344222209
1274704459944398849
1274704456270176258
1274704432211595266
1274704194587557889
1274704066409627648
1274704046625095680
1274703960075632640
1274703914223493121
1274703732731756545
1274703693368250368
1274703594143584257
1274703545984520192
1274703410667847692
1274703385040752640
1274703304140951557
1274703021872746496
1274702914494386176
1274702801344618498
1274702677360939010
1274702604535312384
1274702562332196866
1274702468933271552
1274702423995699206
1274702410485764105
1274702152355786753
1274702090816892929
1274701810423533568
1274701803439996929
1274701741603389446
1274701722494152707
1274701621860216832
1274701619234590720
1274701580919623680
1274701562439442433
1274701559717380103
1274701325385846788
1274701229466234881
1274701226542796803
1274701159241076736
1274701045520830465
1274700774002524163
1274700751462375425
1274700711893389312
1274700684022222848
1274700646936174593
1274700619178278913
1274700402215223297
1274700204273479686
1274700182693851137
1274700133494673408
1274700128075554817
1274700023910072320
1274699990770876416
1274699959045173249
1274699949402398723
1274699858264424449
1274699694082535426
1274699692513861633
1274699660502990856
1274699583004774400
1274699578718277634
1274699486938488832
1274699484195364864
1274699480340877313
1274699437009522688
1274699406252572672
1274699291748073472
1274699165948424192
1274699030736646144
1274698878089035776
1274698654981505024
1274698315465187329
1274698169113337856
1274698146065588224
1274698097461997568
1274698094731460608
1274697991497175041
1274697880859705344
1274697832088379393
1274697779458248704
1274697771614965760
1274697735019606016
1274697636067659776
1274697621047828481
1274697525627404289
1274697444845027334
1274697442563428358
1274697439040147458
1274697421809946624
1274697352532590592
1274697322396606466
1274697264880128000
1274697092582248449
1274696983727558657
1274696926416510976
1274696902676791296
1274696752227106816
1274696697998909440
1274696628742639616
1274696627190747137
1274696609268477952
1274696565106651136
1274696465080860674
1274696390556487680
1274696327604195328
1274695999580254209
1274695998108061697
1274695763948449792
1274695734521143297
1274695572876918785
1274695529356820481
1274695470527459328
1274695468937891840
1274695454744293379
1274695385735364614
1274695271771975682
1274695162132860928
1274695027948650496
1274694982612500480
1274694926329155590
1274694900555153411
1274694844691161090
1274694576863956995
1274694554789298176
1274694537609437185
1274694486921281536
1274694451294810114
1274694277768060933
1274694002403684355
1274694000675557380
1274693978915573760
1274693962016739329
1274693941720424450
1274693766767656961
1274693684693516294
1274693249991618561
1274693153686249475
1274693131766808577
1274693049566797826
1274693013235736576
1274692924178120704
1274692891319959552
1274692808897675264
1274692750609469440
1274692729088376835
1274692639598706688
1274692489522360320
1274692394563383296
1274692335293673479
1274692282864799744
1274692280331444224
1274692257589927937
1274692216150265857
1274692167789875209
1274692165373960192
1274692124307488775
1274692080468713477
1274692065058869250
1274691910645551104
1274691803850080257
1274691772497747968
1274691752964902913
1274691717984329728
1274691714150694912
1274691706252865537
1274691622081609731
1274691552498114561
1274691522395545600
1274691327788290049
1274691302546903041
1274691282628235264
1274691167431667713
1274690963831754756
1274690921058258950
1274690909410676737
1274690892524400642
1274690872584658947
1274690806025195521
1274690748668092416
1274690732746473473
1274690653100871685
1274690521882136576
1274690519877259267
1274690445508042754
1274690438532870144
1274690418916106241
1274690365241593859
1274690268847943680
1274690234932965376
1274690226934493184
1274690195263295488
1274690131144966145
1274689991977902082
1274689957907570689
1274689850193698816
1274689786402521088
1274689685055561734
1274689430972964865
1274689375691997186
1274689346906607620
1274689303059337218
1274689257542647808
1274689253637840899
1274689220997758977
1274689177179865088
1274689171270127618
1274689155361103873
1274689139569500163
1274689034242215936
1274688812795527168
1274688794424475648
1274688783125012480
1274688749109227522
1274688737822347271
1274688653676199941
1274688541847687169
1274688325358628865
1274688225127301122
1274688211428704256
1274688189815574529
1274688176536399872
1274688175869476864
1274688117480579076
1274687973049630721
1274687936953532417
1274687916262985728
1274687867957194754
1274687841776422912
1274687794737274881
1274687736826519552
1274687709345468418
1274687655800946688
1274687653355687937
1274687502914326529
1274687402473390081
1274687334013972480
1274687286236635136
1274687252292141061
1274687217424904192
1274687099661422592
1274687008653414401
1274686984741666816
1274686984179593216
1274686974335516675
1274686939376103428
1274686872799887360
1274686732315889666
1274686625310748672
1274686619501703168
1274686606155362304
1274686559636389888
1274686278739603456
1274686224440217600
1274686199748333575
1274686164755234817
1274686159344599040
1274686092990652417
1274686064008052742
1274685902170796032
1274685763591049219
1274685693361623041
1274685587816095746
1274685345792212994
1274685340851343360
1274685241131544576
1274685123636666377
1274685072680071171
1274685040484638723
1274685029843697665
1274684909446144000
1274684783231148033
1274684727379800064
1274684666314924033
1274684592868515841
1274684523490541574
1274684487776047104
1274684473616056321
1274684433673719808
1274684422823051269
1274684395744645120
1274684318997196804
1274684264810938370
1274684192866131969
1274684145785016321
1274684142106673158
1274684022459858950
1274683986409914369
1274683900858597378
1274683824002281473
1274683785670516736
1274683688085868544
1274683593785303046
1274683516253548546
1274683516186513408
1274683505943941121
1274683500080308224
1274683469428391936
1274683436989591552
1274683388163698689
1274683204474212354
1274683193908740096
1274683039495401473
1274682792283123712
1274682761526329344
1274682758074376197
1274682584207970306
1274682459322568708
1274682390728847361
1274682363734380551
1274682252660793344
1274682217055297536
1274682207051841536
1274682182708191233
1274682114953351171
1274682063887663105
1274682018069131264
1274681986574098432
1274681972573581313
1274681961668280320
1274681924892622849
1274681921524686848
1274681775852261377
1274681748987805696
1274681725357080577
1274681707036315648
1274681627902447616
1274681613562109953
1274681595476217857
1274681593525829632
1274681584126476290
1274681483165343745
1274681426143776768
1274681402559287297
1274681376466485250
1274681319549796354
1274681288767799296
1274681195515785216
1274681157339222018
1274681074698895360
1274681044000800769
1274681017912168450
1274681009532022784
1274680901939625985
1274680828912599042
1274680822734487553
1274680798680137729
1274680786046857217
1274680781252759552
1274680702240468992
1274680666828034049
1274680622775222273
1274680620711542785
1274680611526119425
1274680479787241472
1274680450162753536
1274680409536835585
1274680400892383232
1274680373989998600
1274680222097592320
1274680217601269760
1274680185506447360
1274680103268737024
1274680093537959938
1274680053683625984
1274680042732347398
1274679929398059013
1274679903426940930
1274679865866944512
1274679782190522369
1274679738846662663
1274679725315719169
1274679674728308738
1274679663118487554
1274679640372715520
1274679628662259712
1274679554406301696
1274679411065978882
1274679395584704512
1274679377956085760
1274679117972221955
1274679061894303744
1274679033779884032
1274679028826476551
1274679006403723270
1274678984027013120
1274678957221253121
1274678919841681408
1274678919229300736
1274678746172309507
1274678731999784960
1274678719974686721
1274678709325385728
1274678675284332547
1274678669441675264
1274678664739926017
1274678523433811969
1274678506966757376
1274678503447953410
1274678473827790849
1274678419649974274
1274678336564969473
1274678293665628167
1274678122454147072
1274678083895820295
1274677968262926338
1274677962818928640
1274677895315759104
1274677826202058764
1274677820833312770
1274677737186353154
1274677685021745162
1274677587047075840
1274677574078267392
1274677460764942338
1274677453273866240
1274677452388864001
1274677450669260800
1274677443236855814
1274677269521403905
1274677200747446274
1274677187166318594
1274677186860122113
1274677177951432704
1274677044643860480
1274677011391414272
1274677000968572935
1274676989790769152
1274676901181865984
1274676673879949315
1274676670155366401
1274676580707635201
1274676475065761797
1274676386075160577
1274676270945665026
1274676228772057088
1274676195532161024
1274676185625169921
1274676008138964992
1274675841931390976
1274675604617658368
1274675519917875205
1274675517757829126
1274675516948320256
1274675446416846849
1274675412568887296
1274675356264521728
1274675344214196226
1274675218292891657
1274675217055580160
1274675142992543744
1274675142610882560
1274675139590979584
1274675000650457088
1274674982052913156
1274674944622899209
1274674942982918146
1274674942643142656
1274674938079784960
1274674820983250945
1274674653617885184
1274674491793313792
1274674441750851584
1274674333642887175
1274674325086523394
1274674314181259265
1274674231331217408
1274674217452265474
1274674216013570048
1274674190986235905
1274674068097241090
1274674046387589121
1274674039299158019
1274674032244338688
1274674021918027778
1274673973024915456
1274673887746408452
1274673840782704640
1274673788244897794
1274673764979093505
1274673625812144129
1274673521608851461
1274673479690989568
1274673478147477504
1274673323922862080
1274673267551408129
1274673205794480130
1274673106846711808
1274673094095974404
1274673078463840259
1274673054791204864
1274673005164101633
1274672978068987905
1274672936725684224
1274672744219598848
1274672742445580290
1274672690901790721
1274672685910458369
1274672635608211456
1274672583993147396
1274672484973936640
1274672443962122240
1274672397296250887
1274672340899635207
1274672122204499973
1274671959469690880
1274671949508157441
1274671748412256256
1274671644712321025
1274671538504110080
1274671506891714561
1274671500394627072
1274671493696425984
1274671440059604992
1274671383918845953
1274671200510361610
1274671131988037632
1274671121309319169
1274671028913025025
1274671009422082053
1274670997707390976
1274670981886377986
1274670839141748736
1274670823060779011
1274670820208644097
1274670792945668098
1274670768853520385
1274670712423419912
1274670711194431489
1274670670308352006
1274670606865367040
1274670479882825730
1274670380507111425
1274670359485308928
1274670278774267905
1274670187602640900
1274670175367974912
1274670143721943040
1274669874988679168
1274669604770635776
1274669579181178881
1274669474743017475
1274669459563778049
1274669442534969349
1274669389837631489
1274669341246738432
1274669318068977665
1274669229984358402
1274669207758745604
1274669156550479874
1274669046777237504
1274668980372938752
1274668814169497601
1274668739766738949
1274668737505841152
1274668699841105921
1274668461902479361
1274668389286449157
1274668353618051072
1274668244947939328
1274668058762715138
1274668056715935744
1274667924637220866
1274667752293367809
1274667715337355265
1274667676397428737
1274667581551624192
1274667580255604738
1274667532469915652
1274667465092599808
1274667432502865926
1274667402907844609
1274667365876326401
1274667350172852226
1274667309555220485
1274667250079993856
1274667147713744897
1274667140424052738
1274667039022632965
1274667031971934209
1274666907468251136
1274666854435430401
1274666853567209475
1274666775582515201
1274666765876944898
1274666700479377408
1274666697182646272
1274666667981910023
1274666629964664834
1274666615578210307
1274666550734262274
1274666491821133826
1274666480307712003
1274666393514979328
1274666370911875074
1274666341052678146
1274666136555184128
1274666116825190402
1274666113507495936
1274666009849409536
1274665788327309312
1274665727946039296
1274665717514846212
1274665691258519552
1274665630860484608
1274665577622065153
1274665571972288512
1274665312818991105
1274665270519488513
1274665248872636416
1274665246326697990
1274665045004337157
1274664992583942144
1274664936623538176
1274664840620118021
1274664760022372352
1274664655454179329
1274664479683420161
1274664418408833025
1274664408090886146
1274664138736914433
1274664126174896130
1274664009824899072
1274663909706862594
1274663889075146752
1274663714743033857
1274663699656081409
1274663666147885056
1274663587785641985
1274663585852129282
1274663428175671297
1274663337033433088
1274663170687340544
1274663160809697280
1274663140488294403
1274663010708193282
1274662940252213248
1274662915031928833
1274662738594336768
1274662679068753921
1274662632734298119
1274662625767555072
1274662460734279685
1274662436960964608
1274662377141780480
1274662332401057794
1274662258824687617
1274662184623263746
1274662172153479168
1274662163546849281
1274662126569873409
1274662029522018305
1274661931589275648
1274661911905386496
1274661734024912896
1274661726445883392
1274661657579585537
1274661610594996225
1274661575740329984
1274661542626316288
1274661478478512129
1274661475353858050
1274661289982386176
1274661226145091585
1274661185242226695
1274661185141399552
1274661114362593280
1274661064081395713
1274660998629273600
1274660949094432769
1274660904039264257
1274660872372269058
1274660846568955905
1274660572722860033
1274660552414035968
1274660433618755584
1274660346691805185
1274660311338016768
1274660221458186240
1274660209127051269
1274660113249337345
1274660106781822983
1274659917698400256
1274659914003222528
1274659819312631809
1274659795396591617
1274659793186238464
1274659602760634370
1274659547160993792
1274659508346859520
1274659485353742340
1274659395838885888
1274659371700629504
1274659270882136064
1274659208491909120
1274659181778407424
1274659156675514368
1274659147687084033
1274659136161136640
1274659097229627393
1274659082994159618
1274659064992141312
1274659051570372610
1274659039037788161
1274658960038117378
1274658878094008320
1274658815284252672
1274658754890522625
1274658751421861888
1274658698871418882
1274658642449641472
1274658625810808833
1274658621847150599
1274658587487371264
1274658507263029253
1274658505820160007
1274658503962091520
1274658446076530688
1274658404867493890
1274658383942074371
1274658337737580544
1274658305550495752
1274658267164225536
1274658205742891011
1274658181076209664
1274658177750106113
1274658137652563969
1274658107554177024
1274658080102461446
1274658079712346113
1274658061303545856
1274657981578215426
1274657922652549122
1274657841081733122
1274657796915638272
1274657769283616771
1274657731861983232
1274657687796699136
1274657545278423045
1274657522243317760
1274657461753053184
1274657427300986881
1274657402202316800
1274657345503707138
1274657313396264960
1274657279422365698
1274657154767650819
1274657132726702081
1274657116943527941
1274657080864055302
1274657077265383424
1274657076845981701
1274656999737905152
1274656897090584577
1274656854078115842
1274656785505431555
1274656772926648321
1274656696560955395
1274656654433320961
1274656648313921538
1274656627296219136
1274656470127259648
1274656459624767492
1274656369380134913
1274656328091385857
1274656297326166017
1274656227847475200
1274656178803560448
1274656166887505921
1274656163771166721
1274656063170711552
1274656010733522949
1274655986540740609
1274655983437000705
1274655890323488769
1274655868810866688
1274655787151998981
1274655708160589824
1274655707980353537
1274655678632730624
1274655652846219264
1274655555433398272
1274655478027554816
1274655462181548032
1274655457278332929
1274655329331171328
1274655298758852614
1274655263702880256
1274655239627517952
1274655235030614018
1274655201631375362
1274655098422075392
1274655066461556737
1274654979773661184
1274654901797257216
1274654841428721664
1274654833572745216
1274654817403707393
1274654764463280129
1274654691570397189
1274654635798773760
1274654443913560066
1274654428394651648
1274654390738132992
1274654322383609857
1274654187935105024
1274654121874853895
1274654102182596608
1274654061904658432
1274653982443651073
1274653949598093312
1274653936402784258
1274653829611622400
1274653826256175105
1274653806496755712
1274653769729478660
1274653742042923008
1274653715081957378
1274653666667094025
1274653621142028288
1274653557829099522
1274653538392715266
1274653405194194944
1274653387838181376
1274653385921363969
1274653350190088195
1274653324432867329
1274653306024013824
1274653080131338248
1274652974191689729
1274652959104737286
1274652948501577728
1274652908701863937
1274652901806309376
1274652836077416449
1274652807728160769
1274652696864227328
1274652647103049730
1274652577804795904
1274652552253112325
1274652544392888321
1274652453028483072
1274652408753291265
1274652395155468289
1274652332819656704
1274652287915511811
1274652247557836802
1274652127856676865
1274652112279015424
1274652099704434688
1274652073867579392
1274652049251209217
1274651909899587586
1274651853121368066
1274651845743558659
1274651797492240390
1274651793826471936
1274651745751367686
1274651739338268677
1274651699274223618
1274651681100349440
1274651637639000067
1274651609511931905
1274651600582332417
1274651513646985218
1274651487566782464
1274651386932858882
1274651364279402501
1274651180828954624
1274651161321144321
1274651142434234368
1274651128630829061
1274650983910514688
1274650955951341568
1274650948070264832
1274650903438659584
1274650856688844800
1274650847012585473
1274650771032870912
1274650579558707206
1274650533010251778
1274650475724443651
1274650459106684933
1274650451808587776
1274650450575462400
1274650371785461760
1274650369470214144
1274650265216602114
1274650222782750720
1274650072194715649
1274650034043314178
1274649986232455168
1274649926685855748
1274649882171768832
1274649787132936192
1274649764202676224
1274649743080263685
1274649717616582659
1274649630014427137
1274649609718169606
1274649601140817920
1274649504961253376
1274649487525453866
1274649444240306176
1274649434031259648
1274649431732891650
1274649413890322440
1274649386476281857
1274649365664186369
1274649209778704384
1274649199792009221
1274649156473237506
1274649148843864064
1274649140484624385
1274649092879200256
1274649029180362753
1274648993541361670
1274648989351149568
1274648974239072256
1274648790042136584
1274648782928588801
1274648781947056128
1274648736392773633
1274648723637886976
1274648707405938688
1274648669891985410
1274648594885345280
1274648469555290118
1274648320284205057
1274648250289659904
1274648123990781952
1274648072006623232
1274648065484472320
1274647983200579584
1274647927873568769
1274647865848213505
1274647857925099523
1274647852325769216
1274647765042311173
1274647731907280899
1274647597924392960
1274647588566970368
1274647557193564161
1274647552311332864
1274647427098849280
1274647405389131777
1274647395708604416
1274647332395646976
1274647323616989185
1274647306718130177
1274647240456441857
1274647139197562881
1274647094175903745
1274647072743006209
1274646965381455875
1274646839812411398
1274646814537535488
1274646779930214400
1274646760053489664
1274646754764431361
1274646690566492162
1274646634417270785
1274646536681656326
1274646514888040448
1274646491261526016
1274646455844769793
1274646440753672192
1274646398567419906
1274646306653429761
1274646288030720000
1274646138491146240
1274646067766853632
1274646046174597120
1274646039144865794
1274646002868162560
1274645951827849217
1274645922736201728
1274645898518310912
1274645876737216512
1274645851735015426
1274645812476366850
1274645688635310080
1274645661070364675
1274645621442588672
1274645557877841920
1274645385190035456
1274645384099397636
1274645239060406274
1274645180990271488
1274645066892677120
1274645026274979840
1274645013801193472
1274644986928250880
1274644849522880512
1274644781847785472
1274644742731685888
1274644711383465985
1274644618009870336
1274644521897377797
1274644512560775168
1274644491295756288
1274644466276732929
1274644415001346048
1274644405069242368
1274644335963836416
1274644270725640201
1274644259350724609
1274644209132339202
1274644175070380033
1274644147153108995
1274643931024756736
1274643892860846080
1274643868944928769
1274643866277339136
1274643852968812544
1274643808752467969
1274643761361039360
1274643717157199877
1274643713684316160
1274643689885892608
1274643639273127939
1274643587989463054
1274643576031457283
1274643532687519744
1274643507328831488
1274643459467628544
1274643342836535298
1274643338977783809
1274643306845286400
1274643235407835137
1274643176104624129
1274643149521145857
1274643099189477377
1274643078394101761
1274643031166259205
1274643001671929856
1274642918058442754
1274642714320162817
1274642700864827393
1274642686637727746
1274642559688683520
1274642533608574977
1274642464511528961
1274642324887306241
1274642248135847938
1274642218251431936
1274642176421617670
1274642171703037952
1274642121996279810
1274642057190146048
1274642047148986369
1274641948951879682
1274641947928539137
1274641933135200256
1274641899710820354
1274641890638532614
1274641851337846784
1274641835474980866
1274641708689559552
1274641636732162048
1274641602158505984
1274641585800699907
1274641449120862208
1274641423892086787
1274641398705381376
1274641357999661057
1274641346540851201
1274641256040316934
1274641245315489793
1274641221756035072
1274641052755005441
1274640955048484865
1274640847020179458
1274640819597774848
1274640701406556160
1274640644833775616
1274640604065148930
1274640507394756608
1274640458942222336
1274640388205223937
1274640360698978306
1274640279149125634
1274640249508020224
1274640206960918528
1274640148307816448
1274640075511476224
1274640061519278082
1274640037041377280
1274640013716787201
1274639997661036546
1274639974927945728
1274639793654312961
1274639637659688961
1274639620924301312
1274639567048638464
1274639484940926978
1274639359933927426
1274639207210930178
1274639067100176384
1274638931301036033
1274638910212182017
1274638903618699265
1274638893216866310
1274638714212417536
1274638670335746049
1274638662794448897
1274638530992574466
1274638463611142148
1274638426885754880
1274638423370973185
1274638388377931778
1274638342961991680
1274638239006105600
1274638144906854400
1274638128016510979
1274638125822869512
1274638111482535936
1274638021460189184
1274637950484127744
1274637926555664385
1274637869999697922
1274637806275637249
1274637795093610496
1274637739984662528
1274637674285092864
1274637633918918656
1274637595318710272
1274637520274407425
1274637502024953857
1274637501064511490
1274637453450715136
1274637433343262721
1274637429916434432
1274637400468226048
1274637376241967107
1274637323934859266
1274637251159494656
1274637178551832577
1274637151754387461
1274637131789598720
1274637121018617856
1274637022196576261
1274636845637341189
1274636672983064576
1274636629186162697
1274636623519584256
1274636593278697473
1274636562354049024
1274636510806016006
1274636480904904705
1274636472960901120
1274636470184181761
1274636426223722496
1274636375875366912
1274636355746881538
1274636301225136129
1274636235219369984
1274636218798616581
1274636177371521027
1274636053782159360
1274636038896586752
1274635961620709381
1274635838530478086
1274635774441521155
1274635685358682112
1274635642329276417
1274635635941351426
1274635601275428864
1274635573194612737
1274635473546248195
1274635472036401152
1274635445549268992
1274635434421821441
1274635399118422016
1274635353635373062
1274635314494087169
1274635163859914752
1274635115944173568
1274635098349060096
1274635079424319493
1274635066594004993
1274635044880031744
1274635014970454017
1274634975246200833
1274634933491978242
1274634743435481090
1274634719938953216
1274634706806550528
1274634665891168256
1274634606239768576
1274634510701912064
1274634405202612232
1274634249191264256
1274634178676613120
1274634145809997825
1274634093884555264
1274634071445028870
1274634068118945793
1274633884513206272
1274633827726626819
1274633756310208514
1274633708121796609
1274633691935977472
1274633685552304128
1274633624399360001
1274633619005374464
1274633519382310912
1274633458527207424
1274633322988212225
1274633241249619968
1274633167983566848
1274633064648445952
1274633059900497920
1274633058407403520
1274633013230518273
1274632866094297088
1274632801548226560
1274632792408756226
1274632781616816128
1274632643787644929
1274632610564759552
1274632588783738880
1274632571234717698
1274632486354587649
1274632482323922949
1274632380876275712
1274632363402825728
1274632345795117056
1274632312903393280
1274632251851104256
1274632136151183360
1274632084636794881
1274632046661513216
1274631916290027521
1274631874468630528
1274631865173979138
1274631837541941248
1274631785671000065
1274631779291467776
1274631659086848001
1274631616053293057
1274631579768414208
1274631553897897994
1274631484662403073
1274631414781280256
1274631376793370625
1274631286884372480
1274631129685987328
1274631090804850688
1274630983808139265
1274630936345423873
1274630881718734848
1274630711912300546
1274630689875427328
1274630660154699776
1274630638046511106
1274630581431697410
1274630521318977536
1274630245291827204
1274630215101227008
1274630175729356801
1274630055961006081
1274630015825698821
1274629966156750848
1274629963287793666
1274629928831660032
1274629857444605954
1274629829586010112
1274629790100860929
1274629739563626496
1274629688200171525
1274629591714410496
1274629501058719751
1274629441872957441
1274629376706052096
1274629259886198784
1274629252965699584
1274629212138283008
1274629195885416448
1274629180743979014
1274629052448595975
1274629047901925376
1274629045926363136
1274628988862967809
1274628970286366721
1274628964196274176
1274628898677035011
1274628781295259648
1274628760378183681
1274628675871399936
1274628568123953153
1274628559559184386
1274628524729663488
1274628494618759171
1274628490650943488
1274628382601478144
1274628304155394048
1274628204792369153
1274628143513571329
1274628119580811266
1274628110403743744
1274628066199961601
1274628063431712768
1274627978291527686
1274627942157598720
1274627877221339136
1274627797521182723
1274627720257904640
1274627714344005632
1274627635633696769
1274627631967862784
1274627600246333442
1274627576154202112
1274627524086005760
1274627512778317824
1274627488870793217
1274627476795392001
1274627475046379523
1274627437796700163
1274627378405400578
1274627309778210816
1274627289007960064
1274627210738118657
1274627150449172480
1274627066898591745
1274626916264423426
1274626902817472512
1274626893321560066
1274626704993107968
1274626622239498241
1274626562449522690
1274626545257189376
1274626413077958656
1274626371688554496
1274626090657554433
1274626031358554112
1274626029173309442
1274625964593434630
1274625950026797056
1274625919819427842
1274625896775892992
1274625855961083909
1274625651853733888
1274625613136039936
1274625532634767360
1274625515396239361
1274625505027928064
1274625220532371457
1274625158045712387
1274625043729915904
1274625025283436549
1274624966420553730
1274624960636563458
1274624848828993537
1274624847914598400
1274624836581625857
1274624750241923072
1274624738657173505
1274624662224470023
1274624652208373761
1274624560281853954
1274624512437424128
1274624383185813504
1274624226998325253
1274624199672373248
1274624154864701446
1274624123273166849
1274624108358176769
1274624076779225088
1274624073574817793
1274624048836861953
1274624046777479168
1274623755982196736
1274623742765928449
1274623685882712064
1274623579406184453
1274623536276144129
1274623530391527424
1274623444534071296
1274623335914180608
1274623303030722561
1274623302435328000
1274623259720515586
1274623122524774402
1274623098394939395
1274623092246151168
1274623051485847552
1274622988382547968
1274622969067814912
1274622904861368320
1274622867834048512
1274622806962188288
1274622700456153088
1274622566620168192
1274622522135326720
1274622426945671171
1274622368506396672
1274622334297673733
1274622284322521089
1274622144060817408
1274622111924060160
1274621984484339712
1274621942826500097
1274621821132984320
1274621735367827456
1274621617113632773
1274621543897800704
1274621419004010496
1274621366180986882
1274621234429517825
1274621230000361472
1274621189739237376
1274621121036521472
1274621080532123648
1274620983073099777
1274620981932425217
1274620874822475776
1274620801816375296
1274620734682300418
1274620724494434310
1274620720644075521
1274620659851841536
1274620625450078209
1274620598266847232
1274620581091184642
1274620531334135808
1274620531225100295
1274620478905253888
1274620406201307136
1274620384499970049
1274620357861933056
1274620211229057024
1274620180761645058
1274620141809041410
1274620137082142720
1274620120414015493
1274620109487734785
1274620073668476929
1274620000104583169
1274619993204891648
1274619983943827456
1274619877421125633
1274619777814757377
1274619755257901061
1274619745556402176
1274619720243843072
1274619656834252800
1274619642514944002
1274619590459502592
1274619432246161409
1274619418048421890
1274619307096453120
1274619266596306945
1274619184043962368
1274619163269627905
1274619135008407552
1274619088875159553
1274619070344826880
1274619023989366784
1274618999884722176
1274618951956336640
1274618949922181120
1274618747886723073
1274618689296400384
1274618649526112256
1274618646044737536
1274618639010979840
1274618614650417152
1274618568651558912
1274618539434000385
1274618493430792192
1274618470794178560
1274618467031932929
1274618460371324928
1274618400409620482
1274618381556162562
1274618298920034304
1274618273620021248
1274618270176477184
1274618242884161536
1274618165583138817
1274618154040332288
1274617929607282688
1274617900855447552
1274617881704235008
1274617874838106112
1274617871411355649
1274617732714151937
1274617723117502464
1274617719602716674
1274617628838027264
1274617594037915648
1274617552614887424
1274617540275253248
1274617522244005891
1274617398423887878
1274617278991142912
1274617239283666944
1274617213992030209
1274617169528135680
1274617134941863937
1274617063135490053
1274616972983050240
1274616928926121984
1274616900371218432
1274616852052934657
1274616823510708224
1274616811762450434
1274616736399138816
1274616732502634496
1274616661811892226
1274616432698023936
1274616371251462144
1274616321691566080
1274616173531930625
1274616094280552450
1274616090002423808
1274615882908676096
1274615802101202944
1274615793381236742
1274615702171848704
1274615691128299522
1274615647000047617
1274615600317333504
1274615583104012288
1274615536236802052
1274615500937539584
1274615470029705216
1274615426731868160
1274615362571689984
1274615289704054784
1274615227166928896
1274615182141075457
1274615107448901633
1274615024250769408
1274615017422360576
1274614895477129225
1274614842050125829
1274614793480089602
1274614769190920195
1274614466206990336
1274614443654221824
1274614434456100865
1274614387815395328
1274614311701360643
1274614298875174912
1274614211923136517
1274614135087665152
1274614087356383232
1274614086421151744
1274613867516235777
1274613788894003203
1274613747030638593
1274613730190524416
1274613654261030914
1274613608014663680
1274613434622115840
1274613431790964738
1274613364447199234
1274613319379410944
1274613291210457088
1274613252895490049
1274613246360764416
1274613233463300096
1274613214601453570
1274613197597806592
1274613133148119040
1274613113426448385
1274613060049788930
1274613037136326656
1274613034980442113
1274613023810994176
1274613012456931330
1274612866298122240
1274612697838084096
1274612639289794560
1274612538924204032
1274612413401350144
1274612237290876931
1274612205703610368
1274612185797459968
1274612162623934464
1274612131812556800
1274612117778436097
1274612066389721090
1274612048568213504
1274612044583534597
1274611860566880256
1274611811405516800
1274611763938549761
1274611712805810177
1274611708565340164
1274611687526674432
1274611653494165504
1274611648125374465
1274611641691275264
1274611551018856448
1274611469787766784
1274611349008547840
1274611330457231362
1274611293425668103
1274611287708893186
1274611282780569601
1274611261356027904
1274611242213277696
1274611208788770819
1274610987824537600
1274610846405197825
1274610820752736256
1274610793544404992
1274610748891770880
1274610611826155520
1274610503755628544
1274610483924996096
1274610413276139521
1274610355667456002
1274610289934204928
1274610200171950088
1274610160053428224
1274609917672984576
1274609880540884992
1274609861465198593
1274609844985778176
1274609789063041025
1274609781848891394
1274609594883604480
1274609545717993472
1274609534049402880
1274609454730928128
1274609438041747457
1274609251265269761
1274609229270339584
1274609095807467520
1274609089616785409
1274609069467336704
1274609007148380160
1274608991725854727
1274608955797495808
1274608889569382401
1274608811198775297
1274608795990327303
1274608795868635136
1274608641409257472
1274608370226548736
1274608323866828801
1274608302379368448
1274608219231526913
1274608203712671744
1274608151451631616
1274608114302693376
1274608088507650048
1274607974808530946
1274607942323634176
1274607899545866248
1274607796106002437
1274607676387983360
1274607557617778688
1274607358346440705
1274607250108305413
1274607224204206081
1274607206386860032
1274607188108087299
1274607033317195778
1274606958620835842
1274606951142428672
1274606881214955520
1274606851452293120
1274606805289746433
1274606804077555712
1274606740361879552
1274606719457468416
1274606666370211840
1274606616554409985
1274606372684955651
1274606306939330561
1274606260701270016
1274606212500291587
1274606209090322434
1274606193806389248
1274606117117706245
1274605963006414848
1274605774984089600
1274605733619908608
1274605712489021441
1274605709137772545
1274605567697473536
1274605545761247233
1274605343079882752
1274605210632060928
1274605180219162624
1274605171184721921
1274605108546994176
1274605067333701638
1274605003907399682
1274604813955796992
1274604811518906369
1274604804304777216
1274604766824484864
1274604760545492992
1274604640106098695
1274604639686713345
1274604625287675904
1274604470710800386
1274604463169449984
1274604423000592385
1274604279073050624
1274604174580183045
1274604095190507525
1274604075309576192
1274604049040580609
1274604046918258688
1274604030866718720
1274603969382420482
1274603845205872641
1274603731057815553
1274603619623538689
1274603518461181952
1274603507761459201
1274603453864697856
1274603416342482944
1274603347144736769
1274603294976024576
1274603292610494464
1274603174884716545
1274603127388491776
1274603119666769922
1274603102604275714
1274603099097882629
1274602817001598982
1274602764950278146
1274602680342794240
1274602669227859969
1274602629457424388
1274602591826124800
1274602585916399617
1274602509894639616
1274602369884532736
1274602223541116928
1274601983064801280
1274601887434760193
1274601886948130816
1274601878152716295
1274601856275304448
1274601848721354752
1274601673865003009
1274601652738306050
1274601621981446144
1274601570722873345
1274601482583752704
1274601472081215488
1274601396956954626
1274601341466349568
1274601298374070272
1274601287536033793
1274601251418902528
1274601192979673090
1274601157776859139
1274601101610954757
1274601075916656642
1274600946035818496
1274600727625773058
1274600726216523776
1274600682486665218
1274600626866061313
1274600582955892737
1274600481940258816
1274600459899228160
1274600431843409920
1274600381339885568
1274600293922230273
1274600258522226688
1274600230294618118
1274600150929989632
1274600118973497345
1274600036828155906
1274600018981380096
1274600002250321921
1274599984126722049
1274599967055888386
1274599932733861888
1274599914446688256
1274599515815804930
1274599474057412608
1274599451387138048
1274599440091840514
1274599219727400962
1274599111539462144
1274599091981504512
1274599006900011008
1274598885550424064
1274598633820864513
1274598577101312001
1274598429780586496
1274598352886390787
1274598321278136320
1274598192370331648
1274598186041163776
1274598163777757184
1274598132840611841
1274598070207086594
1274598021402169344
1274597875041869826
1274597716799172608
1274597698004561920
1274597652538195970
1274597518438006784
1274597427002081280
1274597314242523136
1274597257799782400
1274597231010754560
1274597195271061504
1274597176560189442
1274597137742024707
1274597105777152001
1274597050223640576
1274596994179371008
1274596871953145857
1274596853875716097
1274596819385933824
1274596759344472064
1274596634534522880
1274596493052305408
1274596433526734850
1274596375137787904
1274596374600978433
1274596374059892736
1274596329596084225
1274596262583635968
1274596130794475520
1274596125291544576
1274596122233843713
1274596060699267073
1274596053367439362
1274596001890947074
1274595920605298694
1274595905262542848
1274595874442825728
1274595869011128321
1274595821133213697
1274595774417055745
1274595741210681345
1274595639989542913
1274595633702342656
1274595498079522816
1274595466148274176
1274595207758176256
1274595023141601280
1274595016422408195
1274595014560137217
1274594978187091968
1274594926702059520
1274594796682739713
1274594678143365121
1274594665174650885
1274594601345712130
1274594571595415552
1274594490020397058
1274594408365797376
1274594382184939520
1274594336106319873
1274594237246582790
1274594175653158912
1274594098842947585
1274594094099189760
1274594071584137216
1274594049006190592
1274594030807023617
1274593881062027264
1274593868088999937
1274593750338154496
1274593722127323136
1274593691370508289
1274593660022251520
1274593547321294849
1274593454534901760
1274593417926979584
1274593384599085057
1274593326080106496
1274593202817961990
1274593173000552453
1274593016691544064
1274592633592205312
1274592463773196288
1274592304721002503
1274592296261029890
1274592255429488640
1274592103255941120
1274592085040140291
1274591582398877697
1274591529043144705
1274591416182849536
1274591407588728833
1274591401217581056
1274591398591967233
1274591373887496193
1274591315561414656
1274591299723763715
1274591275874910209
1274591274146975744
1274591212037713921
1274591126507438081
1274591126092120064
1274591079694729216
1274590889780957184
1274590802992300040
1274590722675609601
1274590666413277184
1274590642283466753
1274590641218084867
1274590636327518208
1274590474037268480
1274590452411490304
1274590423772782592
1274590403505934336
1274590397487079424
1274590396434300928
1274590315652034562
1274590303362658305
1274590216049786880
1274589988651483138
1274589944070246400
1274589801212186625
1274589754735112193
1274589620580335617
1274589515198476289
1274589353990291458
1274589351398301699
1274589333463404544
1274589307538477063
1274589307429412865
1274589292124348417
1274589242086359041
1274589200722124800
1274589087144517632
1274589028701126656
1274589022032146432
1274588779660169217
1274588613951524864
1274588494988554241
1274588364545626112
1274588276528164869
1274588258572414976
1274588224132972547
1274588182999437312
1274588030783938562
1274588029265608711
1274588016065929216
1274587916791054337
1274587552918523905
1274587488896548865
1274587483590864897
1274587366859169798
1274587365319815169
1274587337591263232
1274587336031064065
1274587313662840833
1274587240409243649
1274587110893391873
1274587107684683779
1274587097916149761
1274587063749414922
1274587021420507137
1274586951220428800
1274586701151731713
1274586566145515520
1274586457559220224
1274586444179345408
1274586441071226881
1274586398016917505
1274586359961923584
1274586277699039233
1274586218131587074
1274586126972567552
1274586100170919936
1274586091480395777
1274586075160289282
1274586038988673024
1274586013382455298
1274586008902938624
1274585855231959040
1274585852979679233
1274585847657107456
1274585825397870592
1274585735400751104
1274585667100708865
1274585604681064448
1274585563727880192
1274585522241974272
1274585482773409792
1274585229412442112
1274585140090503170
1274585100332740615
1274585046909947904
1274585005340188673
1274584997907832832
1274584994040762368
1274584633238261760
1274584602418569216
1274584544277078016
1274584481312243715
1274584468192362496
1274584368850370561
1274584238621372416
1274584215334588416
1274584135194083328
1274584079405658113
1274584046924894210
1274583992449327104
1274583941052338176
1274583903555194880
1274583863889735681
1274583723917348864
1274583717974073345
1274583492593139712
1274583287403511812
1274583051574677504
1274583025691623428
1274582822146265089
1274582623654985729
1274582601571983360
1274582513705500675
1274582423905468417
1274582215201042432
1274582166605881344
1274581938225979393
1274581596318957568
1274581590086234113
1274581107716100096
1274581090775302145
1274580988518072320
1274580865553702912
1274580821752664065
1274580809907941377
1274580527048245248
1274580519871819776
1274580398849261568
1274580373461258240
1274580320365490179
1274580249100025859
1274580105524805633
1274579945436651520
1274579908841345024
1274579819657859072
1274579660685422595
1274579613197402113
1274579556477927424
1274579491466153990
1274579432418824192
1274579246665564160
1274579151631114242
1274579147478700032
1274579113211199488
1274578367598247936
1274578032230117376
1274578012017700869
1274577718131208192
1274577508709675014
1274577395660591105
1274577086783664130
1274576805182267392
1274576507848048642
1274576209859547136
1274576168025559040
1274576122555052033
1274575902786158592
1274575881353203712
1274575704202579969
1274575667410190338
1274575539441983490
1274575507783331840
1274575248311099397
1274574962544857089
1274574842809987072
1274574771062259714
1274574473245663232
1274574086551764993
1274574050187149313
1274573893051826177
1274573869802758146
1274573801666338816
1274573682573221888
1274573665108140032
1274573592924168192
1274573564679782403
1274573327286390784
1274573255458861056
1274573080476737538
1274572879267536896
1274572643845496834
1274572581371285504
1274572580138205184
1274572552199909376
1274572491961315328
1274572186993508352
1274572185546473474
1274572157037805568
1274572016935407616
1274571861066756096
1274571692510248960
1274571656778993664
1274571503984656385
1274571467573919744
1274571304461570048
1274571060298633216
1274570935916474369
1274570423674580992
1274570371841298432
1274570160389718016
1274570117846839296
1274570018018254849
1274569795812425729
1274569621581021189
1274569552970596352
1274569523979583488
1274569421328191489
1274569287584428034
1274569235184979973
1274569104188411904
1274568971228860418
1274568855394934786
1274568785366827008
1274568774105137152
1274568567636230145
1274568410031153152
1274567933134606336
1274567186322001920
1274567072819879936
1274566943266287621
1274566823153983489
1274566577606852609
1274566378742337537
1274566300233318400
1274566274757079041
1274566174270009351
1274566146050621441
1274566107932786689
1274566049959235584
1274565881008467968
1274565872242360320
1274565854445928448
1274565825182044160
1274565527084716034
1274565397220655104
1274565352920436741
1274565339926237185
1274565316677419009
1274565146841677824
1274565007582343170
1274564719366549511
1274564607823183874
1274564511467520000
1274564474083717120
1274564411504701445
1274564352092311556
1274564157677936642
1274563852294914048
1274563782891765760
1274563529367072770
1274562580674154498
1274562142105108486
1274561695126609921
1274561439110500352
1274561253156028418
1274560892886306818
1274560647221645312
1274560463230111745
1274560374076039169
1274560274939478018
1274559557075943429
1274559144519925761
1274558834107912192
1274558404883812352
1274558394326831105
1274557357041778689
1274556830992171008
1274556754983096321
1274556579803693056
1274556506411634688
1274556192283594760
1274555912687177734
1274555704884506624
1274554598884343810
1274553873630474241
1274553138528301056
1274553138108915713
1274552419742031872
1274551971148677121
1274551176974000128
1274550635095109633
1274550540710612999
1274550037834616833
1274549391806914561
1274549261737345026
1274548833838563328
1274548307411587073
1274547363760287746
1274547295225294849
1274546159240073218
1274546102121963520
1274545441909153792
1274544584253739009
1274544442112913408
1274542799375994880
1274542226266370049
1274542000734449664
1274541954081136640
1274541607929499649
1274541305037807617
1274540352876228608
1274539266924830721
1274538669634981891
1274538118146908166
1274537674142093313
1274535431254626314
1274535257262436360
1274534769603289088
1274534282774687745
1274533145111642113
1274531615104995334
1274531266487111681
1274530767096422401
1274530578415616000
1274530187535884288
1274529939849691141
1274529934015451136
1274529556322570243
1274528964594278406
1274528776668545024
1274527913581445128
1274527007636848641
1274526389186813952
1274525552653881349
1274525322109767682
1274525241981665280
1274524880344678405
1274523764571676673
1274523311133908992
1274523301717647360
1274522200364789760
1274520841582149632
1274520726175920128
1274519740225130496
1274519512902250496
1274519399165198337
1274518882246627331
1274518333740769280
1274517645279334401
1274515547795984384
1274515331952844800
1274515239107788801
1274515238021468167
1274515194451046402
1274514463555805184
1274513645507149825
1274512886593925121
1274512624558977026
1274511962907521024
1274511780723687424
1274511175158554624
1274511164177813504
1274511003083038722
1274510883868291072
1274510351749599235
1274509394231857154
1274509366255857664
1274508818383343617
1274508676686991360
1274508621699743745
1274508375582261251
1274507325957648384
1274507173167497223
1274506223119974400
1274506053191979008
1274506023659864064
1274505859050209280
1274505810308222978
1274505672286142466
1274504121060667398
1274502616421195778
1274501470260527105
1274500941832650752
1274500781341921280
1274500430035390464
1274499863997267969
1274499852836179974
1274499775929384962
1274499599445655553
1274498995084288001
1274498949416734720
1274498131561009155
1274497891890081794
1274497735224430594
1274497577430458378
1274497515585507330
1274497306973425670
1274496897651224579
1274496642121687041
1274495829190074376
1274495766950805505
1274495610901626880
1274495594027982848
1274495486855086081
1274495276028432385
1274495079600795648
1274494983584743425
1274494751597879296
1274494649609211905
1274494533234036736
1274494328195473411
1274494173308162049
1274494102613131266
1274493386406453249
1274492822553575426
1274492726936043520
1274492294486462466
