1273405044134739970
1273404520576491524
1273404425298739201
1273404424229191682
1273404208323198976
1273403497703190528
1273403195633655809
1273402963604713472
1273402299629568000
1273402182709186561
1273401768366542855
1273401757306179585
1273401116483620865
1273400753298833409
1273399996449280001
1273399517174530048
1273399479958491138
1273399365198118917
1273398291242385411
1273398285756178432
1273397754849607680
1273396209290444800
1273395413316444167
1273394947320958976
1273394840890413060
1273394712649633796
1273394612720283649
1273394599625666561
1273394553287069702
1273394517388021762
1273393968080969733
1273393862048972804
1273393721325871105
1273393401220804611
1273392938119241731
1273392624246931457
1273392280553107456
1273391789005606912
1273391719208423438
1273391661666746378
1273391603802157060
1273391137269649410
1273391040171511808
1273390908327821312
1273390761187344389
1273390529624133634
1273390495616638976
1273390318306680833
1273390262103015426
1273390083132047362
1273389963267244033
1273389957789495298
1273389203875868679
1273388944168816640
1273388827139354624
1273388216951943169
1273388155530608640
1273387747470868483
1273387558756589571
1273387534236647424
1273387435506970625
1273387391106068480
1273387361251004418
1273387164055805958
1273387067842744326
1273386848694480896
1273386786132287490
1273386755987824640
1273386749948055552
1273386580514951169
1273386538622234625
1273386190935412737
1273386153274728451
1273386064716103681
1273385867990700034
1273385831722598405
1273385585483436032
1273385125405958144
1273384863505231872
1273384856169459712
1273384687503912960
1273384297228050438
1273384140210155528
1273384093049335808
1273384062732861442
1273384040238850049
1273384017904259072
1273384002850902016
1273383908386787330
1273383813545066496
1273383541053800448
1273383303240916993
1273382888172642305
1273382853129142272
1273382776415404035
1273382631632187392
1273382297203625985
1273382240844763136
1273382089023463431
1273381985944326145
1273381888196055040
1273381854108880897
1273381536205877250
1273381519453753352
1273381390717984768
1273381366630166533
1273381219959558151
1273381096701517825
1273381055534370816
1273381040447512577
1273381013583015937
1273380302006689795
1273380228740587520
1273380102659878914
1273380035316023297
1273379999484084225
1273379965178961920
1273379871364874241
1273379860975583232
1273379707904577536
1273379695841730561
1273379584650752002
1273379151194488834
1273379028657938439
1273378979848863747
1273378947825307651
1273378907601936385
1273378875809116166
1273378846860075011
1273378832452653058
1273378790111141895
1273378715825778695
1273378683550646279
1273378578789433344
1273378545633505280
1273378474384920576
1273378464062754817
1273378397884989443
1273378049673830400
1273377876285493248
1273377705426391041
1273377670164893697
1273377653702213632
1273377595594244104
1273377417797734405
1273377192148447232
1273377142584344576
1273377137165295621
1273377061781098496
1273377043355521024
1273376944982294528
1273376886664691717
1273376822101762048
1273376779248467968
1273376753822687233
1273376642182909953
1273376502428688384
1273376236367216641
1273376072491503618
1273375964848930821
1273375902882283521
1273375864982573056
1273375670672986112
1273375657452539909
1273375640041947136
1273375440464416770
1273375116014112775
1273375071831195648
1273375062985490443
1273374874371850241
1273374835872337925
1273374732923142150
1273374670520307713
1273374665952673793
1273374588517388290
1273374578664972288
1273374271826472960
1273373897166139393
1273373829549756416
1273373779448733697
1273373512665894912
1273373431547990024
1273373273343037440
1273373256314224640
1273372868936687617
1273372752142118913
1273372735411019776
1273372657489149952
1273372648186224641
1273372568033071105
1273372486269272077
1273372436243918848
1273372417793163265
1273372381634080780
1273372359500673025
1273372266936631296
1273372129644421126
1273371960513384452
1273371937469759496
1273371933984403457
1273371906046144515
1273371857534758912
1273371755873275910
1273371642970988544
1273371502122057730
1273371358731423752
1273371237201387526
1273371102207709190
1273371071899721731
1273371046649966592
1273371046373097472
1273371005168254976
1273370811018219522
1273370693531508737
1273370603781840896
1273370429860741127
1273370419941330944
1273370403768057857
1273370358243110918
1273370337472888833
1273370225216499713
1273370153607200768
1273370033859833857
1273370022845583364
1273369970844618752
1273369923046252545
1273369876304887808
1273369870852395010
1273369767412477952
1273369749733494786
1273369277127688192
1273369238049300481
1273369193669369860
1273369112413175810
1273369064866447360
1273368850210476037
1273368819222929410
1273368441412554753
1273368424383762433
1273368415370129416
1273368331320508422
1273368026910507015
1273368025295618049
1273367943896879104
1273367883846946816
1273367829056761857
1273367759599087618
1273367696529375244
1273367676971364354
1273367664145190913
1273367559283396610
1273367547342176258
1273367520980992005
1273367493759979523
1273367395835445251
1273367209893670912
1273367190796976129
1273367162061807617
1273367084446162945
1273367006696349696
1273366935233802242
1273366920465702913
1273366882133966852
1273366848810242051
1273366745944899587
1273366740349706242
1273366668006260737
1273366651623346182
1273366533159489538
1273366443019681794
1273366437135032320
1273366362623180802
1273366362380013570
1273366341437841411
1273366244872331271
1273366205278150656
1273366032061804546
1273366025891971073
1273365919943864321
1273365874301427712
1273365855859093505
1273365703035432967
1273365294334054400
1273365123680395268
1273365039269974017
1273365007170965506
1273364991832403969
1273364879638921224
1273364681110028291
1273364517511221255
1273364516148043778
1273364463320805377
1273364376255369216
1273364274862268416
1273364236912267264
1273364174643646468
1273363911975329796
1273363904631013379
1273363816752001027
1273363788327268354
1273363748984684545
1273363692764233746
1273363619602980865
1273363516519583749
1273363286252281858
1273363212080156673
1273363148020625408
1273363122594725892
1273363057406812164
1273363017720303617
1273362741491838982
1273362675737808896
1273362668255133712
1273362519273455624
1273362315245649922
1273362132873199618
1273362105463377920
1273362075167928320
1273362066255032326
1273361923384520705
1273361761794764801
1273361636993183751
1273361628201967617
1273361615736524800
1273361598414012416
1273361491576664068
1273361375805550594
1273361263976951810
1273361158880342017
1273361071802368000
1273361031721558016
1273361022250778625
1273361007470088194
1273360794915348485
1273360702040834048
1273360689676115968
1273360404824162305
1273360082005352449
1273360081476816896
1273360068034146305
1273359968985657349
1273359906222018561
1273359762189692928
1273359761698848773
1273359725799899156
1273359695521120258
1273359451295305734
1273359348723519488
1273359207262232577
1273359181882458120
1273359099942580225
1273359023589425153
1273358920032096256
1273358903816880130
1273358744114651141
1273358581971275777
1273358563759525888
1273358556956418048
1273358225782554630
1273358040423694341
1273357891538505733
1273357749049602049
1273357611396726791
1273357559135682561
1273357555457196034
1273357361760161792
1273356994305548288
1273356971765370880
1273356939389517825
1273356841519591425
1273356681423060997
1273356623520636934
1273356558236291072
1273356067804778496
1273355923394826245
1273355808479338498
1273355558666539008
1273355558658203655
1273355527024709633
1273355434234187778
1273355231385051136
1273355196580671492
1273355181661605888
1273355149977804800
1273355089747546112
1273354776848334848
1273354723165429760
1273354686905683970
1273354624662044672
1273354470261436420
1273354415118966784
1273354401906819077
1273354382919241732
1273354316833796100
1273354209774182401
1273354141428060164
1273354059676889089
1273354016886525958
1273353988147159045
1273353945805660163
1273353819355840515
1273353810065399809
1273353800066228224
1273353713676099593
1273353380711346179
1273353289338441729
1273353161705734144
1273353152868253696
1273353043904520193
1273352998668959744
1273352961113145344
1273352940598759425
1273352869195001858
1273352817911173125
1273352689045340161
1273352669172826112
1273352210907377666
1273352029096890368
1273351941549101060
1273351867574226945
1273351225816174593
1273351199270600711
1273351150880919553
1273350848287068161
1273350669999779843
1273350455964446724
1273350334644191233
1273350050412924932
1273349750406942722
1273349632467316737
1273349460635070464
1273349458059841536
1273349450312962048
1273349265365127174
1273348856563056640
1273348801022083080
1273348717031182338
1273348647661551618
1273348193586208769
1273348134186475520
1273348118512390145
1273347956993921025
1273347536967872512
1273347443950850049
1273347360492589056
1273347065427496961
1273347037027880960
1273347009597112324
1273346501247369217
1273346499922059271
1273346495400554497
1273346471778230278
1273346413838176257
1273346351150104576
1273346287908327424
1273346187798732812
1273346110875148291
1273345962120032257
1273345856121470983
1273345847351300102
1273345822801920000
1273345759358988289
1273345740576829440
1273345730808250368
1273345692157837318
1273345522766618625
1273345422610833413
1273345339458826241
1273345110424551425
1273345086970044416
1273345083442704391
1273345056401915905
1273345033291341829
1273344981248417792
1273344938948861953
1273344844635791362
1273344734665355264
1273344666579218433
1273344648027811840
1273344607544324096
1273344536669028355
1273344373598683136
1273344287128854530
1273344067993305090
1273343886451265537
1273343824119595008
1273343817018748929
1273343686642974721
1273343511161638912
1273343393318555651
1273343367968153601
1273343090879758336
1273342814827536384
1273342793436536841
1273342784955650048
1273342638897475584
1273342597172469769
1273342578952413184
1273342231576010753
1273342141276852226
1273342089963716609
1273342032593944578
1273341810279157762
1273341735272427520
1273341727332544515
1273341556335001601
1273341556183961608
1273341500340961280
1273341176100392960
1273340982470209536
1273340948093820928
1273340947770810368
1273340681122185221
1273340568572178433
1273340493871689731
1273340464813543427
1273340461579632645
1273340336060932102
1273340281002262528
1273340178799759360
1273340159501774848
1273339812360011776
1273339781540384769
1273339533648711680
1273339212281065475
1273339158287826944
1273339137698025480
1273339115401031682
1273339085650890753
1273338968155787267
1273338920512770050
1273338901206380544
1273338898492645376
1273338792049545216
1273338440243990528
1273338427501694976
1273338339333222400
1273338251785445377
1273338160915927041
1273337960822341633
1273337833168809985
1273337786918199296
1273337731163226113
1273337729544261635
1273337599898398721
1273337533632516104
1273337488166334464
1273337476296380422
1273337407870566403
1273337325599277057
1273336780654247936
1273336677310836736
1273336654720307200
1273336641487343617
1273336603742810114
1273336337874247687
1273336170970263558
1273335966728683521
1273335938983305226
1273335838173212672
1273335782749716482
1273335667775471617
1273335609671770113
1273335468051116034
1273335031784714242
1273334949286944768
1273334875156865028
1273334846438375424
1273334806689046528
1273334753085788162
1273334641416712192
1273334531727208450
1273334388412030976
1273334363774648320
1273334325140996100
1273334300285509633
1273334254643142662
1273334202776387586
1273334115639721984
1273334078172024833
1273333891613499395
1273333874131681284
1273333802711080962
1273333688776953856
1273333631067607040
1273333419964010498
1273333152950505474
1273332866190114816
1273332768865423360
1273332711990706176
1273332632408010752
1273332600439017478
1273332524677238786
1273332421119881219
1273332380800032771
1273332317101215745
1273332281797758978
1273332113148968964
1273332107318870018
1273332072556441603
1273332013483909124
1273331933209137155
1273331741848145921
1273331599678083072
1273331300129222656
1273331190624370691
1273331176514740229
1273331152036728832
1273331102288093184
1273330956921909253
1273330944930390017
1273330804802965505
1273330561214529536
1273330350765342721
1273329940478525446
1273329856026198016
1273329529956847621
1273329337899593729
1273329172199477248
1273329155816505346
1273329129845334019
1273328879139258368
1273328864475918343
1273328823875121159
1273328698943471619
1273328686545211392
1273328536619749379
1273328359938850817
1273328316288729089
1273328170335436801
1273327994342424576
1273327839270653952
1273327805258960896
1273327791694589954
1273327740364750850
1273327488651997188
1273327303624404993
1273327276751454208
1273327054679932931
1273327026095693824
1273326961692160001
1273326712797966336
1273326696008224770
1273326650504220674
1273326615980920833
1273326521198010374
1273326487651987458
1273326277743857667
1273325839220969474
1273325487100739586
1273325418372902916
1273325395002130433
1273325077694681089
1273325076893614081
1273325054672150529
1273324910174179331
1273324908316164096
1273324719916417026
1273324660357128193
1273324320702574599
1273324105039781888
1273324059355480066
1273324042771214336
1273324014480625670
1273323918200385536
1273323906687029250
1273323747798286337
1273323508408483845
1273323383682486274
1273323271933636608
1273323081617100806
1273323024943546379
1273322702535831555
1273322324104708097
1273322086312955904
1273322054914379779
1273321998769426439
1273321987792912385
1273321871149326346
1273321734490464259
1273321673350094849
1273321606413275140
1273321291408379905
1273321227273342984
1273321093516996608
1273320998524219397
1273320550690164737
1273320495652495362
1273320297194819584
1273320213489029120
1273320150691962880
1273320124540387328
1273319959393943555
1273319875201708032
1273319736722558976
1273319635094568960
1273319605939904512
1273319555385954307
1273319552550649857
1273319537904095232
1273319473282514944
1273319240771215360
1273319186006188038
1273319038752559110
1273318997006651393
1273318969286549504
1273318904694214656
1273318833227530242
1273318736729169920
1273318319106424832
1273318190005846017
1273317747502600192
1273317382044475396
1273317357289685000
1273317080784404480
1273317023762833408
1273316777712386050
1273316605913636865
1273316417086140429
1273316033391140870
1273315991515090946
1273315901807497216
1273315448021487616
1273315327095562240
1273315232425926657
1273315076754333697
1273314981832994819
1273314882142814208
1273314504613511175
1273314480324317184
1273314473160380423
1273314318046695424
1273314220281663491
1273314143353831424
1273313795243458560
1273313748049186818
1273313674011213824
1273313602187993088
1273313544478642176
1273313308402163712
1273313082035646464
1273313058845347842
1273313039744450560
1273312886920753154
1273312720331423744
1273312682620465152
1273312616061026305
1273312388956270592
1273312319318228992
1273312224673697792
1273312211184877568
1273312166293233664
1273312148769443841
1273312136798670848
1273312086202949633
1273311949636481024
1273311843033980928
1273311651199102978
1273311327877042178
1273311252291387392
1273310973676400642
1273310289845501953
1273310214238978050
1273310211311382529
1273310122526285824
1273310099197628416
1273309918934810631
1273309783685242881
1273309744883736584
1273309696670208000
1273309607126020101
1273309601283428352
1273309474279882761
1273309465815719939
1273309133845008386
1273309085128146947
1273308659897024517
1273308616519553026
1273308477163790336
1273308460826968064
1273308414735798272
1273308294807986176
1273308256266604545
1273307890930061316
1273307889919295488
1273307801058713600
1273307426687721477
1273307366008721408
1273307303899475973
1273307248824066048
1273307218461548544
1273307060772487171
1273306994003398658
1273306928484102144
1273306618659328000
1273306463348445184
1273306354678104065
1273306163283705856
1273306093645631488
1273306079577899014
1273306067401945094
1273305913017982977
1273305910819995649
1273305898379812865
1273305723653500929
1273305532691099667
1273305390231494665
1273305342949154820
1273305206793568256
1273305100497362945
1273304814626246657
1273304641485275144
1273304574317793280
1273304479048314881
1273304217999073281
1273304192401244163
1273304171211567105
1273304022917828612
1273303952373747715
1273303791966846979
1273303634298707970
1273303593127460868
1273303588631166981
1273303486101364736
1273303238209687553
1273303162619715585
1273303151190384641
1273302607411494913
1273302429040283648
1273302390830219264
1273302381091053569
1273302054870626306
1273301942438158337
1273301865602711554
1273301842693423104
1273301726729326593
1273301456523792390
1273301333299343367
1273301240768794625
1273301232032104450
1273301146027909120
1273301067602821120
1273300918159773696
1273300823146102787
1273300762538520578
1273300231363452928
1273300215509012482
1273300212010889223
1273300190515134466
1273300172924125185
1273300111548973056
1273299931848212481
1273299929935613954
1273299896913793026
1273299849400778753
1273299823404429312
1273299793612353536
1273299674041143301
1273299668848513030
1273299661256896519
1273299657096126464
1273299610522566658
1273299482399117312
1273299191851372545
1273299185434066947
1273298768683773953
1273298716020146177
1273298659803893762
1273298623137267713
1273298519839948802
1273298500785188873
1273298301597683713
1273298096982802437
1273298092092059648
1273298060840402944
1273297868389076993
1273297818212536320
1273297770451959808
1273297700553883649
1273297668232667136
1273297623324254209
1273297491031732224
1273297418428321792
1273297219337236481
1273297214522220544
1273297119298949124
1273297008447479809
1273296973806829568
1273296953649049601
1273296899685130240
1273296887362342917
1273296882853429253
1273296680482476033
1273296570046447617
1273296436701036544
1273296312268709888
1273296285488025600
1273296055103369216
1273295990926258181
1273295947611754502
1273295929202946054
1273295811326205952
1273295742346637312
1273295713330479106
1273295702320467969
1273295701221523456
1273295503514615810
1273295388875816966
1273295277919698949
1273295179705958401
1273294999761928193
1273294823097761793
1273294788624887809
1273294650586140672
1273294631472635905
1273294599293997057
1273294516540276737
1273294483577241601
1273294409774366724
1273294362248712193
1273294252043374592
1273294166504734737
1273293686772838403
1273293545697353734
1273293541821874177
1273293460876005378
1273293251420848130
1273293129098166273
1273293090401509383
1273293066762440704
1273292648888045570
1273292576439914498
1273292447452401664
1273292368947613696
1273292314811793408
1273292242921324544
1273291770093338627
1273291760937193478
1273291579214757891
1273291518409953280
1273291228981985288
1273291111252078592
1273291107460362240
1273291036828340226
1273290878115876865
1273290764102008832
1273290729654300672
1273290723216031744
1273290686964674571
1273290621738983425
1273290532274475015
1273290496165675010
1273290403878440961
1273290377873817603
1273290332554264577
1273290007105675264
1273289607472439296
1273289109415616516
1273289088196587523
1273289010945970178
1273288904851034115
1273288889940299777
1273288765411405826
1273288690962509825
1273288652710449153
1273288474922225666
1273288415937781766
1273288272568037376
1273288244151623683
1273288164912902144
1273288134479020037
1273288117966065664
1273288063880396801
1273287967273091073
1273287925279719424
1273287910117330945
1273287902760448002
1273287805901385730
1273287796640407552
1273287763325050880
1273287761588621312
1273287538967445510
1273287496542179329
1273287490552594442
1273287426929242112
1273287376232681473
1273287237292175361
1273287199207890946
1273287197509267457
1273287191368798210
1273287022896189440
1273286975156609027
1273286894844076035
1273286792721108992
1273286784273788929
1273286767966380032
1273286573023473669
1273286514718449664
1273286428399714304
1273286340298321924
1273286234291539970
1273286178788253701
1273286068532662273
1273286044801269761
1273285951012429824
1273285946428010497
1273285941898199044
1273285912282030081
1273285883614113793
1273285763153760256
1273285594886660096
1273285544009760768
1273285496454754304
1273285447226142722
1273285398131879936
1273285396969992194
1273285340816605185
1273285333216628738
1273285311724957697
1273285294012403713
1273285194771050499
1273285189700063234
1273285163313696771
1273285119449710595
1273284986242838533
1273284957021110277
1273284913433886724
1273284888125411328
1273284552065273856
1273284455642398721
1273284258170318857
1273284076104036353
1273283976610885633
1273283752802779137
1273283738487660551
1273283643637747712
1273283583210332160
1273283318826577920
1273283295774740480
1273283233170538496
1273283197581905926
1273283057085288454
1273282970393161728
1273282636870553600
1273282622853177348
1273282551868723206
1273282432544931841
1273282410621341697
1273282338210938882
1273282318053097472
1273282075689435136
1273282066277371905
1273282011373936640
1273281853139582977
1273281797107912710
1273281697744912385
1273281382295506945
1273281148458860544
1273281049808830464
1273280875732570114
1273280457606643713
1273280323606982662
1273280282209202177
1273279995847364608
1273279990470230019
1273279973370011653
1273279885834956800
1273279732042403847
1273279270991904769
1273279213806718978
1273279080696332288
1273279070902640647
1273279069275197441
1273279006901702656
1273278872243617794
1273278640252485632
1273278489127538688
1273278390913642499
1273278328762482689
1273278308059426822
1273277853984063488
1273277425401630725
1273277300495261696
1273277063752007690
1273276967069024261
1273276909837783041
1273276826270515200
1273276785711550464
1273276725867286529
1273276691817934851
1273276591297171461
1273276454537768961
1273276288137138181
1273276279119323139
1273276165499826182
1273275963414020103
1273275930232979462
1273275929473794049
1273275706567426051
1273275627072901122
1273275615010045957
1273275551936020480
1273275544747085827
1273275529534279681
1273275490250432513
1273275122456109057
1273275017359290370
1273274969263308801
1273274912153710592
1273274629658902534
1273274605931814924
1273274372522999808
1273274312573714433
1273274270148366336
1273274168851795968
1273273981806747650
1273273893248208899
1273273624242409472
1273273445086724096
1273273226798477312
1273273171567955968
1273272946132430849
1273272928449241088
1273272898975825921
1273272759284572167
1273272703022219269
1273272522021253122
1273272504061132801
1273272485950218240
1273272464345350151
1273271886852620288
1273271718925217795
1273271619495047170
1273271413353431040
1273271399331831813
1273271139964465154
1273271058905411584
1273270813442088969
1273270746949828609
1273270393718149121
1273270256803479552
1273270057511026689
1273270019384803328
1273269958173220866
1273269834630017025
1273269806515527682
1273269713691443206
1273269662307037186
1273269648029552643
1273269466130980864
1273269222936903681
1273269170189283338
1273269040321044480
1273268899023380482
1273268812717096966
1273268661327933442
1273268451096788992
1273268420948172800
1273268140173115395
1273268132690395137
1273268080559489030
1273268062461005824
1273267977929084929
1273267934715170816
1273267912728555521
1273267861688143872
1273267793966903297
1273267760106258432
1273267702518423552
1273267676073340929
1273267552148508672
1273267522209447938
1273267174984032256
1273267161641992193
1273267144399208455
1273267132978135040
1273267103257288704
1273266993421049858
1273266937989128194
1273266788218949634
1273266722758410240
1273266696925646849
1273266449507901441
1273266408407924737
1273266348722880512
1273266314157494272
1273266180539789315
1273266092174127104
1273266015019950089
1273266008019611649
1273265954957463552
1273265822975303680
1273265801777287168
1273265608470249475
1273265527255900167
1273265501683290112
1273265345135095810
1273265171000102913
1273265076825403396
1273265059972644868
1273265031203995650
1273264965735133186
1273264778492833792
1273264727871950848
1273264681092894722
1273264629507031040
1273264605167525889
1273264379727884289
1273264365031079937
1273264235494158337
1273264104233480192
1273264013951078402
1273263963678048263
1273263914688577536
1273263828109791233
1273263827484844033
1273263760342429703
1273263754193637378
1273263453021581313
1273263230593511424
1273263140122308608
1273263121772220426
1273263036867006465
1273262961570779136
1273262515011665920
1273262474809225217
1273262472389177345
1273262303769702401
1273262210312286213
1273262162925010951
1273262147687112705
1273262070134423552
1273261888550383620
1273261646065082368
1273261481472253953
1273261471837847552
1273261419497226242
1273261286525190144
1273261235266564096
1273261161069281280
1273261002663002115
1273260923575242754
1273260762929213442
1273260524936011776
1273260407411675136
1273260374909911040
1273260350838910976
1273260307629125632
1273260225353715712
1273260016645144576
1273259977185153024
1273259804967030785
1273259718815907845
1273259658128625665
1273259415253196801
1273259383321919498
1273259341534187521
1273259293186428935
1273259259388743683
1273258931754860546
1273258854822957056
1273258769351356416
1273258618536812544
1273258535313342464
1273258464748417024
1273258437506412545
1273258074283872256
1273257992721481730
1273257980297969665
1273257503107801089
1273257488045965314
1273257244642115584
1273257168897282049
1273257029482807297
1273256913124327424
1273256866123075586
1273256648757428224
1273256509695307777
1273256390828724227
1273256368703705088
1273256304778383361
1273256266870280194
1273256257818890242
1273256254010527747
1273256211912232961
1273256205251686400
1273256163551916033
1273256074456502272
1273256068429340672
1273255872328871936
1273255835536326656
1273255613292777472
1273255491343454208
1273255200355225603
1273255194625703936
1273255160622579712
1273255116632621056
1273254935619133441
1273254576058175488
1273254500724334593
1273254308474163201
1273254247975604224
1273254210742751235
1273254179302244352
1273254151816871938
1273254137036189697
1273253680947638278
1273253463389069314
1273253287807127552
1273253156093341701
1273253072161161216
1273253061352448001
1273252862529875970
1273252633571201025
1273252552176537600
1273252471977246722
1273252390528057350
1273252349675528197
1273252272290639873
1273252212110753792
1273252189541105670
1273252085920866305
1273252057785544709
1273252006593990657
1273251933218910208
1273251931495059456
1273251926768041985
1273251697897373698
1273251587767623681
1273251568800808960
1273251486626189312
1273251278899027978
1273250648440504320
1273250633567666180
1273250599027511302
1273250497516974081
1273250337621753856
1273250239915458565
1273250204062552064
1273250186278682624
1273250162358525952
1273249955797401603
1273249941767536642
1273249920405983235
1273249804710227970
1273249340241391617
1273249280778801154
1273249263846334465
1273248945909592066
1273248841286987776
1273248727164125184
1273248643760435211
1273248626924376065
1273248623904452609
1273248622016991233
1273248620268195842
1273248470036623360
1273248441548890113
1273248397206716416
1273248396246159361
1273248353602744321
1273248341237915650
1273248324204867586
1273248270157000704
1273248133430931456
1273248029194309632
1273247923938242560
1273247819613310976
1273247382600376321
1273247366355857414
1273247206024372227
1273247072666423298
1273246816360976384
1273246698274422792
1273246693039976451
1273246674673115136
1273246566946570241
1273246379633192960
1273246286490284033
1273246245319049216
1273246119565410304
1273246057611345921
1273245928959422466
1273245897204412417
1273245780229447681
1273245653800497152
1273245547915247621
1273245528415965185
1273245449982562305
1273245390209454080
1273245364884320257
1273245361562320896
1273245307359412232
1273245245698912256
1273245202367557633
1273245073602461702
1273245047140597761
1273244960914104324
1273244856987652096
1273244847403601920
1273244827409408001
1273244685478301697
1273244556805509132
1273244467697418241
1273244450765049856
1273244355780845576
1273244278270156806
1273244187710894080
1273244164835205120
1273243992222728192
1273243877969997824
1273243874996224001
1273243864590159872
1273243735439138817
1273243719798530050
1273243716183097348
1273243714899582976
1273243574524616705
1273243565326548992
1273243221766832128
1273243029831286789
1273242868409401346
1273242839753900033
1273242618693128193
1273242473641455616
1273242278929272833
1273242236478685185
1273242235623129088
1273241961030451204
1273241893992837122
1273241888666124289
1273241880315248640
1273241793262497793
1273241624584302594
1273241511526838272
1273241509316395008
1273241409882128388
1273241388294066177
1273241377548238848
1273241346590072832
1273241343754723330
1273241317716434944
1273241263903584268
1273241251777740802
1273241199827132418
1273241132034674688
1273241041685098496
1273240963184496640
1273240955773227009
1273240886105776128
1273240866727931904
1273240820506865664
1273240659059761152
1273240538322534401
1273240493393141761
1273240485025505281
1273240409775505408
1273240351269163009
1273240308168482819
1273240274781843462
1273240179348852737
1273239789093994496
1273239775487635458
1273239774300602368
1273239762271449088
1273239389376741376
1273239335861714946
1273239207444721667
1273239152516108288
1273239107280535552
1273239097327435776
1273239051592773637
1273239047918497798
1273238866271580160
1273238795052335106
1273238752828276737
1273238619915005953
1273238614017814529
1273238535294849025
1273238427182522375
1273238373969416194
1273238215223382021
1273238108818063360
1273237957009453056
1273237932544008192
1273237924419682304
1273237572253290505
1273237556319129603
1273237475268464641
1273237457438486528
1273237357001617408
1273237269521076224
1273237238445473792
1273237120249970695
1273237085940572161
1273237049571753990
1273236923113447426
1273236828762656768
1273236609559822343
1273236589615841281
1273236570515087361
1273236520309329920
1273236400691970049
1273236317992869888
1273236142763257856
1273236065499910148
1273235912969854976
1273235774734053376
1273235751237541888
1273235519330086913
1273235289591472131
1273235217055186944
1273235160448851968
1273235148008546304
1273235123585060865
1273235076772478978
1273235030421233665
1273235010166939650
1273234974947368961
1273234844202434560
1273234699775815681
1273234690594557954
1273234403448283137
1273234393948131333
1273234353544409094
1273234318207455234
1273234305091809280
1273234266969772032
1273234189123563532
1273234134979280899
1273233856787873793
1273233722431717377
1273233621369982977
1273233602248085504
1273233490415403009
1273233295380275201
1273233267353944070
1273233173640511489
1273233033638928384
1273232925325131778
1273232899890982914
1273232884829237248
1273232706952986624
1273232551461695488
1273232472680083456
1273232322238832641
1273232191179362306
1273231842653634568
1273231797363621891
1273231795882987520
1273231786638794754
1273231494102896640
1273231483520647168
1273231400469180417
1273231343288225796
1273231277215408128
1273231261885235201
1273231199775924225
1273231188048699392
1273231121384382464
1273231037624209408
1273230969965875200
1273230887933575169
1273230844560322561
1273230686091202560
1273230390350790657
1273230254107222026
1273230230291976193
1273230161404624896
1273230143067217922
1273230055712456711
1273230036326383619
1273230007054356480
1273229980865044483
1273229903014625282
1273229672646656000
1273229658323107841
1273229625712357376
1273229468459507712
1273229433739059201
1273229372359614466
1273229167664992258
1273229106344275968
1273229081576955909
1273229022261018624
1273228990967406592
1273228983077830659
1273228980951429123
1273228966405591047
1273228922898067457
1273228919060250624
1273228868820905984
1273228845399846912
1273228779834486784
1273228769340383232
1273228729125306368
1273228723957923841
1273228676151283712
1273228645130272769
1273228627400970241
1273228562372399104
1273228561952968706
1273228383711870976
1273228328619696129
1273228279349207042
1273228147069202432
1273228083449954304
1273227930039136264
1273227873130811394
1273227860959014914
1273227833406603264
1273227581807042567
1273227565453455361
1273227506921897985
1273227480044879872
1273227437527072768
1273227432003338241
1273227371722821632
1273227183805345794
1273227006277271552
1273226945568878592
1273226927789268993
1273226834969231362
1273226814387818496
1273226710318829569
1273226688445452289
1273226680665026562
1273226493443932161
1273226458492780545
1273226456219488258
1273226389681057793
1273226330163814400
1273226222236024833
1273226190741016578
1273226172307030016
1273226143613816839
1273226142741299200
1273226100450242560
1273226024042536965
1273225777203613696
1273225757817536512
1273225649830887425
1273225598874390529
1273225564170735616
1273225561133981696
1273225508726157313
1273225480322387968
1273225460688846849
1273225448168849413
1273225407072960512
1273225393982537728
1273225348948398080
1273225323816108032
1273225296632840193
1273225280577036290
1273225268287680512
1273225152495484931
1273225110674116610
1273224979790860288
1273224887415513088
1273224829337047041
1273224799142240256
1273224699523334150
1273224674021969922
1273224660742746112
1273224659719335937
1273224541087637504
1273224526747381761
1273224479607529477
1273224349693235202
1273224346811719682
1273224325101993985
1273224314838450176
1273224292763865089
1273224290301812737
1273224196622082050
1273224161519980546
1273224084961230850
1273223991923224576
1273223879675305985
1273223873547300865
1273223736490164224
1273223682098429953
1273223658203418624
1273223406348128257
1273223372030316544
1273223292619493376
1273223201754144768
1273223023399768064
1273223022795784192
1273223022183419904
1273223021331992578
1273223012024795136
1273222864590770177
1273222694444699648
1273222494028087297
1273222369843150854
1273222362293567491
1273222220878360576
1273222205741170688
1273222093526745088
1273221994222366725
1273221768505950211
1273221736402694145
1273221735815536641
1273221633231200256
1273221581100244994
1273221507595059204
1273221495167254529
1273221404792623105
1273221384102187008
1273221141960830976
1273221113934483456
1273220998364639234
1273220958745133056
1273220872741019648
1273220803388194816
1273220712895885312
1273220559174807557
1273220518666264577
1273220425141624842
1273220380925231104
1273220244035731463
1273220242542604288
1273220168018255872
1273219979324854274
1273219777180418049
1273219744389148672
1273219635643547649
1273219616987328519
1273219604765126656
1273219585345564672
1273219405233741824
1273219268277153792
1273219241853038592
1273219230071209985
1273219188757233664
1273219133392461824
1273219100605583364
1273218985706885123
1273218816965779456
1273218798578008065
1273218766588071936
1273218661550100480
1273218593312866304
1273218550845579264
1273218451130155009
1273218439469989895
1273218415898103808
1273218366606585856
1273218266790494208
1273218160133648385
1273218151283638274
1273218063454871553
1273218030806478855
1273217955355131905
1273217766984687616
1273217713813536768
1273217499820101634
1273217464013402114
1273217384866816001
1273217305359548416
1273217056930959361
1273217009568923648
1273216959820300288
1273216934184579072
1273216832200007680
1273216719117582337
1273216701950287873
1273216688066932737
1273216557729157121
1273216527026851841
1273216505132482567
1273216166979395595
1273216102655578118
1273216084473151489
1273216059118673925
1273215978403397633
1273215952323313666
1273215856391176192
1273215793237495808
1273215734412427264
1273215697796190209
1273215692708470784
1273215638522212352
1273215635762397184
1273215629739294722
1273215614279172096
1273215563096035329
1273215558239092736
1273215546084003842
1273215477830033408
1273215372624375810
1273215319360888835
1273215212829790211
1273215142885502978
1273215049209962500
1273214950094372869
1273214934466342912
1273214905701879809
1273214855739256833
1273214853495341056
1273214814102454274
1273214796884836354
1273214706795319296
1273214675115741186
1273214643557842945
1273214549483835392
1273214461944487936
1273214400409808896
1273214385599758336
1273214357112053760
1273214327869394946
1273214298639253504
1273214251566534658
1273214174890426369
1273214164434026497
1273214055004680193
1273214021089529857
1273214011232980996
1273213994044731394
1273213963455664128
1273213899983159296
1273213824989040643
1273213698010726400
1273213600962936834
1273213538266419204
1273213494503059457
1273213480754204674
1273213426538594305
1273213346981052417
1273213279813488641
1273213274658672641
1273213224180219909
1273213153636220930
1273213096438435841
1273212994730758147
1273212929194758151
1273212809103527941
1273212767336640512
1273212711594270721
1273212686717931520
1273212614512959488
1273212560272171008
1273212541557256193
1273212529389506561
1273212474955890691
1273212434367512576
1273212412196532226
1273212402310549505
1273212391573028864
1273212389379526657
1273212286069551105
1273212250732576768
1273212235037446146
1273212213466206209
1273212204427460608
1273212176367525889
1273212059996413952
1273212019022454784
1273211930518437889
1273211879754735618
1273211794849488897
1273211792777453568
1273211770031800320
1273211609683550210
1273211607120740352
1273211587059482624
1273211559389650946
1273211491035025408
1273211421711572992
1273211375620435968
1273211300840181760
1273211283425419266
1273211191154917379
1273211085877886978
1273211062641451009
1273211036796170240
1273211028084580352
1273211027941982209
1273211022317404160
1273211009772257285
1273211003929534465
1273210978260393984
1273210971469856770
1273210768461303809
1273210646641946629
1273210642665803776
1273210637599064066
1273210609052631041
1273210491536584705
1273210468233097216
1273210385085186048
1273210383990480902
1273210357528625153
1273210342806601729
1273210291334111238
1273210288481931264
1273210234522292225
1273210207410294786
1273210183368540166
1273210165253206019
1273210149281374208
1273210106377895937
1273210072928325632
1273209940962881540
1273209822041825281
1273209736847077376
1273209670224818176
1273209582739951617
1273209582584844291
1273209482089304064
1273209437843525637
1273209340502122498
1273209264010670085
1273209179398955008
1273209136960999426
1273208892030439424
1273208865430085633
1273208626963001344
1273208602078187520
1273208527499284485
1273208519483953152
1273208449476820995
1273208438961713155
1273208293574541313
1273208255360184322
1273208120182005760
1273208000321409024
1273207961326882816
1273207830166810628
1273207822445092864
1273207585580122117
1273207539904233472
1273207464247332865
1273207424208551940
1273207391904059394
1273207345036886018
1273207246001000454
1273207239587909634
1273207112777097218
1273207031361609728
1273206817850564608
1273206787454447617
1273206769603563522
1273206762787782656
1273206677882507265
1273206665568047104
1273206657418436608
1273206595934130176
1273206595665756165
1273206544465825794
1273206516422713350
1273206513553809408
1273206396893327361
1273206354304475136
1273206322113249280
1273206320796184578
1273206296905424897
1273206295794003971
1273206280509947905
1273206252118642690
1273206145793089541
1273206134162231296
1273206103027875841
1273206005782982656
1273205910450601985
1273205833124524032
1273205798387277829
1273205763901739018
1273205762857320448
1273205701754720256
1273205684524457984
1273205667768270848
1273205636537483264
1273205622335590400
1273205564391202816
1273205453594472448
1273205339408695297
1273205268474728448
1273205119040081922
1273204937690841093
1273204760800301056
1273204754617950208
1273204744828452866
1273204125581352962
1273204087333453824
1273203890813636608
1273203873793138688
1273203781652697088
1273203366202617856
1273203278508175361
1273203241682075650
1273203234635755523
1273203125999017991
1273202787879354368
1273202690244444163
1273202607029395457
1273202592840126465
1273202409624535040
1273202354083504129
1273202304855019520
1273202143806271494
1273202011341754368
1273201910489718787
1273201859226992640
1273201694441115651
1273201519630958592
1273201485971505153
1273201457819529218
1273201432007753729
1273201385518108672
1273201202503835648
1273201195868459010
1273201182081769472
1273200984592957443
1273200964816830465
1273200583340707841
1273200492848480258
1273200393128947718
1273200227130978305
1273200171602587653
1273200048852123649
1273199921823453184
1273199851178733569
1273199313154453505
1273199170845892608
1273199004487122944
1273198784793772032
1273198705194291203
1273198602974871552
1273198529578782721
1273198466945204225
1273198378252460038
1273198308962549760
1273198081966772226
1273198068498825216
1273198006351941632
1273197862336303105
1273197735295037440
1273197643284590592
1273197531036606464
1273197355819507713
1273197349012209664
1273197305806684160
1273197065389121537
1273196906487918594
1273196730515959808
1273196706159624193
1273196442413412353
1273196356132319232
1273196219020521478
1273196020738994176
1273195903126515714
1273195754342014978
1273195667524136960
1273195592458608643
1273195571466076160
1273195543754428416
1273195477106864130
1273195282906460163
1273195220113526791
1273195109492969474
1273195040039370752
1273194866609176577
1273194700607041539
1273194569904140290
1273194540216782849
1273194504032567296
1273194493274095617
1273194406103986176
1273194370762780672
1273194313908977664
1273194216945061888
1273194126872371200
1273194105980551168
1273194099991097345
1273194009670955008
1273193982189862912
1273193835951280130
1273193773065998336
1273193757748482050
1273193589674250241
1273193582330097670
1273193521747562497
1273193438201163777
1273193415350652928
1273193390017073154
1273193282181496832
1273193270903013381
1273193024756035584
1273193004971503616
1273192996570357760
1273192969550434305
1273192927125221376
1273192862570684417
1273192817158914048
1273192812780163074
1273192810972360705
1273192760812670977
1273192733906264064
1273192317386620928
1273192129137967106
1273191793736200192
1273191590773903360
1273191520066306053
1273191384984551424
1273191291619291136
1273191222463672326
1273191222388109312
1273191160190775296
1273191142343897090
1273191118910427136
1273191024408567810
1273190821492404224
1273190819378446337
1273190790613872643
1273190665237794816
1273190565442727936
1273190509868179458
1273190233509695489
1273190105881214976
1273189945583304705
1273189941057597449
1273189858547240975
1273189782324199424
1273189772165595137
1273189647565365248
1273189609896321024
1273189456669966336
1273189400520929282
1273189141363163142
1273188771421396994
1273188718350925826
1273188624209776640
1273188579146182656
1273188554965950466
1273188475446210562
1273188470618566656
1273188393585909761
1273188371993710593
1273188122105450498
1273188093944836097
1273187956346572800
1273187731145928705
1273187688879882241
1273187335707000832
1273187213447176192
1273186971356205063
1273186922194706438
1273186903085518849
1273186868595757056
1273186851071893507
1273186716891963397
1273186637481234435
1273186621530275840
1273186490340855808
1273186450343895040
1273186348120358912
1273186128644931584
1273186087326953473
1273185895798181889
1273185801510236162
1273185624334503937
1273185599541968903
1273185574761967617
1273185551303217152
1273185540297437184
1273185473008226311
1273185254010912770
1273185196200923139
1273185134351650816
1273184982463328256
1273184770223214594
1273184676052635648
1273184653491527681
1273184637360242688
1273184535576969216
1273184468476592129
1273184386335354880
1273184248766369794
1273184197352607747
1273183977369743361
1273183977021542403
1273183648070713346
1273183626377728007
1273183563706499072
1273183551547232258
1273183362568650752
1273183359859130368
1273183357841616897
1273183284193890304
1273183111371722756
1273183110889451520
1273183095341101058
1273183092816195584
1273183087782920192
1273182739924164609
1273182697326891008
1273182631153278976
1273182604360024065
1273182550954061825
1273182355063267334
1273182350529171461
1273182339334647808
1273182231733862402
1273182227296391168
1273182124703653889
1273181839667142658
1273181753289646085
1273181496690577410
1273181473013628930
1273181444765081600
1273181424766586881
1273181296446115841
1273181219279310850
1273181180557484037
1273181109141078017
1273181018506366978
1273180837996003329
1273180811433517063
1273180416850251777
1273180315507441674
1273180276059967498
1273180160485924871
1273180118048006144
1273180085999357955
1273180077652676612
1273180065606569986
1273180019909693441
1273179891014475777
1273179836958347266
1273179783933952000
1273179626853064706
1273179573929357313
1273179570922041345
1273179538319695874
1273179533177470977
1273179500910718977
1273179491398029312
1273179449794723840
1273179391540027393
1273179287143821312
1273179286657282048
1273179279023620096
1273179200929832961
1273179126833328129
1273179087671119874
1273179080293261312
1273178141478060034
1273178122637250561
1273178112319205382
1273178048209313794
1273177768839299074
1273177744080281607
1273177635686952961
1273177589503471617
1273177575184048129
1273177535090692104
1273177504140984322
1273177410410819584
1273177244496691205
1273177133406437376
1273177119070269441
1273177035184246785
1273176916783181826
1273176756204310530
1273176740920164357
1273176626923175936
1273176615497932801
1273176614248030210
1273176529485340674
1273176467233521671
1273176215206203395
1273176054102929409
1273176016031305728
1273175956438597633
1273175523670274049
1273175397178408960
1273175346846797824
1273175172070215680
1273175120991961092
1273175003949907971
1273174939252785152
1273174912329449473
1273174837448577025
1273174684599754754
1273174671060537346
1273174624076017665
1273174581117882370
1273174575900233734
1273174503527518210
1273174497626066952
1273174457750892547
1273174429426765824
1273174305195646976
1273174172982788102
1273174160731242497
1273174119694155776
1273174034512044035
1273174013200777218
1273173938605088778
1273173919361650688
1273173841028755457
1273173752386400261
1273173741967683584
1273173725140172800
1273173687395631107
1273173463323348992
1273173294963924992
1273173196473237504
1273173151099293696
1273172866754846720
1273172773318336518
1273172650328809473
1273172625414635525
1273172572667023361
1273172567235407885
1273172479238864902
1273172433298694145
1273172311340965889
1273172171599294466
1273172022911291393
1273172014447185920
1273171797031223296
1273171712046256128
1273171577090211852
1273171461923053569
1273171279877677056
1273171265587642368
1273171257425645568
1273171149107662861
1273171069558566912
1273170962331074562
1273170820492341248
1273170615604858880
1273170574819368962
1273170040523755522
1273169975168155651
1273169836923924481
1273169516965617664
1273169487970406402
1273169470589149185
1273169341740126208
1273169309481816064
1273169308416446465
1273169208717737984
1273169073535401986
1273168961077751808
1273168954597560320
1273168811810832384
1273168803787149314
1273168692935905280
1273168514132705280
1273168406305529858
1273168370679132160
1273168327419060225
1273168233244307456
1273168104659574785
1273168081951522817
1273168009025241090
1273167982068412416
1273167967321194499
1273167890859134979
1273167792704040965
1273167773691240448
1273167604979511296
1273167535945515013
1273167378273181696
1273167322426019841
1273167295322427393
1273167224581341191
1273167074236477440
1273166863653130243
1273166829645635585
1273166828316090368
1273166791481741317
1273166730454581248
1273166638079266827
1273166547511578625
1273166522320596992
1273166511683907585
1273166394155307010
1273166301838671877
1273166288131698696
1273166274248441856
1273166139456139266
1273166112214130689
1273165867384213505
1273165856357441536
1273165792876560385
1273165741009899520
1273165736383516672
1273165203308449793
1273165057027911681
1273164963134287874
1273164926220226565
1273164851750330370
1273164810314792961
1273164789892681728
1273164757965684736
1273164692802895876
1273164433389486081
1273164427420995584
1273164323276414978
1273164301491191808
1273164286790074369
1273164185824829440
1273164120347598849
1273164032967573506
1273164022217674764
1273163865996627968
1273163851505303552
1273163752834306054
1273163606776045569
1273163582738518019
1273163526081830915
1273163509057150977
1273163459526635520
1273163391142633472
1273163345479323650
1273163198636724225
1273163190407434242
1273162970147762182
1273162957300654080
1273162877290139650
1273162719076769793
1273162702345682946
1273162666442469378
1273162638202150914
1273162637774389248
1273162585324630018
1273162578634649600
1273162513698430978
1273162428767973376
1273162337898377224
1273162032314007558
1273161976508813312
1273161788008398848
1273161684484599819
1273161443270111234
1273161356934553600
1273161343970017280
1273161279058960387
1273161185152679937
1273160972237180929
1273160963936616451
1273160940289167361
1273160760705851395
1273160542904033281
1273160334044467201
1273160296597774337
1273160201357713410
1273160188577579008
1273160182374240256
1273160172815486979
1273160132474658816
1273160028992741376
1273159915247472646
1273159878429806597
1273159858460770305
1273159834897207299
1273159615342153728
1273159590054592514
1273159535751028738
1273159508513226753
1273159398555357184
1273159338102861826
1273159264626978816
1273159262659850240
1273159167008702469
1273158972728651777
1273158917896486914
1273158852519899136
1273158765735485440
1273158608604352512
1273158600328953856
1273158541705129985
1273158528597884928
1273158372725047298
1273158215082139649
1273158095192154113
1273158049872691202
1273158014254624774
1273157993169932288
1273157960903114753
1273157813045518336
1273157796901654531
1273157734989549572
1273157659299020804
1273157592160837633
1273157589531058176
1273157512041242624
1273157340116721664
1273157328678912000
1273157325830979591
1273157304641355782
1273157278036905984
1273157191088902145
1273157190526910464
1273157190006771712
1273157089133842440
1273156981751242755
1273156927053332480
1273156879368237060
1273156685914353668
1273156564078202880
1273156563394531328
1273156438857261058
1273156426031075329
1273156419274051586
1273156306124275714
1273156172212813826
1273156134468280325
1273156070706470917
1273155874606010368
1273155865944694785
1273155807711019008
1273155775721070592
1273155536477880320
1273155516366295041
1273155391002759170
1273155355774771201
1273155280474439688
1273155268604579840
1273155265160974336
1273155058440568832
1273154924587757571
1273154774515449857
1273154734845841409
1273154704281829377
1273154498501005312
1273154466808807424
1273154372634099714
1273154278639775744
1273154255906537472
1273154254845378566
1273154244103876608
1273154238584160257
1273154090869153798
1273153981305565184
1273153937256972288
1273153906101702656
1273153706201153542
1273153446137532416
1273153360649224194
1273153347076460545
1273153294014218241
1273153171964276736
1273153074283139077
1273153061104619520
1273153053647134721
1273152980280381445
1273152941072023555
1273152900685062144
1273152897757450240
1273152690697183234
1273152587957710849
1273152532324462594
1273152517841530882
1273152365902942213
1273152320856100869
1273152315428651008
1273152268372791296
1273152093596127235
1273151950947745793
1273151872052977665
1273151731854163972
1273151728028979202
1273151573556854784
1273151479600349184
1273151386792988674
1273151249723072513
1273151244501164033
1273151191111868417
1273151182144516097
1273150897107992579
1273150674428145669
1273150344986529796
1273150306398941184
1273150199465205761
1273150113456758787
1273150090090295296
1273150062747623425
1273149902202253316
1273149842454466564
1273149651823349761
1273149646110687235
1273149636203741185
1273149479915528192
1273149386818797570
1273149276009500674
1273149178898718720
1273149027132022786
1273148974053167105
1273148830859608064
1273148786760654849
1273148749108465664
1273148670872084485
1273148598620950532
1273148540584448003
1273148424418996224
1273148374309535750
1273148277064708102
1273148233716568072
1273148141236297728
1273147858418651139
1273147849757392897
1273147843432284163
1273147749001814016
1273147701765582853
1273147646362955777
1273147542033903616
1273147512451407874
1273147495883866115
1273147410290749440
1273147401671507968
1273147287712280577
1273147107810185220
1273147081453117440
1273146928113606657
1273146592628006912
1273146536940224514
1273146213743935488
1273145828635553800
1273145720221110274
1273145501689548803
1273145446999916544
1273145381665341441
1273145335016292352
1273145220562071554
1273145024046301184
1273144931566194694
1273144867951185921
1273144814406717440
1273144804143177734
1273144802339627008
1273144785713475584
1273144735029436417
1273144730759630850
1273144444968108035
1273144314646978564
1273144308938543105
1273144299178336257
1273144161479376897
1273144064796393475
1273143965890555905
1273143965362065408
1273143942452838401
1273143874018594816
1273143868570177542
1273143747023437825
1273143647341621249
1273143594254323713
1273143549140369413
1273143480177606656
1273143461311655937
1273143252032663552
1273143209846325250
1273143129898614784
1273142728285708289
1273142604016877571
1273142469178396672
1273142454301216769
1273142402295959554
1273142398781132800
1273142182715822083
1273142149333291008
1273142061009711104
1273141780133949440
1273141604560384002
1273141599397183491
1273141444283379713
1273141405762883590
1273141371768115207
1273141326498889728
1273141246253465601
1273141103387201536
1273140958306152449
1273140954384535561
1273140845940805632
1273140803930652672
1273140753888354316
1273140726340161537
1273140635135021056
1273140442629095424
1273140431627436033
1273140395443134467
1273140386807066630
1273140355702108161
1273140348995473409
1273140236500041728
1273140137120186369
1273140102290706433
1273139993221967874
1273139719447117826
1273139713130532864
1273139448113508353
1273139413640531971
1273139371785494536
1273139323681099777
1273139297718321153
1273139255506808834
1273139144642920453
1273139119045128192
1273139032172748803
1273138896046563334
1273138842384695298
1273138432110407685
1273138392931487751
1273138364116541442
1273138146633560064
1273138132976893956
1273137923207188480
1273137813664542728
1273137486642982914
1273137417768312834
1273137349623504897
1273137227279880200
1273137102042157056
1273136859342929920
1273136456131842048
1273136382492446721
1273136339916066818
1273136338167050241
1273136293833256964
1273136132512010240
1273135905562337281
1273135889154260992
1273135881428373504
1273135818207571969
1273135741250478081
1273135641577115649
1273135426614767617
1273135424563798021
1273135297455427590
1273135293739261957
1273135196221644801
1273135050897440768
1273134995276775424
1273134952096378886
1273134909935300608
1273134791848865793
1273134433877528581
1273134357574823936
1273134261122596865
1273134253266612226
1273134170676572161
1273134126300827653
1273133836419903488
1273133833156808704
1273133742987653125
1273133741515460611
1273133680429535233
1273133599555031041
1273133462564802560
1273133292104159238
1273133281689600004
1273133148914810881
1273132936347504640
1273132759217733638
1273132587783987200
1273132405780549633
1273132312159498240
1273132269323124741
1273132196476452864
1273132020881915904
1273131956935577608
1273131892821417985
1273131883199705091
1273131831991439360
1273131717486878729
1273131139524419590
1273130864554246146
1273130857281269762
1273130846158041089
1273130081934807040
1273130054927765507
1273129972559945729
1273129892759117826
1273129823536373761
1273129640677322754
1273129528601296897
1273129474364710913
1273128975099990017
1273128562791452673
1273128466167275522
1273128439067926528
1273128213171122178
1273128014063304707
1273128007855673353
1273127967594594304
1273127548709453829
1273127489653612544
1273127355494608898
1273127166922940417
1273127166700634112
1273127038136856585
1273126997984772097
1273126835887517696
1273126784557596673
1273126767465807873
1273126442428219395
1273126273104183298
1273126217638690817
1273126207236833280
1273126185459908609
1273126141910548481
1273125943519911937
1273125940135178240
1273125779593887744
1273125634886287371
1273125629207228417
1273125601713545216
1273125067501842437
1273125015043653634
1273124689112641537
1273124576730460160
1273124220126613504
1273124135539965955
1273124023216615425
1273123936277082112
1273123808774422530
1273123659314577410
1273123624740966405
1273123585058619392
1273123488216350723
1273123353591775237
1273123104462643200
1273123096900317187
1273122737377116160
1273122437073383424
1273122430119219202
1273122324309557248
1273122130843099143
1273122125881184261
1273121393685803010
1273121388841308160
1273121115024523264
1273121107525206018
1273120757539889152
1273120556578156544
1273120263606059008
1273120138884153345
1273120112963457025
1273119989256654849
1273119754866343936
1273119603707858946
1273119398409183232
1273119077830135809
1273118395194585088
1273118274805514241
1273117869539237888
1273117748424519682
1273117340167782402
1273116926462566401
1273116358142803976
1273116057734131720
1273115892302430211
1273115378185625601
1273115278436597760
1273115231087140864
1273115068524265472
1273114850726686721
1273114503924908032
1273113905141858304
1273113802763112455
1273113763391176704
1273113725764079617
1273113465327058946
1273113270057152514
1273113171600048128
1273112522414006272
1273112519545171969
1273112486078746625
1273112463358263298
1273112406797975552
1273112246890176522
1273112196252405760
1273112170503573506
1273111874545102849
1273111495056994310
1273110782956507136
1273110770407145474
1273110491334873089
1273110133963440128
1273108559857844225
1273108371562954752
1273107449176887298
1273107111791267841
1273106296879882241
1273105564512464902
1273104619749638144
1273104605581320195
1273104543006502917
1273103322363330560
1273103265891258371
1273101712446885895
1273099758614253569
1273098877063909376
1273098183887990787
1273096881673994240
1273096795552468993
1273096315245821953
1273095236198203394
1273094943704260609
1273094694940147713
1273094641747968001
1273093816321486848
1273090542038142977
1273089868395143168
1273089191820374017
1273088374153400322
1273088011446685697
1273085955772231685
1273085595451977730
1273085311975919616
1273084820713885697
1273084204537036801
1273083423477899265
1273082455730335745
1273082212586590208
1273080947114602496
1273080937627041797
1273080853141368832
1273080336772214785
1273080220652908547
1273079140598583296
1273077348284264448
1273075948838100993
1273075313078124546
1273069777746100225
1273069489949736964
1273069478927126528
1273067992574763008
1273066505677279233
1273066107205824512
1273065555700965377
1273064758728708097
1273063271256424449
1273062533579059200
1273062336618774528
1273061189837340674
1273060388758790146
1273059133181374464
1273058536789086208
1273056138238574595
1273055632090857477
1273055224366862347
1273054988940517378
1273053756452745216
1273053552240459781
1273052822116818944
1273051985265266689
1273051365946920960
1273050628655403010
1273050482563600384
1273050277264920577
1273049682479112193
1273049627416289282
1273049572344987650
1273049390954020864
1273049024149454849
1273048618728071173
1273048158302605312
1273047734463991819
1273047439889571841
1273047362265546758
1273046356593180672
1273046254017265664
1273045674523856896
1273044657723838464
1273044043996561410
1273043950736044032
1273043620464078851
1273043597898678272
1273043556991668224
1273043224643461120
