1279927663730319362
1279927179019780096
1279927078696206336
1279926977982599168
1279925823554928641
1279925781796466690
1279925407358291969
1279925251095310339
1279924820554272768
1279924363639259136
1279924084214767617
1279923795759960065
1279923588481667072
1279923525281673219
1279923120523096064
1279922516413370371
1279922408414158849
1279921728387534849
1279921075862867968
1279920251149389824
1279920207260254209
1279919800316235776
1279918848544845825
1279918574623211521
1279918484579852288
1279918098125119488
1279917414214402048
1279916746661560321
1279916529673482240
1279916077045223424
1279915575330910209
1279915266026151943
1279915017249439745
1279914866929696768
1279914465782370306
1279914440910082048
1279914175909822465
1279914086247985157
1279914067369562112
1279913710811668481
1279913648966819841
1279913519144734722
1279913124787707904
1279913115971465218
1279912847603044353
1279912728988127232
1279912226271506433
1279911972755120130
1279911927301443589
1279911732144508928
1279911436060426242
1279911395165904897
1279911166479908865
1279910950494187524
1279910786010353671
1279910243313606656
1279909727670095876
1279909540906090496
1279909540222337026
1279909268192444420
1279909168317693961
1279908778524246017
1279908675939958784
1279908444875755521
1279908064464961536
1279907517716467713
1279907495075553286
1279907310161330179
1279907284429279232
1279907271611428872
1279906795864109059
1279906406980870144
1279906364362567680
1279906329369468931
1279906298147078146
1279906258355728391
1279906226902650889
1279906223077367810
1279906200801476610
1279906171428786176
1279906090466017285
1279906025299214336
1279905523622649861
1279905212141047810
1279905096403431424
1279904937149857792
1279904839837900800
1279904561470341122
1279904235287609344
1279904033499643905
1279904033436729345
1279903996854108167
1279903838825263105
1279903478375231491
1279903386192809984
1279903245364846596
1279902991764643845
1279902901142503425
1279902803926953984
1279902099711590400
1279902022234517505
1279900471705165825
1279900074072571910
1279899878144032768
1279899846825201666
1279899778432798722
1279899769071173632
1279899694706110473
1279899560043843584
1279899464069722115
1279899246230228993
1279899042978443265
1279899020891246593
1279898868449230855
1279898686236119040
1279898683773865984
1279898668536074240
1279898332513656832
1279898326520004609
1279898269284478976
1279898240192782340
1279898212623683585
1279898169091018753
1279898090246373379
1279898034231525381
1279897565090189314
1279897499633881089
1279897354380992512
1279897198033960960
1279897171471601666
1279897024670957568
1279897004957671426
1279896891736625162
1279896815391956994
1279896626216214535
1279896380379709444
1279896343805399041
1279896336234622984
1279896135247769603
1279896104042213378
1279896078922461191
1279895993417437186
1279895980335398913
1279895756779016193
1279895692543229957
1279895558761721863
1279895488565780487
1279895365316161537
1279895164815802369
1279894934720516096
1279894524853137408
1279894385325486080
1279894273316487170
1279894228278153216
1279893984882630657
1279893919908667392
1279893786286489600
1279893664806907905
1279893647241220104
1279893482564399107
1279893383713079297
1279893330118299670
1279893302507188226
1279893133828988928
1279892966476337155
1279892551294750724
1279892548987899904
1279892362995666944
1279892220775141382
1279892182879567873
1279891925047422976
1279891817836797953
1279891672235638785
1279891549170675712
1279891487426318339
1279891290474364930
1279891075994456066
1279890995879043074
1279890968343392264
1279890939461468162
1279890921383960577
1279890902853484545
1279890902585139200
1279890879583596544
1279890755952181248
1279890591468396544
1279890581649534978
1279890504633778176
1279890482966016007
1279890342326697987
1279890317290979328
1279890142820524040
1279889986578513920
1279889968035479553
1279889950356488195
1279889920639844353
1279889855590301697
1279889792298356736
1279889624140300289
1279889444959649794
1279889342295572482
1279889249379237889
1279889123151687690
1279888875553542146
1279888609995362306
1279888596921716741
1279888554156490753
1279888491627851777
1279888467292573698
1279888448225185793
1279888350053367808
1279888319699202051
1279888076043685891
1279887826516152320
1279887820044283907
1279887587315011588
1279887504557117440
1279887341528797184
1279887198498820097
1279886955132661760
1279886932802142209
1279886903236612096
1279886863159918594
1279886800715231232
1279886792095825920
1279886737976819714
1279886684474220544
1279886374750076928
1279886212845711361
1279886084944601089
1279885868656848896
1279885845990903811
1279885760724897793
1279885628377894913
1279885624703623173
1279885603274985472
1279885580793532424
1279885580713803776
1279885497620484097
1279885459913617408
1279885416368406529
1279885352044507139
1279885278929395714
1279885197245329413
1279885133928153089
1279885084267593728
1279885022439313409
1279884988763291656
1279884934057013249
1279884898417991681
1279884848413491208
1279884586009399298
1279884487942459396
1279884486050820099
1279884381868494849
1279884316923789315
1279884185348513794
1279884065605328898
1279883969161551872
1279883624498843649
1279883526570225664
1279883340032737287
1279883270633730049
1279883185510330381
1279883116849573891
1279883108494573569
1279883088168980480
1279883001938182144
1279882999295881217
1279882959546388480
1279882956174172160
1279882489771839492
1279882426676850688
1279882271613485059
1279882107159003136
1279882057271959552
1279882045850861568
1279882023683919876
1279881863419568128
1279881763477688321
1279881620435197961
1279881563321389056
1279881477296177152
1279881172101758976
1279881135351308289
1279881107698257922
1279881017189453825
1279880964882206726
1279880948826374145
1279880708731867136
1279880606718005249
1279880606449577984
1279880597222162438
1279880510400073728
1279880431651913732
1279880353067532289
1279880253880573954
1279880233550852103
1279880179733729281
1279880058031792129
1279880052226867200
1279880042370215937
1279880017393090562
1279879958731554817
1279879938758389761
1279879924841578497
1279879750002098176
1279879737821868036
1279879647581351946
1279879620284895238
1279879535387906058
1279879529524277248
1279879306651598848
1279879262221238272
1279879261185363968
1279879211474452480
1279879125604478986
1279879090611326980
1279878993320259586
1279878975922278400
1279878857458356226
1279878804320722947
1279878746841866240
1279878593443696640
1279878537663713283
1279878459481825281
1279878295224569856
1279878263435862016
1279878172549447680
1279877931377012737
1279877924611653634
1279877798996389889
1279877790691704832
1279877717450776577
1279877645434585090
1279877559971450880
1279877339153870853
1279877311752519684
1279877165857857537
1279877162238001152
1279877132714418176
1279877009410330624
1279876725606932480
1279876676021817344
1279876506722983936
1279876418290225153
1279876323419271170
1279876225649999875
1279875912868167686
1279875901052903424
1279875831834214401
1279875633087229960
1279875584315789313
1279875549268238336
1279875220959047680
1279875168400281604
1279875127027564544
1279875125958115328
1279874663661948929
1279874662885965824
1279874511245135879
1279874387735437312
1279874273751023621
1279874228733575171
1279874187423879169
1279874090640302081
1279874026937212936
1279873970670624772
1279873959211806720
1279873899988226050
1279873870657437696
1279873838583558148
1279873821294673921
1279873799115231233
1279873776558182400
1279873746233327616
1279873702306426883
1279873670287167488
1279873639094145024
1279873614674870272
1279873599134928896
1279873564322267138
1279873238764523523
1279873131491057665
1279873066387070977
1279872980567363585
1279872875600711682
1279872598265024512
1279872529453195264
1279872298594586624
1279872290424045571
1279872241807876099
1279872091332972544
1279871721143767043
1279871710569914369
1279871654043291653
1279871573164507136
1279871202044018688
1279871118971715584
1279870957734281220
1279870804122054657
1279870732126781442
1279870701076348933
1279870689290391554
1279870686127960064
1279870600861843464
1279870509484855296
1279870399547932677
1279870032177238016
1279869928103915522
1279869654379487234
1279869432077131777
1279869347805253632
1279869287319113729
1279869141348909057
1279869120708841476
1279868709805457410
1279868597268070403
1279868248251604995
1279868247664472068
1279868211777896450
1279868162851340295
1279868038360096768
1279868022665154560
1279867826631856128
1279867712865472513
1279867640828354574
1279867628899782656
1279867471256784901
1279867378436800514
1279867189181456387
1279867094562213896
1279867077944397826
1279866959732051972
1279866819889762304
1279866695461543937
1279866307824017408
1279866260315090946
1279866168078106626
1279865962519572481
1279865868831391745
1279865737738321920
1279865737532891136
1279865706180378640
1279865575490105347
1279865454610321412
1279865136019320833
1279865110182481921
1279864889369079815
1279864438942765056
1279864228170604545
1279863972599156738
1279863884669693954
1279863875601682439
1279863620155969543
1279863562635300865
1279863528661417987
1279863494549143552
1279862883074158593
1279862406555058180
1279862372379787264
1279862296035102722
1279862276070223872
1279862271716610051
1279862033337462784
1279862004770013189
1279861823018328064
1279861691489058817
1279861545032433666
1279861518587355137
1279861321119469570
1279861311988514817
1279861300882034694
1279861176294400005
1279860574319452163
1279860562181193739
1279860519764180992
1279860215937146880
1279860076703072263
1279859850994950144
1279859764147761152
1279859701149245443
1279859671017361409
1279859619167420417
1279859398802919427
1279859394428223488
1279859390162653191
1279859202517880834
1279858599993499654
1279858487191842817
1279858278902771712
1279858159323144192
1279858121448587264
1279858047926575105
1279857978737295368
1279857866720108545
1279857651246039042
1279857566223302656
1279857359079256066
1279857330767757314
1279857184948604936
1279857059547267077
1279856967511670785
1279856939552444421
1279856706630148096
1279856575411298305
1279856447770071040
1279856258431037445
1279856098678374401
1279855859816898561
1279855849800962049
1279855678203539460
1279855259951796224
1279855121896296451
1279855095962898432
1279854953037783040
1279854920221499392
1279854771277631488
1279854669678940160
1279854465454129154
1279854458139299840
1279854457854009344
1279854146506633220
1279854101740826625
1279854020857925633
1279854011944964100
1279853940771782659
1279853937319960580
1279853887437123584
1279853636093382658
1279853627146936323
1279853448582828035
1279853141928919040
1279852739187662849
1279852630949404676
1279852575781728259
1279852334080819200
1279851892525412354
1279851858975240192
1279851625910329344
1279851296175132676
1279851238583144450
1279851084387934209
1279850575438503936
1279850147896320001
1279850088672759815
1279849980161855488
1279849880740139008
1279849819817807878
1279849723466301442
1279849703702761472
1279849703178412037
1279849501856063488
1279849460349186049
1279849273975279616
1279849123315879937
1279848963127021570
1279848955849965569
1279848680661626887
1279848651607638020
1279848364000116742
1279848261856251904
1279848231611109379
1279848085934542853
1279848003172515840
1279847973577469952
1279847746288209922
1279847742907564032
1279847712750526464
1279847462388334595
1279847230405476356
1279846727428853760
1279846650136219650
1279846399430008834
1279845896755335168
1279845850324312065
1279845786893914113
1279845705360736259
1279845583042367494
1279845349776113666
1279845246524932101
1279845224261582851
1279845184403050498
1279845133928804353
1279845017599856645
1279845014206636032
1279844831410499585
1279844769972334593
1279844695368183809
1279844673796935684
1279844484453466112
1279844332955209728
1279844317021048833
1279843639355727872
1279843628337238016
1279843499534430209
1279843331560914944
1279843326301175810
1279843066569019392
1279842968963350529
1279842956363644928
1279842880350310400
1279842797038833668
1279842679837331457
1279842341092810752
1279842139803975680
1279842122011676674
1279842058413445121
1279841767794278403
1279841499295944704
1279841379103969280
1279841329258921986
1279841319364558849
1279841000253460480
1279840854983815170
1279840814944923649
1279840770590203905
1279840753351622656
1279840449373573122
1279840437855977473
1279840397263503360
1279840367995691019
1279840177704382464
1279840040991051776
1279839938935209985
1279839644985823232
1279839616204488704
1279839539062808576
1279839447685660677
1279839288323162114
1279839172451348483
1279839163794313218
1279839121540878337
1279838854028185601
1279838836806365185
1279838720158507009
1279838576805634049
1279838266297122816
1279838214556135426
1279837914445185024
1279837859306971137
1279837555509407744
1279837434147147781
1279837295248650251
1279836923650027521
1279836801847513090
1279836326846779393
1279836085464563713
1279835980162387970
1279835926689132544
1279835652952072193
1279835444189028358
1279835410928205825
1279835185308225545
1279835115657596936
1279834964901707781
1279834888678621187
1279834626446495748
1279834477947236352
1279834451766325248
1279834284304535552
1279834218982518784
1279834091739906050
1279833972076412930
1279833810767675393
1279833733756059650
1279833707201912834
1279833573915320322
1279833527140450306
1279833424690380806
1279833362904035331
1279833235472756739
1279833132238331904
1279833060612231169
1279833043486851072
1279832944446705664
1279832867007234048
1279832785591697411
1279832656637833218
1279832586479710213
1279832478707077121
1279832449011396609
1279832377594908672
1279832367318925312
1279832326793560064
1279832099013476353
1279831823300861959
1279831487156752387
1279831442512633857
1279831200362827779
1279830601789513728
1279830542486249473
1279830436508831745
1279830334025187330
1279830159475052544
1279830085663678474
1279829232701636610
1279829107493277696
1279828851598729218
1279828690604613637
1279828526292664321
1279828318146236418
1279828277662752771
1279828096003301380
1279828092152840193
1279828009801912320
1279828009030164480
1279827971201732611
1279827932777758722
1279827926003920898
1279827623955312640
1279827559639900161
1279827524214718464
1279827330765074434
1279827282727763968
1279827272044818434
1279827105992318978
1279826987507421185
1279826972902907904
1279826881831895043
1279826044300730369
1279826018115760135
1279825614049067009
1279825364773199873
1279824722633658368
1279824450045829120
1279824248203284481
1279824182319230976
1279823956934098944
1279823921492131847
1279823873681297411
1279823872620191746
1279823491332747264
1279823452069941250
1279823377646202884
1279823294074695682
1279823049811005442
1279823027597971456
1279822937151934464
1279822935231025152
1279822771724390402
1279822620796559363
1279822595068760064
1279822517272600577
1279822473635287040
1279822097150349312
1279821565480271874
1279821414586093569
1279821413940109313
1279820437728436225
1279820350923177984
1279820339216777219
1279820293759021058
1279820286016344064
1279820231096111104
1279820216017575936
1279820169175588866
1279819612536913920
1279819309129351170
1279818755024003072
1279818650413826048
1279818590426980352
1279818178290466821
1279818090889519105
1279818089509634055
1279818067640561669
1279818051597275142
1279817687607246849
1279817649460056067
1279816944489816067
1279816894883803137
1279816691027976196
1279816683088216071
1279816633209491456
1279816566805270528
1279816523293523978
1279816391172988928
1279816384315297797
1279816315075801088
1279816201003286528
1279815931376656384
1279815880864604161
1279815755123621889
1279815529038065664
1279815454178058240
1279815417909972994
1279815403213111303
1279815091463114752
1279814958881087489
1279814947606802438
1279814788734992384
1279814533754863618
1279814527660568576
1279814526750294017
1279814473809788931
1279814381577142272
1279814363403165696
1279814363218657288
1279814353055817736
1279814235367903232
1279814184583270401
1279814182599159809
1279814114886459393
1279813733422895104
1279813648299556864
1279813600115335168
1279813417516359680
1279813416144777216
1279813383529934853
1279813010224226305
1279812832297660417
1279812502164045824
1279812404004749312
1279812341627043841
1279812300506103810
1279812287042371585
1279812072973438977
1279812070867943426
1279812015394078723
1279811918455283713
1279811852701237250
1279811695087673345
1279811683658104833
1279811593551953921
1279811552401596417
1279811529903398912
1279811287682297857
1279811128839868416
1279811102558302213
1279811043787767809
1279810796567093256
1279810791924019200
1279810772575584260
1279810771107471363
1279810701129920513
1279810673552306178
1279810354722279424
1279810345683599372
1279810203337338880
1279809941201616900
1279809906489593856
1279809737043914753
1279809496857092096
1279809374811295748
1279809005024657409
1279808848740655104
1279808284422266881
1279808147134218243
1279808114888507392
1279808041274261508
1279807965424431110
1279807938715148291
1279807855584043015
1279807780686376960
1279807774839525377
1279807610980577281
1279807493149995010
1279807118191681537
1279807052831961088
1279806760593903616
1279806724548018176
1279806612870508545
1279806342589530121
1279806331092860928
1279806157000003586
1279806013533827072
1279805966175948800
1279805961012760576
1279805386049159168
1279805307829526530
1279805279522127874
1279805210513342467
1279805200547680256
1279805185422958592
1279805080003317761
1279805066673893376
1279804844623253504
1279804784267137024
1279804726650036230
1279804605254246403
1279804505782210560
1279804447363915776
1279804408411414533
1279804323476668418
1279803868956758023
1279803825931640833
1279803791769055235
1279803708067516416
1279803692250730497
1279803479368835078
1279803404580204544
1279803314402668551
1279803196647583745
1279803140032823297
1279802805948219394
1279802793331744771
1279802726340313088
1279802165134077952
1279801841593835526
1279801835784732677
1279801827660378112
1279801803169824768
1279801615516676097
1279801450789580800
1279801350235344897
1279801345940361217
1279801223135322113
1279801158106853377
1279801094709956610
1279801067539226625
1279800849993269250
1279800846033858562
1279800796578807810
1279800560925933569
1279800453849591808
1279800255295508481
1279800229294989312
1279800178996842502
1279800112512892928
1279800077771571204
1279799927745495041
1279799912239161350
1279799891410157569
1279799822996901888
1279799799261396993
1279799785147502593
1279799167603392513
1279799151119814656
1279798856180432899
1279798844587466753
1279798791961542656
1279798780943052801
1279798732066865152
1279798668942598145
1279798451866406915
1279798012122988550
1279797949137145857
1279797938571694089
1279797471640780800
1279797348206551042
1279797116622307330
1279797104232337408
1279797022544072704
1279797007901753350
1279796946849366018
1279796928520339457
1279796601062637570
1279796529662955523
1279796499040342017
1279796456833126404
1279796375845326850
1279796185318989824
1279796181732921344
1279795862596657152
1279795816476086272
1279795717440233473
1279795500301025281
1279795309086982144
1279795168162582528
1279795018253963271
1279794886045306881
1279794867296665600
1279794846996279298
1279794825693401092
1279794763852664832
1279794696764653570
1279794486730731523
1279794317360496640
1279794185319534595
1279794123130765314
1279794078956302337
1279794064708251651
1279794039961911298
1279793993480638464
1279793923939078146
1279793912912150528
1279793905056309253
1279793707802296320
1279793691788480513
1279793634766921730
1279793585005776896
1279793375059861506
1279793263222849544
1279793152635949056
1279793117898702848
1279793040140500993
1279792873412706306
1279792817846575110
1279792759277223937
1279792739606048770
1279792697344176130
1279792626280120321
1279792453378342912
1279792216769269762
1279792152273391616
1279792097340600321
1279792032341426176
1279791983893123072
1279791898727788549
1279791780117073920
1279791619252916226
1279791530367164422
1279791333893459969
1279791259243159554
1279791176636346368
1279791117614137347
1279790966552047617
1279790906825216001
1279790846947266560
1279790750826401792
1279790749450678272
1279790737815674880
1279790652377698305
1279790633524363266
1279790616973578241
1279790589882634240
1279790542579281922
1279790531187523584
1279790498346151936
1279790407703035908
1279790307010371584
1279790301675229186
1279790178526203908
1279790018022834179
1279789961064169473
1279789879912693761
1279789599632642048
1279789474168348672
1279789390034874368
1279789323227979778
1279789276172029960
1279789246333816832
1279789133620285441
1279789024706736129
1279789023515619328
1279788917512974337
1279788811434819584
1279788811115995136
1279788209434746880
1279788103352430592
1279788019734757381
1279788002399719430
1279787766902071296
1279787725063946245
1279787689760473089
1279787622701961216
1279786945187590145
1279786798164705280
1279786644636340238
1279786622188498944
1279786359360798720
1279786325814673410
1279786315958161415
1279786094813462529
1279786079432966144
1279786023095074816
1279785942245691393
1279785928245067787
1279785914915598336
1279785788813856768
1279785528561405952
1279785383853686785
1279785265469456390
1279785113031716866
1279785050788241408
1279784954365345795
1279784887503986690
1279784763688091648
1279784741810601986
1279784606682710017
1279784567398957056
1279784521995616264
1279784508032790528
1279784488764149760
1279784233612062720
1279784205510213634
1279784170039005185
1279784110265958401
1279784050329366528
1279784014476345344
1279783989902016512
1279783887770734593
1279783747697680384
1279783610854375424
1279783551257452545
1279783467639767042
1279783459368636417
1279783280913547264
1279783186298478592
1279783176634863616
1279782787147595778
1279782746701914118
1279782642976784384
1279782365133524993
1279782357327896577
1279782347634810880
1279782249223852033
1279782183222288390
1279782164998098944
1279782059628773376
1279781925658537984
1279781799837622277
1279781754631598081
1279781577367719938
1279781543741919233
1279781506911797249
1279781500922322945
1279781298693906432
1279781175431741446
1279781152484741121
1279781076970491905
1279781028115120131
1279780880941305856
1279780732014075906
1279780631745048576
1279780628880412672
1279780623729725441
1279780539130576897
1279780446021332995
1279780386927783937
1279780339309821952
1279780204282548224
1279780146766139392
1279780105850626049
1279779993590079490
1279779918872752133
1279779891345571842
1279779834244280321
1279779816460431361
1279779728161996801
1279779716665348097
1279779713607708680
1279779690086006785
1279779609500962816
1279779600026009603
1279779576953143299
1279779510427230209
1279779497135542274
1279779479179726848
1279779458577248256
1279779456119431169
1279779343942680577
1279779284350107654
1279779271528022016
1279779225378185217
1279779152405594113
1279779042703675392
1279779015671328768
1279779012110438401
1279778775782359041
1279778588372480006
1279778570051760130
1279778537499656192
1279778418016559110
1279778340006756359
1279778011731107841
1279777559845183490
1279777538672332800
1279777481529196545
1279777469092986880
1279777413321437185
1279777236523134979
1279777210187079689
1279777207804669952
1279777144881778688
1279776882507087872
1279776596723929088
1279776503933349890
1279776044954914818
1279775738661605379
1279775464903585793
1279775193913753602
1279775076242591745
1279774655625256969
1279774570740944896
1279774521898213382
1279774339395719169
1279774237939716101
1279774212677402625
1279774080783261697
1279774067818668034
1279774026190262274
1279773811798351877
1279773804605198338
1279773717204275200
1279773634287067140
1279773573012471808
1279773532340269056
1279773286285611011
1279773281772548097
1279773232158117889
1279773060543975424
1279773031523549186
1279773016931565575
1279772830935154695
1279772782432321537
1279772775553683459
1279772763897630721
1279772499820122112
1279772422233882624
1279772360174972929
1279772167467683840
1279771873635680259
1279771781189025793
1279771385380945920
1279771109722857474
1279770999073001473
1279770695795384321
1279770629957472256
1279770279108128769
1279770272447500288
1279770113613463554
1279770092943937536
1279770063281758208
1279770057808191490
1279769937905684483
1279769797753012224
1279769642798628864
1279769546103062529
1279769526876372993
1279769442059259905
1279769371234258944
1279769338514374656
1279769329756770311
1279769275880923136
1279769111233540097
1279768722698375172
1279768689383006209
1279768418523271169
1279768297739780096
1279768274679595013
1279768258070097923
1279768232837238784
1279768182178426881
1279768096631402497
1279767554173677569
1279767478588014594
1279767276955340800
1279767120709066752
1279767105550848000
1279767078900203520
1279766984767520769
1279766966551617537
1279766924310786048
1279766916530417666
1279766772351148032
1279766752101089280
1279766724590686216
1279766691526905856
1279766657272033291
1279766652410892292
1279766629392547840
1279766593770225665
1279766261828923394
1279766237350952962
1279766232313540610
1279766199086317569
1279766027128143872
1279765675767185408
1279765633849311234
1279765542694457347
1279765473564000257
1279765333981777920
1279765199889862663
1279765188963635200
1279765106579169280
1279765085167255555
1279764908792582144
1279764848931475456
1279764785324752898
1279764783961649152
1279764726537469952
1279764649685245952
1279764603275280385
1279764574602956801
1279764267370188801
1279764041557254144
1279763824032337921
1279763769191804929
1279763678133465088
1279763631425703936
1279763620994396162
1279763555554910208
1279763534801448965
1279763522575048705
1279763466887335936
1279763424327667713
1279763418099171328
1279763344149213193
1279763339699277829
1279763028242767874
1279762852203675649
1279762771031339009
1279762721047805952
1279762716035604481
1279762420005732352
1279762399361413123
1279762297196601345
1279762295325962241
1279762240523186176
1279762211637014530
1279762142007304196
1279762062605004800
1279761962658906112
1279761855318278152
1279761792072286214
1279761505416818688
1279761341868322816
1279761299879137281
1279761211983347717
1279761206400544768
1279761159198048256
1279761155913846784
1279761077367181312
1279760975613345792
1279760875780530176
1279760805165178881
1279760697874886656
1279760683744321536
1279760656770760705
1279760599329767424
1279760537447010309
1279760487065026560
1279760467087495168
1279760264968224774
1279760246274166784
1279760121955069952
1279760120306696192
1279760074370662400
1279759966505766912
1279759947606233088
1279759840680857600
1279759762591232000
1279759670522138624
1279759619070492672
1279759343378993154
1279759292447494144
1279759211606560770
1279759196276350976
1279759184268013568
1279759182271561728
1279759141213474816
1279759092039536640
1279758998749818881
1279758975769153538
1279758962074824707
1279758943955361792
1279758822190522368
1279758608532754440
1279758484138078208
1279758426139172866
1279758419688333312
1279758414919413761
1279758372280184832
1279758260535468037
1279758134622502912
1279758132676354050
1279758106268962817
1279757975784165376
1279757875343241216
1279757866904289280
1279757826236264448
1279757736193019904
1279757642290868224
1279757316611543040
1279757305425379329
1279757244519849985
1279757178593841152
1279757164328951808
1279757156347195393
1279757118808174593
1279757037719740416
1279756949127659521
1279756881070903296
1279756846706970624
1279756521958707200
1279756314323963909
1279756220891574272
1279756197718040578
1279756170778075140
1279756145801003009
1279756050166579202
1279756013558730752
1279755906905972741
1279755892532092929
1279755682078765057
1279755659131727872
1279755530949533696
1279755411466473472
1279755332357668865
1279755323285409793
1279755156033359873
1279755004023365633
1279754909777346561
1279754876617138176
1279754683301715974
1279754585884831745
1279754573704544257
1279754488560173057
1279754464891736064
1279754271995592704
1279753639851175936
1279753548088082432
1279753548050415617
1279753329074221057
1279752921408770050
1279752332113215488
1279752210264608768
1279752136516083712
1279752091439947777
1279752026059145216
1279751903862231040
1279751688312758272
1279751620872544256
1279751132164866049
1279750949578461184
1279750839956103169
1279750816598016001
1279750502335602690
1279750331543552000
1279750232100737026
1279750204313436160
1279750194175844363
1279750181760753664
1279750178438856707
1279749902625619969
1279749725164576768
1279749694151950337
1279749561049899008
1279749174439837698
1279749010115395584
1279748616471687173
1279748560712601600
1279748552885927936
1279748514478727168
1279748263273521152
1279748248429899777
1279748205362720769
1279747998617141249
1279747960750907392
1279747644798238720
1279747359719776258
1279747350915960842
1279747218686316544
1279747203960115203
1279747049945206790
1279746654216826880
1279746434976358400
1279746393821908992
1279746328386514944
1279746177341235200
1279746137218523137
1279746103211147265
1279745851003408384
1279745763157905408
1279745711005990918
1279745559373524992
1279745329068474368
1279745319199178752
1279745236605026306
1279745206645121024
1279745141465587715
1279745097706418179
1279744819703820289
1279744635687129088
1279744605978865665
1279744390068604928
1279744389116559360
1279744095976644609
1279744084769411073
1279744081011376128
1279743795144376321
1279743599387836417
1279743570438692866
1279743551014948864
1279743537853149185
1279743408718913536
1279743333527683073
1279743274954211328
1279743137695567874
1279743020649324544
1279743009526091776
1279742975384444929
1279742763781758978
1279742607627821057
1279742481022713865
1279742338403913728
1279742305025622018
1279742298155294722
1279742249606287360
1279742234926157825
1279742151052705797
1279742065442783235
1279741982164889600
1279741900837335040
1279741884408254469
1279741752065298433
1279741681227706372
1279741652828139520
1279741632519327744
1279741548259872768
1279741430391615488
1279741116565331971
1279740962143600641
1279740858309410817
1279740814130925569
1279740752789209088
1279740681439805440
1279740634153324544
1279740582462664706
1279740289721253888
1279740171047579648
1279740160004050949
1279740145382633476
1279740143755296768
1279740073764884481
1279739926079311872
1279739666925858816
1279739613737824262
1279739524348854273
1279739505692610560
1279739447228141569
1279739176905256960
1279739009078566914
1279738958067441664
1279738954514923522
1279738653934223360
1279738613505327104
1279738453215895553
1279738380897697794
1279738335473385474
1279738288476172289
1279738287301820416
1279738270797246466
1279737918505041921
1279737820232462336
1279737815488696325
1279737745221574657
1279737698278879233
1279737692000079872
1279737687956742145
1279737672462974977
1279737568033157120
1279737521719717888
1279737216244363264
1279737161403826176
1279737064410550273
1279736915340730370
1279736841088970755
1279736691843108864
1279736675002912770
1279736632615276545
1279736630572613632
1279736541494104064
1279736476788494336
1279736461634478082
1279736409872642048
1279736395452616704
1279736254981079040
1279736147552489473
1279736143676833792
1279736055017734144
1279736054338248704
1279736032343330817
1279735875069452288
1279735797122568193
1279735718332506112
1279735696291438595
1279735690419417088
1279735628914135040
1279735615005888513
1279735448408076288
1279735371149041666
1279735370645745664
1279735143662567424
1279734841160990720
1279734821514883072
1279734775654334465
1279734765034274816
1279734710390992897
1279734553217826816
1279734547714842624
1279734300234129409
1279734255438966785
1279733996012941316
1279733673684865025
1279733612552863744
1279733499042373632
1279733478183952384
1279733262257192960
1279733079066763264
1279732755526569984
1279732702770532363
1279732534381891584
1279732529575141377
1279732446712520710
1279732022425026560
1279731849447735297
1279731671248625664
1279731650679779328
1279731440045953034
1279731076093657088
1279731070578147329
1279731011086102528
1279730946770636800
1279730938734358529
1279730915187572737
1279730885273755648
1279730855926206464
1279730819964243969
1279730775429206017
1279730773847924736
1279730730495610880
1279730561578303489
1279730507320832001
1279730486571683840
1279730146241654784
1279730108362825729
1279730053987909633
1279729772852137985
1279729655864594433
1279729598486503425
1279729402528620545
1279729342851973120
1279729300195946502
1279729121011122176
1279729075234496513
1279728874377678849
1279728858623852544
1279728675257270273
1279728667195838464
1279728567715270656
1279728554624892928
1279728393513205761
1279728296427761664
1279728258863554565
1279728090256678917
1279727991182983168
1279727977199276032
1279727862254362624
1279727819803832320
1279727721002733568
1279727698735226884
1279727552630788097
1279727442463252483
1279727381926772736
1279727196509278210
1279726865503129600
1279726768828678144
1279726731419680770
1279726650683523072
1279726599642939393
1279726368511705088
1279726208637419520
1279726143885672449
1279726142375825408
1279726120544407552
1279726038717693954
1279726006442614786
1279725979502600192
1279725947252547585
1279725741660405760
1279725550957989889
1279725505869201408
1279725467323547649
1279725433349648384
1279725339665670145
1279725288331661312
1279725269767598086
1279725133612146695
1279725113869549569
1279725101274062850
1279725051743477760
1279724969996496896
1279724940418256896
1279724926778454016
1279724827495092229
1279724697102495744
1279724695554854912
1279724336912441345
1279724317530619905
1279724287973359620
1279724124542287872
1279724123414036480
1279724110759763968
1279724098252353541
1279723986738450432
1279723946355482625
1279723943415427073
1279723880748326912
1279723872577863680
1279723837467299841
1279723804856631296
1279723742114037761
1279723720836354048
1279723404132827136
1279723300889993221
1279723084124168192
1279723043141664768
1279723020228202496
1279722967627415559
1279722944814612480
1279722711435087872
1279722639762866177
1279722616434147328
1279722607684837379
1279722448812900354
1279722419016654849
1279722371327438848
1279722338548879360
1279722144256188416
1279722000295120896
1279721890714697728
1279721814839697409
1279721735181479936
1279721720929234944
1279721715820564482
1279721705959755776
1279721663001767938
1279721519275540483
1279721426426171394
1279721421405642753
1279721318968168448
1279721146309623808
1279721144996843521
1279720839915753472
1279720780255854592
1279720772362219522
1279720662857375745
1279720259927277568
1279720143292170245
1279720096206905344
1279720044000395265
1279719912634830849
1279719890572718085
1279719857966256130
1279719846167678978
1279719823069642754
1279719301012955136
1279719216627822592
1279719008133095424
1279718909025886208
1279718859809984513
1279718812464660480
1279718546554191872
1279718129384423425
1279718117464309761
1279717829454028801
1279717721333211136
1279717721236742144
1279717548251140096
1279717533311029248
1279717364465053701
1279717099041062913
1279717068749897733
1279716827627651074
1279716651357929472
1279716650795896834
1279716489059237888
1279716432541032449
1279716404384669698
1279716389406859265
1279716285685862405
1279716256237707264
1279716054487400449
1279716004562690048
1279715869162115073
1279715231774707713
1279715186170003456
1279714962001330176
1279714793625182209
1279714770082574338
1279714689853853697
1279714644047941633
1279714620723417088
1279714484945408000
1279714197375520768
1279714168283766785
1279714001308528641
1279713977677815808
1279713743321157632
1279713161449484290
1279713042901667840
1279712730262523904
1279712682304851968
1279712663489122304
1279712630693912577
1279712460296138752
1279712164224405504
1279712072046174208
1279711977552699393
1279711971974295553
1279711914487136258
1279711769171308545
1279711703945687041
1279711591580217344
1279711527193522176
1279711432293179392
1279711399829217280
1279711180685279232
1279711057477599232
1279711053572603904
1279710408698404864
1279710217761181696
1279710213143232512
1279710056460824581
1279710053143064576
1279709994573795329
1279709896808808448
1279709739652395009
1279709687534026757
1279709316585525248
1279709249506082817
1279709204501184512
1279709200994775040
1279709154748268544
1279708856021647360
1279708737197015041
1279708369486581760
1279708327543480321
1279708274154225665
1279708265857921024
1279708245561573378
1279708150564900864
1279708005689430017
1279707961489833984
1279707918133231616
1279707845722857472
1279707842287714304
1279707745638322176
1279707695117983744
1279707638687846400
1279707604353155072
1279707602482376709
1279707568970006528
1279707545662361601
1279707257505222657
1279707175619878913
1279707081143136257
1279707076944637953
1279706888075165696
1279706785344032768
1279706778478002176
1279706775424565248
1279706773973336066
1279706764359892994
1279706603722207233
1279706569253552128
1279706501033140224
1279706334007562240
1279706316244729862
1279706089852895232
1279706062019538944
1279705784264294401
1279705710528520192
1279705602923642881
1279705464972943360
1279705450997579778
1279705339911376897
1279705235662004227
1279705194331361282
1279704941972590595
1279704935060422656
1279704813991874560
1279704723331915776
1279704677563727872
1279704642864250881
1279704493303779328
1279704327548960769
1279704117984792576
1279704117385060352
1279704114470027264
1279704032035123201
1279703952976723969
1279703892348067840
1279703872869675010
1279703841831899137
1279703825910284289
1279703679881433088
1279703611195428870
1279703595135447041
1279703486809149441
1279703455108562944
1279703389887225856
1279703219808198656
1279703125784494080
1279702747286290433
1279702732329361410
1279702678315163649
1279702518767984641
1279702459716440065
1279702375603875841
1279702353059471361
1279702341898338304
1279702254044528643
1279702212533518336
1279702206866915329
1279702184343502848
1279702091729195010
1279702028432932865
1279702025580789760
1279701965883297792
1279701939941445632
1279701719769849856
1279701636944924672
1279701555659276288
1279701555076308992
1279701546037624833
1279701533962240001
1279701502727241729
1279701454543093761
1279701442970955777
1279701434204860417
1279701294182268929
1279701287391637504
1279701219464941569
1279701123679559680
1279700989902274560
1279700935174807552
1279700729431764994
1279700678517100547
1279700664080314368
1279700632459530240
1279700465161297920
1279700447008296960
1279700399751036928
1279700335410503681
1279700067268677632
1279699999434162176
1279699936251195392
1279699907469869056
1279699840461611008
1279699839454937088
1279699558856036354
1279699410876796929
1279699344111874049
1279699316668579840
1279699303947272192
1279699271177179137
1279699253422587904
1279699221642436608
1279699207314685952
1279699069896720388
1279698983900852226
1279698737586200576
1279698619143159810
1279698412800262145
1279698206683803649
1279698066459824129
1279698063905501184
1279697951896604673
1279697856442621953
1279697682278354944
1279697675261263874
1279697559737565185
1279697498341347334
1279697392145661952
1279697275980337152
1279697235790442496
1279696887659089920
1279696830616547328
1279696785536159747
1279696760097701888
1279696699934588928
1279696657073016832
1279696502835818498
1279696347831156738
1279696341426454529
1279696140083093504
1279696066749874176
1279695793830723584
1279695690067857408
1279695473989779457
1279695355047747588
1279695315491266563
1279695314178445312
1279695301205463050
1279695177133821954
1279695050667110400
1279694983570882561
1279694976935395328
1279694962125352961
1279694938465341440
1279694903212212224
1279694813231800320
1279694727508525057
1279694658373922818
1279694562269769739
1279694524495822849
1279694326151491589
1279694275400392704
1279694247554363392
1279694075134914561
1279693959032385538
1279693954351607810
1279693908885352448
1279693726110138368
1279693687203729408
1279693682577473537
1279693671777083392
1279693658162429952
1279693582484541440
1279693560695140352
1279693537437720576
1279693489735757824
1279693471562031104
1279693382520983552
1279693189063102464
1279693074701127680
1279693063217205248
1279692925656608769
1279692893675012096
1279692760321327105
1279692619266887680
1279692559640559622
1279692555291111425
1279692548496330752
1279692471971262464
1279692471925121024
1279692400357670912
1279692163165622272
1279691782931066882
1279691704405237761
1279691564437118976
1279691502826983424
1279691399198375936
1279691332525711361
1279691209880023042
1279691200254091264
1279691181727846402
1279690961476562944
1279690353088573445
1279690223891484672
1279690215490289666
1279690215397957632
1279690147475402752
1279690032673107972
1279689892310720513
1279689870164754433
1279689852934635520
1279689637355651072
1279689600856883200
1279689564513275906
1279689528761110528
1279689477825454081
1279689407486988290
1279689394925043713
1279689339044331520
1279689292592353280
1279689239815499776
1279689232676724739
1279689153928716288
1279689103064342529
1279689093195206657
1279688833869778945
1279688752252715008
1279688671592144898
1279688576377200640
1279688490645585920
1279688489605509120
1279688322416328704
1279688245610242048
1279688143306928128
1279688073660567552
1279688071651475456
1279687651042476033
1279687518779256833
1279687256316555264
1279687161575604226
1279686895027576832
1279686880179732481
1279686849896886272
1279686795685486592
1279686713170972673
1279686676860854276
1279686649316880384
1279686636465504257
1279686581608210432
1279686162018336768
1279686094997643265
1279685993189314570
1279685937480511488
1279685844450803714
1279685695012057088
1279685594495496192
1279685549113192448
1279685528720474113
1279685478464323584
1279685477772210176
1279685286428053504
1279685019695484928
1279684970584342528
1279684948782223361
1279684726488551426
1279684715730145280
1279684551929888768
1279684455062478854
1279684426662895617
1279684422451822592
1279684417020100608
1279684393976705024
1279684308488392705
1279684120629649408
1279684068376969216
1279684048558964736
1279684043190218753
1279684027730010112
1279683848528420865
1279683814537572353
1279683766877859851
1279683708992262144
1279683651341606913
1279683603916619780
1279683583418884097
1279683401419837441
1279683320977244160
1279683283832508416
1279683278384107521
1279683164319952896
1279682884660604928
1279682742800855040
1279682637662224384
1279682590895677440
1279682516157415426
1279682494841921538
1279682403867467776
1279682038350721026
1279681994587353088
1279681870221975552
1279681818237849600
1279681769286127617
1279681723534651392
1279681715095683073
1279681679045595136
1279681659504295942
1279681627443036161
1279681611441803264
1279681232708800512
1279681164366708736
1279680996946915335
1279680944820105217
1279680868622258182
1279680778557894656
1279680752343547904
1279680666708238338
1279680450445877248
1279680397308317696
1279680349077942272
1279680333433184257
1279680259051438080
1279680245583544320
1279680042000416769
1279679983418576897
1279679975835172869
1279679804229464064
1279679802912407552
1279679628005777408
1279679283863191552
1279679278477717504
1279678883923660800
1279678583607304194
1279678577655644160
1279678498555269121
1279678369949536257
1279678182417932289
1279678044400205824
1279677988544679937
1279677892956426240
1279677839516872704
1279677743492464643
1279677670025035776
1279677503750180864
1279677471466676225
1279677468383817728
1279677452252561408
1279677433839529985
1279677431847231488
1279677431557894146
1279677309591662592
1279676915343900674
1279676862038446081
1279676786398441472
1279676776277577728
1279676556777000961
1279676528343887872
1279676469904539648
1279676143675850753
1279676068023209990
1279676046032474112
1279676004907302917
1279675977870839808
1279675973844303878
1279675867497627648
1279675710953709568
1279675708638474240
1279675553361035264
1279675447022886913
1279675372162805760
1279675268580417536
1279675253409689600
1279675160812048385
1279675127534362625
1279675120215306241
1279675109335347200
1279675040171253760
1279674954213187584
1279674921145286656
1279674908797255681
1279674876450820097
1279674802652012545
1279674730329575424
1279674689271537665
1279674676650881025
1279674622997397504
1279674535600631808
1279674437093261312
1279674278305304577
1279674091528732673
1279674079956668422
1279673931071467523
1279673916244594694
1279673856165384192
1279673796220325889
1279673685322989568
1279673684043730944
1279673610509131777
1279673370842447872
1279673203078631426
1279673175052292096
1279673081271853057
1279673008727171072
1279672893643919361
1279672853156319233
1279672848324399104
1279672780464717824
1279672706053570560
1279672699195920384
1279672549127925761
1279672439518236673
1279672416944271361
1279672390956527616
1279672344554938368
1279672335189135360
1279672218738405377
1279671937183232000
1279671892832591873
1279671815456149505
1279671613164830720
1279671592696664064
1279671562048876544
1279671551231700994
1279671463348404224
1279671381265874944
1279671292501929984
1279671203595268096
1279670790556958720
1279670784466857985
1279670720805601280
1279670549720031233
1279670381280968704
1279670120923697152
1279670098299703298
1279670024857423872
1279669914119307265
1279669878585245697
1279669863431225344
1279669863326396416
1279669821454548992
1279669795881922560
1279669788613189633
1279669784993562630
1279669709969948672
1279669684313509889
1279669507783622657
1279669080019161088
1279669004504883200
1279668916684546048
1279668740788031488
1279668736602095616
1279668720466644992
1279668607715348480
1279668564073611264
1279668392178352128
1279668224766939136
1279668102222020618
1279668010232446980
1279667814262071297
1279667722054483973
1279667695852625920
1279667666479972354
1279667551400837121
1279667467405721600
1279667389148340225
1279667212928851968
1279667173795999744
1279667110852132865
1279667032393428993
1279667014408310791
1279666823630372864
1279666769838460930
1279666627542466560
1279666349908860928
1279666317151342592
1279666261383876609
1279665791462453250
1279665788694286338
1279665776870526978
1279665689050132483
1279665681726922753
1279665580673548289
1279665495155884032
1279665339077480448
1279665251705856000
1279664987829649408
1279664731993882624
1279664634505629696
1279664590629060610
1279664498937417729
1279664440347111429
1279664329739075584
1279664299699568641
1279664114005147648
1279663919720738818
1279663798106894337
1279663757732581376
1279663718553522176
1279663686827888650
1279663604875374592
1279663410775502852
1279663191002427392
1279663190230609920
1279663025738452992
1279662837380644865
1279662738239823874
1279662708615454720
1279662606802989056
1279662564469850112
1279662511739088896
1279662497344061440
1279662417472114689
1279662335939039232
1279662255815221249
1279662195291365376
1279661962092314624
1279661920451207168
1279661919943700480
1279661919423561729
1279661918853246976
1279661877484826624
1279661726670163968
1279661622102032385
1279661620587835392
1279661413745733632
1279661389381087234
1279661296678469632
1279661292329017344
1279661184904499201
1279661021775486976
1279660871120191488
1279660860303163392
1279660622637084672
1279660593578991616
1279660577426735105
1279660575451201536
1279660540978180096
1279660515200040960
1279660301575733248
1279660295644946439
1279660100492439554
1279660035530985473
1279659783554052099
1279659775366778880
1279659750947467264
1279659673151471616
1279659593107484674
1279659571196366850
1279659558718365697
1279659528967950336
1279659431026995200
1279659353964978177
1279659292686245889
1279659272633307139
1279659271488225285
1279659202043170816
1279659129607467009
1279659006013976576
1279658990885130240
1279658724727099397
1279658717424779264
1279658654866837504
1279658648613126145
1279658541847060482
1279658458103582720
1279658441716490240
1279658333830594560
1279658169841733634
1279657783806300161
1279657602310270977
1279657357958696960
1279657315474472961
1279657240803389441
1279657158129389568
1279657081507926016
1279656790825762818
1279656692653993984
1279656356069478400
1279656134773665792
1279656055564353536
1279655951692435459
1279655749828915200
1279655712218644480
1279655658879664129
1279655636003966976
1279655515677696001
1279655302087036929
1279655292435742725
1279655082280325120
1279654976927776768
1279654973194862592
1279654936406622208
1279654749529309184
1279654693153669120
1279654658009698304
1279654609896824832
1279654575377711104
1279653961960734721
1279653721417420800
1279653494933209088
1279653360690487297
1279653199176138753
1279653113322975232
1279652878697840640
1279652719993556992
1279652593233547266
1279652592893726721
1279652506130362368
1279652390459883520
1279652066848317440
1279651886707216384
1279651881950875648
1279651880042455041
1279651831484997633
1279651527112744960
1279651259524448257
1279651107262926850
1279650879210246144
1279650196071251969
1279650117969219585
1279649944429789189
1279649864075313152
1279649379037728768
1279649324901847041
1279649307533197312
1279649239530975233
1279649238125772800
1279649107200675846
1279649068503961602
1279649015852863488
1279648872462258176
1279648768619667457
1279648708989259776
1279648516965572610
1279648494379241474
1279648186211151872
1279648066052730881
1279648026542383109
1279648011786899456
1279647913640185856
1279647828592283648
1279647661977743360
1279647449297104897
1279647139040280576
1279647018986672129
1279647015622885376
1279646714052456448
1279646672767856640
1279646381603459074
1279646306680610817
1279646214435360768
1279645899568930816
1279645775388180486
1279644888448065536
1279644627004424192
1279644182475407361
1279644112342392832
1279643236840148993
1279641722348343296
1279641616249229312
1279641402004176897
1279641137251221509
1279640438392131589
1279640116445806592
1279639628094545920
1279638053414490114
1279636417224769536
1279635984389484545
1279635247362191362
1279632552249131008
1279632312217591808
1279631926236774401
1279631499088801792
1279630230186008577
1279629470601637890
1279629358299262978
1279627403795542016
1279624719692640256
1279617600671092736
1279615356554936320
1279615335415590914
1279614677396398080
1279614258767179776
1279613077349163008
1279612849543761920
1279611905120907264
1279611394074251265
1279608068179808256
1279607619888570370
1279598879642718208
1279597872875438080
1279597258804285440
1279591661107118082
1279591598884560896
1279588668383125506
1279588647981940736
1279587450860507137
1279585881549144064
1279585735591378945
1279583732886843395
1279582960950353920
1279582751637876737
1279582310803951616
1279581854488768513
1279581392968572928
1279580920501211136
1279580582935171074
1279580298183933954
1279578560643112961
1279576534672642048
1279576249019568128
1279575446972248064
1279574998479405057
1279574774272966656
1279573907549442049
1279573025441099777
1279572629565911040
1279571545585836037
1279571334750785538
1279571150373376002
1279570812756951041
1279570574990286848
1279569870653394944
1279569292774780928
1279568401283911680
1279567945824440320
1279566704042008579
1279565904653754374
1279565833291907072
1279565802933534720
