1282462000329744384
1282460467529752577
1282460371681509382
1282459119199367169
1282459054053433344
1282458822603427840
1282458569162608640
1282458476107661315
1282458372068057090
1282457206647140352
1282457125952851971
1282456969408925697
1282456757298696200
1282456657851817990
1282456268364488705
1282455144060329986
1282455105724461062
1282454577317662720
1282453239384936448
1282452434938363904
1282452307318394884
1282451008606670851
1282450828217978881
1282450618108596226
1282449087506329600
1282448595044773888
1282448270237851649
1282448080969793536
1282447951198068737
1282447567641616391
1282447401031172097
1282447205962518528
1282447153395314690
1282446903972683777
1282446818605969408
1282446661004992513
1282446440690745345
1282446318267506689
1282446285291888643
1282446197773537281
1282446157575327747
1282446032807366660
1282445908668489729
1282445878792531970
1282445789881602048
1282445500453736450
1282444793164058624
1282444781067673602
1282444765259341825
1282444765204709377
1282444715779072003
1282444394986196993
1282444315248254978
1282444274886475777
1282443475213066240
1282443242148175874
1282442945917001728
1282442404621164544
1282442253097750529
1282442203676192769
1282441595812552704
1282441094744223747
1282440943061344258
1282440399337005062
1282440363781881857
1282440084541845504
1282439932380880896
1282439777795670021
1282439560757215232
1282439486455066631
1282439337192435712
1282439172020740111
1282438951240978433
1282438893892231168
1282438873558265856
1282438859356348432
1282438842117697537
1282438832873525248
1282438770068017152
1282438743065059328
1282438387471912961
1282438279753871363
1282437775816613888
1282437743868600325
1282437717742280704
1282437573542129664
1282437493804204033
1282437476460761093
1282437434425446401
1282437308004929536
1282437090005987328
1282436508562137091
1282436389536178177
1282436286398246916
1282435854661824512
1282435584183721985
1282435578949259267
1282435397793075208
1282435115369586689
1282435105164845057
1282434876654878722
1282434690062995456
1282434486253367297
1282434273824444424
1282434040814022656
1282433983297585153
1282433914854879232
1282433631206637573
1282433539896750090
1282433476109709312
1282433387928727558
1282433341770301446
1282432881785212930
1282432707117670400
1282432650968522752
1282432608106958848
1282432252169932800
1282432251544862721
1282432250697703424
1282432121953550336
1282432049387839488
1282431970560167937
1282431894294913024
1282431889769467911
1282431752720572416
1282430968251535361
1282430967714648072
1282430966892498948
1282430884088557569
1282430850999693314
1282430689149890560
1282430591158411269
1282430484228841472
1282430447239204864
1282430385180344322
1282429793972166657
1282429715345805313
1282429713449975810
1282429700778885122
1282429700246310913
1282429647440031744
1282429611599634437
1282429200578875393
1282429152935718914
1282428964254949376
1282428881555914752
1282428714647728129
1282428644036681729
1282428428134875137
1282428427618983937
1282428427107274759
1282428426054438913
1282428425484095489
1282428417242267648
1282428338490007554
1282428273251823618
1282427737538519041
1282427526615310338
1282427120023744512
1282426963899166720
1282426940566245378
1282426840418865159
1282426817660497920
1282426780293439492
1282426606632554498
1282426144109862913
1282426141459054594
1282425479694360579
1282425347238133761
1282425215247618048
1282425188324388865
1282425013895933957
1282424800980406272
1282424492485152770
1282423992607965186
1282423922290577416
1282423626160103424
1282423477883080706
1282423320789614592
1282423167890468871
1282423146944094210
1282422842102079491
1282422677786054658
1282422676573900801
1282421958882336771
1282421813830733824
1282421422724448268
1282421326427435017
1282421270856990721
1282420903465357313
1282420766185791492
1282420545036922881
1282420464619585537
1282420430255591424
1282420261812416516
1282420089250369537
1282419778850881543
1282419738673655808
1282419703370178562
1282419635929964544
1282419552555499520
1282419550588370947
1282419421445861381
1282419402961563649
1282419228000256005
1282419059666169859
1282419000497012738
1282418991693258752
1282418833081475075
1282418819047317504
1282418802890870786
1282418609797636097
1282418402880032768
1282418351608823808
1282418275649978369
1282418153000181761
1282417936691494915
1282417934929928192
1282417769221324802
1282417754172268544
1282417634483503107
1282417507693989888
1282417130265288704
1282416817303158790
1282416797149536256
1282416766728232963
1282416743089045504
1282416567469441024
1282416534225395712
1282416474846564354
1282416467607277569
1282416150832447494
1282416144385794049
1282416097065611265
1282416022679691270
1282415943369609216
1282415626775072771
1282415495707320321
1282415472919576582
1282415364614258688
1282415224147136514
1282414965266276353
1282414872572178433
1282414778686873603
1282414623359152129
1282414036068573187
1282413965721702400
1282413499558264835
1282413322239971330
1282413255663779848
1282413175808364550
1282413040718229505
1282413011886645256
1282412794474831873
1282412583727898626
1282412302889816068
1282412258430267394
1282412153274806272
1282412045590302722
1282411918452555778
1282411703808987136
1282411539522301952
1282411374828761090
1282411359381184514
1282411120226111490
1282411106909278208
1282410773747204096
1282410748044550148
1282410726024523779
1282410648501190656
1282410640993406978
1282410422507900929
1282410124431314946
1282409962950594562
1282409959226056704
1282409805978783747
1282409791193788420
1282409741310984195
1282409660407046144
1282409628324823043
1282409515338665986
1282409462511349765
1282409340570185728
1282409314578300928
1282409308567810048
1282409185376862211
1282408925715992577
1282408918954672130
1282408717900820486
1282408691896066048
1282408379164622855
1282408239154561025
1282408020413157376
1282407879098748929
1282407852133560321
1282407765726703619
1282407633446735872
1282407633060802567
1282407543139172353
1282407310648844290
1282407219452141570
1282407184748498944
1282407161155457025
1282407110144413702
1282407103571927046
1282406981249241094
1282406955168993281
1282406860738433036
1282406706488782848
1282406558698221574
1282406150688907265
1282405700560461824
1282405653689098240
1282405551826251776
1282405265623724034
1282405175928532994
1282404975256141829
1282404437416443907
1282404085497569280
1282403512865959938
1282403496604598274
1282403327255379972
1282403320724889600
1282403057737838593
1282402999269285895
1282402604555874305
1282402116091486208
1282402071782871042
1282401804593049601
1282401614570180609
1282401298336358401
1282401250273894400
1282401229134606336
1282400932165226499
1282400841727709184
1282400707640012800
1282400672093278210
1282400613167398912
1282400584524599296
1282400582087712768
1282400401162149889
1282399900551045121
1282399419791540225
1282399402355818497
1282399369447329793
1282398753744445440
1282398623087697921
1282398622953414661
1282398516783046657
1282398468976369665
1282398393868996608
1282397485512744960
1282397249637691394
1282396779682684930
1282396341239504896
1282396299669757954
1282396185865654279
1282395998564896768
1282395869233504261
1282395839223279617
1282395601200648193
1282395587728596992
1282395501187530756
1282395295217852416
1282394965511933952
1282394854442643470
1282394366766657537
1282394322076422145
1282394153335300096
1282394038126161921
1282393969717059584
1282393860153499648
1282393723532386304
1282393184233050116
1282392945405186049
1282392809094483969
1282392719265079307
1282392451794313218
1282392120612003840
1282392080699056129
1282391734924611584
1282391231620878340
1282391023352721410
1282390877072220166
1282390818825871361
1282390642774159360
1282390455116795905
1282390196303081478
1282389961136910336
1282389820871004161
1282389600556720128
1282389473234493441
1282389262864916481
1282389105603751938
1282388963106357249
1282388892843487234
1282388888045199360
1282388885411172352
1282388587053551624
1282388497739939840
1282388433957277698
1282388430111084544
1282388352591900672
1282388324481748994
1282388201223720960
1282387580479307782
1282387300928884742
1282386804549865472
1282386769623883789
1282386680205520897
1282385870595723265
1282385602231623681
1282385213541285889
1282385170692296708
1282384887635468289
1282384652473442304
1282384227242332160
1282384197454364672
1282384053833011201
1282383932865105922
1282383794121641985
1282383479263694848
1282383213235773442
1282382969232138241
1282382834079084546
1282382770749288449
1282382525264990209
1282382505174347777
1282381964725702656
1282381743991947264
1282381595886915587
1282380872755404800
1282380698695892993
1282380309858865154
1282380247023996930
1282380040815226882
1282379959416356866
1282379897630056448
1282379821105000450
1282379809214140417
1282379796010414086
1282379616922087424
1282379362193604614
1282379336595714048
1282379249886822409
1282378967903764483
1282378790954565632
1282378746687823874
1282378743391178752
1282378731319943168
1282378706535809025
1282378694120607746
1282378588470284289
1282378564529270784
1282378470220324875
1282378311692365825
1282378281698971657
1282378079499943938
1282378079353147396
1282378039645671424
1282377984654155776
1282377902508650498
1282377810120773632
1282377754500108295
1282377620391329793
1282377545745399810
1282377506839027713
1282377415797493761
1282377392116441088
1282377362638868482
1282377342732644352
1282376245330743301
1282375630785597440
1282375533859426307
1282375369857933312
1282375112054968323
1282374886107820039
1282374855292325889
1282374775336308736
1282374647019864064
1282373921745100805
1282373628445818882
1282373266527617026
1282373190854074368
1282372848758272002
1282372665450336259
1282372510357630978
1282372469068902402
1282372343491432449
1282371578362290176
1282371266956210178
1282371211633340416
1282371155815542792
1282371154662100995
1282371096235380738
1282371015981629440
1282370732476030984
1282370721755398144
1282370670043725827
1282370468222169090
1282370197320601600
1282370116299231232
1282370066605133824
1282369781795115009
1282369483022229512
1282369406677524484
1282369064241954820
1282368941390729218
1282368803343564801
1282368519242489859
1282368508140060673
1282368507867533314
1282367608587788288
1282367596155809793
1282366889612791808
1282366836407967745
1282366727515508736
1282366706401325057
1282366698004373505
1282366527577231361
1282366384161333248
1282366305048440832
1282366142418477056
1282366130292744192
1282366115822346240
1282366105823182849
1282365535502716935
1282365216714522630
1282364860727267328
1282364781211648000
1282364730888409088
1282364219007078401
1282364089113747456
1282364061561257985
1282364060705665024
1282363866379321347
1282362978902433796
1282362873092677633
1282362846094012422
1282362568481406977
1282362509773733892
1282362484612104197
1282362344295870470
1282362297034461185
1282362064611221505
1282361959573270529
1282361899427024896
1282361841138753537
1282361826714550272
1282361806846144512
1282361802349842436
1282361798574972929
1282361776831696898
1282361696452059143
1282361662192988161
1282361624737787906
1282361611882237952
1282361564574752769
1282361527346106368
1282361242649321475
1282361038319636480
1282360866227261441
1282360528908812292
1282360480800157703
1282360370586365952
1282360248636932097
1282360110933774337
1282360002699653120
1282359764824006658
1282359555565981696
1282359504248733697
1282359387391221768
1282359122277683200
1282358921093697538
1282358605312856066
1282358573591343104
1282358321983492096
1282357838401110018
1282357583223939072
1282357530157625345
1282357503288803328
1282357131405074435
1282356523184906240
1282356476879810561
1282356262731218947
1282355856856817664
1282355812837580800
1282355811071778817
1282355808693481473
1282355807078821889
1282355800124661763
1282355605366341633
1282355521908088842
1282355516178563074
1282355282622976002
1282355223093227520
1282355090645557249
1282355004393664513
1282354954427129857
1282354425688985600
1282354088945111040
1282353935697743877
1282353865938145280
1282353823567224832
1282353669418164225
1282353371970703362
1282353341830500352
1282352901046898688
1282352738408554496
1282352696771608577
1282352639372656640
1282352310438502400
1282352267996340226
1282352260299751424
1282352147435315200
1282352090128560136
1282352042552459266
1282351818824208386
1282351806249676800
1282351502921740294
1282351499625091074
1282351476422172673
1282351302094331911
1282351272788733954
1282351232288534529
1282351220355629061
1282351160666578944
1282350905279512576
1282350763948244993
1282350635065761800
1282350580321652738
1282350573145280512
1282350398548787205
1282350387568279555
1282350271046262785
1282350049700306949
1282349625194708992
1282349476368318464
1282349268565721089
1282349205781192705
1282348932648112130
1282348843250716672
1282348609493663746
1282348394309201922
1282348211605315585
1282348119703855104
1282348117451513856
1282347746687684610
1282347553028288514
1282347512653914112
1282347278733381633
1282347185468841984
1282346961346101250
1282346688515055617
1282346365348007936
1282346271974592513
1282345824719196161
1282345728640245760
1282345318424760321
1282345310996529153
1282345245364060161
1282345244026195969
1282344861170106369
1282344545716404225
1282344228769718273
1282343968873865225
1282343955666022400
1282343778511183875
1282343440592904194
1282343361039478784
1282343359277924352
1282343053383147520
1282342799250268161
1282342651304595459
1282342603359424512
1282342389877809154
1282342172684161025
1282342072939417601
1282341922141605888
1282341762728628225
1282341711394607107
1282341548236185606
1282341524970364928
1282341355692400640
1282340608850432000
1282340563120005120
1282340266729443334
1282340205849083905
1282339967163867136
1282339892052267010
1282339693087141889
1282339336516702208
1282339175119847427
1282339059130671105
1282338772932268032
1282338757144961029
1282338708210016258
1282338671539163137
1282338509429276678
1282338301173805057
1282338023838035974
1282337881915351040
1282337765619912706
1282337569104113664
1282337286504448000
1282337163338711041
1282337105184722945
1282337030698147842
1282336826909503490
1282336788988809216
1282336524873412609
1282336485329469446
1282336251841060865
1282335935728889859
1282335200534560768
1282334811735166977
1282334725349281792
1282334716079869952
1282334701592641536
1282334670793969664
1282334432117108736
1282334339553009669
1282333996823859200
1282333896793829377
1282333786596945923
1282333467657875456
1282333423848300555
1282333081031057408
1282332973384302592
1282332892480364545
1282332816785670145
1282332816357953537
1282332757083877376
1282332751446839297
1282332721373753345
1282332561847525379
1282332437519925251
1282332408222818304
1282332365453512706
1282332310008934401
1282332302899650563
1282332238139535363
1282331791257407489
1282331706519883777
1282331032302354433
1282330789368213514
1282330328863051777
1282330313809682434
1282330273527599109
1282330233824317440
1282329981645881344
1282329511888027651
1282329410700484609
1282329352567508992
1282329312461574144
1282329243997937666
1282328970613202944
1282328822977900544
1282328800324460544
1282328702945288194
1282328699749228544
1282328637195395074
1282328497378271232
1282328262346182656
1282328220021530626
1282328169001951233
1282327579647672320
1282327568729935874
1282327447380414464
1282327390132240386
1282327243268792320
1282327040088256514
1282326865886224385
1282326691256373248
1282326631495938048
1282326453045133312
1282326424020549634
1282326163940085760
1282326111322603520
1282326037012111360
1282325990459478017
1282325924948697088
1282325884758822918
1282324966080499718
1282324710705987584
1282324584126193665
1282324245742268422
1282324113210695680
1282324069023723526
1282323514222051329
1282323496039862273
1282322918576476160
1282322917322362881
1282322759704555520
1282322531878395904
1282322173202518017
1282321230134226946
1282321010344235009
1282320766663561217
1282320733000138753
1282320717376294912
1282320316182781954
1282320241779974145
1282320208032669697
1282319978356789248
1282319788367327234
1282319769186840579
1282319518791081986
1282319306991308800
1282319095057321984
1282318653346779137
1282318581632569344
1282318457888006144
1282318195936944131
1282318071034793984
1282318056249851908
1282318007277162497
1282317828843085826
1282317803039739904
1282317553306664961
1282317341431418881
1282316901633470464
1282316478512062464
1282316326313353216
1282316276497551363
1282316206977024000
1282315998511718405
1282315993830891523
1282315935395840000
1282315862473613313
1282315827849592834
1282315729212235777
1282315615294885888
1282315575595802626
1282315230077431808
1282315183944339456
1282315162830151682
1282315054034157570
1282314848408408064
1282314756389511168
1282314654862184449
1282314639628546048
1282314578777518080
1282314400200884224
1282314308853039105
1282314043991166976
1282314021807497221
1282313780945465344
1282313766462304262
1282313207194030080
1282312901110501377
1282312866255769602
1282312479310319619
1282312446942863361
1282312409689067522
1282312111645917184
1282312037146808324
1282311833001644034
1282311802940985361
1282311612335099906
1282311544177659906
1282311296428453889
1282311277319278595
1282311117180743680
1282311077489971201
1282310949706305537
1282310771142209537
1282310740616110082
1282310245386248192
1282310124250501122
1282309990741614593
1282309937264316417
1282309924953915394
1282309805344985088
1282309708985114625
1282309306638045187
1282309095593304069
1282309031558774790
1282308727950004225
1282308527353147392
1282308304677539841
1282308205201301505
1282308100981248001
1282308072195719168
1282307964108406784
1282307961793261569
1282307698533502978
1282307510293102597
1282307292336214016
1282307124417179656
1282307068096131073
1282306943546253313
1282306732325208066
1282306328162185219
1282306266560442368
1282306261967667202
1282305471467184130
1282305389481140224
1282305359957446656
1282305298674397184
1282305127764963334
1282304564931297280
1282304486577524741
1282304096381407232
1282303978135527424
1282303686228807680
1282303521744879617
1282303354555817986
1282303117451759616
1282303038795939840
1282302597580324864
1282302450297450496
1282302231740547080
1282301963892400130
1282301618734739457
1282301458621308930
1282301412421046272
1282301317281648646
1282301240945385474
1282300766594752512
1282299966506119168
1282299544676569089
1282299503605932032
1282299429979136000
1282299403685027841
1282299334143488003
1282299300849102849
1282299013199540225
1282298901907865600
1282298863878057986
1282298831732957184
1282298723251490817
1282298559967014913
1282298513477586944
1282297820280696838
1282297685878493188
1282297381703372800
1282297196810047494
1282297118665986050
1282296613839437824
1282296513218203655
1282296455580057600
1282296427918561280
1282296110229454849
1282296081871704065
1282296004000264193
1282295967266623500
1282295907606822914
1282295696071294976
1282295522552958977
1282295226674151425
1282295166347378688
1282294951787794432
1282294775748550659
1282294433178845190
1282294331567673344
1282294224579371014
1282294122653667329
1282294060120711169
1282293647472459776
1282293105350377472
1282292994687803392
1282292793508012032
1282292637442224129
1282292554600513537
1282292424371470338
1282292381539356675
1282292360832061447
1282291872191283200
1282291640602894336
1282291378194722818
1282291232660754433
1282290979970654209
1282290842208808960
1282290591183908864
1282290353366761472
1282290295418347521
1282290076098211841
1282289982733012992
1282289933634482177
1282289872460447744
1282289773038772224
1282289411300962304
1282288745207795712
1282288657781661696
1282288519906566146
1282288324724625408
1282288285667282944
1282288129244835846
1282288121825107974
1282288076786728963
1282288041483214848
1282287980258959360
1282287722741346305
1282287706102534147
1282287500841680901
1282287341923717120
1282287018429550593
1282286886216765440
1282286596457406465
1282286573669830658
1282286560378081281
1282286540580945922
1282286509853413381
1282286396732891136
1282286042628812801
1282286041890725888
1282285883467747331
1282285876593266688
1282285728265838592
1282285632849686529
1282285441266454530
1282285388942450688
1282285374535020544
1282285234113871872
1282285159446974466
1282284959701622784
1282284897168773120
1282284861559058432
1282284853837344769
1282284787147902976
1282284779195572224
1282284759524225024
1282284461762113536
1282284066562289664
1282283580744503296
1282283578877935621
1282283335902011393
1282282299510468608
1282281726581055489
1282281537417994240
1282281420224892933
1282281404718551041
1282281140028678145
1282280418918768642
1282280199376207873
1282280070313390080
1282279876234444800
1282279841925136389
1282279469324087299
1282278846348382211
1282278288854048770
1282278151062724608
1282278069236105218
1282277855506857984
1282277421610409985
1282277419177717760
1282277417206382592
1282277414534619136
1282277411581722624
1282277408159289344
1282277407584669696
1282277394481664001
1282277389746212866
1282277378983690241
1282277363615752195
1282277096367312898
1282277091631824896
1282276717982343168
1282276321742249984
1282275845822976000
1282275776604377089
1282275066076692481
1282275021898100736
1282274835364827136
1282274763583500288
1282274119787192320
1282274088753520641
1282274084211118081
1282274034361806851
1282273826055892994
1282273778366636033
1282273546228695045
1282273418990227456
1282273362673360896
1282273347846504448
1282273288610353158
1282273257794789377
1282272514027196416
1282272222141349889
1282271982021677056
1282271104019632128
1282270906673442816
1282270846955008000
1282270651601113089
1282270582919311361
1282270436617854976
1282270399670243328
1282270393076678656
1282270347316928513
1282270076973064192
1282270032563666945
1282270023067869184
1282269712487976961
1282269676031139840
1282269637846216705
1282269291329576960
1282269046197686273
1282268991021617152
1282268785861447682
1282268775736315904
1282268602180173824
1282268528603799552
1282268405714780162
1282268249137324033
1282268211329806336
1282268052508246016
1282267846706429952
1282267804234907650
1282267700987940871
1282266712419831809
1282265951703048193
1282265947282210817
1282265865602334720
1282265776196648963
1282265630792658946
1282265624857714688
1282265602409803777
1282265359303823360
1282265121302118400
1282265005149298693
1282264863436345345
1282264693864910848
1282264392801951750
1282264233586184193
1282264019815079936
1282263552250781696
1282263486358343682
1282263407006285824
1282263318833569793
1282263130639302658
1282263082484535296
1282263028839391234
1282262864837971968
1282262861012762629
1282262763503525895
1282262358258319361
1282262290042150915
1282262283050156033
1282262056679477248
1282261867923111936
1282261848172175360
1282261497377427461
1282261410362384384
1282261348454412289
1282260730444689412
1282260636148400128
1282260238717128709
1282260197399035905
1282260076515000321
1282259945279434752
1282259766170079232
1282258960356171776
1282258835047157760
1282258622496604160
1282258568574570498
1282258514317135872
1282258053606395904
1282258044206931968
1282257905236967424
1282257897603371009
1282257870055186432
1282257694360064002
1282257538210308096
1282257485060018176
1282257119232905217
1282257115000836097
1282257107014897664
1282256885324886018
1282256758677876736
1282256451642286080
1282256417307725824
1282256239616045057
1282256023047344129
1282255927262011393
1282255916449042433
1282255739113943041
1282255707711188992
1282255591491227648
1282255486449057792
1282255270681415681
1282255119355174912
1282255004057899008
1282254639371554816
1282254580575870977
1282254519984959489
1282254497910263808
1282254355517841408
1282254297821073409
1282253920446877696
1282253867422556161
1282253742335758336
1282253704478040065
1282253692083855362
1282253557765476353
1282253538706546689
1282253503843491840
1282253470389731328
1282253309835907072
1282253132727308288
1282253021712453639
1282252835766362118
1282252653632851974
1282252439480082432
1282252197129052160
1282252184336371717
1282252001351471105
1282251995177517058
1282251778906562560
1282251402941739009
1282251049257107456
1282250924598198274
1282250898731864064
1282250886706868224
1282250552643133440
1282250356202901505
1282250293556674563
1282249917948452864
1282249880627544064
1282249859760783360
1282249691946725376
1282249541824249857
1282249540591063045
1282248979850420233
1282248674937012224
1282248587867557888
1282248520074960896
1282248213416812545
1282247573420605441
1282247540856037377
1282247227847696384
1282247216577609735
1282247173086818304
1282247125699629056
1282247038860697601
1282246907436445697
1282246807179993088
1282246670068129792
1282246641349726209
1282246581245349888
1282246404530995200
1282246214612930562
1282246173936492544
1282246117212803072
1282246066704994305
1282246018642452480
1282245988300861441
1282245970080813057
1282245894470066176
1282245749644894208
1282245483344408577
1282245146768297985
1282244858170740737
1282244451046490113
1282244402690351104
1282243672667496450
1282243615251664898
1282243562214756352
1282243523048280065
1282243521588666368
1282243331607736322
1282243180822507526
1282243148207489026
1282243066427039745
1282242996977700864
1282242996839370753
1282242973502246912
1282242822683406337
1282242652034027520
1282242622564728833
1282242604403437568
1282242535574966273
1282242490976931840
1282242400212180992
1282242248713871361
1282242214027026432
1282241919184240640
1282241764720553991
1282241681191051265
1282240791939813376
1282240546875019265
1282240117239840773
1282240026722611202
1282239661096697856
1282239497942503424
1282239367633940481
1282239330761703425
1282239198767046656
1282239165686599680
1282238790711607297
1282238781601579008
1282238691214327808
1282238679176687618
1282238203873955841
1282238153403899906
1282238109506318336
1282238006842339328
1282237957232119808
1282237921014222848
1282237895693209602
1282237572870221825
1282237522844819462
1282237456130158599
1282237257051770880
1282237226282299392
1282237115032633349
1282236827550781441
1282236668410552322
1282236621207638016
1282236589071007745
1282236569034924032
1282236561980043270
1282236553553678336
1282236552291246080
1282236516106940417
1282236510197227521
1282236493466144773
1282236489405992960
1282236437254078466
1282236357184761857
1282236314142879745
1282236297424392193
1282236279225307136
1282235943810928640
1282235913788166144
1282235842891853827
1282235671957176321
1282235580261249024
1282235564935307264
1282235564926828544
1282235520622395394
1282235518730801152
1282235495674765313
1282235479778381824
1282235280922206213
1282235214341840896
1282235186197991427
1282235181538201600
1282235095265562624
1282234931431841795
1282234838188204032
1282234836435046407
1282234835969478656
1282234805871149057
1282234805061591041
1282234789215469569
1282234459283234816
1282234099449630720
1282233866678394880
1282233493767036928
1282233464910225409
1282233351487840257
1282233249864065024
1282233177755529217
1282233041004359680
1282232921055797248
1282232901862662144
1282232831733837824
1282232681166757888
1282232583250739205
1282232430854844416
1282232402518179840
1282232261170036736
1282232248612335617
1282232106622615552
1282232081343492097
1282232012724736001
1282231943187304448
1282231509118791681
1282231463983960064
1282231460339101696
1282231238284247041
1282231173540982784
1282231104930492418
1282231014400700416
1282230891943780352
1282230883441836032
1282230862143258625
1282230831285768197
1282230784833794049
1282230542449225728
1282230164294901761
1282230054840401920
1282229902247366656
1282229788560838658
1282229784525889536
1282229713331683328
1282229687327043585
1282229601637474304
1282229544917884928
1282229302583492608
1282229191602253824
1282228783999852544
1282228775653117953
1282228736029532160
1282228674813726720
1282228533314629632
1282228234667663360
1282228077284806657
1282227708941008899
1282227319491395589
1282227219750846464
1282227154298777601
1282227113911779329
1282227081628266496
1282226881790644224
1282226725078929408
1282226714039517186
1282226585920315393
1282226533718007808
1282226357162967041
1282226355015491584
1282226214665621504
1282225840609165312
1282225702830563330
1282225249120133120
1282225160297340929
1282225037085421569
1282225013077225472
1282224909071130624
1282224564035112960
1282224505272795136
1282224276989509644
1282224094470168577
1282223420185415680
1282223410848894976
1282223182427168769
1282223006249635840
1282222947227389952
1282222933763596291
1282222670159982593
1282222508347973632
1282222271030075392
1282221887855132672
1282221835216662528
1282221786260791296
1282221544018714624
1282221538041892864
1282221144913960961
1282220975027892229
1282220744445960192
1282220740465561600
1282220572827688961
1282220445987753984
1282220361933901824
1282220348440752128
1282220339683102720
1282220337225228288
1282220117217222657
1282220109055045632
1282219986560462850
1282219785535856641
1282219691151327234
1282219533659496456
1282219353241509888
1282219243019423744
1282219030988849152
1282218840135553025
1282218373095591937
1282218202936877056
1282218164110204928
1282218086515576833
1282218038834728960
1282217986066186240
1282217927601729537
1282217709506375680
1282217404119093248
1282216640999030784
1282216105247997952
1282216020493688832
1282215841245868033
1282215487062126593
1282215478216228864
1282215200465326080
1282215089387589632
1282214723396739072
1282214361600331776
1282214210659901440
1282214207090499586
1282214136533987330
1282214110642438145
1282214096230907906
1282213609809084416
1282213421694541824
1282213302894985218
1282213012326187008
1282212859401863169
1282212746252242945
1282212716355223552
1282212589674561537
1282212031131721728
1282211870108192770
1282211856233435137
1282211581930147840
1282211474472153088
1282211259178463234
1282211223036207109
1282211139498246144
1282210981704278017
1282210882873970688
1282210873780641792
1282210722588569601
1282210225311879169
1282210212087201793
1282210108060164099
1282209955018309637
1282209877201477632
1282209835610759168
1282209825347207168
1282209521230913536
1282209309821153280
1282209060243243008
1282208458570371072
1282208233835376641
1282208220199686144
1282208110036299776
1282208091166179335
1282208013810630657
1282207996211277825
1282207440218587139
1282207325219151874
1282206674787368960
1282206625009475584
1282206575936057344
1282206542842998784
1282206472173215746
1282206435904978944
1282206227762749440
1282206195726589952
1282206143587246080
1282206066038706176
1282205878058442752
1282205727822688256
1282205572696289280
1282205351786549250
1282204956276260866
1282204731285200898
1282204604030226434
1282204594270089218
1282204483796303872
1282204290145308673
1282203898573463552
1282203864473702400
1282203757447716864
1282203634088976385
1282203406615150593
1282203309902888961
1282203236674555904
1282203000191234053
1282202705084198912
1282202568060534785
1282202384358354944
1282202244566450176
1282202058800730113
1282202057689182209
1282201882564460545
1282201023247986690
1282200761133412353
1282200289529995264
1282200048869298176
1282199922121609216
1282199718068662273
1282198690703212545
1282198176179597313
1282197853910245376
1282196925501050881
1282196867091238912
1282196494838378496
1282194754801995782
1282194337007382528
1282193396170461185
1282193255153766400
1282193081345941505
1282192883454545921
1282192581598863360
1282192513474994178
1282192095755882496
1282191619932983300
1282191596084232193
1282191444825059328
1282191426130976768
1282190999440236544
1282190816107257856
1282190143118508033
1282190052257300480
1282190025468317696
1282189946040852480
1282189925383917573
1282189870824394754
1282189823751655425
1282189352773263360
1282189289128955905
1282188442240155648
1282188296127418368
1282187536316731392
1282187151728414721
1282186626840526849
1282186595190427648
1282186447269830656
1282186235860209664
1282186056230752257
1282185912626171904
1282185795508547585
1282185473427898368
1282185455413362689
1282185228426129408
1282185223749406721
1282184666766876672
1282184364718268416
1282184233604259840
1282183799028297730
1282183682086797312
1282183265609297920
1282183147136917504
1282183006330007553
1282182875136307200
1282182629622796294
1282182554637021187
1282181170269237249
1282180958855352321
1282180650599145472
1282179979040759810
1282179722286379010
1282179666426699776
1282178814110572544
1282178645981908993
1282178581532160001
1282178352053460992
1282177743753551878
1282177655228555266
1282177519563808768
1282177134497325056
1282177109583110145
1282177101559484416
1282176190988550144
1282176170780434432
1282175724577861632
1282174171041148933
1282174028149653504
1282173823727611905
1282173350924746758
1282173251846889480
1282172738422091777
1282172710051872768
1282172547539374080
1282172545467285504
1282172115521867776
1282170853594148865
1282170217989312513
1282169780372410368
1282169754116149254
1282169200065130496
1282167896110751746
1282167418153046016
1282165902612496384
1282165490287288320
1282163698614915072
1282163441071992832
1282159101737304064
1282156197886427136
1282155905874833410
1282154244380950531
1282153980848734208
1282153807472988165
1282153525867433984
1282149701438124032
1282148547874390016
1282143333427666945
1282139016624852992
1282136409990668288
1282133263419691009
1282133077595127808
1282132998691811328
1282132553152040960
1282130507086680064
1282128587018113025
1282128482152189952
1282127519441985536
1282127146505375746
1282126431141625856
1282124709631598594
1282124159255023616
1282124055529893890
1282123786578546690
1282123753992880128
1282123444746936320
1282119524230275072
1282119224115290112
1282118352878657537
1282117847725027328
1282116885593632769
1282115219662213123
1282113978223796224
1282111255151599617
1282110017412497410
1282107863050203137
1282107309854949379
1282106918522228736
1282106744215408642
1282106571430952960
1282105531621093376
1282105454378852352
1282105191764983809
1282104974596612098
1282104947895668737
1282104721113784321
1282104442331058177
1282104429613907968
1282104142509613056
1282103737734123520
1282103255359791106
1282103249328377857
1282103178822135808
1282102858654068736
1282102461868761088
