1302758174634766343
1302757638309056518
1302757536504918023
1302756211054514178
1302756067093491712
1302756030154182658
1302755540049842176
1302755513852198914
1302755433510178816
1302754286158348288
1302754043735965696
1302753847459418112
1302753776953167872
1302753457619820544
1302752970736578561
1302752813320110080
1302752282107314177
1302752262511620096
1302752154147532800
1302751031395262464
1302750840344784897
1302750602439598082
1302750497699442688
1302750356447924226
1302750268161916932
1302749968407695362
1302749240654016512
1302749025184215040
1302748879499210752
1302748837971406849
1302748668798304260
1302748432571027462
1302748393010274310
1302748351650238466
1302748340241805313
1302748337343533056
1302748128416796674
1302748100285681669
1302748030936981505
1302747806600499200
1302747742947676162
1302747740242432001
1302747163248726018
1302747006314655744
1302746653556977664
1302746578780852224
1302746301231239168
1302746295946358787
1302746162093490180
1302746045332500483
1302745555685306375
1302745457895133185
1302745258195910656
1302745161487843328
1302745085562490884
1302745061654962177
1302745005832929280
1302744749137448962
1302744537614503936
1302744518350049280
1302744482056736768
1302744260349960192
1302743584492474374
1302743502187622406
1302743305474670592
1302743283974668288
1302743012255072256
1302742346312933376
1302742052833234944
1302742008096845824
1302741854480408576
1302740865052561409
1302740722626555905
1302740685087539200
1302740508641570816
1302740103119470592
1302739827306135553
1302739432982884354
1302739294277308417
1302739113901203458
1302738345378934784
1302738297027002369
1302738155792142337
1302737983641190405
1302737967082020866
1302737826145087488
1302737585408806912
1302737391107690499
1302737363014164487
1302737324053233669
1302736964270067712
1302736943323795456
1302736796137254912
1302736571045761024
1302736490301095936
1302736449016598528
1302736359090683907
1302736269030682625
1302736132011110401
1302736070841425920
1302736043297439745
1302735785767116801
1302735778666213376
1302735597849673729
1302735490471395328
1302735484305588224
1302735420917198848
1302735335294676992
1302735326830616582
1302735026698805249
1302734908075446272
1302734782254796800
1302734687627075590
1302734579028185099
1302734513982910464
1302734472085995521
1302734375893770240
1302734367350022145
1302734367131865089
1302734357552136192
1302734054140325889
1302733883411247106
1302733723486613510
1302733569064865792
1302733397912100874
1302733026267365377
1302732949448724480
1302732911947415552
1302732847933992960
1302732847036465153
1302732816099221504
1302732652764635138
1302732423877349376
1302732172462305283
1302731701538508801
1302731678557835264
1302731639160803331
1302731416124432389
1302731215691304960
1302731089186902018
1302731066076270592
1302730981045080068
1302730851780907011
1302730839160217607
1302730531763818496
1302730523584888835
1302730299508486150
1302730283440050181
1302730170319675392
1302729965537054720
1302729965184733185
1302729918900559880
1302729807403327488
1302729715535548418
1302729650406412297
1302729413562454017
1302729286739210241
1302729204375662601
1302728950779650048
1302728942038777856
1302728904222834689
1302728878599876615
1302728723351908358
1302728612114767875
1302728193116377091
1302728155195678727
1302728086828482560
1302728024023085056
1302728017077207040
1302727988778348547
1302727855504228353
1302727815268368384
1302727785761378304
1302727784729468930
1302727747303878656
1302727669977673728
1302727555028594688
1302727530932207617
1302727496698408961
1302727225456852992
1302726788586573826
1302726454199934982
1302726375175081988
1302726330186956801
1302726291783852034
1302726167707947011
1302726088720896000
1302725905383645189
1302725796797313024
1302725702173757441
1302725697815875584
1302725672608112640
1302725465900306432
1302725428633841665
1302725409872715780
1302725194742718464
1302725073242075136
1302724796346781699
1302724764952342528
1302724583729094659
1302724536207585281
1302724529102487553
1302724518675349508
1302724468071170050
1302724245265448961
1302724211178381318
1302724195927941121
1302724168736268289
1302724165263413249
1302723928876609538
1302723827160449025
1302723551032684545
1302723337513316352
1302723329770520579
1302723272321138688
1302723058562629632
1302722942690828288
1302722813246296065
1302722691200319488
1302722666319826945
1302722646266859526
1302722642991087616
1302722578285563904
1302722560417726466
1302722555871195137
1302722530764034051
1302722475818704901
1302722448236982273
1302722418818117634
1302722112407437312
1302721943653756931
1302721837818839040
1302721797738180609
1302721785935388672
1302721763156078592
1302721707711631361
1302721608239505411
1302721608138788867
1302721518825336834
1302721474093109249
1302721238540967936
1302721224469098498
1302721179514535938
1302720940279771136
1302720910760304641
1302720831433342978
1302720748394614787
1302720725074219009
1302720610011959296
1302720605381365761
1302720248521596928
1302720186794024960
1302720117134983169
1302720113217601538
1302720076769099778
1302719884854525952
1302719801308196864
1302719712229556226
1302719600778530818
1302719570172612609
1302719526736474118
1302719282657267714
1302719257667665920
1302719225925074945
1302719200360910857
1302719041648439301
1302719025487712256
1302719025420656640
1302718918373634050
1302718864661381120
1302718733698445312
1302718655365513217
1302718618191515649
1302718503183699973
1302718400918163456
1302718290222084103
1302718227907305473
1302718147716317184
1302718133623574531
1302718109913096193
1302718014140411908
1302717590293426178
1302717421585944577
1302717410110304260
1302717307035291650
1302717257957683204
1302717081172013056
1302717077472632832
1302717013031374849
1302716966499758080
1302716966130659332
1302716713696456710
1302716676211904513
1302716407227002883
1302716195058180096
1302716142230867970
1302716129044033536
1302716112329682946
1302716004246659072
1302715931077021696
1302715881135505409
1302715819990945792
1302715799560429570
1302715269152997376
1302715246461714437
1302715232083685376
1302715070343000066
1302715004681162753
1302714915661250560
1302714690640936962
1302714671716339712
1302714656713306112
1302714644784701440
1302714644180725765
1302714612933185540
1302714523107889154
1302714412319547395
1302714352630341632
1302714312365137920
1302714100733087746
1302713845144838146
1302713795643572226
1302713769987117059
1302713667075682304
1302713653972660224
1302713537375211527
1302713483339980800
1302713460904595457
1302713450473324552
1302713371612020737
1302713365337452545
1302713219480514563
1302713017503756288
1302713010096660480
1302712965125345282
1302712905310375936
1302712873811152897
1302712863249838080
1302712471644495872
1302712242832633856
1302712117712297994
1302711985864429569
1302711970710388740
1302711912409575425
1302711900166328320
1302711665016832000
1302711659065204738
1302711609371000838
1302711532942503942
1302711124736069633
1302710954673790980
1302710906078613512
1302710817713016833
1302710700826132481
1302710686326366210
1302710429584629767
1302710387280883715
1302710362266120197
1302710047168958464
1302709862456008705
1302709845452353539
1302709715454042113
1302709639084154880
1302709618108502018
1302709616724398080
1302709611305332739
1302709557085511682
1302709464961777664
1302709265610702848
1302709191799439362
1302709140465344514
1302709084932669442
1302708967307653120
1302708598624133121
1302708576218230785
1302708547881500673
1302708479220682754
1302708306704773120
1302708250283040770
1302708230473355265
1302708189331369986
1302708019193671680
1302708015343206408
1302707951992475651
1302707934917517319
1302707922682642434
1302707822367576064
1302707763873755138
1302707713965731840
1302707652577951748
1302707588346327040
1302707565537759233
1302707420800733184
1302707207587483649
1302707148288413696
1302707101446418432
1302706973692096514
1302706918759239680
1302706918650245121
1302706892121296904
1302706886186283015
1302706787150442497
1302706447202095104
1302706387798110211
1302706236773855233
1302706204469334022
1302706045932965888
1302706003524431873
1302705975284174849
1302705939678720002
1302705862503432194
1302705570965749760
1302705529417015297
1302705524362838018
1302705503584354305
1302705373875441665
1302705093456920578
1302705031112777745
1302705009386192898
1302704936615059456
1302704881237733392
1302704831933669376
1302704795392847872
1302704686454255622
1302704665734324226
1302704614421168130
1302704565205204997
1302704512126398467
1302704471697494016
1302704452244307969
1302704385697427457
1302704345658650626
1302704279841538051
1302704241866420228
1302704210446778370
1302704174753341441
1302704135637291008
1302704101982121985
1302704093287325696
1302704082281521152
1302704052996902919
1302704018561658880
1302704014858039297
1302703979877539841
1302703946373492738
1302703911216836610
1302703869009461248
1302703854056857601
1302703839167033348
1302703831348703232
1302703778764746752
1302703760267976708
1302703664952414214
1302703584107208705
1302703582697992201
1302703475218878471
1302703390439477249
1302703371254730752
1302703256297263105
1302703075568820225
1302702940168368131
1302702873151758336
1302702577579163650
1302702538932838402
1302702405402927106
1302702403880448002
1302702399879090178
1302702366106570754
1302702318396243969
1302702272854536194
1302702250507280387
1302702181401985026
1302702084819693576
1302702010987405312
1302701957002522624
1302701874462830594
1302701631432282114
1302701384794599425
1302701338476916748
1302701282168385536
1302701179772833794
1302701024482820096
1302700984049840131
1302700969621434369
1302700797713674240
1302700678779994113
1302700676938694672
1302700578934489088
1302700226793349121
1302700189191409666
1302700157419618304
1302699892050198529
1302699873729474573
1302699489061408769
1302699467498545154
1302699387873878019
1302699356089454592
1302699345012285443
1302699325139685376
1302699261201657859
1302699133074116610
1302699085783236609
1302699052853846018
1302698865393651712
1302698783671812099
1302698737530286081
1302698627630915585
1302698554755080193
1302698454771171328
1302698407891476480
1302698375096291330
1302698306041249795
1302698273208238080
1302698264182116353
1302698214227939328
1302698123026935810
1302698005234159618
1302697956777263104
1302697768394338305
1302697643924217857
1302697546696011779
1302697467096563712
1302697465095827463
1302697387635470337
1302697266017431556
1302697229254299656
1302697198333952002
1302697194911338497
1302697109884461056
1302697026048724996
1302696948277936128
1302696808028741634
1302696789896724482
1302696330805084162
1302696305941262336
1302696240631681024
1302696196239233027
1302696038424285184
1302695979918004225
1302695886120681478
1302695749298388992
1302695694944403456
1302695650224726016
1302695490681700352
1302695470574206978
1302695467491483652
1302695430975827969
1302695380707143682
1302695326541852673
1302695294358913024
1302695243037409280
1302695197101510661
1302695186158571520
1302695165996523520
1302695125898924033
1302695112032616450
1302695024400924673
1302694994260746241
1302694956084146177
1302694853290217472
1302694764995842055
1302694711652691969
1302694704652353546
1302694690848944128
1302694568249503744
1302694450754445315
1302694432119164929
1302694399600721920
1302694381112229893
1302694354058960897
1302694286253862917
1302694249767542784
1302694172638482432
1302694113322643458
1302694058893156354
1302693957823016966
1302693956816375809
1302693865552596992
1302693691514146819
1302693664599224320
1302693576674074625
1302693554926620675
1302693509095358464
1302693415063257092
1302693354661195776
1302693200956710912
1302693184506654720
1302693149970706435
1302693087056101379
1302693042785189890
1302693006781358080
1302692972023164928
1302692911461666819
1302692712546795525
1302692581202178048
1302692569135099905
1302692540769095680
1302692516895117312
1302692480572366849
1302692467922350081
1302692455662448641
1302692332022755333
1302692321805336577
1302692317451685890
1302692303744663552
1302692290293624835
1302692269737336833
1302692253559861256
1302692248203689984
1302692246693859329
1302692245943070722
1302692016577536003
1302691937623961602
1302691879620882433
1302691828286791681
1302691790122823680
1302691752244056066
1302691715686567936
1302691640868564999
1302691578260094976
1302691449365057536
1302691246297829380
1302691239813353473
1302691230443286529
1302691115712344064
1302691082711556096
1302690991107866629
1302690988507492352
1302690943808790529
1302690815211270145
1302690559186927617
1302690505856290818
1302690503096520708
1302690312284971013
1302690237676740610
1302690225374793730
1302690185482768385
1302690046852636675
1302689940250263561
1302689614596116483
1302689350015221762
1302689347137871874
1302689259602825216
1302689037619286017
1302689019990552580
1302688929150308354
1302688776955854849
1302688771067052033
1302688678561689615
1302688652724711426
1302688497921404932
1302688280954241025
1302688083373101056
1302687996341354501
1302687828544049152
1302687814945996801
1302687295477288960
1302687284853190656
1302687176480755713
1302687018355511297
1302686669477478400
1302686507380203523
1302686427931709443
1302686357563867137
1302686306192031747
1302686270578098177
1302686185719058434
1302686183751856128
1302686169130508288
1302686075899580416
1302686046556221441
1302685908693585928
1302685856797528065
1302685832390873091
1302685719706701824
1302685714954571776
1302685527276244997
1302685487669350402
1302685477116481537
1302685366349070336
1302685342710067200
1302685272186986497
1302685143094759426
1302685140968185859
1302685089785090056
1302685039923265537
1302685031127801856
1302685012681207810
1302684992095559681
1302684973242212354
1302684943517134853
1302684815863558144
1302684780455133185
1302684747571879937
1302684743138447361
1302684735706103808
1302684721881780225
1302684702994829312
1302684683541663745
1302684639480471552
1302684512179154947
1302684461327437825
1302684376526999552
1302684199590264833
1302684149606744064
1302683994530680832
1302683976591704065
1302683949802704897
1302683889371090946
1302683706491047936
1302683513838358531
1302683463410159618
1302683421400084482
1302683365850648577
1302683358187618304
1302683321542094850
1302683278894399490
1302683254676488192
1302683242093572099
1302683206001537024
1302683205171130381
1302683152834531334
1302683095821414403
1302683004935065600
1302682925054537731
1302682765436112903
1302682755185205248
1302682702190125068
1302682640735186949
1302682381976055814
1302682339810652163
1302682258608922624
1302681898397978625
1302681893175992325
1302681867230027777
1302681861110607879
1302681660194947072
1302681616385486849
1302681224775860224
1302681224192970755
1302681223530246149
1302681222921977857
1302681222372524039
1302681221793710081
1302681221244346374
1302681220661338112
1302681220078239744
1302681219281358848
1302681167393697792
1302681150188552192
1302681147890192387
1302681124125237248
1302681042642440192
1302681032232181762
1302680846558801920
1302680644766621696
1302680378646376449
1302680359247785996
1302680314943283200
1302680291090345995
1302680222337323009
1302679965826273280
1302679941591576587
1302679940782075909
1302679892534988804
1302679738654371841
1302679732350263297
1302679710443466754
1302679640654348289
1302679632269934593
1302679604713402368
1302679525176811524
1302679521372639233
1302679513890017285
1302679459766718464
1302679454431490048
1302679414711496709
1302679385997180929
1302679373783408644
1302679178270199808
1302679100595863560
1302679060074688514
1302679046409662465
1302679045646233601
1302679033868619777
1302679032253820930
1302678993506914304
1302678983046201350
1302678971885199360
1302678965262389251
1302678928071577600
1302678885713182723
1302678861449244673
1302678849688424450
1302678837025796096
1302678826540052482
1302678785804980235
1302678756172201986
1302678633589420034
1302678556498178050
1302678543999082497
1302678386209435648
1302678290826702850
1302678285139222528
1302678285118304261
1302678245255639040
1302678215182475265
1302678114762448896
1302678093665054720
1302678087885369349
1302678081954512898
1302678052745420800
1302678033992757248
1302678020973568001
1302678019304312833
1302678012299796480
1302677972579745793
1302677903558217728
1302677888060227585
1302677882200895488
1302677858813386752
1302677678496133122
1302677667091755008
1302677662369042441
1302677629447868419
1302677394319388674
1302677392713023490
1302677390720667648
1302677299041624064
1302677218150297601
1302677206724939777
1302677126668263424
1302677050193575944
1302677018635624456
1302677006266626048
1302676957629472769
1302676943909859329
1302676940827103232
1302676901715206149
1302676670676185089
1302676662698549249
1302676600111140865
1302676558780534784
1302676472017170433
1302676446050242560
1302676442489253889
1302676375460024320
1302676360960376840
1302676284888285184
1302676280136040448
1302676272863158272
1302676248515293186
1302676242626416644
1302676200712790018
1302676194035367936
1302676104675762178
1302676063143841800
1302676026439479296
1302675818989133824
1302675779948609547
1302675729335844864
1302675716732055553
1302675714957815810
1302675689653645312
1302675536582504453
1302675471394627591
1302675441828929537
1302675400531873796
1302675166166646786
1302675151809585156
1302675074672099328
1302674929133981696
1302674895655051265
1302674857444941825
1302674795675496456
1302674684429950977
1302674672715280389
1302674664406290434
1302674554528108552
1302674476283420674
1302674369207054338
1302674282527498241
1302674256891981826
1302674224348385280
1302674069595267072
1302674043125063680
1302673996010332161
1302673987126915073
1302673834684739584
1302673784416210944
1302673678400917505
1302673677826260993
1302673669911609344
1302673601963995137
1302673532988665860
1302673511601909762
1302673282773258240
1302673217086255106
1302673209679130624
1302673177575907331
1302673019727421440
1302672699710472194
1302672582701920257
1302672571465379843
1302672562456068101
1302672560354623488
1302672519644708864
1302672227796688897
1302672191608311808
1302671965581438977
1302671862229544960
1302671860396625921
1302671834207465478
1302671620809646080
1302671572751314945
1302671545870024704
1302671504241553411
1302671464940924929
1302671432506396673
1302671402533818374
1302671317322301440
1302671249450176512
1302671164574257156
1302671155015413761
1302671072278597632
1302671064686891009
1302670939717537794
1302670875012083719
1302670841482747904
1302670802035277824
1302670782515032066
1302670749770092546
1302670709110517760
1302670698163437568
1302670693289648129
1302670678001438720
1302670643939479553
1302670585131040768
1302670496383762436
1302670381757673473
1302670321649102848
1302670318742446080
1302670195090219009
1302670143332536320
1302670116388298752
1302670041129906176
1302670024084160514
1302669992203366400
1302669958867025921
1302669664686800897
1302669515990405121
1302669488857456640
1302669356556587008
1302669329801019393
1302669151664832512
1302669128910680072
1302668882315010049
1302668806502875136
1302668634737704966
1302668248299835393
1302668107559964679
1302668106758795264
1302668094758944768
1302668016363208708
1302667977813352449
1302667891721068544
1302667868685905920
1302667842698072065
1302667818677284865
1302667805872009217
1302667635717439488
1302667631422562312
1302667448756305920
1302667378342408194
1302667220204519425
1302667214936563712
1302667004416008193
1302666798572204032
1302666722919489540
1302666695815856128
1302666640467820545
1302666588458450945
1302666497098158080
1302666329607098368
1302666137386332161
1302666052623572992
1302665915541196803
1302665880896233474
1302665858599342086
1302665750432354305
1302665734586335234
1302665719176409088
1302665550519205888
1302665524900438019
1302665515400298498
1302665486673551361
1302665420546203656
1302665368079609858
1302665359728816128
1302665304024264706
1302665149166354433
1302665132066123778
1302664992999772160
1302664988688035840
1302664862263373829
1302664843254730757
1302664790595301384
1302664717304057863
1302664656285315074
1302664624333086722
1302664588723396614
1302664503985922048
1302664456913256453
1302664430224842752
1302664416517906437
1302664349673193473
1302664284674109441
1302664282581217282
1302664121276653568
1302664110186860545
1302664108316274688
1302663989017665536
1302663979890868225
1302663915395055617
1302663788030758913
1302663769793998849
1302663731927830528
1302663653934669825
1302663631130198017
1302663531192610817
1302663522363596802
1302663512850870283
1302663500876124160
1302663493615837185
1302663492827217920
1302663464905834498
1302663388225511425
1302663354096513031
1302663346706145281
1302663336216190978
1302663315190145026
1302663152430125057
1302663143848542208
1302663143194230784
1302663142644871168
1302663142015672324
1302663141441056768
1302663140803579904
1302663140249874432
1302663131563515907
1302663130124873731
1302663082213339143
1302663056795881473
1302662899836555264
1302662844283060224
1302662843276423168
1302662750661943296
1302662727450734599
1302662714108641280
1302662608139497481
1302662595674091521
1302662539084431361
1302662478967508992
1302662344141664261
1302662229687521280
1302662156580786182
1302662084510068736
1302662026523815941
1302661984668839936
1302661915060187139
1302661912350646274
1302661895774707712
1302661886991884288
1302661844612583424
1302661834982465543
1302661811850878977
1302661811267948547
1302661810378756096
1302661719744024576
1302661689092046848
1302661551162261507
1302661460280176640
1302661441279926274
1302661300909113345
1302661270198530052
1302661233414414340
1302661199671291905
1302661195107897344
1302661159494049794
1302661096772378624
1302661007739887623
1302660944317886464
1302660912978034688
1302660904736223237
1302660882313420800
1302660853389500416
1302660640809586689
1302660623210287105
1302660610816081920
1302660595322421248
1302660542566461440
1302660533510975489
1302660530671431682
1302660523767533568
1302660480960532481
1302660446554554369
1302660353763966977
1302660333627011076
1302660322281639939
1302660239909695488
1302660074738003968
1302659995813769216
1302659908807077890
1302659878297767937
1302659826816868357
1302659819749466113
1302659809020383235
1302659755165593603
1302659742435868677
1302659683795251200
1302659509060538368
1302659498042105861
1302659447089659905
1302659246224478209
1302659231628374017
1302659143128551426
1302659055664738304
1302658996931829760
1302658941630009345
1302658871480254465
1302658742606061575
1302658721798070278
1302658637404479490
1302658598569472001
1302658560892043264
1302658549802299392
1302658442599989250
1302658180577669120
1302658168410038273
1302658003821383680
1302657916051357696
1302657861739335681
1302657754386042881
1302657750233747463
1302657726498123777
1302657618448658432
1302657568075132930
1302657270787047425
1302657256295747587
1302657247290552326
1302657208019283968
1302656763414679554
1302656730892042242
1302656718053224448
1302656611127824387
1302656530303594496
1302656497952919555
1302656375634440193
1302656357733150721
1302656339055960065
1302656168637202445
1302656091592044547
1302656070356283393
1302656020397817858
1302655976122843138
1302655778348830722
1302655661856165894
1302655454120742912
1302655365419544577
1302655325867212802
1302655299459919872
1302655267608420352
1302655241763119106
1302655212868562945
1302655123567640576
1302655106001833988
1302655067166773248
1302654919359463424
1302654782952349696
1302654778120568838
1302654746533203968
1302654580770172930
1302654551032553474
1302654533353472001
1302654531331915776
1302654472116551681
1302654320509411329
1302654285524721664
1302654244298915846
1302653871756640256
1302653760477556737
1302653758070034434
1302653756690124800
1302653680500510726
1302653650976768002
1302653569422721024
1302653507258941440
1302653462828720130
1302653353256726531
1302653261204336642
1302653078986948615
1302652948946747393
1302652887412150272
1302652865958346756
1302652751701323776
1302652672982515714
1302652633572937729
1302652583492943873
1302652543386955780
1302652362163712005
1302652277543571457
1302652228470276096
1302652170953687040
1302651771328835605
1302651686574600195
1302651588146868231
1302651574129393664
1302651549961904130
1302651514603929601
1302651412908847109
1302651293656403968
1302651249209344000
1302651212630761472
1302651118149865473
1302651111439052800
1302651083920211968
1302651063921672195
1302651058867634176
1302651055029747713
1302650981805686786
1302650981298122758
1302650946607087618
1302650910556983296
1302650877665333255
1302650846660964352
1302650715500949504
1302650649453170694
1302650593828372480
1302650547712012288
1302650517131341827
1302650444137861121
1302650356065804291
1302650291070947328
1302650216328441856
1302650195981873153
1302650161215221761
1302650093158440960
1302650038947131398
1302650025965740034
1302650024862593025
1302649975143387137
1302649923196932097
1302649917039611906
1302649795450998785
1302649724491661312
1302649659073142785
1302649619697070080
1302649523739779081
1302649514118000640
1302649412758507521
1302649164828995584
1302649104581955584
1302649063071010817
1302649024214859777
1302649023363313664
1302648954069409793
1302648944594386945
1302648886637604867
1302648851829084160
1302648674015641609
1302648654885466113
1302648571519528960
1302648470952607748
1302648439285612545
1302648412190445568
1302648391562739712
1302648326446297089
1302648294745812993
1302648274743107584
1302648243038359554
1302648241289396225
1302648167658409985
1302648161601761282
1302648147991240704
1302648082685886465
1302648018089447427
1302647968047267841
1302647790229762048
1302647753462476814
1302647624428851201
1302647611829125128
1302647593827291138
1302647352105349120
1302647211889696772
1302647194894426114
1302647175759966210
1302647038144847873
1302646911678271489
1302646873732378624
1302646848679804928
1302646814294843393
1302646790567727104
1302646756149264387
1302646724629090308
1302646621373632512
1302646572942061575
1302646572765900801
1302646380624777219
1302646375184826370
1302646368243200004
1302646366825574401
1302646361620467712
1302646056769982466
1302645970866499584
1302645674664755202
1302645431265120262
1302645396540395521
1302645122606280704
1302645093254520832
1302645045829472257
1302645007124508674
1302644993883082753
1302644664667959301
1302644629754589185
1302644466172469252
1302644247175323648
1302644227814326274
1302644167919702017
1302644141738917888
1302644086810304512
1302644000562778112
1302643975044595714
1302643940039053313
1302643900440612864
1302643822963326977
1302643764557742081
1302643761860743168
1302643718772662272
1302643674149462026
1302643655468093441
1302643635142483968
1302643634471350272
1302643595770564609
1302643497900617734
1302643430791806976
1302643408809455616
1302643269432676352
1302643246045245440
1302643201107427329
1302643199853441024
1302643173970178049
1302643150960447489
1302642987843883009
1302642832197529601
1302642816837988359
1302642786848645120
1302642754602897409
1302642748269436930
1302642696322985985
1302642683333181441
1302642522192326657
1302642486821740549
1302642387395784709
1302642322472042499
1302642297222377473
1302642242482573314
1302642212547768321
1302641841532293121
1302641790181429249
1302641762176053248
1302641665547567104
1302641616239374336
1302641406239035392
1302641382692130816
1302641354380582914
1302641286961393664
1302641259840974849
1302641244225646594
1302641202446168066
1302641200529313793
1302641181470359552
1302641099735994375
1302641074280828928
1302641059919532034
1302640982484189186
1302640980839989248
1302640934581137424
1302640865429655555
1302640852444078080
1302640799981674496
1302640759955480580
1302640704204812289
1302640702241812480
1302640628124311552
1302640623699275777
1302640534037712896
1302640463535628288
1302640462851833856
1302640420388823041
1302640376088539137
1302640204616994822
1302640195607592960
1302640102259261444
1302640102162731014
1302640027885862915
1302640005815455745
1302639967693348867
1302639840870137858
1302639738625683456
1302639704903421954
1302639645898018818
1302639603678093315
1302639552734072837
1302639542047059968
1302639497323180035
1302639494403850241
1302639490893254658
1302639488439586817
1302639407137280002
1302639377127014400
1302639367622742019
1302639339181088768
1302639335909531654
1302639302950760449
1302639248181469189
1302639210373853184
1302639208964788231
1302639206964097029
1302639193403863043
1302639186609164288
1302639185606696968
1302639185099141121
1302639181034860547
1302639179294220288
1302639068602396673
1302639058447933440
1302639050487070721
1302638989502021633
1302638941166809088
1302638851811409920
1302638846946013184
1302638829904502786
1302638827425722374
1302638781263237121
1302638695686774785
1302638655417262082
1302638598580207618
1302638571472510976
1302638565525008389
1302638555370582019
1302638540514361346
1302638470607908864
1302638436101259266
1302638344023814144
1302638286150696960
1302638264097087489
1302638166944493568
1302638043447336961
1302638028926615552
1302637999075790850
1302637987377958915
1302637822625619968
1302637819748388865
1302637806733402112
1302637759337762817
1302637717658972161
1302637684310114305
1302637644061577216
1302637544325165057
1302637512993787904
1302637380957069312
1302637312728334342
1302637240749903872
1302637038559203337
1302637016392388609
1302636764654440448
1302636705263038467
1302636630231130112
1302636552342958080
1302636487675125761
1302636278266105856
1302636271840313346
1302636258603216896
1302636159164723200
1302636108031971330
1302636067015864322
1302636057922543617
1302636044785942529
1302635929526558720
1302635846433210368
1302635831782449157
1302635790409830401
1302635788593696776
1302635766980521989
1302635741474889728
1302635733434470403
1302635716829118465
1302635704309239809
1302635702283366403
1302635620574072833
1302635603318763522
1302635579444785158
1302635472448040962
1302635323923496961
1302635182319689728
1302635138480844802
1302635028350930944
1302634974743613440
1302634942820765698
1302634941432430594
1302634882049466368
1302634834339168262
1302634808770727938
1302634804580671488
1302634618575884288
1302634610044567552
1302634606123012096
1302634498174091265
1302634486056857603
1302634462929354753
1302634175909048320
1302634113170649089
1302634075107340289
1302633967393398785
1302633702011351041
1302633658453499904
1302633605353664512
1302633604212838400
1302633584650579975
1302633542065836034
1302633423543173120
1302633368060923904
1302633297336586240
1302633009452060672
1302632777452576771
1302632775233798144
1302632733118664705
1302632674918649857
1302632550653984768
1302632414909476864
1302632407435284486
1302632301566799885
1302632248101998592
1302632154149654528
1302632074969522176
1302631966328659968
1302631955880701956
1302631925144793090
1302631645690974208
1302631620927782921
1302631520193126401
1302631458918498311
1302631245315178503
1302631155095592961
1302631126591307776
1302631106303361026
1302630963160264706
1302630868507295746
1302630758314639360
1302630564193861633
1302630548305842178
1302630500687904768
1302630441397215232
1302630441178943489
1302630381238325250
1302630108197421056
1302630013024579588
1302629940567867397
1302629895458230273
1302629785621983233
1302629776390316034
1302629721000341505
1302629687940845571
1302629334574862336
1302629327985672193
1302629305785163778
1302629218266820608
1302629052117913600
1302629029279866887
1302629021650481152
1302628849730154497
1302628765537832960
1302628735586316289
1302628597979635712
1302628551074643971
1302628479335362560
1302628409084792832
1302628399035420673
1302628355376902144
1302628221083693057
1302628205321498624
1302628187575287817
1302628159872012288
1302628085511188480
1302628059279953921
1302628052019687424
1302628037989675011
1302628005571899393
1302627940488839168
1302627777322119168
1302627567837548549
1302627560266895360
1302627500619595777
1302627497650126848
1302627374534713345
1302627163980673024
1302627134377205762
1302627106061508609
1302627028571693057
1302626956941430784
1302626874250625024
1302626814930694146
1302626802259689474
1302626773620924416
1302626754205552644
1302626684303269891
1302626558499328000
1302626531244638212
1302626502253645827
1302626482951524352
1302626482024574980
1302626451724931072
1302626437678223360
1302626410583019523
1302626374327439363
1302626350478524419
1302626331528695811
1302626318190866433
1302626297290555392
1302626283772350465
1302626132987129856
1302626048476098561
1302625970671812608
1302625943194947585
1302625928409952262
1302625918041681923
1302625822797430789
1302625766539132928
1302625685127802881
1302625670154145798
1302625601925382150
1302625521394765827
1302625484333867009
1302625426372734976
1302625314279952384
1302625307413876736
1302625305010601984
1302625274195070976
1302625273624526848
1302625005038112769
1302624984796409856
1302624857985777666
1302624857520304129
1302624824670511104
1302624800150614017
1302624735981903873
1302624715845103616
1302624675642646528
1302624649767989248
1302624554536382464
1302624485972074497
1302624454481244161
1302624335719469057
1302624314781564929
1302624194262376450
1302624164419903489
1302623922194722817
1302623906839302144
1302623889151987714
1302623729994862594
1302623709052665856
1302623690014818305
1302623622197018625
1302623598998364166
1302623531432321025
1302623475199336449
1302623447210700807
1302623431805071362
1302623365212131330
1302623357519659008
1302623340973166594
1302623321524252674
1302623187457503234
1302623168960647172
1302623153957543938
1302623059510276096
1302623040740753408
1302622932489961472
1302622925087035393
1302622842496913409
1302622812033744896
1302622763564310530
1302622698842075137
1302622669905502210
1302622619410337798
1302622292149755905
1302622279445209088
1302622265440378880
1302622234914291714
1302622205386383360
1302622108372078597
1302621986896609280
1302621891144937472
1302621837323653127
1302621822274482178
1302621746160377856
1302621709154095106
1302621678439215104
1302621670998499329
1302621669232726016
1302621668641308675
1302621648164737024
1302621520984973313
1302621515893157890
1302621502408478720
1302621471471214592
1302621470900867073
1302621365510582272
1302621360523485192
1302621265182720001
1302621216080113669
1302621180336189442
1302621178209742849
1302621167199674376
1302621114024243200
1302621014338269184
1302621009791647749
1302620905068212226
1302620886894342145
1302620789787832321
1302620785979215875
1302620771492286464
1302620766148726784
1302620622250541061
1302620611966103552
1302620591036551168
1302620565497425920
1302620542655135745
1302620407212769280
1302620383007432704
1302620312589275136
1302620278493765633
1302620247246213123
1302620204002930691
1302619966026518528
1302619796308209664
1302619623779598337
1302619621153964032
1302619533023285250
1302619440719298561
1302619421912043522
1302619410415472640
1302619343876952066
1302619319034146824
1302619261366665216
1302619177342193664
1302619145041833985
1302618993455497219
1302618920701046785
1302618897678512128
1302618783941525504
1302618743793737730
1302618619197652992
1302618568945733634
1302618522959458305
1302618500620525571
1302618486150135808
1302618126450864128
1302618005235552257
1302617937224884225
1302617837463314435
1302617687865131008
1302617653312454661
1302617576703438855
1302617545745326081
1302617467949322241
1302617415466057728
1302617414895628288
1302617388471459840
1302617368632451073
1302617308830068737
1302617207734767623
1302617198557626368
1302617134980366336
1302617085655371777
1302616999613394946
1302616989794471936
1302616915295248384
1302616814350938113
1302616643961528321
1302616635749085185
1302616614957977606
1302616609316630532
1302616594791706624
1302616564705918977
1302616526617444352
1302616462750896128
1302616369683460097
1302616359088590850
1302616050132021249
1302615818379890688
1302615691330293761
1302615685705728000
1302615685512785920
1302615658744754176
1302615623437103104
1302615582756532224
1302615398102323202
1302615303067664384
1302615221937332228
1302615169256886273
1302615080576708609
1302615057491255296
1302615049094213633
1302615031390109697
1302614855158059013
1302614854281449472
1302614794738913285
1302614536822947840
1302614465414864898
1302614459484119040
1302614373622583299
1302614353217232896
1302614331129987072
1302614327430705152
1302614202427805696
1302614149386702848
1302614058370240515
1302614008411942912
1302613961075052544
1302613940120227840
1302613799116197888
1302613721395625991
1302613636662390785
1302613631872512000
1302613629016170496
1302613624779943936
1302613619105038336
1302613544295444482
1302613524368289793
1302613497386237955
1302613388229574656
1302613260894699522
1302613132104392704
1302613121476026368
1302613084972953600
1302612900704649217
1302612770169540609
1302612744617762816
1302612734408830977
1302612677001437184
1302612608244240387
1302612512899313664
1302612469580468227
1302612465931505668
1302612280560029697
1302612137534201858
1302612047419539457
1302611971725025281
1302611962019414017
1302611757186383874
1302611713645252611
1302611578504830976
1302611431469314048
1302611423307149315
1302611327056252933
1302611292025483265
1302611271775379456
1302611208302886913
1302611193090248709
1302611191215292418
1302611188266696706
1302611084315160577
1302610936172249090
1302610910553477126
1302610788042055681
1302610729334444036
1302610293005135874
1302610273686228993
1302610143524380672
1302610131629289474
1302610130656276485
1302609898572783616
1302609877718773763
1302609783871209475
1302609685325938689
1302609555738722306
1302609539121008644
1302609433155993601
1302609351018975236
1302609276817600512
1302609241216294912
1302609138879520770
1302609058709622789
1302608944775430144
1302608905109991426
1302608865662570497
1302608809874128897
1302608652008742912
1302608604600598530
1302608584136564736
1302608488468750337
1302608380746440704
1302608181781299201
1302608110297772032
1302608046888288257
1302608026952761350
1302607870169673730
1302607860552151040
1302607798585393152
1302607728041435138
1302607661909803008
1302607656008417282
1302607597682520064
1302607557899489282
1302607550702063617
1302607486239866880
1302607480548139008
1302607414546530305
1302607076980666368
1302607067623157761
1302607060601888772
1302607017757073408
1302606927495671808
1302606820620619779
1302606816380104705
1302606801855184896
1302606782905430017
1302606744191893504
1302606567360077824
1302606560514973698
1302606541560872960
1302606510640582657
1302606486863056902
1302606454667571201
1302606427530424321
1302606356315340800
1302606329006166018
1302606326984564747
1302606313944420352
1302606289105760257
1302606233933840385
1302606049258729472
1302606044141674499
1302606024910811137
1302605985123631105
1302605889875185664
1302605888528748545
1302605859873267714
1302605830802608130
1302605775261622280
1302605761630085120
1302605726964219909
1302605620445577216
1302605570705416192
1302605549742297088
1302605505714704384
1302605467294863361
1302605282518990849
1302605252936564742
1302605143741992960
1302605125148717056
1302605037248577539
1302604993225281537
1302604986224959489
1302604944118349828
1302604923952140288
1302604904347959296
1302604879186329600
1302604826661064704
1302604815277715456
1302604797586145281
1302604796478787584
1302604750802874368
1302604747896225792
1302604580610543617
1302604571831926784
1302604532409602048
1302604511404593160
1302604324166676481
1302604260144746497
1302604249927430145
1302604201680404482
1302604169623339009
1302604151046709249
1302604084097290240
1302604044716957698
1302604017852391424
1302603970473582592
1302603826449571841
1302603767381209090
1302603678910738433
1302603562309087232
1302603531627749376
1302603523343998976
1302603481338052611
1302603470424420358
1302603463554203650
1302603313045794822
1302603260285595649
1302603239905538052
1302603212168585217
1302603202714636288
1302603155176394759
1302603145344946176
1302603135064694787
1302603119717756928
1302603118295814145
1302603024351854593
1302603024112779264
1302602961424723968
1302602892227088385
1302602726061355008
1302602501850574853
1302602495710167040
1302602420145582081
1302602381293740032
1302602301278957568
1302602274951385097
1302602218798022657
1302602196941443074
1302602189559431168
1302602133674635264
1302602129316683776
1302602021833506817
1302601985988984833
1302601661433643010
1302601657818247169
1302601654827732994
1302601650020978688
1302601649140236288
1302601606823899137
1302601589530726400
1302601525123055618
1302601242921893888
1302601222625660928
1302600998775590912
1302600902482817025
1302600858954354689
1302600795133751296
1302600784840978434
1302600777849069569
1302600768135090176
1302600654175776769
1302600626560536576
1302600502308474880
1302600456724770817
1302600438257274882
1302600350915063809
1302600257235300353
1302600207696384008
1302600192592621571
1302600157083693058
1302600139643719680
1302599982948773889
1302599941202812929
1302599898395803648
1302599817210875904
1302599788442120196
1302599692967059456
1302599592438099968
1302599581176344577
1302599541049495552
1302599500645761024
1302599491791577091
1302599405242126339
1302599397298130952
1302599207493214209
1302599195661082626
1302599089532686336
1302599088970567681
1302599088408604672
1302599087523590146
1302599076530315264
1302599061627973634
1302599053021270016
1302599023354933248
1302598937577218048
1302598867180019712
1302598831046119425
1302598695859490818
1302598687596580864
1302598641631232000
1302598588812451843
1302598541345517571
1302598539441299456
1302598511423295488
1302598477927645184
1302598444557766668
1302598384071647234
1302598373451730946
1302598367453884416
1302598248365002752
1302598184397463552
1302598121730514944
1302597933435686912
1302597882466492416
1302597825029697540
1302597812417421315
1302597799431811073
1302597798513307653
1302597797783371781
1302597796806176770
1302597796248399874
1302597795677908994
1302597794990034949
1302597793643737088
1302597793090076672
1302597792288911361
1302597786857242624
1302597743127523330
1302597689536917505
1302597574935928834
1302597564727013376
1302597440248393728
1302597439304728576
1302597389065256962
1302597387450544128
1302597343544565762
1302597331876032512
1302597301689556998
1302596982662410240
1302596796863205377
1302596745390698497
1302596727661301760
1302596581854769154
1302596472475734019
1302596454935134209
1302596436283006976
1302596409447919616
1302596379165036544
1302596366129135616
1302596222474244098
1302596221140439040
1302596206271623172
1302596202886766592
1302596167172337664
1302596127334846465
1302596099304284161
1302596013417525251
1302595904332017664
1302595862879711232
1302595647242207232
1302595602606243840
1302595570381529089
1302595557182013441
1302595467654684673
1302595400545775619
1302595359064182786
1302595317116866561
1302595303913250817
1302595193745616898
1302595176494440448
1302595175026393089
1302595084152692737
1302595029148590083
1302594993887076352
1302594982046560256
1302594968461152258
1302594948794060801
1302594795924267010
1302594785899880448
1302594664428601352
1302594652332331009
1302594629796327427
1302594591321972741
1302594590676058122
1302594516348796934
1302594509071622144
1302594470194614274
1302594319417847810
1302594261024727040
1302594231702294535
1302594209438892032
1302594173099544576
1302594048277045249
1302594007164481536
1302593853405495297
1302593829762146304
1302593784232935425
1302593760451276802
1302593587541086208
1302593565927919618
1302593477923016704
1302593435329798144
1302593411380383745
1302593410147053568
1302593313250390018
1302593295726632960
1302593143418884096
1302593059943788545
1302593037219106817
1302592857786716161
1302592790858272769
1302592767575707649
1302592646544797697
1302592562910330880
1302592533592256513
1302592492903297024
1302592466835578885
1302592386124537856
1302592363425038338
1302592327215730691
1302592248547344384
1302592233770823680
1302592212270628864
1302592206935658497
1302592140439101443
1302592127692607488
1302592051205279744
1302591928417034240
1302591820812226563
1302591785936584704
1302591783101227008
1302591781847076866
1302591652197019649
1302591595888488448
1302591532105596928
1302591440682450952
1302591415634087937
1302591394377326593
1302591330678341632
1302591309706858498
1302591229088141314
1302591177422757888
1302591070115713027
1302591021977657344
1302590920722968576
1302590755689693188
1302590702845603840
1302590656402132995
1302590648835506176
1302590621585113088
1302590580715917313
1302590497916178432
1302590471055777792
1302590451212603393
1302590381641564160
1302590338062864384
1302590311835856896
1302590307213639681
1302590259117555714
1302590200854523906
1302590188934361088
1302590150678020096
1302590104813404165
1302590078041182209
1302590026052767744
1302590023267688449
1302590018133917696
1302590011645276165
1302589987720921091
1302589877876404233
1302589838143692801
1302589762021326849
1302589648749965312
1302589627195428865
1302589593154473984
1302589553077702656
1302589520085487616
1302589489370595328
1302589358667694080
1302589355777810432
1302589213301452800
1302589183387672576
1302588954504572935
1302588947151892486
1302588881741770753
1302588855086972928
1302588819020099586
1302588772295626752
1302588737679953920
1302588733850636288
1302588698568073217
1302588641408094209
1302588604984823808
1302588574525775872
1302588558675521536
1302588501452566528
1302588499611316224
1302588453293613056
1302588400361406465
1302588368577011719
1302588346867294208
1302588333730787328
1302588322175504384
1302588276214312960
1302588243700056066
1302588237588975616
1302588220451033089
1302588208287543296
1302588183247454212
1302588179405570049
1302588168194097158
1302588161974046720
1302588083024560128
1302588073717436417
1302588015576059904
1302588004997963779
1302588001118236672
1302587965428858880
1302587955069022210
1302587953374470144
1302587865860321281
1302587755562782721
1302587747018977280
1302587722004156416
1302587694753685504
1302587692774027266
1302587646204694528
1302587610532065280
1302587601799524353
1302587554194247680
1302587531704381447
1302587506421047299
1302587481976643584
1302587317580959745
1302587303383179266
1302587296093540352
1302587242293100544
1302587179659595777
1302587168259559425
1302587141030113283
1302587025950998530
1302586598333337601
1302586431655813123
1302586331911118849
1302586301192044545
1302586270489751556
1302586213895987201
1302586044957810689
1302585976368357378
1302585916918239235
1302585687217143809
1302585645299388417
1302585542094266368
1302585522762776576
1302585518954295298
1302585502940434432
1302585466361982977
1302585338670600193
1302585278394236928
1302585265962221568
1302585255434559488
1302585212631687169
1302585180285272064
1302584966262423552
1302584919139454976
1302584907286360064
1302584838768205824
1302584699634757634
1302584681129537537
1302584569405812737
1302584392863408129
1302584330439532544
1302584321094680576
1302583987072831488
1302583912544305154
1302583832747610112
1302583780037844996
1302583757321445379
1302583717966352385
1302583689470251016
1302583524277526528
1302583464550596608
1302583380735909889
1302583324796481538
1302583309290164228
1302583242038616070
1302583206445809664
1302583185360990210
1302583084114743297
1302583063923372032
1302583052498067458
1302583041106337792
1302583031711047681
1302583027047043072
1302583021116305409
1302582974978969600
1302582964195397634
1302582925809061889
1302582921639981058
1302582898143506432
1302582787527053312
1302582752919908354
1302582733978427393
1302582609508171776
1302582432256987136
1302582400594124802
1302582386253848581
1302582384160903169
1302582363885576192
1302582350006673410
1302582349662748673
1302582335586660354
1302582284097409024
1302582282797101056
1302582261339033606
1302582259602653185
1302582231416930306
1302582205055729665
1302582161866973185
1302582127029030913
1302582109719146497
1302582046230032384
1302581989183295494
1302581867485552640
1302581851123593216
1302581842156105728
1302581798023684096
1302581695372242946
1302581667585032192
1302581661599772673
1302581657682182144
1302581654058348544
1302581648022794247
1302581645392916480
1302581644096950273
1302581598668414976
1302581576748994561
1302581576426033152
1302581501201199105
1302581485761957890
1302581480359591943
1302581471249674240
1302581423455580162
1302581374633816065
1302581333752000513
1302581309152391169
1302581258598391808
1302581250922815488
1302581244400734209
1302581176394227713
1302581171537223682
1302581165040250882
1302581153065508864
1302581122681929733
1302581093405732864
1302581014401867777
1302581004301987840
1302580886752432128
1302580753398628353
1302580748034207745
1302580699862573057
1302580614466613251
1302580594694598657
1302580586998042629
1302580495209955329
1302580272433692682
1302580186119053312
1302580149565743105
1302580080598757379
1302579935324844032
1302579875237318657
1302579874654294016
1302579813757186048
1302579806119374848
1302579791648960512
1302579643510386688
1302579615941177344
1302579550484795393
1302579512895471618
1302579501977796613
1302579425372966913
1302579300370182147
1302579217549361152
1302579163514236930
1302578969468952576
1302578912862576641
1302578884899209217
1302578789466202114
1302578704611258368
1302578703382327297
1302578655760207875
1302578653595926528
1302578579486765057
1302578389912621059
1302578374213328896
1302578358564290562
1302578310006931458
1302578286913089536
1302578192679669764
1302578179845087243
1302578082323279875
1302578055584591872
1302577881059598336
1302577834284777473
1302577712926789632
1302577701061103616
1302577612628393984
1302577608627023878
1302577602079723520
1302577425281437696
1302577383833251841
1302577302178541568
1302577228673363978
1302577199405568000
1302577195278307329
1302577101435002880
1302577057151569923
1302577013174272002
1302576994874527744
1302576746076745728
1302576701281624064
1302576607077564416
1302576569291018241
1302576541562540039
1302576538123153408
1302576527788462082
1302576523728293889
1302576481604980736
1302576465918259200
1302576380262133760
1302576322187849735
1302576185877168128
1302576128427806721
1302576125453963264
1302576094428704769
1302576089340968961
1302576086090485761
1302576062010982400
1302575958172618752
1302575830938398720
1302575763288403969
1302575759312261120
1302575597168791552
1302575400342749184
1302575395594735616
1302575194456891400
1302575189360807937
1302575183417487360
1302575096679276546
1302575017113288704
1302575016563953664
1302574968149024768
1302574949996036096
1302574929267896320
1302574847101480960
1302574759302115329
1302574713173168128
1302574665488117761
1302574655375659008
1302574633611296769
1302574459551969280
1302574442225303554
1302574409279066113
1302574376580153344
1302574360285319173
1302574319860690945
1302574284225814528
1302574133147041793
1302574043619561473
1302573964552740864
1302573944353021952
1302573936643837955
1302573933653352453
1302573929442271237
1302573928854978567
1302573896999165952
1302573875990061056
1302573812458950656
1302573564105838594
1302573276573691904
1302573224547545096
1302573166213165059
1302573102807875584
1302573047472365568
1302573000525570048
1302572953259970561
1302572716252368897
1302572669926174722
1302572549499428868
1302572523075371009
1302572510962122752
1302572500438712320
1302572484894564352
1302572381496651776
1302572223342039040
1302572104576126976
1302572071080337408
1302571916109242369
1302571886132559873
1302571832181170176
1302571824778293250
1302571691487318018
1302571622071709697
1302571509521801216
1302571498356592640
1302571479150755840
1302571337072992256
1302571314683748353
1302571308283297792
1302571173922963462
1302571141308076032
1302571067597295618
1302571017265537025
1302570936475037696
1302570676822437888
1302570663488745472
1302570662989639683
1302570654689038338
1302570616126668801
1302570401856454656
1302570255949205508
1302570249515081730
1302570248835600384
1302570166186913792
1302570151376818176
1302570101670064129
1302570052689047553
1302570015535894530
1302569693212028929
1302569629668253697
1302569565856169984
1302569498172698624
1302569335395938305
1302569291091410944
1302569282879000576
1302569250910081027
1302569197424214021
1302569121490579457
1302569040293122055
1302568982499733510
1302568955698085890
1302568668065337345
1302568549739827202
1302568533826641920
1302568512309932032
1302568411982159873
1302568361096814593
1302568334265909250
1302568290678640640
1302568249985585152
1302568234521169922
1302568208969469953
1302568183115714560
1302568181324750854
1302568167072559104
1302568152618991616
1302568049984311296
1302568002181828609
1302567901283659777
1302567773915230209
1302567770962493440
1302567748644384770
1302567636203638785
1302567636082003968
1302567618382094336
1302567582986317825
1302567573058396163
1302567528389107713
1302567459673837570
1302567419186208768
1302567415193251841
1302567369018150917
1302567297392037888
1302567160162717696
1302567145813966851
1302567138906038275
1302567107633192961
1302566957452009472
1302566949990395904
1302566917308387328
1302566806285152262
1302566768578301953
1302566754758070272
1302566743802609664
1302566710113955845
1302566674026115073
1302566646566080517
1302566629457498113
1302566611241644032
1302566603352084481
1302566564709961728
1302566554169679873
1302566440889913345
1302566353275097089
1302566312061947906
1302566271792361473
1302566114434711552
1302566113713192961
1302565911791128576
1302565871584411648
1302565843604307970
1302565668521488384
1302565637118734336
1302565602041769985
1302565549956837377
1302565488657076225
1302565443341881344
1302565373397602305
1302565312336932864
1302565295387750401
1302565285124345861
1302565253109223424
1302565199329849345
1302565004319830016
1302565002835091457
1302564840947568640
1302564718381498374
1302564695543615488
1302564631362367495
1302564478261829634
1302564405599764480
1302564328999186433
1302564321772351489
1302564303569125376
1302564300175929344
1302564298468794368
1302564296682098688
1302564296392671232
1302564170521620481
1302564143313100800
1302564119887974400
1302563931656007681
1302563861120389121
1302563849141465091
1302563829113663491
1302563806024028160
1302563793478840320
1302563777104228353
1302563687472009216
1302563642542616577
1302563593108455424
1302563581196734464
1302563551211589632
1302563546191073282
1302563534199566337
1302563443728355330
1302563402049519618
1302563397800787968
1302563365487865856
1302563365043273731
1302563158280863744
1302563152253652992
1302563113003253760
1302563070338887681
1302563005113270273
1302562969184874498
1302562787818962944
1302562767812132865
1302562760589541376
1302562720332554241
1302562697192636419
1302562649423646721
1302562518762770432
1302562515449253889
1302562494200897536
1302562482016464897
1302562459392368641
1302562349870653441
1302562324809539584
1302562204076724225
1302562190411603969
1302562183801438209
1302562145704521729
1302562086422282240
1302562014280253440
1302562009897218048
1302561996798332929
1302561959389409280
1302561946072473601
1302561885208956931
1302561884672086017
1302561884063903745
1302561883254329344
1302561866972114944
1302561833291841537
1302561704581226501
1302561619361386498
1302561491363729408
1302561417871208448
1302561118100094978
1302561080024215552
1302560950067826689
1302560948092272640
1302560900591882241
1302560814830936071
1302560738511388673
1302560725177708544
1302560589298806785
1302560560542814214
1302560539663650818
1302560469417439234
1302560303037718528
1302560279688085504
1302560242220314624
1302560142488227846
1302560082463535106
1302560009071587328
1302559983201120256
1302559969934483459
1302559969884110849
1302559968877572097
1302559907913314305
1302559898471931910
1302559895166824448
1302559889189941248
1302559833455984640
1302559816766967808
1302559767693611008
1302559747661496322
1302559733346377730
1302559696478515201
1302559685200023552
1302559677817843712
1302559665251905536
1302559519323697152
1302559444245590021
1302559424079429632
1302559398661943296
1302559391934304256
1302559336414294016
1302559334723923969
1302559330516992002
1302559302163423234
1302559291006746625
1302559275844284416
1302559245150441472
1302559229086236672
1302559064333918208
1302559015927504896
1302558932708270081
1302558910767943683
1302558902014312448
1302558895341293568
1302558870473183232
1302558816140222464
1302558767809167360
1302558656391675904
1302558637978779649
1302558633843068928
1302558608815783936
1302558583624798209
1302558560870596610
1302558475239727104
1302558450828877824
1302558380251324424
1302558367035121664
1302558347447734272
1302558340233519104
1302558327789027328
1302558253147095040
1302558243512897548
1302558209626996736
1302558176194310146
1302558114101833728
1302558080924868608
1302558070359371776
1302557924791902208
1302557915451215873
1302557903828774912
1302557806722273280
1302557794034384898
1302557763629772801
1302557744164220933
1302557718100799488
1302557459895275520
1302557430690258945
1302557408997314560
1302557344237318148
1302557322817015808
1302557291087044608
1302557289702928384
1302557273055789058
1302557145800617984
1302557142487109632
1302557115517734914
1302557047955894272
1302557020936187904
1302556973829943296
1302556903906648065
1302556881278377990
1302556876832493569
1302556857677025280
1302556816216395776
1302556681654722560
1302556670539845632
1302556666227900416
1302556630677172225
1302556374514180097
1302556353848897536
1302556331086434305
1302556323251355649
1302556310735663104
1302556301835276289
1302556136990744583
1302556006124318720
1302555982615150592
1302555974570512385
1302555939665580033
1302555934292615168
1302555927296475136
1302555847038586880
1302555703312371712
1302555676862971905
1302555667761451015
1302555641995759618
1302555604205162497
1302555574933090305
1302555528959127554
1302555366778187777
1302555272641212419
1302555229968371713
1302555207851741184
1302555117812617218
1302554987386548224
1302554971053985792
1302554960245264384
1302554907682144256
1302554853407850496
1302554811062157312
1302554729499721728
1302554654044192769
1302554642878955523
1302554626009554945
1302554516961857536
1302554482333671425
1302554385826877440
1302554335818248192
1302554297452957700
1302554288825212928
1302554264976400384
1302554262447288320
1302554248480260096
1302554062450298880
1302554033157214208
1302553928685563906
1302553913166639104
1302553910813523968
1302553857134931968
1302553681632661504
1302553663752343557
1302553572144545792
1302553572131901440
1302553548354396160
1302553546240544768
1302553494335959040
1302553462056660995
1302553458948681728
1302553422210703360
1302553387167363072
1302553349594779648
1302553316094812161
1302553296599748608
1302553268074229760
1302553261665398785
1302553190886453248
1302553138889719808
1302553131243507712
1302553074427461632
1302552943724462081
1302552943095410688
1302552942130671617
1302552922228744192
1302552893267103744
1302552873746792448
1302552855329550336
1302552800648462338
1302552759917404161
1302552747913490433
1302552744214003712
1302552736148455424
1302552660801880071
1302552562261004288
1302552450898046981
1302552408002834432
1302552305452093440
1302552222597894144
1302552210149183489
1302552201617960960
1302552035309617153
1302551956179824640
1302551925083320320
1302551862445568000
1302551840723218437
1302551820577968128
1302551751774687232
1302551641934135297
1302551611739430913
1302551609872920576
1302551567183343617
1302551518583967749
1302551513101930496
1302551479371390976
1302551416133824513
1302551410769362944
1302551377210683394
1302551369472245763
1302551246168043522
1302551175598833666
1302551139653689344
1302551059844534272
1302551052886171650
1302551045470670848
1302550992077160448
1302550890923073536
1302550874292654080
1302550722593071104
1302550702120722432
1302550657652740097
1302550609409847296
1302550607862136833
1302550598324285442
1302550553738838016
1302550548567199744
1302550524122759169
1302550515608420353
1302550334762627073
1302550111185186817
1302550105183186949
1302549787368132609
1302549759090135041
1302549728094236672
1302549680820310016
1302549627770736640
1302549603720495104
1302549526876741633
1302549512892952576
1302549456894791680
1302549451807109127
1302549313134919680
1302549270416031744
1302549269304479744
1302549257921138688
1302549242255495170
1302549092342681600
1302549079977844741
1302549055894151169
1302548987447324672
1302548974017097728
1302548913895944197
1302548770278834178
1302548766944362497
1302548756005617665
1302548738989326336
1302548723113889792
1302548615798292480
1302548402010574848
1302548305491132416
1302548273291554816
1302548254169628672
1302548097910951937
1302547958177636352
1302547933779369984
1302547866855112705
1302547864762056706
1302547700957749249
1302547700202778626
1302547657756418049
1302547616316764161
1302547493880766465
1302547452193628160
1302547373093195777
1302547322828619777
1302547304595980288
1302547297847345153
1302547138946138112
1302547123330781185
1302547081643675649
1302547026400468998
1302546926399819778
1302546829981220864
1302546797987008516
1302546763811893249
1302546757969207297
1302546569716289537
1302546566197186560
1302546486727761920
1302546481732366336
1302546435439812610
1302546282192531460
1302546143725916160
1302546060640948224
1302546014428110848
1302546011810934785
1302545961131085824
1302545923516633089
1302545857724715009
1302545846853152768
1302545735624331266
1302545601540820992
1302545579713671168
1302545525095497728
1302545486889521157
1302545461195288576
1302545369520275461
1302545346871144449
1302545285571256321
1302545220962340869
1302545160438452225
1302545150254686209
1302545071288594433
1302545028661870593
1302545015810519041
1302544966565191680
1302544848126464001
1302544807617855493
1302544798826614784
1302544748364861441
1302544745038839810
1302544680949813248
1302544630806872064
1302544600410787840
1302544544488206336
1302544532848947200
1302544424891752449
1302544335616045056
1302544333141422083
1302544268217782272
1302544262115065856
1302544259711631360
1302544259636170752
1302544188639248385
1302544175276208128
1302544147040079872
1302544119408005122
1302544067054706690
1302544052420829188
1302543897017700352
1302543891216896000
1302543875400241152
1302543868831961088
1302543861068304384
1302543845347991552
1302543819578187777
1302543722895339520
1302543601679970305
1302543573045264385
1302543514606206976
1302543403004186624
1302543387355160577
1302543353167466498
1302543334255349765
1302543328156807174
1302543233810137088
1302543173491798017
1302543148640600065
1302543089739980801
1302543057229881345
1302543036187127809
1302543010874392577
1302542944147185665
1302542943496974336
1302542941039267842
1302542920537571329
1302542851440508928
1302542817164550144
1302542816728367104
1302542794788089860
1302542781056004097
1302542774324080641
1302542773401399296
1302542764454932480
1302542755751751681
1302542699262881793
1302542679579000834
1302542668099137536
1302542666001985536
1302542664081059844
1302542658347335683
1302542618828705792
1302542617465556992
1302542495050592256
1302542473093357568
1302542354965041153
1302542301181476864
1302542199918395392
1302542182285443072
1302542157140631552
1302542085321633795
1302542026613944321
1302542005537517568
1302541993692848130
1302541943965134849
1302541893826416640
1302541855251406849
1302541827866853376
1302541798569660417
1302541740948230146
1302541730311479296
1302541668890144768
1302541657796153344
1302541636208128000
1302541615861567488
1302541604037767170
1302541583427022849
1302541506679627776
1302541403692691456
1302541375486001153
1302541340748771330
1302541263208669185
1302541254367105024
1302541246699900934
1302541224537186304
1302541189577670659
1302541120073879552
1302541078868918272
1302541021696290817
1302540862841393154
1302540723468873729
1302540720637710336
1302540696549720066
1302540619647258625
1302540510234587136
1302540497890750464
1302540485903421441
1302540411710377984
1302540388562096128
1302540253878718464
1302540194453872640
1302540147586732034
1302540015084412929
1302539962408226817
1302539936940339200
1302539915192750081
1302539886273196032
1302539879239356416
1302539792652136449
1302539698414538752
1302539649089507333
1302539607557505027
1302539591656800258
1302539566679764998
1302539516977311745
1302539313616486401
1302539305194225666
1302539298810494976
1302539289365012480
1302539271757328385
1302539261825220610
1302539185673338881
1302539180103413761
1302539068153229312
1302539056379813889
1302538984401309698
1302538834329169921
1302538831393165314
1302538778184241152
1302538760870072321
1302538759934808065
1302538759368568833
1302538715718455296
1302538668058570754
1302538496280756224
1302538481063915521
1302538457412177928
1302538438705582083
1302538393759383554
1302538376990453762
1302538372087414786
1302538361488445441
1302538259332059136
1302538257117458433
1302538229581778945
1302538206085369857
1302538201618411520
1302538148795355136
1302538140180271105
1302538137588183040
1302538116281126918
1302538090137911296
1302538053660090368
1302538029115080707
1302537966372487168
1302537943865851906
1302537941672173568
1302537934046932993
1302537894654021640
1302537860927680512
1302537859522605056
1302537822423916545
1302537810830913542
1302537785912553474
1302537745580130304
1302537643310407680
1302537606580842498
1302537554764455936
1302537542840078337
1302537529854439424
1302537512016121857
1302537490872631298
1302537464200998917
1302537375575347200
1302537338346704897
1302537278854778880
1302537189528612864
1302537173770567680
1302536992736112641
1302536985408610306
1302536973060538370
1302536885672333312
1302536815187034113
1302536810166394880
1302536736724127745
1302536733125488640
1302536701148041216
1302536675852259328
1302536613956857858
1302536586018598912
1302536543874232323
1302536496038150145
1302536484780736512
1302536382158704646
1302536280589438978
1302536258514833413
1302536213354762241
1302536160804306944
1302536136137547776
1302536122313121792
1302536043611250688
1302536034035662851
1302536033855246336
1302536033180020736
1302536030445359104
1302535996915941377
1302535982118559745
1302535955820224514
1302535935322619905
1302535874463371264
1302535853080805382
1302535820847599618
1302535659240984577
1302535596901109762
1302535386909073413
1302535376146518017
1302535292700766208
1302535210345562112
1302535113176162309
1302535098504445952
1302535023099367426
1302534987288322050
1302534961086500866
1302534842593292293
1302534805867954176
1302534746631598080
1302534610916696064
1302534593824907264
1302534482315091968
1302534449150726145
1302534429458550784
1302534272612474880
1302534268904787968
1302534241700524032
1302534188621537281
1302534095524818950
1302534075689861120
1302534060972142592
1302534001240965121
1302533975710277633
1302533944567566337
1302533869422424066
1302533854348169217
1302533796156366849
1302533794940022788
1302533791970480128
1302533786895364097
1302533768838819841
1302533700450693120
1302533668213329920
1302533647157858305
1302533641235582976
1302533616526938112
1302533596083826688
1302533420271140865
1302533419226849280
1302533409038897153
1302533388281225216
1302533347365867521
1302533296086298624
1302533290587566080
1302533220832088066
1302533106864447488
1302532840203202561
1302532760326877185
1302532483800608768
1302532482752032768
1302532442197172232
1302532438992859142
1302532386396266497
1302532322684809216
1302532303760044032
1302532240564465664
1302532220700291072
1302532189712723971
1302532079192768512
1302532052743532544
1302532050038206464
1302531987098533889
1302531976226844672
1302531969012699136
1302531911982739458
1302531887064403968
1302531882060521472
1302531829858275330
1302531788250722304
1302531764703891456
1302531747050139648
1302531638103101442
1302531562337185793
1302531525435686922
1302531502048268289
1302531467885654016
1302531455457820672
1302531451796312066
1302531378433622016
1302531244916461569
1302531197680185344
1302531161701470209
1302531135570878465
1302531131506667520
1302531067723886595
1302531044349014016
1302531042742591488
1302531038984507392
1302530984999608320
1302530958088974337
1302530929836077056
1302530926799474689
1302530915143475200
1302530803407171586
1302530793785503744
1302530697601724416
1302530642052349952
1302530587908075521
1302530534678106113
1302530471113490434
1302530432098017281
1302530423940096000
1302530384865918978
1302530315987161088
1302530315521585153
1302530272160866305
1302530247666085888
1302530239621484545
1302530172856471552
1302530149473300480
1302530100387352576
1302530099682643974
1302530069932519424
1302530008808906753
1302530000307081216
1302529982653177857
1302529943319056384
1302529835810672640
1302529793594978304
1302529735826837509
1302529669154181122
1302529642583257088
1302529615920062465
1302529485221187592
1302529391843565568
1302529307382865920
1302529197399826432
1302529126071492608
1302529124121153536
1302529109239586818
1302529106995634176
1302529088180170752
1302529076834586625
1302528981195984896
1302528959205306369
1302528800341790720
1302528799746256896
1302528592476344321
1302528524247535616
1302528514042867712
1302528506732122112
1302528465216901120
1302528392609312768
1302528360363552768
1302528331212972034
1302528264037117952
1302528252003704832
1302528244873297921
1302528204591321088
1302528202229907456
1302528160861491205
1302528070662918145
1302528044591128576
1302528002941693953
1302527985845768193
1302527954463883266
1302527905239650305
1302527893088743425
1302527861253976066
1302527857898463237
1302527822033018881
1302527602725449730
1302527596438130688
1302527572924936192
1302527516771577856
1302527494420135937
1302527475700977664
1302527471833804800
1302527453135548416
1302527449050349568
1302527398164992001
1302527383610810368
1302527365457809408
1302527214492233734
1302527098767237120
1302527079104344065
1302527045935812608
1302527034002898944
1302527032874733568
1302527026872623104
1302527026524454912
1302527021277491200
1302527001761378305
1302526985441292289
1302526951270363136
1302526905443397633
1302526894781460482
1302526876951425024
1302526861432500226
1302526860262354944
1302526699071066112
1302526671774527490
1302526542623510528
1302526512688771072
1302526394111590400
1302526372087201792
1302526334539890688
1302526329297002497
1302526208350003201
1302526203081957377
1302526127513186304
1302526117115461632
1302526065475190787
1302525953608908800
1302525947275554818
1302525922877333504
1302525905538101249
1302525856989020161
1302525852643663874
1302525719243902976
1302525655440130051
1302525634401521665
1302525625085890560
1302525624892915723
1302525501039403008
1302525480395042816
1302525407636455424
1302525404880797696
1302525363805917184
1302525203927519232
1302525188827947009
1302525171371253761
1302525160738693122
1302525125724639233
1302525098939822083
1302525074042499072
1302525064550768641
1302525040756494338
1302525033470885889
1302525011018887168
1302524990668013568
1302524985307811841
1302524878827008000
1302524867078688768
1302524852574748672
1302524790708867072
1302524762913230849
1302524688892125185
1302524621296730112
1302524591038922753
1302524582331658242
1302524500022628352
1302524483652198400
1302524443969949698
1302524438185828352
1302524437124718593
1302524388848406528
1302524282409570305
1302524222527471618
1302524213241294850
1302524189916778496
1302524172002787328
1302524162934747137
1302524040788283394
1302523884500127744
1302523880742031360
1302523861934772224
1302523846763970565
1302523820029353984
1302523694128955392
1302523535680823302
1302523414738067456
1302523324480749568
1302523287998738435
1302523245090963456
1302523111603146754
1302523050659901441
1302523028690145281
1302522990412943360
1302522959354040320
1302522941276483584
1302522911790632960
1302522894426177536
1302522889997082624
1302522858225180672
1302522849224282112
1302522825513861121
1302522680080502785
1302522667556319232
1302522582269415424
1302522481643790342
1302522337087152128
1302522294930214912
1302522270196346881
1302522244611088384
1302522202177363968
1302522166940962816
1302522140546211842
1302522109923651587
1302522109374144513
1302522108560449536
1302522095402971137
1302521995247136770
1302521977715003392
1302521770864451585
1302521752442994688
1302521678740815872
1302521677587324928
1302521622130298881
1302521614895112194
1302521609710899200
1302521520124841985
1302521504798834689
1302521463749185536
1302521434724544514
1302521421005049856
1302521352021315584
1302521331204984832
1302521266650443776
1302521248434577408
1302521229690241025
1302521203035435009
1302521201361911808
1302521189265551360
1302521178368733184
1302521171632676865
1302521144441016321
1302520992020008961
1302520987016220674
1302520915264245760
1302520913901113346
1302520909295747072
1302520818644201472
1302520688176181252
1302520504193110018
1302520452963880961
1302520399931080706
1302520338073477121
1302520267781083136
1302520189616107521
1302520157156368384
1302520140685336579
1302520137501814784
1302520108175294465
1302520019939622914
1302519920492793856
1302519868764442629
1302519867476594689
1302519746877952000
1302519740372578305
1302519701508108288
1302519673557221376
1302519672575852544
1302519628590198785
1302519558373167106
1302519520528138240
1302519496238862341
1302519415234277376
1302519282342014976
1302519254537904128
1302519236980596736
1302519167640363008
1302519162997297153
1302519161604788224
1302519158505177088
1302519110643920896
1302519110178398209
1302519002980380672
1302518982382059520
1302518952183189510
1302518930154631169
1302518868037046272
1302518846906077184
1302518844280446976
1302518819865460737
1302518811657146370
1302518809199349760
1302518740718956549
1302518721974603777
1302518712046673920
1302518711191044098
1302518704614367233
1302518695277875200
1302518648553320448
1302518643834654720
1302518639401275393
1302518625031655424
1302518590600622081
1302518582119747586
1302518566797946880
1302518446404579328
1302518426456461312
1302518391891267584
1302518357661560834
1302518287314624512
1302518283854401537
1302518244717330433
1302518174236246017
1302518117587996672
1302518086172585987
1302518027318157312
1302517987245686784
1302517959752126465
1302517936599502850
1302517912494919680
1302517869457158144
1302517835567169536
1302517729937756160
1302517688808374274
1302517665177767937
1302517631602352129
1302517579291000841
1302517550518071296
1302517479336534016
1302517431563366400
1302517420712656898
1302517365914165249
1302517312751362049
1302517221546176515
1302517107280752641
1302517099714285569
1302517094853095424
1302517083377410048
1302517078348496896
1302517061013458946
1302517013525471234
1302517010690179072
1302517004692324352
1302516991824191489
1302516906419777536
1302516827420012545
1302516761527562240
1302516726370832389
1302516689767141376
1302516592287322112
1302516591343669248
1302516585068978177
1302516341950181376
1302516316797112320
1302516301957681153
1302516278314389508
1302516250636156928
1302516233745633281
1302516056343412738
1302516008947679232
1302515991956647936
1302515864743288832
1302515829741965314
1302515747395112961
1302515715275132951
1302515623138914305
1302515604176474113
1302515573369298949
1302515531896033280
1302515488925323264
1302515382847242240
1302515348223275008
1302515302731841536
1302515301364502528
1302515299489587200
1302515108296429568
1302515092601225216
1302515038457073664
1302515035181330432
1302515007289253888
1302514901487882240
1302514879211991040
1302514852469059584
1302514836748763136
1302514815445991424
1302514813109784576
1302514749473783808
1302514718221963264
1302514708382191616
1302514707300077568
1302514659140960257
1302514618129092608
1302514592548040704
1302514468564459521
1302514423425363971
1302514397772943360
1302514390432964608
1302514387295637504
1302514256223637504
1302514226578313217
1302514183192358912
1302514169388957696
1302514165513322496
1302514153526046720
1302514146995507200
1302514136082010112
1302514117996146688
1302514104557547520
1302513997942489088
1302513917059629056
1302513830975733761
1302513811585368066
1302513794367840256
1302513781239697409
1302513680840613889
1302513642009698305
1302513600645529601
1302513590243647488
1302513495041335297
1302513445338853376
1302513408475049984
1302513384009601024
1302513366834053125
1302513357531033600
1302513351940100096
1302513332344291328
1302513192724246528
1302513174621626369
1302513157177577473
1302513130866696192
1302513126064218112
1302513105272963073
1302513090249064448
1302513031147028482
1302512995386433536
1302512970149359616
1302512856647323649
1302512806546333696
1302512785683886080
1302512772819881989
1302512744248168453
1302512733057941504
1302512715370508288
1302512623964041216
1302512573871513601
1302512548789485570
1302512546214223873
1302512471459192832
1302512435908218881
1302512434477899777
1302512419080675328
1302512390597115906
1302512307352801280
1302512284795842560
1302512277313253376
1302512187861340161
1302512148086763521
1302512099856396288
1302512044219019264
1302512043136872449
1302511999415398400
1302511996089307136
1302511990397702145
1302511921959243783
1302511888870375424
1302511877243785216
1302511797698801664
1302511764358213634
1302511748021444609
1302511734033440768
1302511710809579521
1302511698943840256
1302511691515731969
1302511674239455232
1302511664466669569
1302511603888386048
1302511568962416640
1302511557067366400
1302511521184927744
1302511458425753600
1302511448497836034
1302511348505620480
1302511334928650240
1302511285180018688
1302511221124608000
1302511180863414272
1302511152690278400
1302511124001292289
1302511110852096001
1302511088165163011
1302511082431557632
1302511076303663109
1302511045408366592
1302511011082231808
1302510955415339010
1302510878508621832
1302510866802319361
1302510786309390337
1302510767502249984
1302510703581040640
1302510584550903810
1302510548584628225
1302510518297600002
1302510506289303553
1302510459539644416
1302510390430105600
1302510379306811393
1302510331592310786
1302510300072157184
1302510160880033792
1302510121646518274
1302510026427375617
1302509873700179968
1302509854234345472
1302509834957402112
1302509593927573506
1302509568568811520
1302509501338324992
1302509462062759936
1302509423911489537
1302509416407805953
1302509403460042757
1302509391703412736
1302509375148486656
1302509344706236416
1302509338783776768
1302509337617731586
1302509328306450432
1302509316486893568
1302509225235677184
1302509223734108160
1302509208915587072
1302509173805064192
1302509172328628224
1302509171775098882
1302509159569653760
1302509083149381632
1302509056058429440
1302508959048372225
1302508948029833216
1302508912059482113
1302508805411024902
1302508752449527809
1302508708212232193
1302508655431094277
1302508570114756608
1302508474589499392
1302508470755889152
1302508408558493698
1302508338580779008
1302508319966466048
1302508314861985793
1302508230950768641
1302508196091879424
1302508169156087809
1302508169097359360
1302508159391670274
1302508147542761473
1302508123454930944
1302508115116650496
1302508077456011265
1302508063308632069
1302508059772751872
1302508059223261184
1302508058145415169
1302508057579196417
1302508057021370368
1302508051195465729
1302508029749927936
1302507960745242629
1302507820500365315
1302507791664459776
1302507739613196293
1302507714401259522
1302507707526787072
1302507684047003648
1302507612936822785
1302507605953216513
1302507543407874052
1302507435320651776
1302507335743664128
1302507245993897985
1302507244299456512
1302507206160588801
1302507158890782722
1302507068767772672
1302506960890277888
1302506901553508353
1302506784444252160
1302506781009117184
1302506772469551104
1302506771030958080
1302506758703919104
1302506751745499136
1302506739934388224
1302506721311633408
1302506674243207168
1302506638130151425
1302506637069033472
1302506512150138880
1302506491757330433
1302506479002542081
1302506417451143168
1302506398874587136
1302506395556864000
1302506364678344704
1302506233577037826
1302506197061373953
1302506162076737537
1302506161737007104
1302506102232358914
1302506078777806852
1302506062101254144
1302506058972364802
1302506046263562240
1302505855435317250
1302505852088315905
1302505751085277184
1302505722853371904
1302505594293817344
1302505590372134912
1302505552719773697
1302505535489691648
1302505466677911552
1302505367155412993
1302505346515300352
1302505312495247361
1302505306275155969
1302505296611467264
1302505291297304581
1302505282313035781
1302505281956577280
1302505260242608129
1302505219000070144
1302505184023785483
1302505164675395585
1302505163748511744
1302505094039187456
1302505042340085760
1302505027853000706
1302505009876283392
1302504898727161863
1302504757689491457
1302504696956039168
1302504640341315584
1302504622360350720
1302504611006353408
1302504607290200064
1302504599421673475
1302504542429499393
1302504487421186051
1302504473550622722
1302504462544777216
1302504396878733312
1302504377597538304
1302504367501848578
1302504331887943685
1302504309209346048
1302504268650483712
1302504256696733696
1302504082129723392
1302504050076901377
1302504029793275906
1302504020737695744
1302503967474286593
1302503937547919362
1302503846875410432
1302503845017382912
1302503806228463621
1302503677190701057
1302503641434259458
1302503565777403910
1302503454888415233
1302503398978326535
1302503355965755393
1302503329076051968
1302503296268206086
1302503218304483328
1302503214928011264
1302503126910590977
1302503109567152129
1302503091900686336
1302503021729984513
1302502944928141313
1302502937101570049
1302502930566717440
1302502833695186944
1302502792251215872
1302502779806715904
1302502764711489536
1302502762685624320
1302502588286464001
1302502570750025728
1302502537896001536
1302502412247334912
1302502355041124353
1302502268940541953
1302502265392164864
1302502247247630337
1302502245385285632
1302502110404251648
1302502103055831041
1302502044385923074
1302501964513775616
1302501949393244161
1302501840102268928
1302501743054532608
1302501728030322688
1302501683000487936
1302501600322297857
1302501534991867904
1302501361423183872
1302501324416856066
1302501308474241029
1302501111929208833
1302501100554199042
1302501065384960001
1302501014541488135
1302500990462177280
1302500922334105601
1302500812564967424
1302500808546750466
1302500792423845891
1302500744386482176
1302500675709022210
1302500645551976454
1302500551582715906
1302500543433240576
1302500464337055745
1302500449317199873
1302500290399264769
1302500241372065794
1302500216579522561
1302500156059922432
1302500100728598529
1302500078746304513
1302500001566908417
1302499973016190976
1302499955177914369
1302499906247102465
1302499793693011968
1302499746385408001
1302499742363070464
1302499667083767808
1302499551681687553
1302499429497409537
1302499366486396928
1302499362946322438
1302499362514374657
1302499302208569345
1302499233648594946
1302499219396268032
1302499178594082817
1302499169215614976
1302498987765882880
1302498736086622208
1302498495811776512
1302498433295679491
1302498418099707904
1302498374143348742
1302498333857132545
1302498306560593920
1302498243956310016
1302498232300380160
1302498142647185408
1302498126683607040
1302498104193830914
1302498096530759680
1302498061911023616
1302498003119484928
1302497993795530752
1302497879769133056
1302497776320868352
1302497635165712384
1302497600768221184
1302497574146973696
1302497346828210176
1302497260496879616
1302497141391327232
1302496912151584770
1302496725177827328
1302496666004729856
1302496631716184067
1302496429538267138
1302496423360036866
1302496314882756608
1302496166135898112
1302496001828229122
1302495981670248448
1302495889991311360
1302495740787339264
1302495725268369408
1302495617122537472
1302495460926648322
1302495433818869760
1302495392249061376
1302495329196142593
1302495325014372353
1302495298980323328
1302495248875126784
1302495234065137664
1302495186853990401
1302495134907498496
1302495128783859712
1302495117660631040
1302495081417576449
1302494999905472512
1302494953273200640
1302494921996238848
1302494850722471941
1302494841910235136
1302494823572799488
1302494815284850688
1302494810713063424
1302494743474196480
1302494722532036608
1302494680974848000
1302494568517177344
1302494565241434113
1302494533289209856
1302494528193130497
1302494513261408256
1302494493380415489
1302494473897742336
1302494470064267265
1302494452708249601
1302494348462952448
1302494326950428673
1302494220167634945
1302494219895005184
1302494171324915716
1302494168330244097
1302494060691718147
1302494040890449920
1302494005905838080
1302494003003191296
1302493933650534400
1302493908077875200
1302493905347280896
1302493875269971968
1302493851240861697
1302493765165252608
1302493704083648512
1302493668646027269
1302493648555311104
1302493592137629698
1302493531144179712
1302493470519685120
1302493297685000194
1302493262368976897
1302493146350264320
1302492983846199297
1302492944772014080
1302492901730115586
1302492854271516672
1302492832737918976
1302492785610809345
1302492729604268032
1302492651229450240
1302492518261633024
1302492458597707779
1302492387596476416
1302492333938806785
1302492240573607936
1302492217974628352
1302492176161660930
1302492168083439616
1302492045907570688
1302492023652519937
1302492021018497026
1302491985899655168
1302491960087904258
1302491955788742658
1302491948498984960
1302491889640370177
1302491827820474368
1302491765870596097
1302491750691373056
1302491724250583041
1302491700288524288
1302491673516298241
1302491596190093313
1302491522340925441
1302491479466672128
1302491473972269058
1302491428895981569
1302491353482506240
1302491138398486531
1302491057075220480
1302491055015759872
1302490907883769856
1302490860035211266
1302490843547402240
1302490767911514112
1302490685212372993
1302490634197049345
1302490578400182273
1302490542081806336
1302490518971207680
1302490426272866305
1302490422409920514
1302490415623475202
1302490396476559360
1302490190716514304
1302490071694794752
1302490001108881415
1302489999758315521
1302489958188560389
1302489829683400706
1302489828550938624
1302489809097760769
1302489733067673601
1302489719314558976
1302489718597312512
1302489542193221633
1302489495141523457
1302489463814328322
1302489430930980864
1302489341537792001
1302489271874486273
1302489262126964736
1302489235488997377
1302489222876626947
1302489188928020480
1302489174122156033
1302489150596231169
1302489136473964545
1302489057738592256
1302489027732541440
1302488920404492290
1302488662777753602
1302488611208790016
1302488588710547457
1302488535371571200
1302488531357650947
1302488354181783552
1302488241149554689
1302488156349095936
1302488087243771904
1302488079425581056
1302487915273093123
1302487716324667392
1302487676717854722
1302487565891764224
1302487412187201537
1302487360060502021
1302487296378318851
1302487286374977537
1302487282423824384
1302487175322374144
1302487138274095105
1302487121631031296
1302487120217546752
1302487103448788994
1302487049593905152
1302487048042024960
1302486974188720128
1302486965514907649
1302486903447584768
1302486901992157184
1302486877988151297
1302486872808189952
1302486871222738944
1302486796190834688
1302486753975119875
1302486749906710528
1302486699918929920
1302486655895564289
1302486654477893633
1302486617534406656
1302486616011923463
1302486480141549569
1302486357315670016
1302486259768623105
1302486213228670977
1302486160380514305
1302485796071583745
1302485584942858241
1302485569088434176
1302485565661745152
1302485513560096768
1302485236887040000
1302485228800430080
1302485222643171329
1302485173003595782
1302485000835694594
1302484849941458945
1302484844514095104
1302484672040128512
1302484659280936960
1302484597926760448
1302484555132268545
1302484543941865473
1302484538015264768
1302484501956890624
1302484500312666113
1302484235866050560
1302484206153498625
1302483962925854724
1302483883070574594
1302483840955539456
1302483757463736325
1302483477695270912
1302483429863219201
1302483361483624448
1302483358803546113
1302483288318246912
1302483131044450304
1302483127273742336
1302483051633614849
1302482969043632128
1302482886839463936
1302482864349614080
1302482757646516224
1302482755645833223
1302482567032119296
1302482534635274240
1302482382340206592
1302482231982804992
1302482113074262026
1302482032627507205
1302481865778106369
1302481809322553345
1302481738116067328
1302481616070213633
1302481590182965249
1302481496150888448
1302481476508844032
1302481419076157441
1302481347773161478
1302481313052663808
1302481196983689216
1302481184518295552
1302481131464466434
1302481044969607169
1302480979290980353
1302480896935813122
1302480883560181760
1302480847258497026
1302480794825437184
1302480776299192320
1302480765352112129
1302480740177805315
1302480673232564224
1302480625123893249
1302480578642665472
1302480541216911361
1302480497885544451
1302479913426063360
1302479883872894979
1302479872233811968
1302479862393962497
1302479800125337600
1302479796325187584
1302479736258662400
1302479718302846976
1302479649415614464
1302479622865641474
1302479477939810305
1302479442502184960
1302479322540892161
1302479304652140544
1302479102918766592
1302478904683384833
1302478847171067905
1302478806700130305
1302478485529780226
1302478483763990528
1302478206088380417
1302478188598169600
1302478134059692032
1302478125419450368
1302478054544093184
1302477424521867264
1302477220703801344
1302477147265789952
1302476575150137345
1302476474499375104
1302476128083415040
1302475943546621953
1302475873262731265
1302475593804648450
1302475555162525696
1302475553463730176
1302475415714496513
1302475201599471617
1302475047920168960
1302475038487183362
1302475029171572741
1302475014512480258
1302474766964621312
1302474680792686593
1302474498722197504
1302474498344726534
1302474366094110720
1302474354673029123
1302474060572643328
1302473400561152000
1302473190040576000
1302473125687427073
1302473052752576512
1302472989896773632
1302472981684334592
1302472964487753728
1302472560274178049
1302472481534554112
1302472365633347586
1302472085885857792
1302471681756270593
1302471259108892675
1302471213344854017
1302471177647120384
1302471087456911366
1302471083010994176
1302470870254878721
1302470737589137413
1302470509335019525
1302470506835255302
1302470252886994944
1302469268714524673
1302469112191430658
1302468965684383744
1302468775355330561
1302468488947171331
1302468462590210048
1302468039544385536
1302467709251264513
1302467584953118720
1302467425498210309
1302467118693310464
1302466955383844865
1302466395561693186
1302466209041076224
1302466025749983236
1302465766655168514
1302465710044610560
1302465615169490947
1302465210373083141
1302465076478324738
1302464932487856128
1302464699833946112
1302464580933820416
1302462824220971009
1302462450495819777
1302462299534438400
1302462297672212485
1302461928879521794
1302461915583713281
1302461873451917312
1302461765935149057
1302461227986292736
1302460700141514754
1302460678435934208
1302460096744693760
1302459941698011136
1302459230511865861
1302458722409689089
1302458325087522816
1302458185295552513
1302457967422382085
1302457769421926401
1302455006386368512
1302454424485400576
1302454391744716800
1302453611612471297
1302453412936777728
1302452724441788416
1302452028464136193
1302451777258872837
1302451622359044096
1302451259228786688
1302450216235347970
1302449382885937155
1302449211254943745
1302448992253607938
1302448867124957184
1302448512613965824
1302448217636966400
1302447734990008320
1302447448095420416
1302446609171722240
1302444913435566087
1302444781876981761
1302443725092802561
1302443646394957827
1302443586735214592
1302443196392321025
1302442892695351302
1302442719483174912
1302442336044154880
1302441618113540096
1302441225853730816
1302441073688674304
1302439382968864769
1302439289591083010
1302438537082667009
1302437900697600002
1302437530005053447
1302437472425648129
1302436666632798208
1302436665936543747
1302436664871092226
1302436664325926912
1302436663407398912
1302436086598324225
1302436034521767936
1302435926484938752
1302435401278337024
1302435317102780417
1302434806840676352
1302434739375108096
1302434713026560000
1302434607254642688
1302433953031258118
1302433738840846337
1302433377455403008
1302432582727065602
1302432550510616576
1302431834782007296
1302428639175245824
1302428571873484800
1302428520052916224
1302427646240993280
1302427383769845760
1302426668808777728
1302425215948001281
1302425214932971520
1302424589100879872
1302424186128867328
1302422800901304321
1302422792034369539
1302422732274118656
1302420212457910274
1302420130698334209
1302419253598003208
1302418625236742144
1302416368470577153
1302416207782588419
1302416182058852357
1302415068374675456
1302414534947282945
1302414276519514118
1302413176131158016
1302412924821164032
1302412814867476482
1302412605936541696
1302412530816557057
1302411428222177282
1302411419497967616
1302411393061265409
1302411360765186048
1302411228506214405
1302411113699696640
1302410967318499333
1302410687478665216
1302410504929910785
1302410461292494849
1302409585387601926
1302409258554855424
1302408682572066816
1302408625269493760
1302408624711569408
1302408624141197312
1302408623549800448
1302408622799020033
1302407596335419394
1302407590920552448
1302407209272438785
1302407044079792130
1302406708984193024
1302406358302691328
1302405446603542528
1302405193192046592
1302404810172510214
1302404666316255233
1302403400882061313
1302402860899069952
1302402574075793410
1302402300254867458
1302402130809061376
1302401626121142274
1302401555807830022
1302400963798593536
1302400960619315204
1302400932530053120
1302400859654033409
1302400502055960576
1302400410272100357
1302400208324702208
1302400038442799105
1302399795550658561
1302399680299577347
1302399431774478337
1302399411465711616
1302398955817402371
1302398310838423558
1302397998287249408
1302397284601208835
1302397183090724870
1302397136512966656
1302397127683969031
1302397024210427904
1302396862062833664
1302396560215597056
1302396519614644231
1302396382389481472
1302396276160565251
1302396165741309956
