1304932692195266561
1304932505968148484
1304932346014117888
1304931927632359435
1304931549733847042
1304931460290314249
1304931393789661187
1304931295458459651
1304931096329625601
1304930569617313792
1304930414314885120
1304930398674341889
1304930228322611201
1304930022529040388
1304929551127060481
1304929477538000897
1304928015013601290
1304927942670192646
1304927939922808832
1304927871689920512
1304927830673948672
1304927787963224065
1304927648142053383
1304926905288753152
1304926903153770496
1304926792654958592
1304926743594258432
1304926651239862272
1304926210183569408
1304925954632945665
1304925863708962819
1304925780535771136
1304925380176998401
1304924909509005313
1304924605933649924
1304924428829159426
1304924355961540609
1304923694649798656
1304923663964278784
1304923261764014080
1304922964639600641
1304922826160439296
1304922658618957825
1304922603379884033
1304922355458879488
1304922317794009088
1304921847037857792
1304921544053985280
1304921477427404800
1304921355197059072
1304921257553661953
1304921131372118017
1304920989143359490
1304920814970642434
1304920702999564288
1304920396546924548
1304919837408481280
1304919730801856516
1304919723981918209
1304919682428948480
1304919571485331458
1304919511443935232
1304919456485912577
1304919226533253121
1304918508027940864
1304918324225150979
1304918195795566592
1304918192452759554
1304917914277928960
1304917900671832064
1304917746027769856
1304917571968303104
1304917244183535616
1304916950158659585
1304916811008311296
1304916787142811661
1304916622621188097
1304916240016846849
1304916097062363143
1304915983153483776
1304915981354049537
1304915823384031234
1304915551207260160
1304915128211697665
1304915082820890627
1304914898091225090
1304914614086520832
1304914442686271491
1304914098661068802
1304913945833209857
1304913653829902337
1304913295749591041
1304913185116479489
1304913077360644099
1304913036763856897
1304912589068161024
1304912393433214976
1304912308347564038
1304912293176791041
1304912255478267905
1304912248486473729
1304912001538326529
1304911932126789632
1304911692078428166
1304911540961894401
1304911446388748289
1304911366097170440
1304911291388174337
1304911274053165058
1304910805423607809
1304910736070762497
1304910722942541825
1304910629850025990
1304910620198866945
1304910604000473089
1304910437511843841
1304910209287151616
1304910145659588609
1304910082556256256
1304909903853760514
1304909854658768896
1304909832672219136
1304909738195521536
1304909702539739138
1304909587741638657
1304909562370293760
1304909547472125954
1304909243322163201
1304909239526318080
1304909178947940352
1304908598330490880
1304908400510341124
1304908366242820098
1304907905620226050
1304907828411465732
1304907739680956421
1304907395110522882
1304907183423881216
1304906984295104512
1304906823749767169
1304906812978855937
1304906769425203200
1304906616110813184
1304906530580561923
1304906425022504960
1304906399231741952
1304906394584444928
1304906157765652480
1304906058167615488
1304905803586048001
1304905689643573254
1304905542209601537
1304905520848003073
1304905494847516675
1304904600424677378
1304904482011131905
1304904234761179144
1304903878169821187
1304903652709224448
1304903192816291841
1304902985940635650
1304902959185133569
1304902736736067584
1304902633329655809
1304902617093545990
1304902611150213123
1304902579143544832
1304902354815332354
1304902095997472768
1304902086459564032
1304902023406669824
1304901943433801728
1304901739200557061
1304901544387792896
1304900983965835264
1304900979419160577
1304900962939793409
1304900489222467584
1304900302848565250
1304900277976420353
1304900067174776833
1304900040717209600
1304899760164409346
1304899752941813760
1304899694410321920
1304899582808252417
1304899530530402304
1304899518404714498
1304899510343262215
1304899483667496960
1304899416382464001
1304899319263375364
1304899078468313094
1304899024986820611
1304898836528234496
1304898676096147463
1304898623453495299
1304898515404021760
1304898435565465600
1304898425218043909
1304898391734988800
1304898347761836032
1304898176156131330
1304898043783806977
1304898008966987778
1304897796630290437
1304897731958366208
1304897725918588928
1304897672030171138
1304897655307407361
1304897633631297537
1304897625330724865
1304897392207187974
1304897286984675328
1304897212112134145
1304897049486393345
1304897037956198401
1304896924944863232
1304896775673843713
1304896765892726791
1304896683638226950
1304896669528535041
1304896647026167809
1304896508387618816
1304896399620874241
1304896388967411715
1304896366875992066
1304896315998994433
1304896193223438337
1304896189557542913
1304896144259112967
1304896003112398848
1304895889279012865
1304895784492634112
1304895749784825856
1304895682424209409
1304895564904124423
1304895510776610816
1304895472100933632
1304895388764299264
1304895367557910530
1304895364244406272
1304895290865000449
1304895133486383106
1304895118768472071
1304895083435757572
1304895076263514117
1304894949545185282
1304894823263088648
1304894779633864705
1304894672238772225
1304894649631494145
1304894615976390657
1304894557998313472
1304894553321857024
1304894400791797760
1304894333078908929
1304894278171275269
1304894268008550402
1304893984976797698
1304893892769316865
1304893767959408645
1304893673763672066
1304893623964766208
1304893616658288640
1304893564409634816
1304893406078996481
1304893399904989184
1304893262063448064
1304893234762715136
1304893120744771589
1304893058115305474
1304893052679598080
1304892951408111619
1304892801818136576
1304892667780890625
1304892643785297925
1304892609635266562
1304892607789752320
1304892607009632266
1304892606346862592
1304892604472086529
1304892603289210882
1304892599002697733
1304892547433664515
1304892283934986240
1304892136257548288
1304892009233240064
1304892009191272453
1304891912659382274
1304891784775032832
1304891599432933377
1304891570110500878
1304891554021158912
1304891383157841921
1304891298202161152
1304891297464020992
1304891296847409153
1304891296272834560
1304891295656222720
1304891295102533646
1304891294062346241
1304891257970450438
1304891252819800065
1304891236009095169
1304891083474767873
1304891037723303936
1304890952927117314
1304890941355028482
1304890881225392130
1304890803936997384
1304890803920220161
1304890724438212608
1304890487728484352
1304890415523524613
1304890240402960384
1304890169317875712
1304889954753970176
1304889836021723141
1304889807844397056
1304889680660488199
1304889631285018624
1304889415240622080
1304889268985376769
1304889206435721216
1304889152064950273
1304889124051189760
1304889004224061449
1304888810325639171
1304888777828114432
1304888773369626624
1304888420905431046
1304888390156943364
1304888158115561475
1304888014397739009
1304887972391682056
1304887939260911618
1304887858113712128
1304887448879738884
1304887348791046149
1304887255333580801
1304887148353642502
1304887063741857795
1304886884712226816
1304886786821414913
1304886786641080321
1304886626498293761
1304886385892040704
1304886261514149889
1304886237174681601
1304886212898025472
1304886204085817351
1304886047676018688
1304885948568788992
1304885865026646022
1304885836782211074
1304885713217953795
1304885646868320256
1304885632972460032
1304885618913280000
1304885513569042439
1304885481579085826
1304885452651081731
1304885395008761858
1304885278243540992
1304885256357580800
1304885216452935681
1304885127827386371
1304885092809150471
1304885052749291520
1304885022248390656
1304884703028281345
1304884631011983360
1304884611068108803
1304884515148640257
1304884436186673155
1304884368230490112
1304884241965232134
1304884115192393728
1304883727139508224
1304883685947252737
1304883669421699072
1304883624672727040
1304883611129217024
1304883384339042305
1304883357352898562
1304883267913551873
1304883244513529857
1304883239782416388
1304883217992953862
1304883117124182021
1304882960286572558
1304882933564608514
1304882852027346944
1304882612331257858
1304882591267512320
1304882578659344384
1304882537647529990
1304882523617611777
1304882503526817793
1304882465669099520
1304882395368304647
1304882312191111170
1304882293006307329
1304882260248875009
1304882161674317825
1304882092355055618
1304882068749512705
1304882052433612804
1304881904500510720
1304881901761712128
1304881833809711106
1304881704931385345
1304881595946536962
1304881592033325064
1304881566787788805
1304881528342818819
1304881238088593414
1304881132136169473
1304881114893496321
1304880948991995904
1304880934429364225
1304880838291709953
1304880601099579392
1304880407666597889
1304880200019316737
1304880026089910273
1304879923887321088
1304879874331553795
1304879827443421185
1304879663051874307
1304879661806235652
1304879627165478917
1304879374823456769
1304879082291761152
1304878903652159491
1304878882877829120
1304878621874704386
1304878536365400064
1304878476797845504
1304878233477722112
1304878201613815808
1304878180315131905
1304878137193398275
1304878077189775368
1304878056234983425
1304877933337739264
1304877765129375745
1304877752517103617
1304877718656495618
1304877644643786755
1304877537852612609
1304877444856414208
1304877403697807365
1304877363411464193
1304877273674395648
1304877253029965830
1304877222109552642
1304877100177018883
1304876804759580672
1304876694965301248
1304876376944717824
1304876350440976386
1304876292752519168
1304876203283800066
1304876100737290246
1304876094579978240
1304875999868391424
1304875977160392706
1304875832565956609
1304875772000247808
1304875743596470273
1304875547286286337
1304875455087026176
1304875371272253448
1304875357225521154
1304875331669630978
1304875188220301312
1304875114836754432
1304875008620142592
1304874970951155718
1304874887618670596
1304874754378211330
1304874680445210624
1304874650476908544
1304874630570749952
1304874594915028994
1304874577076641793
1304874569258414080
1304874532252024832
1304874523616043017
1304874337925824512
1304874214856458240
1304874138553716736
1304874047285735429
1304874028188999680
1304873974308974592
1304873875075989510
1304873807421857795
1304873781379432449
1304873600638488577
1304873142880481283
1304872994800578562
1304872989717155840
1304872890999939073
1304872570248978435
1304872510966706177
1304872455014617088
1304871961974235137
1304871956186005506
1304871573531373570
1304871407264858112
1304871299320344579
1304871176834101250
1304871013319086080
1304871005752635392
1304870816828592129
1304870810482610177
1304870790433824772
1304870764647247872
1304870727787708416
1304870705755033600
1304870665271549952
1304870479866589185
1304870290548293633
1304870262144409601
1304870213259796482
1304870065024704515
1304870010159009792
1304869751911579654
1304869394439458816
1304869364261363712
1304869327733096448
1304868995527520256
1304868814564274180
1304868587878916096
1304868535542349826
1304868535160758272
1304868480286687233
1304868440864444417
1304868068926070786
1304867971093934081
1304867793003831297
1304867591186415616
1304867489290088448
1304867353520410629
1304867326874071040
1304867233622110208
1304867222184169480
1304867114411610112
1304867107579072515
1304867035902627848
1304866971964538882
1304866866893070340
1304866825373614082
1304866625817063425
1304866367661891585
1304866237663641612
1304866173281075200
1304865962039169024
1304865941591916545
1304865886289956865
1304865704710148101
1304865685160579074
1304865668488146951
1304865629518864390
1304865598766231552
1304865497947795457
1304865422697738242
1304865331542986754
1304865106132709378
1304865033332183041
1304864922879361035
1304864767648108545
1304864648894836737
1304864564396339200
1304864487183454208
1304864427590770690
1304864339027951616
1304864254529544192
1304864159981547521
1304864050694807557
1304863976086528001
1304863894607929350
1304863853730238465
1304863844708356097
1304863838932738049
1304863837632344064
1304863775716241408
1304863758720864258
1304863667905794048
1304863653821386752
1304863489488543749
1304863380935770115
1304863254993399809
1304863167269556225
1304862990362177537
1304862943268483078
1304862690729435137
1304862583938310145
1304862561536532480
1304862265158627334
1304862214931845121
1304862194086096896
1304862175371067402
1304862172833607684
1304862157507645441
1304862123080798208
1304862119800778752
1304861866754297858
1304861854347472896
1304861650890223621
1304861356726915076
1304861303274643457
1304861302897152006
1304861277999771648
1304861275957211138
1304861221397688321
1304861116233908224
1304860947278974976
1304860918212374531
1304860896515194880
1304860884288839683
1304860769171968002
1304860678856024066
1304860481677598720
1304860443865907200
1304860405672685568
1304860373741432833
1304860343861161984
1304859895510990851
1304859834408415232
1304859810421239815
1304859783376392193
1304859493617086465
1304859244173430786
1304859230202200070
1304859151261208582
1304859042687471620
1304858825326047235
1304858717528129538
1304858644786405377
1304858499181146112
1304858371888160770
1304858190874632192
1304858085136138241
1304858016794189824
1304857915694686211
1304857821855518722
1304857719363469313
1304857669099048961
1304857647359893506
1304857596206219270
1304857454489071617
1304857438475165696
1304857332489351169
1304857310158680064
1304857208023285765
1304857202239459330
1304857108580642821
1304856972710338560
1304856898353627142
1304856883786899456
1304856874722963456
1304856834713546756
1304856820826112001
1304856820771704833
1304856737703505921
1304856561479831557
1304856484891766784
1304856307262992386
1304856242494599173
1304856192980840449
1304856165763952640
1304856036906594305
1304855990723055617
1304855876562542592
1304855843121385473
1304855763077287938
1304855572710395909
1304855492435550210
1304855420402577409
1304855353360814081
1304855326005563399
1304855020899364866
1304854977047916546
1304854945208860673
1304854919162327040
1304854796986462209
1304854780846706691
1304854757866119168
1304854753730588673
1304854690220453888
1304854676656082944
1304854660554031104
1304854640421371904
1304854580354834432
1304854346253963270
1304854341413679109
1304854295813263360
1304854295536427010
1304854183649124353
1304854154754564099
1304854071011049477
1304853925493903361
1304853903238979586
1304853851929968642
1304853795109707776
1304853775199490049
1304853748603387904
1304853720354742272
1304853718211407872
1304853666810269696
1304853481723920384
1304853462656655360
1304853459334762496
1304853373594763264
1304853314937462784
1304853107185246208
1304853051027664899
1304852988461277184
1304852953329786886
1304852928625356800
1304852804838846464
1304852777223499776
1304852695149355012
1304852667701907457
1304852664954519552
1304852627679838209
1304852383395127303
1304852293246910465
1304852169024253952
1304852164888719362
1304852162812538880
1304852151676567552
1304852115102277634
1304852114183684096
1304852007950352385
1304852001629536256
1304851859576958977
1304851838504701959
1304851751699390466
1304851677414133760
1304851674167676930
1304851052450197504
1304850889530802176
1304850845691977729
1304850563444682752
1304850487888486405
1304850304672976901
1304850225429975042
1304850180047613954
1304850100905275398
1304849928095662084
1304849888048566273
1304849861502734337
1304849792640614401
1304849597567832064
1304849443594924034
1304849415363010560
1304849347025268742
1304849312443179015
1304849159422443520
1304849120876793857
1304849070448668672
1304848977175678978
1304848761957515270
1304848585989722114
1304848492838477825
1304848322688147459
1304848261048664065
1304848256141340674
1304848233739542535
1304847865227993089
1304847603402768387
1304847490441764865
1304847482627686400
1304847433491505159
1304847385441587200
1304847164158423040
1304846976794718211
1304846871496667137
1304846824457613314
1304846568143683585
1304846553216057345
1304846464120750083
1304846165545025538
1304846070237868032
1304846048741986306
1304845997407952896
1304845985235992580
1304845763290312704
1304845512038854658
1304845481328214016
1304845423610392577
1304845406883459075
1304845159373443072
1304845077777448962
1304844834008698882
1304844521914667009
1304844514348195840
1304844434178224128
1304844323582861318
1304844279140016133
1304844277592317953
1304844204477165573
1304844169026981888
1304844098755596290
1304843987744968706
1304843941787963397
1304843939674050560
1304843711067688960
1304843652204818432
1304843561951780868
1304843460411895811
1304843161458573316
1304842916867833856
1304842800790413316
1304842568094674944
1304842567515860992
1304842545009233922
1304842363907567616
1304842335495356416
1304842318873321474
1304842240599171072
1304842224329469952
1304841991033950208
1304841373548531712
1304841313221783553
1304841293345030146
1304841272440614914
1304841205113643010
1304841145608998913
1304841082853875712
1304841073395732482
1304841068614164480
1304840937097646081
1304840778867453954
1304840709812486149
1304840453133676545
1304840443499290624
1304839807684800513
1304839666932350979
1304839512489693186
1304839356981612544
1304839315097366529
1304839225276354565
1304839211372220418
1304839163930390529
1304839058947035137
1304839029557518344
1304838922825084928
1304838904143589376
1304838795553124352
1304838739626205187
1304838723163639810
1304838539905990656
1304838538475827203
1304838534327685120
1304838514798923779
1304838431265226753
1304838359395729411
1304838350885486592
1304838307529068546
1304838272410148866
1304838122967126019
1304838099541921794
1304838047364796421
1304837973113008130
1304837840270954499
1304837781055774720
1304837763104153601
1304837668392636418
1304837597039128577
1304837448598466561
1304837447919054848
1304837447306616832
1304837446354513920
1304837444131528705
1304837443464687618
1304837440092491776
1304837362032300038
1304837359163322369
1304837253391355909
1304837230985347072
1304837222735187969
1304837215051296769
1304837189201793024
1304837059971035137
1304837059039944704
1304837056280113152
1304837015842717697
1304836976688889856
1304836859881717760
1304836843364659200
1304836830580408321
1304836771277045760
1304836735197687808
1304836543866187776
1304836514896130049
1304836408880791553
1304836383819923464
1304836271580295168
1304836179674750976
1304836179041411073
1304836178479382528
1304836177896366082
1304836177149808640
1304836176566779904
1304836175937572864
1304836175040049152
1304836137551364096
1304836090864570370
1304836033398345728
1304835958974672897
1304835948832854016
1304835755144028160
1304835546448097282
1304835539514920960
1304835463119810560
1304835063817867264
1304834928627023872
1304834835278630912
1304834825354989568
1304834747110129665
1304834622962966528
1304834471309475840
1304834066013921283
1304833917523034113
1304833861386407937
1304833820877873154
1304833514869850112
1304833469038690307
1304833454811611136
1304833421198458881
1304833384447913984
1304833361085706242
1304833344790765568
1304833142503608323
1304832965545988096
1304832750919319554
1304832704010125313
1304832642639106051
1304832622502313984
1304832546929344512
1304832437994823681
1304832430424154115
1304832424745095170
1304832420701786112
1304832257807601664
1304832193513095168
1304832104472219649
1304832101137690624
1304831929125089280
1304831710182375425
1304831655300026370
1304831294468239362
1304831138213646338
1304830994135089159
1304830950992424960
1304830917983301635
1304830824425099264
1304830766090784770
1304830723375931392
1304830675703521281
1304830535332761606
1304830480244764673
1304830282361696257
1304830155823755265
1304830137079394305
1304830003088101378
1304829911593635840
1304829885530148865
1304829880585129985
1304829754433040386
1304829701484171264
1304829658735800325
1304829624153763844
1304829612128718849
1304829401595600898
1304829219999023104
1304829163107430407
1304829138524667904
1304828905166172160
1304828831501516802
1304828805215916035
1304828781857837057
1304828773452386304
1304828761364463617
1304828721824772096
1304828708222644224
1304828410741563394
1304828309205929984
1304828205396713473
1304828089868980227
1304828065437155329
1304828017466896386
1304828013993885698
1304827996289880070
1304827951402291200
1304827901012070402
1304827854652309510
1304827808292667393
1304827775447191552
1304827761006174212
1304827750830702592
1304827704429158405
1304827677396869122
1304827648640716801
1304827577551466496
1304827514284642305
1304827483053842439
1304827402263166977
1304827363323191304
1304827317903126529
1304827246457348098
1304827114001240065
1304827109421051904
1304827108380868609
1304827015737081857
1304827015422410752
1304826922602463233
1304826821842735106
1304826784001798145
1304826733363953679
1304826609837527041
1304826424524668930
1304826357181042690
1304826347597049856
1304826308065722369
1304826284858650624
1304826203094888448
1304826062585704450
1304826051101589507
1304825914690240512
1304825914136694787
1304825891009200130
1304825777851072513
1304825737476800515
1304825730170318851
1304825729524301824
1304825678123147264
1304825665993179138
1304825603401621504
1304825559768346626
1304825517909192704
1304825297968209920
1304825275532734465
1304825275276902400
1304825274308022278
1304825274048020485
1304825225067089921
1304825118867304454
1304825053822017536
1304825033454387202
1304824989548511232
1304824958707798016
1304824797956890625
1304824445694025729
1304824372704804865
1304824210532040706
1304824195608727554
1304823961277140992
1304823924111413248
1304823615431610370
1304823569696907276
1304823350259220482
1304823350037020673
1304823346648027140
1304823269061689344
1304823078116118529
1304823018024251396
1304822847857192965
1304822772401680390
1304822707884888065
1304822667611054081
1304822593086607360
1304822453231812609
1304822410831593474
1304822406498918401
1304822350492381184
1304822258788118528
1304822098951634951
1304822061441912837
1304822017288536065
1304821992131043329
1304821963924205570
1304821852225916932
1304821815248924674
1304821786115297280
1304821685250658305
1304821484377047042
1304821272598241281
1304821104570232832
1304821080016723969
1304821040107917314
1304820977679953920
1304820956272234501
1304820930267488260
1304820891323334658
1304820799078096897
1304820798381789187
1304820782187515905
1304820451781246976
1304820439114547200
1304820385465147394
1304820371926003713
1304820254833553410
1304820225016320003
1304820212802387971
1304819945709228035
1304819877891510272
1304819874175365120
1304819851173691392
1304819851085647875
1304819849747746817
1304819849705783297
1304819830164525058
1304819614195609604
1304819568003690497
1304819561720688640
1304819561615818754
1304819550756761600
1304819529139322882
1304819299664769031
1304819169775570944
1304819097083887616
1304819075009449987
1304819069904920576
1304819022383460352
1304818983644934152
1304818943216046080
1304818914216546306
1304818800802639872
1304818795903680512
1304818589371949057
1304818552759779332
1304818458815877123
1304818458564202509
1304818336740659200
1304818266477662209
1304818225423802368
1304818189260316672
1304818116942344200
1304818039972655106
1304818039230279681
1304818039016361984
1304818014605447172
1304817902462398465
1304817673260367872
1304817638850400258
1304817556553781249
1304817525167976448
1304817515865010177
1304817409702989824
1304817284674977793
1304817196682620928
1304817154622140417
1304817142030839809
1304817100893171718
1304816882176974848
1304816843018960896
1304816810836066317
1304816806155223045
1304816802946592768
1304816781584932865
1304816780599271424
1304816775733956608
1304816736882036742
1304816581348909058
1304816545739296770
1304816529054273537
1304816376222232577
1304816335013244928
1304816234844823553
1304816234576388097
1304816208735240192
1304816071883587588
1304816060961640448
1304816019265990656
1304815816421109760
1304815774163402753
1304815747730939908
1304815725345992704
1304815700570075136
1304815664914477062
1304815577362464768
1304815535545352196
1304815476544081932
1304815400446816256
1304815324160720899
1304815284688125953
1304815276157009926
1304815212969820165
1304815162004733952
1304815112029704201
1304815104890990592
1304815039313051649
1304815017729101830
1304815013559971843
1304815012381446148
1304814973764481025
1304814952012828672
1304814869057884165
1304814846865743872
1304814840603652097
1304814823797133322
1304814737574821894
1304814587968131072
1304814527456968705
1304814510688153600
1304814468556369922
1304814438680326148
1304814427171172352
1304814382120087552
1304814381545463808
1304814380991893511
1304814380392083456
1304814379611889670
1304814241271160832
1304814200192225281
1304814167975747584
1304814109616230407
1304814063579521024
1304814060458962946
1304813965277573120
1304813891080392704
1304813866577211397
1304813659517059072
1304813630278504448
1304813559134724096
1304813495909847042
1304813419397361664
1304813408018149376
1304813405900079104
1304813363374026754
1304813318851485704
1304813158897463297
1304813146050310144
1304813103276851201
1304813097207595008
1304812965762420736
1304812849412407298
1304812789056376838
1304812732676558849
1304812732483543040
1304812729400791044
1304812728826109953
1304812727441993728
1304812723805589505
1304812706277593091
1304812679991881729
1304812678993633281
1304812613864509441
1304812588493090816
1304812465776189441
1304812459295944704
1304812443676413952
1304812265212973056
1304812115589554177
1304812095377211392
1304812083863842818
1304812012678062081
1304811980558139393
1304811915865141249
1304811865835438080
1304811831165440000
1304811720452591616
1304811687170711554
1304811684528361473
1304811641792614401
1304811588776611841
1304811260576493568
1304811222869708801
1304811216209170436
1304811215466754055
1304811179836047361
1304811142674411520
1304811111074672641
1304811090707197958
1304811051494633473
1304811022696550402
1304810949925273606
1304810767804489730
1304810762779590656
1304810739211870209
1304810692005056514
1304810625567272966
1304810558718439432
1304810404389027841
1304810374361944070
1304810322704961540
1304810219676016640
1304810212956811264
1304810167855386626
1304810098871734272
1304810023995011074
1304809995003985921
1304809925370093570
1304809872396091392
1304809800233103361
1304809721665290242
1304809625812971520
1304809621341827078
1304809474302107648
1304809468434227200
1304809434389065730
1304809428282155011
1304809396913016836
1304809283259961344
1304809282257461249
1304809281607413761
1304809281028587528
1304809280382656512
1304809279724097537
1304809279157923841
1304809278105149450
1304809135326855168
1304809051734368256
1304808985833418752
1304808960290062337
1304808915989823490
1304808910205980674
1304808858938937346
1304808797819600897
1304808735844466688
1304808706119553026
1304808613643509763
1304808594219687941
1304808579933835264
1304808498761433096
1304808483880042504
1304808446123028481
1304808364564602881
1304808320356823041
1304808282977165313
1304808240748916737
1304808211028086785
1304808199967715328
1304808097211441153
1304807992622297089
1304807984783032320
1304807850485657601
1304807808660013057
1304807777588609029
1304807769330126850
1304807694767927296
1304807642016120834
1304807617051717634
1304807592292765699
1304807565977694212
1304807552299999234
1304807516119932928
1304807430245801984
1304807426995216384
1304807395084898304
1304807383500193793
1304807377749901314
1304807353544593408
1304807326126411777
1304807248892440580
1304807197608738817
1304807116813873152
1304806985158795267
1304806922219118593
1304806918167425024
1304806711253970945
1304806683982561281
1304806680597860352
1304806622888423424
1304806554412158978
1304806489014415361
1304806484996321280
1304806476528128001
1304806457498628103
1304806453128159233
1304806417174597632
1304806216544157698
1304806213230702596
1304806134071648256
1304806121044168705
1304806113020440578
1304806096742252549
1304806085782646785
1304806066350419972
1304806051708108802
1304806048352608257
1304805994917236736
1304805990798438401
1304805927225262081
1304805915237982209
1304805911974817792
1304805804814598144
1304805716079849472
1304805710551801858
1304805660585005059
1304805618088321024
1304805616662310916
1304805518951800832
1304805504334671874
1304805493119037440
1304805482763292681
1304805481014325253
1304805423262978048
1304805415327338497
1304805410159943680
1304805401804894208
1304805380908814336
1304805367914864646
1304805362323861505
1304805317633548288
1304805306392883203
1304805275044585472
1304805245407682560
1304805241184018437
1304805233701392385
1304805191070429185
1304805119209410561
1304805117019983874
1304805094425329665
1304805060296179713
1304804952733134848
1304804913860538373
1304804905635516417
1304804821128671232
1304804809564991489
1304804773925978115
1304804627095916551
1304804618669617160
1304804412104343554
1304804040241565696
1304804033891311616
1304803984499191808
1304803980401430528
1304803974927855616
1304803891834388480
1304803793868029954
1304803660531200000
1304803646899658754
1304803618718208000
1304803561528864768
1304803547905699841
1304803531174694912
1304803514040946689
1304803400773767169
1304803341835403264
1304803265108946947
1304803233584513024
1304803210020950017
1304803152466718728
1304803152139620353
1304803113912725505
1304803113174470660
1304803110691405824
1304803010514690051
1304802995704606722
1304802989408952321
1304802914846814209
1304802898153533440
1304802807682420736
1304802436331302913
1304802387069153281
1304802340071968769
1304802173965012993
1304802117748752384
1304802080553484290
1304802072458653696
1304802068457304070
1304802049687781384
1304801941021700097
1304801937716543490
1304801858666532864
1304801824344547330
1304801809119277056
1304801764496101378
1304801698326740992
1304801580257026048
1304801563907698688
1304801528063168514
1304801515857641475
1304801401512644609
1304801368683819009
1304801191747096576
1304801182842523649
1304801149296484352
1304801139507048450
1304801130703134720
1304801101942845440
1304801085782097923
1304801064202498051
1304801024700489734
1304800805183160325
1304800763911254016
1304800648748244992
1304800586701910017
1304800485929562112
1304800467415977984
1304800456770826241
1304800438185799682
1304800436340371456
1304800431877619715
1304800365544701952
1304800220539170818
1304800106311495680
1304799935309713408
1304799869736022024
1304799859644522497
1304799830636662785
1304799818003480582
1304799811489726466
1304799799259127810
1304799568001937408
1304799535705845760
1304799458006388737
1304799422593802240
1304799415241191426
1304799373159792641
1304799334156902400
1304799319636271105
1304799270357401601
1304799239676063744
1304799197019992066
1304799068120666112
1304799051443994625
1304798953532088321
1304798953347493889
1304798890168848384
1304798887702597632
1304798782073249792
1304798730785304576
1304798593396637700
1304798430934396933
1304798389591330820
1304798389092184064
1304798354979815424
1304798304631320576
1304798303805042688
1304798249883185153
1304798242161426432
1304798236163690497
1304798205654241282
1304798199127908353
1304798167725223936
1304798083826544642
1304798075991412737
1304797916767322118
1304797903605641216
1304797879614271492
1304797848794472451
1304797846768676864
1304797784474820608
1304797741139271680
1304797736760422400
1304797726534709248
1304797611464044545
1304797547672858624
1304797538705440768
1304797527678562307
1304797521269661697
1304797503624286209
1304797436599308291
1304797429800357889
1304797424549081095
1304797362389385224
1304797360812429312
1304797342986637313
1304797290075500548
1304797272652288000
1304797272530616320
1304797258609758209
1304797185259732994
1304797177252847617
1304797162023391232
1304797161381601280
1304796989272530944
1304796985912950784
1304796985388662785
1304796861845458945
1304796850176880643
1304796845831606274
1304796758288084992
1304796748947378176
1304796715766161413
1304796688364773376
1304796637680865285
1304796570953621504
1304796514150166528
1304796509116956674
1304796128337186816
1304796126898532354
1304796068987785216
1304795993943220226
1304795966676054018
1304795964461527040
1304795920148684801
1304795917221068800
1304795844126937090
1304795843388747777
1304795788158152705
1304795730616422402
1304795704888619008
1304795694000230401
1304795650140393473
1304795648437477377
1304795638996127744
1304795596084183040
1304795554405326850
1304795546675286016
1304795444409757701
1304795370321580032
1304795360385171456
1304795337794740225
1304795294048149504
1304795153228607488
1304795134475866112
1304795100451610626
1304795091979186176
1304795076665782273
1304794906624438272
1304794864379453441
1304794846343966721
1304794829306687489
1304794779730018305
1304794691746095104
1304794683718148096
1304794649064804359
1304794609336438785
1304794598326312967
1304794433737469953
1304794405581271040
1304794404696346624
1304794320789266432
1304794308407681028
1304794285049393152
1304794272143757313
1304794241445527557
1304794222718070784
1304794190677774336
1304794138106310656
1304794131424837634
1304794123480825857
1304794073581191171
1304794047928729601
1304793903409909760
1304793873957478406
1304793824787656704
1304793764830097408
1304793748518449157
1304793674736381957
1304793630398451714
1304793598475546624
1304793590200258567
1304793539662868480
1304793525754748929
1304793448516648961
1304793443831631873
1304793433832329219
1304793374248120333
1304793372918415361
1304793277435179009
1304793271730933765
1304793261513625602
1304793209042763776
1304793153199837184
1304793129111957505
1304793106836074496
1304793106576015365
1304793100758454273
1304793077824081920
1304793073994665988
1304793023222603777
1304793015551172609
1304792958798098433
1304792919354810368
1304792918058766336
1304792910987223041
1304792900530851840
1304792847481278464
1304792842594914307
1304792807136268289
1304792791281696768
1304792786366074880
1304792705059426305
1304792639179456513
1304792613996855297
1304792563350634507
1304792521705492480
1304792496308989955
1304792489635778561
1304792488243331074
1304792485915484164
1304792457742372864
1304792390604120068
1304792304608309248
1304792260966576128
1304792249440628736
1304792219782610944
1304792069198680064
1304792004283502594
1304791949879250944
1304791921265606657
1304791838390390784
1304791837295751170
1304791793209401344
1304791762469351425
1304791760812474368
1304791757977194496
1304791740008853505
1304791732425494529
1304791713681154049
1304791644059860993
1304791558143836162
1304791555983790081
1304791548748595200
1304791518545354754
1304791452338335744
1304791439205904384
1304791337024344068
1304791056337317890
1304791036875739138
1304791018978643969
1304790999126990853
1304790972912541696
1304790966730141696
1304790958484131847
1304790942772277248
1304790924862590976
1304790898228617219
1304790810404089857
1304790798471397376
1304790785309769730
1304790701293678592
1304790693039177732
1304790659241570306
1304790653403049990
1304790652392296448
1304790616489033728
1304790575070224385
1304790571677028362
1304790564274155525
1304790516987555840
1304790509043568641
1304790486109085699
1304790471294754824
1304790470082662400
1304790458669895686
1304790409898582018
1304790401199595523
1304790374188285952
1304790343892840448
1304790335583907841
1304790333000224768
1304790153249132544
1304790129169575937
1304790124773941248
1304790089680261124
1304789998890364935
1304789989331554310
1304789988689747969
1304789967483400194
1304789955399618561
1304789935531208704
1304789863191982081
1304789809320333314
1304789782166474754
1304789750990032896
1304789742232444930
1304789730761076736
1304789693045903361
1304789584316960768
1304789553610448896
1304789511910682629
1304789506407755776
1304789408852385792
1304789383313330176
1304789371552329729
1304789365848027136
1304789352560689152
1304789329722695680
1304789316216983552
1304789303164366849
1304789245119275008
1304789232830091264
1304789209677475846
1304789189943320577
1304789174818607104
1304789134997950464
1304789125422252033
1304788857364283392
1304788814041419776
1304788785297846272
1304788723989708801
1304788715164794881
1304788610068119553
1304788538479837185
1304788508779982849
1304788502136094722
1304788437048930313
1304788418719817729
1304788413980311552
1304788233348354052
1304788187651477505
1304788164855431169
1304788132718620672
1304788074124259329
1304788067358834690
1304788007057326087
1304787935091458054
1304787914807795712
1304787852962811904
1304787852824379399
1304787824030494720
1304787821400666113
1304787809132253186
1304787747840851969
1304787745487769601
1304787723228774400
1304787663107641345
1304787585399652355
1304787435549851648
1304787411453374465
1304787387600564226
1304787315735306241
1304787253504413696
1304787224463056896
1304787147447324672
1304787117424496641
1304787025942532097
1304786996196446208
1304786980530606081
1304786963153793024
1304786813614161921
1304786734694240258
1304786724468543495
1304786708261752832
1304786680818413568
1304786635259863041
1304786581404954626
1304786486043250688
1304786362399420417
1304786329771876354
1304786123533754369
1304786120308334592
1304786097403080705
1304786059453247490
1304786029572956160
1304785960329187340
1304785945959567360
1304785927651430400
1304785851256393728
1304785836328849410
1304785741436911618
1304785702685728768
1304785659480113159
1304785611421777922
1304785595491782656
1304785504009887744
1304785293560684546
1304785242784501766
1304785188761882629
1304785122907086850
1304785112341647360
1304784902253096962
1304784813681934338
1304784694630928384
1304784574522720258
1304784556999016449
1304784486295638021
1304784478523535361
1304784453231878145
1304784439919226890
1304784384671744004
1304784346713329664
1304784310260596737
1304784266639953920
1304784255583686657
1304784254581256192
1304784197043867648
1304784146464673792
1304784091947110400
1304783999919951873
1304783973483270144
1304783849122148352
1304783830985867264
1304783680578244615
1304783619567898624
1304783522717196289
1304783485585031168
1304783453507014657
1304783317724733444
1304783310573441030
1304783262368309253
1304783142394499073
1304783136069267456
1304783011003723776
1304782877712936960
1304782839838367745
1304782800193761280
1304782778228236290
1304782610128949250
1304782588003921923
1304782577350443008
1304782348542771202
1304782263868100608
1304782215113564160
1304782132947095559
1304782068954562560
1304782038780739585
1304781997605367809
1304781926444793856
1304781821587017733
1304781812892397568
1304781783242862595
1304781755896000513
1304781734056284160
1304781608826941441
1304781504996929536
1304781494469222400
1304781457987076098
1304781411593879555
1304781195239206912
1304781174687047686
1304781102331187201
1304780928452046848
1304780921623769088
1304780849334939648
1304780843244814337
1304780803197591552
1304780792414040065
1304780495989989384
1304780412284071936
1304780225176391681
1304780217488211970
1304780107622617089
1304779892433866753
1304779880027041792
1304779857616941057
1304779805615894528
1304779730063941633
1304779615928541184
1304779423258947584
1304779411779186689
1304779401771520003
1304779283227906048
1304779107444699136
1304779100733739008
1304778999202287616
1304778878456664064
1304778761334816778
1304778539544326151
1304778531910684672
1304778515917819905
1304778481012805632
1304778428214804486
1304778372661293057
1304778215320420353
1304778130582896644
1304777967587991553
1304777691837739009
1304777659788988416
1304777636317663233
1304777576897019906
1304777571071123460
1304777538678423558
1304777488174854147
1304777462916804614
1304777415739273216
1304777361938886663
1304777096099700736
1304777073106575360
1304777062889201664
1304776972606885889
1304776944228143106
1304776873797447680
1304776777181597703
1304776685229879299
1304776682235138050
1304776620658618369
1304776533098352642
1304776528362905608
1304776522881011713
1304776280668282883
1304776257020846081
1304776177358450688
1304776168848134144
1304776070751760384
1304775994331598848
1304775992125403137
1304775789515362310
1304775661127700480
1304775490620796929
1304775431544025088
1304775430298365952
1304775381761830920
1304775210529361924
1304775151536558081
1304774935768903681
1304774808371109889
1304774807775477762
1304774686920904704
1304774631308562436
1304774588824420352
1304774568607969280
1304774357282099201
1304774198653583365
1304774197361680386
1304774161315835904
1304774015349854209
1304774013122682880
1304774006973894656
1304773955073576964
1304773887335563264
1304773578311847938
1304773481129816064
1304773481096192000
1304773460187635712
1304773427815907334
1304773400712409088
1304773371562000384
1304773166116605952
1304773149863473160
1304773062416461824
1304773007118864385
1304773000617754627
1304772954174173184
1304772941209579521
1304772900474564608
1304772604016955393
1304772442825674752
1304772321736118273
1304772292921221125
1304772253901639682
1304772172666335238
1304772172443987974
1304772170854395905
1304772134598774794
1304771837537193986
1304771825231114240
1304771791592861697
1304771763713253376
1304771662701879297
1304771326750724096
1304771279623512066
1304771265664823297
1304771171557105664
1304771058046775298
1304771053856739330
1304771019136172032
1304770921367064576
1304770856359526406
1304770855721930752
1304770714151645184
1304770625601523712
1304770476791730178
1304770428133613568
1304770407732576257
1304770073421385729
1304770072507015168
1304769976130297859
1304769932371128320
1304769870924578816
1304769719581519872
1304769713143152646
1304769605764886538
1304769531563388930
1304769514173800448
1304769485509976065
1304769447203418113
1304769292802699265
1304769241758007296
1304769112602796032
1304769105153720320
1304769082894561281
1304769044197847041
1304768801335017472
1304768780954992640
1304768689837932544
1304768679360499712
1304768667587170307
1304768650356895746
1304768606723543040
1304768601430331392
1304768576985927680
1304768556035436544
1304768468642869248
1304768462691201024
1304768446589276161
1304768432441827330
1304768432269914113
1304768285276278785
1304768262572568577
1304768046947540992
1304768022423506946
1304767910137810945
1304767904441946113
1304767821352767492
1304767813509361664
1304767733909790724
1304767723503747072
1304767710006595585
1304767690494619651
1304767651336593408
1304767639496073217
1304767535724793857
1304767500945633280
1304767464820092928
1304767240097738754
1304767231696547840
1304767089476096005
1304766994407927808
1304766980013150208
1304766972148748289
1304766966801068037
1304766940439867392
1304766925831131136
1304766686411751425
1304766652802838534
1304766636944224257
1304766604069265409
1304766577934585856
1304766544203984896
1304766504748167168
1304766501744975874
1304766377081942017
1304766375320326144
1304766363202977792
1304766308937064448
1304766243623391232
1304766173842735104
1304766099838435328
1304766099133739009
1304766086433431555
1304766038744150017
1304766030275923969
1304766009979662338
1304765963104063488
1304765858619809795
1304765819457597442
1304765790084902912
1304765720211984389
1304765611185238018
1304765599948701697
1304765446978244608
1304765325125222402
1304765316795432960
1304765289700233218
1304765244028456961
1304765109890199552
1304765006471458817
1304764963232387072
1304764957523836928
1304764949256863744
1304764934711128070
1304764759909249025
1304764709640572928
1304764649750122496
1304764649674608646
1304764646180687874
1304764568338657280
1304764536763936770
1304764523002425344
1304764522356445185
1304764344211775493
1304764204231135233
1304764152855040000
1304764116003885056
1304764083372253184
1304764078263500801
1304763991898562560
1304763944003874816
1304763890182565889
1304763665636298752
1304763577459519489
1304763547302363142
1304763497650286593
1304763453165522946
1304763447570305024
1304763332243730434
1304763237922222082
1304763161850138624
1304763084301574145
1304763067989995520
1304763023169589253
1304763019763871744
1304762940223041537
1304762801857146883
1304762776615882752
1304762720861016070
1304762577952681984
1304762488123162624
1304762449900568576
1304762443558780929
1304762331210158080
1304762327192010752
1304762281113382914
1304762230773297153
1304762164545294336
1304762159273070592
1304762063940653059
1304762005912461313
1304761978397884416
1304761972953673728
1304761870629380101
1304761859967463424
1304761838236729351
1304761795316457473
1304761789201162241
1304761658422824961
1304761633135366144
1304761632925593601
1304761533189234688
1304761449764597761
1304761359687614466
1304761351391379456
1304761341459214336
1304761334010187776
1304761312988233729
1304761219753140224
1304761210261442566
1304761137850970113
1304761075414560768
1304760893453017089
1304760738205048832
1304760701186191360
1304760520722055169
1304760427818225664
1304760367206273024
1304760329151361024
1304760295269822465
1304760139845492738
1304760070497013760
1304759866519678976
1304759831325298688
1304759783338266624
1304759753512488960
1304759704686653447
1304759702983708672
1304759634637529088
1304759575900491776
1304759560775897090
1304759531038277632
1304759513434779649
1304759198132174848
1304759168419717120
1304759089323487232
1304759056985403392
1304759036198477824
1304758955953000448
1304758836247625729
1304758693813268480
1304758651362648066
1304758604579434497
1304758601848893440
1304758332843065344
1304758175770574848
1304758129628975105
1304758116786098176
1304758087073574912
1304757968953638912
1304757771125043201
1304757581345427456
1304757452752277511
1304757360133574657
1304757194995519490
1304757126385070080
1304757077651468288
1304757066750451712
1304757054209495042
1304757023767244800
1304757013809856512
1304756962589118464
1304756873422405634
1304756861204402181
1304756726311387136
1304756712616984578
1304756679486124032
1304756632224755713
1304756629682913283
1304756380323192832
1304756353559334912
1304756352863084544
1304756328540311558
1304756303294861313
1304756028949647361
1304755964684443649
1304755841078304769
1304755821914607616
1304755755032211458
1304755659171393537
1304755648564023296
1304755570705149954
1304755539251990528
1304755510890160131
1304755499167035394
1304755432829878272
1304755386965209088
1304755293486755842
1304755270304890881
1304755269042343936
1304755211806932992
1304755209642618881
1304755186158702593
1304755108748632065
1304755001668120577
1304754987453632514
1304754922475450368
1304754911750631425
1304754876640104449
1304754863868346368
1304754854720663554
1304754839864463362
1304754720830087172
1304754666723565573
1304754601225265152
1304754538851770368
1304754496367722503
1304754477988274177
1304754429653114882
1304754417649025024
1304754358744240135
1304754335230898177
1304754329744805890
1304754240582299649
1304754203336814593
1304754164577296386
1304754136060252160
1304754133853929472
1304754002823974914
1304753956313276417
1304753873609986050
1304753867679297536
1304753789258412035
1304753711579885568
1304753493132050432
1304753256938246150
1304753249577205761
1304753217843200000
1304753210821935104
1304753206422048769
1304753166127423493
1304753097017831429
1304753096854310912
1304753094488731648
1304753094052532224
1304753090885816320
1304753088172036096
1304753014293569538
1304752747376500737
1304752696822562816
1304752695727788033
1304752669618307073
1304752549816397824
1304752548046397441
1304752358786768898
1304752352981848064
1304752267829088256
1304751781168193538
1304751697168936962
1304751642663956482
1304751635806257153
1304751614536810498
1304751528130023427
1304751418411307009
1304751372282322944
1304751192791306241
1304750954722594817
1304750943410573312
1304750824128733186
1304750625020928001
1304750529478905856
1304750524214976517
1304750326235496448
1304750223856726017
1304750215380033536
1304750102095986688
1304750086723899393
1304750009166987265
1304749960446062596
1304749910563094528
1304749814450708481
1304749713187655683
1304749516353146881
1304749499907223552
1304749485805928448
1304749453337923585
1304749357821034496
1304749290275958784
1304749289856471040
1304749270000701441
1304749118414348290
1304749106720649217
1304749103461609473
1304749103277056001
1304749088097927168
1304748984074989570
1304748975115956227
1304748854244446213
1304748773806157826
1304748706814660609
1304748482088050688
1304748449410306048
1304748162687602689
1304747939831611393
1304747429619732486
1304747362540232705
1304747304986062848
1304747215550849024
1304747192201154561
1304747175872692224
1304747134185545728
1304747098282381313
1304746950173040640
1304746704802021377
1304746600527470592
1304746361343160320
1304746293567393792
1304746160280809473
1304746142031376384
1304746125048639488
1304745926439862273
1304745906814812160
1304745880474574848
1304745827303333888
1304745719107072001
1304745713449005056
1304745641420128257
1304745627440631808
1304745424927027203
1304745367897079808
1304745332870348800
1304745295977353216
1304745175089119233
1304745124690374657
1304745118830919681
1304745093824417793
1304745006184435712
1304744863020314629
1304744704827944962
1304744500187803649
1304744342133899264
1304744331350355970
1304744324253577217
1304744293207355393
1304744129696595968
1304744095424876544
1304744041192583168
1304744009399705607
1304743764288831490
1304743637985746944
1304743632038236161
1304743443969773569
1304743354073219072
1304743329398165505
1304743205402009600
1304743190331785219
1304743180437458945
1304743105086787584
1304742945665548289
1304742924576579587
1304742893723283456
1304742891894571008
1304742810923479042
1304742760235372545
1304742731600793601
1304742432458899456
1304742424623935488
1304742334391889920
1304742318331891712
1304742313458110465
1304742305061056515
1304742255115341824
1304742165189398528
1304742010641936386
1304741882518478848
1304741650250506241
1304741521456070661
1304741514610958336
1304741503441530880
1304741270766653440
1304741268979937280
1304741253775593473
1304741162973097984
1304741020068974592
1304740953333399553
1304740761943105539
1304740736181690370
1304740693173317632
1304740521135542272
1304740450629300224
1304740430517547008
1304740315664916480
1304740034977947648
1304740016413904904
1304739928060891136
1304739804467335168
1304739735634575360
1304739575936487424
1304739546228195328
1304739475344556033
1304739445942431745
1304739332167794688
1304739102554759168
1304739040609083392
1304738970060894208
1304738900309573633
1304738873772249090
1304738704418918400
1304738596746821632
1304738535493304320
1304738533182234624
1304738532863471616
1304738476005490688
1304738473119821824
1304738405201436673
1304738321281748992
1304738308694695937
1304738260451766272
1304738237404131329
1304738220144549888
1304738178126032896
1304738155166420992
1304738148300226560
1304738145334890498
1304738139131514886
1304738138758295552
1304738059448209408
1304737942741684224
1304737927000469505
1304737884415627266
1304737872948363265
1304737859761512448
1304737768820690946
1304737747849019392
1304737630945452032
1304737571751317505
1304737530332565512
1304737493829349376
1304737483972923392
1304737480365801472
1304737474284007424
1304737469976506369
1304737468227489792
1304737459947929600
1304737436292046849
1304737433960017920
1304737202090528768
1304736948494442496
1304736922749853702
1304736599901696000
1304736589306900488
1304736399187415040
1304736303569866752
1304736170778202114
1304735936572518401
1304735934034964480
1304735885905342464
1304735852518674439
1304735624205869057
1304735614550659073
1304735574159503361
1304735542358274050
1304735076975083520
1304734837841027072
1304734767481524229
1304734640360611840
1304734511029202945
1304734238395203584
1304734034073989122
1304733991682093056
1304733985059352576
1304733865047732224
1304733862283620352
1304733299613540352
1304733249311211520
1304733229157683200
1304733142717210624
1304733131635859465
1304733016493875200
1304732969135939584
1304732950190317568
1304732927469727744
1304732516411224064
1304732389562871813
1304732267735064577
1304732090597093377
1304731979951284224
1304731934464110593
1304731895217958918
1304731868076666881
1304731859654520833
1304731626144968704
1304731365238136836
1304731196497235968
1304731048350289921
1304731030956408832
1304730989986447360
1304730963528822786
1304730963218436097
1304730808050225152
1304730558396805120
1304730305899769858
1304730297314017281
1304729994489364483
1304729852923252737
1304729519501312000
1304729460076412928
1304729436043042817
1304729338047336448
1304729273861840896
1304729164759662595
1304729092042960898
1304729018843963392
1304728708041838592
1304728693961560064
1304728621857361920
1304728383255969793
1304728353446993922
1304728335289847809
1304728285281161218
1304728262812327936
1304728224841302016
1304728176652939265
1304728166032957441
1304728090782904320
1304727837342040064
1304727753024036865
1304727748385087488
1304727674028466176
1304727426942074880
1304727352497393665
1304727182351183873
1304727168140873730
1304726957955911682
1304726820412108801
1304726713520226305
1304726685019975681
1304726529734250496
1304726502311952388
1304726338734088198
1304726292420493313
1304726241224921089
1304726228843343872
1304726138275721216
1304726027080536066
1304725953512263681
1304725887120814080
1304725257979338753
1304725245950132225
1304725194691555328
1304725010502881281
1304724913022996480
1304724880529776640
1304724813815177218
1304724463347474432
1304724301439029249
1304724236536348673
1304724207520153600
1304724124867203072
1304723844125646850
1304723792036597760
1304723690303578112
1304723551480619010
1304723311792918529
1304723168108609536
1304723076098207744
1304723045790158850
1304723029801533440
1304723009324953600
1304722899245334528
1304722857180762113
1304722809235611648
1304722806417117184
1304722636820353030
1304722569057181701
1304722537738371072
1304722507249995776
1304722459955023872
1304722449733480448
1304722377083965443
1304722356133343234
1304722296968540160
1304722281176981509
1304722152617320460
1304722132967063553
1304722015870504960
1304721981200367619
1304721868813991936
1304721859536134147
1304721810991329280
1304721675112546305
1304721573631471617
1304721528580235265
1304721519747235843
1304721310451478528
1304721236333867009
1304721215882489857
1304721164565196800
1304721084785332224
1304720570341298176
1304720560614768640
1304720528129880065
1304720518432657408
1304720515073019906
1304720481090711558
1304720471397666817
1304720447444070401
1304720420143333378
1304720366212984834
1304720262542299140
1304719870118985729
1304719759884328960
1304719716947292161
1304719659179143168
1304719655819530240
1304719559795118080
1304719536017477632
1304719347789770752
1304719209038065665
1304719160405090304
1304719160325398528
1304719065764814849
1304719019476422656
1304718823636062208
1304718624247230466
1304718138253217797
1304717995621724160
1304717950734217216
1304717816671727617
1304717754407235584
1304717479680368641
1304717400730988545
1304717100834009088
1304716909687042049
1304716738324566017
1304716669827325953
1304716638219104256
1304716631323615232
1304716578030788610
1304716517632815105
1304716368730828800
1304716349663576065
1304716129647177733
1304716100299567104
1304715985400803332
1304715839816585216
1304715790696972288
1304715768567824385
1304715682572128256
1304715623927296000
1304715329319374848
1304715278572494849
1304715153590702080
1304715143620820992
1304715103963623425
1304715043011989504
1304714977727700993
1304714886807683072
1304714861075628039
1304714761020600320
1304714585786777600
1304714551057940481
1304714516068958208
1304714459689164801
1304714442224087040
1304714348611371010
1304714150690664448
1304714086488436736
1304713891981799424
1304713884058693632
1304713870087532544
1304713844288368640
1304713829377507328
1304713808091516930
1304713788055265280
1304713707373682688
1304713619486236677
1304713561005060096
1304713543435128833
1304713542466142208
1304713529883230209
1304713493283844098
1304713394847703040
1304713137753673734
1304713057894051840
1304712950943559681
1304712928562741249
1304712894689562624
1304712634609135616
1304712383127052289
1304712355184553984
1304712070248697856
1304711587849293826
1304711573760548870
1304711520106971136
1304711396849057793
1304711289256767488
1304711199012118529
1304711093881909249
1304710981541605377
1304710959303458818
1304710950147289089
1304710647125610501
1304710600316997632
1304710466850172928
1304710340022874112
1304710291813433349
1304709980508086277
1304709819979440129
1304709819392307200
1304709603897286656
1304709469083967491
1304709421835194368
1304709405993308161
1304709361802059777
1304709138736439297
1304709080309813251
1304709004267057152
1304708994934747136
1304708837337952257
1304708720350420992
1304708710753857536
1304708644001505286
1304708602305941504
1304708275372515329
1304708079573970944
1304707970731778048
1304707791555366913
1304707689319194624
1304707646788956161
1304707466874236931
1304707356928942086
1304707301731901442
1304707162795540481
1304706991181492226
1304706966074413056
1304706857961955328
1304706685202726914
1304706658032128003
1304706599668396038
1304706413474844672
1304706274731360263
1304706239662886913
1304706146348003328
1304706142053044225
1304705902709276673
1304705790192877569
1304705085050630144
1304705078973128704
1304704845212004352
1304704660876427265
1304704598372909061
1304704510246424576
1304704318835130373
1304704234483523584
1304704206725578752
1304704178296627202
1304704157677477888
1304703955281358849
1304703944430620672
1304703757377306624
1304703737777315840
1304703682030772226
1304703532180934661
1304703414266462208
1304703381953544192
1304702771581644800
1304702764266786816
1304702691516579842
1304702682024865792
1304702452579659777
1304702392458448897
1304701686062161920
1304701504851513344
1304701339541348353
1304701294943154176
1304701141347901440
1304700983465959424
1304700897965072384
1304700734156533760
1304700690682478593
1304700600286941186
1304700437178789888
1304700065307648000
1304699751749816320
1304699477761159168
1304699254347362305
1304699135958933505
1304699115222204416
1304699111749320705
1304699007005085696
1304698884258770945
1304698722635460608
1304698696886628352
1304698576979849216
1304698364936810497
1304698343277371392
1304698311954305026
1304698170279186438
1304698155209031680
1304698097444978688
1304697939454033920
1304697862794739713
1304697713859137536
1304697694330462208
1304697476574842880
1304697451832643585
1304697412745863168
1304697383004012546
1304697253752451073
1304697010021425153
1304696970896965632
1304696943025819649
1304696881143046144
1304696850386219009
1304696779703816193
1304696751694262272
1304696418872045568
1304696236587585536
1304695991430459392
1304695979283808260
1304695969024552960
1304695943791611904
1304695834811011072
1304695793790709770
1304695774706622465
1304695754720714753
1304695673217052673
1304695553612283904
1304695501300862976
1304695360326193152
1304695250917576704
1304695053844127744
1304694907727216641
1304694851796168705
1304694830111612935
1304694736347856897
1304694498103111680
1304694293483925504
1304694062696599552
1304693962310115329
1304693197390729217
1304693033984761857
1304692887167340545
1304692837968211970
1304692819764883457
1304692719860682753
1304692588742615041
1304692508186808320
1304692276459966464
1304692101783879681
1304692013091237888
1304691940613554176
1304691912541114368
1304691866672205825
1304691811928223746
1304691478652911617
1304691264068169728
1304691225057001473
1304691213145079808
1304691107746508801
1304690962384510976
1304690726157135872
1304690492010094593
1304690417271795714
1304690314607763457
1304690267967156225
1304690260849373184
1304690231782920192
1304690107698630657
1304689936805888000
1304689912755740674
1304689849530830850
1304689836293586944
1304689733633794048
1304689364849565697
1304689332998090753
1304689314962583552
1304689248856158208
1304689212629815297
1304689086133919744
1304689048745906176
1304688814326263808
1304688810991779842
1304688735846621184
1304688703374340097
1304688682000146432
1304688671292039168
1304688549242044417
1304688540878606336
1304688498155368448
1304688457357418496
1304688419927449600
1304688303258710016
1304688281364373504
1304688100245999616
1304687707524825089
1304687620958584832
1304687615321440257
1304687561621803008
1304687492537421824
1304687410849218560
1304687222940200960
1304687219450540032
1304687175087333379
1304687052429176833
1304686907725578241
1304686907172040704
1304686906148618241
1304686905234280448
1304686904324042754
1304686827673133056
1304686815148994560
1304686803954339840
1304686785239420928
1304686777593147398
1304686638816210945
1304686623225937921
1304686603986759680
1304686579487825920
1304686207713017856
1304686172397068288
1304686079954558983
1304686038321901570
1304685735044354050
1304685662298308608
1304685613124386817
1304685497214808064
1304685300631982080
1304685028992057344
1304684423879831553
1304684318053236742
1304684295794155521
1304683631458295808
1304683489489547264
1304683377929392128
1304683281561116672
1304683123955896320
1304682690705227777
1304682605015633921
1304682168933851137
1304682090563280896
1304681886770487296
1304681820663971840
1304681793799557120
1304681633648386050
1304681557240803329
1304681295570702338
1304681225030979585
1304681159230517248
1304681079232700416
1304681001164169216
1304680990837796864
1304680974610042880
1304680958197719040
1304680603158274048
1304680560644837376
1304680282130350080
1304680236429324290
1304680158419353600
1304679910909378560
1304679815585452032
1304679727081324546
1304679723176517633
1304679671599173632
1304679611050217472
1304679468477362176
1304679464199168003
1304679441742942208
1304679438567825409
1304679425892646912
1304679274759159809
1304679166810492928
1304679073285840896
1304678946383056896
1304678939617566722
1304678883430596609
1304678846676041729
1304678813067026434
1304678777549664257
1304678747518402565
1304678714035314689
1304678609697734656
1304678440612892672
1304678415216324613
1304678409763778560
1304678243061112837
1304678136391622657
1304678099913711616
1304678085455998979
1304678013217447936
1304677945836007425
1304677852877672451
1304677692479098885
1304677662087053313
1304677569372065795
1304677397632102401
1304677345660473350
1304677240492482562
1304677211614609409
1304677186260078597
1304677183626129408
1304677013358288899
1304676785368576000
1304676776317198341
1304676681022611457
1304676677872738304
1304676495076528129
1304676482602741761
1304676372678430721
1304676357327257600
1304676310862659584
1304676254646505477
1304676244265598976
1304676213097725952
1304676192444968960
1304676173889392640
1304676132869070850
1304676125835235328
1304676115382972416
1304676029924077568
1304675814613622786
1304675710997614595
1304675559469875200
1304675229533458433
1304675179663065089
1304675153943633926
1304675150110040064
1304675030694006785
1304674875639033856
1304674439586611200
1304674405860216833
1304674318887145473
1304674303363948544
1304674211475214337
1304674210925752321
1304674158610186240
1304673940304994305
1304673872516714496
1304673686419632134
1304673651900514305
1304673418382639104
1304673139574607872
1304673091067535360
1304672980044259328
1304672946783477760
1304672910414688256
1304672892316192768
1304672879146082304
1304672843456749568
1304672627932438529
1304672558667763712
1304672516288339969
1304672266547081217
1304672124821540864
1304671839470473216
1304671632628346881
1304671631613333504
1304671548314464257
1304671079093411840
1304670594038988800
1304670387435905024
1304670365222924288
1304670341801934849
1304670263708209152
1304670131684020224
1304669936204345344
1304669849231200256
1304669738287673344
1304669640107462657
1304669432007004160
1304669040372322304
1304668997821124608
1304668828228616195
1304668765150482436
1304668659714064385
1304668657113542656
1304668568521510913
1304668185669632000
1304667741840969728
1304667671741505538
1304667665844375552
1304667615248429056
1304667591227650048
1304667549859184640
1304667442082385921
1304667416992059393
1304667350600486912
1304667340886466560
1304667326747471873
1304667310452600837
1304667205410467841
1304667188297699328
1304667161076666368
1304667067413671937
1304666980935438337
1304666187301756931
1304666058909822979
1304665932560703490
1304665929473757184
1304665741917073408
1304665704491294721
1304665555308339200
1304665363997765632
1304665343726694402
1304665341600174082
1304665316543299584
1304665308553252865
1304665112595386370
1304665038855311360
1304664854578499584
1304664809066160128
1304664795774439426
1304664702031720449
1304664696088391681
1304664630615212033
1304664374339133440
1304664146949165057
1304664135402168320
1304663895710281729
1304663878652100608
1304663712721240066
1304663698510938119
1304663507036762112
1304663404024664065
1304663077275734017
1304663018870116352
1304662953233444865
1304662949806702594
1304662933046206464
1304662898522849281
1304662746248736768
1304662714011312129
1304662709028433921
1304662335009812480
1304662247919300613
1304662161587920896
1304662062908534785
1304661995879313408
1304661917630431232
1304661916002983936
1304661873044975616
1304661871312732163
1304661844158754817
1304661783161057280
1304661721357877248
1304661696385093632
1304661630727458817
1304661175427366913
1304661083672784897
1304661060012716033
1304661058318204929
1304661031474601986
1304660963111600129
1304660907084177409
1304660730831163394
1304660642788409344
1304660630067187712
1304660553982509057
1304660424273559553
1304660352853049345
1304660255385817088
1304660185336737792
1304660130567516160
1304660058500993024
1304660047566376960
1304660024065765377
1304659937285595136
1304659917240967168
1304659788400406528
1304659684067078144
1304659680988409856
1304659642446950401
1304659543985737728
1304659540378517504
1304659457226481664
1304658773865312257
1304658524438487041
1304658385451839488
1304658049001500672
1304657711934697475
1304657606661861376
1304657296283361280
1304657255086784514
1304657196920320005
1304656801837785088
1304656618785701889
1304656525454200832
1304656457464455169
1304656118531194881
1304656117193203713
1304655891917090816
1304655660676714496
1304655586051620865
1304655550274301954
1304655515788750848
1304655485682024448
1304655241212841984
1304655160564756480
1304655112493817856
1304654984915550209
1304654947833835521
1304654656665198594
1304654481154551808
1304654055424307200
1304653597305696256
1304653404912914433
1304653122657300480
1304652915865509890
1304652613909131265
1304652569327927296
1304652125260181504
1304652115135148038
1304651940371066881
1304651889817128960
1304651636065923073
1304651596568109057
1304651583830065153
1304651355521515523
1304651223375773696
1304650425052942337
1304650240755208192
1304649640978132993
1304649536284094464
1304649469334630400
1304649416335384578
1304648873533730816
1304648164272533504
1304647899893071873
1304647276112080899
1304646986583416833
1304646556956545024
1304646420981448704
1304646038788231173
1304645922475970563
1304645915316113408
1304645592845611008
1304644665447198721
1304643617722691587
1304642851519827968
1304642480961474561
1304642397603758081
1304641766717612033
1304640768355729408
1304640763398152192
1304640680166404097
1304640628484079616
1304639145390862338
1304638750102818818
1304638440407998472
1304638277513891841
1304638103483752448
1304638043048079365
1304637860113457152
1304636015982915584
1304635928137420801
1304635362724245504
1304634030986539008
1304632084636540931
1304630894884524032
1304630632753049600
1304630072293425154
1304626874405064706
1304626729990983682
1304626588185759744
1304626537677889538
1304626349932507136
1304625187468517378
1304621738026766338
1304621647056560129
1304621197729161219
1304620965100478465
1304620559351902209
1304618833265799170
1304618684816687104
1304616813901291525
1304616206004084737
1304615947223871499
1304612999014084608
1304612756063223809
1304609201596051457
1304607946966523909
1304606732228976640
1304606731692056576
1304606731062915072
1304606730492547072
1304606729687248897
1304606004034834433
1304604297271955463
1304603997844787200
1304601841834041346
1304601100138446848
1304600106935648258
1304599537961652224
1304598978974146560
1304598773298012160
1304597197447725063
1304596676011851776
1304596302102233088
1304596263988604928
1304595378482937856
1304594321530851328
1304594125883428864
1304592238199087104
1304591234061787137
1304590742464204806
1304589567819943937
1304589526002733060
1304588518040244224
1304588517482418182
1304587707998507009
1304585664256782338
1304584990294970368
1304584760442880000
1304584092751736832
1304583627741843457
1304583043261362176
1304582533783474176
1304581615390199808
1304581519437172736
1304580830270947329
1304579686803136516
1304579152306204674
1304578869815635976
1304578687526936576
1304577003547484161
1304576507134857217
1304575232284467200
1304575211287781377
1304574750837141506
1304574585602482176
1304574001021423627
1304573766966620160
1304573286911705088
1304572852109291522
1304572697385603072
1304571505192374284
1304571273750736896
1304570996209471490
1304570492435804170
