1304569826422272000
1304569738467643392
1304569634302156801
1304568348596932615
1304567978000887809
1304567807900823554
1304567638606204931
1304566983938191362
1304566766715260930
1304566655285170185
1304566597185687552
1304566580366450688
1304565984838275073
1304565757129490433
1304565546566983680
1304565346880368640
1304565331613151233
1304565156781928449
1304564582221058050
1304564286279294981
1304563474421477377
1304563270947401731
1304563189208711175
1304563157751431168
1304563079234097153
1304562875038674947
1304562621518155776
1304562018150645760
1304561692953673728
1304561658698792962
1304561629678444544
1304561570010345472
1304561521624780811
1304561413030113280
1304561074495205377
1304560949962117121
1304560406648758273
1304560253284081664
1304558966853242881
1304558874117238784
1304558843876249600
1304557980449464321
1304557545172938752
1304556929461739520
1304556799174094850
1304556592558415872
1304555409957683200
1304555300888948736
1304555211667779584
1304555172429991941
1304554817570955265
1304554274769309704
1304552696955928577
1304552681437048840
1304552340255649793
1304551842731511808
1304551774259478528
1304551456607961090
1304551381332832262
1304551377511878656
1304551084787204096
1304551021071552512
1304550794558148608
1304550656439705600
1304549945874223104
1304549580844019712
1304549416729272322
1304549194783490048
1304548894320320512
1304548168059760641
1304548143686717441
1304548123927347200
1304547813804646402
1304547767612833795
1304547748910370816
1304547678479626240
1304547589283631104
1304547368436740101
1304547241563230208
1304547208533086208
1304547004144668673
1304546985651982336
1304546602565210120
1304546450420965377
1304546375477211137
1304546352383373318
1304546292383842307
1304546291167506433
1304545992906362884
1304545713779597317
1304545654178447362
1304545584624349184
1304545295582113792
1304545232701325314
1304544924893880320
1304544820828999683
1304544693473226759
1304544455731666944
1304544389847547908
1304544290912247810
1304544152001155072
1304544057516056576
1304543922807545857
1304543790343041025
1304543748970381312
1304543709334245377
1304543707946004486
1304543697011453955
1304543626576486401
1304543187386630144
1304542873686355968
1304542494340849666
1304542313318944775
1304542300157227010
1304542295480557573
1304542183639461889
1304542178769764353
1304542114953465856
1304542104245460992
1304541931419176968
1304541763898613760
1304541645707399168
1304541631597731841
1304541580280332290
1304541473749315588
1304541393566785536
1304541350419988481
1304541318950129664
1304541167548280833
1304541118936297478
1304540892787871744
1304540891546349569
1304540731349008384
1304540699145240578
1304540530093764613
1304540227424399361
1304540126383570946
1304540066539360256
1304540026349510659
1304540008163012608
1304539878877736970
1304539798137430017
1304539769435815937
1304539617048367105
1304539603777597446
1304539377830449155
1304539364198887424
1304539333106507781
1304539312848076800
1304539306258726917
1304539251686735873
1304539248473919488
1304539230736125957
1304539096401018881
1304538989987274753
1304538970592870401
1304538858479136775
1304538675443892228
1304538619751862275
1304538483944497153
1304538441141673985
1304538395658551296
1304538319951458306
1304538225441153026
1304538157585772545
1304538104926285825
1304537994095996933
1304537952249360388
1304537811077541888
1304537793578835969
1304537573084336130
1304537539202756612
1304537349246930945
1304537347430780929
1304537040307073025
1304536805111410688
1304536758936371200
1304536694247559175
1304536379200811008
1304536086237057029
1304535927298105345
1304535714357444609
1304535205353529345
1304534986591264768
1304534904290631683
1304534895981727745
1304534761784967169
1304534687583535106
1304534623284867074
1304534530548813829
1304534248020377609
1304534227275448328
1304534152474251265
1304534140344250369
1304534081334579205
1304534026468892674
1304533951634190338
1304533909926019072
1304533895946416129
1304533857820119042
1304533791369826305
1304533733006082050
1304533585442025472
1304533515564965888
1304533443179622402
1304533430659579905
1304533364981014533
1304533318873034753
1304533290272149504
1304533285058629633
1304533258470862848
1304533207963107331
1304533175268507653
1304533155043594243
1304533056242548741
1304533019634663431
1304532969118367748
1304532862818045954
1304532801610543104
1304532419811438592
1304532304619024386
1304532249858244608
1304532135236206594
1304531833800056832
1304531822861312002
1304531733619126273
1304531500910682117
1304531495600746496
1304531472901189632
1304531422221344773
1304531390923497474
1304530970217975810
1304530797731500033
1304530767998062592
1304530731562135558
1304530681918377985
1304530432168538121
1304530416871903232
1304530350949924866
1304530258574692357
1304530227390013440
1304529584751284227
1304529522788831233
1304529464685195276
1304529225341378561
1304528844502765569
1304528744858767361
1304528734674923521
1304528542873587715
1304528447885242369
1304528442659147779
1304528190963159042
1304527982606811137
1304527836796002304
1304527718256726017
1304527352295288832
1304527332049326081
1304527303041519623
1304527063974645761
1304527028939620357
1304526875444883457
1304526727662776322
1304526661396959235
1304526328704757761
1304526169757356035
1304526153898774528
1304526132432297985
1304526055764643842
1304525959169798145
1304525936440889350
1304525883949174789
1304525713572323331
1304525710766333952
1304525684077985792
1304525514896486402
1304525395895767042
1304525384072007682
1304525360806141960
1304525140882083841
1304525103770853384
1304525000704229376
1304524871603564546
1304524628321284098
1304524502924234754
1304524463099305986
1304524387064983553
1304524253363163136
1304524211386544128
1304524132357414914
1304524021564833794
1304523947329966081
1304523920612220931
1304523915486736385
1304523862022000641
1304523781407420416
1304523771794071553
1304523579485233152
1304523438242107393
1304523188873900033
1304523093424177152
1304522990189785088
1304522955427323905
1304522860602458115
1304522695967678471
1304522617852956675
1304522484906168327
1304522304500760587
1304522235852591105
1304521918524121090
1304521785266843650
1304521757563539459
1304521713590378497
1304521475400052737
1304521111913345025
1304521005046603777
1304520941809131522
1304520804965781508
1304520703270621185
1304520455861276674
1304520332234108931
1304520213459873798
1304520163048534024
1304520071604207616
1304519886291505152
1304519873201082375
1304519783078137858
1304519402734354434
1304519233875963907
1304519059183218693
1304518959388078080
1304518940123631619
1304518706890899456
1304518637005557766
1304518524677885952
1304518493119959041
1304518150776647680
1304518125120032772
1304518074863886336
1304518009751515138
1304517864984989696
1304517774748930051
1304517743727779847
1304517735771181058
1304517422737698816
1304517410796515328
1304517038229131264
1304517006646022145
1304516690424848390
1304516606433910784
1304516485499498498
1304516188924456961
1304516187099934723
1304516134054625281
1304515900507381760
1304515858648182785
1304515778578964483
1304515665265594370
1304515395894812672
1304515362919264256
1304515287723782144
1304515281939824643
1304514969493536768
1304514773141331976
1304514748021694465
1304514722637770753
1304514658548748288
1304514570652979205
1304514529838149632
1304514482568388612
1304514437290885125
1304514299306668032
1304514123762405377
1304514107790561284
1304513968304685060
1304513936717422592
1304513832740626440
1304513647394328585
1304513640842833920
1304513525415587846
1304513458780737543
1304513420046356485
1304513287636357126
1304513170636242948
1304513132308692992
1304513030957432837
1304512973168410632
1304512914020331520
1304512907540140032
1304512701662736384
1304512699427155969
1304512538047021057
1304512373924016129
1304512368379146243
1304512258454806528
1304512251299336197
1304512214766936064
1304512150992551936
1304512038266458113
1304511972629716992
1304511947040227330
1304511938316173315
1304511823824248836
1304511722225577984
1304511702722113537
1304511694048301057
1304511602721521664
1304511449457360899
1304511428037087303
1304511293936861186
1304511239117303810
1304511234516103168
1304511150021844995
1304511028789751816
1304511027166535680
1304511000369131523
1304510795682906112
1304510721850576896
1304510612349816832
1304510578698969091
1304510539587039232
1304510513037144065
1304510503054700554
1304510457546506241
1304510439502548992
1304510275366854657
1304510259483082755
1304510229007216641
1304510145335046144
1304509925041807362
1304509841151528961
1304509725002866688
1304509693365309446
1304509596715941888
1304509592102203392
1304509591670185985
1304509583768027137
1304509581725519872
1304509539061035010
1304509537752358918
1304509495016554497
1304509489740218371
1304509459306287104
1304509415001817092
1304509382231814144
1304509380583358464
1304509379161489410
1304509342943715330
1304509290976350213
1304509203252424706
1304509129415970818
1304509054346244097
1304508599847317504
1304508174859407360
1304508029375741957
1304507998233128961
1304507817987133442
1304507715767676928
1304507517272231936
1304507462641504257
1304507253379268610
1304506879230566403
1304506455610085377
1304506382406877185
1304506233723006980
1304506170711912450
1304506164424704001
1304505983306272769
1304505850913054727
1304505825734557697
1304505585644208136
1304505571203330048
1304505545190187009
1304505453477535744
1304505276909973507
1304505108428984321
1304505075012898823
1304505059204648960
1304505003185516546
1304504900097892353
1304504863368318977
1304504818011078657
1304504697060028417
1304504653795729408
1304504501026594817
1304504453735886848
1304504384668209152
1304504061304221701
1304504020564836353
1304503963757182976
1304503937828106240
1304503712182865920
1304503687365242881
1304503378211491840
1304503247521099776
1304503091102875648
1304503090297610246
1304503076569731072
1304503047641595904
1304502960995663872
1304502923804717057
1304502865227067393
1304502847183220736
1304502788269932545
1304502788265848832
1304502752526192645
1304502713431068674
1304502496338087942
1304502418986672130
1304501818299473921
1304501724372185096
1304501677433720832
1304501479680729088
1304501461422952448
1304501424374657027
1304501311300415493
1304501302551076865
1304501254543081473
1304501193167777793
1304501185773293568
1304501146497802248
1304501005443358722
1304500940070965249
1304500747195777025
1304500726043996166
1304500663439839235
1304500594380546048
1304500467561648128
1304500302192807937
1304500205258244098
1304500051943845888
1304499878199013380
1304499852718608384
1304499735978487809
1304499579711369218
1304499553241096198
1304499328132751360
1304499221886832640
1304499174990282753
1304498947189354496
1304498946996396032
1304498915530731525
1304498906852732931
1304498699943505920
1304498484389842944
1304498399509704709
1304498246577000449
1304498221633372160
1304497977772380165
1304497927855931392
1304497682694787073
1304497620254154758
1304497509549641731
1304497498749239302
1304497336069087243
1304497148336242695
1304496836221317122
1304496773218656258
1304496613679919105
1304496541558865924
1304496254249046018
1304496193028882433
1304496184799776768
1304496010815827970
1304495875419504647
1304495819752648706
1304495809631838209
1304495794616139776
1304495787506896897
1304495775959916544
1304495604274540544
1304495501530849280
1304495461630464005
1304495398904623107
1304495388779524098
1304495290943188992
1304495169975341056
1304495146113945601
1304494924281393158
1304494826046529536
1304494352983560192
1304494310730215424
1304494303016869888
1304494039375532032
1304493901202493441
1304493696432451588
1304493691873226755
1304493628426014720
1304493607613878273
1304493571559632897
1304493445822713856
1304493312603230211
1304493108604866560
1304492997715922947
1304492714004799488
1304492630689144833
1304492554436648962
1304492416548974595
1304492389592113153
1304492347313586176
1304492213284597767
1304492140765028359
1304491895356297216
1304491889857572867
1304491865132146689
1304491656918466561
1304491596461768709
1304491539629060096
1304491383152144384
1304491241132916737
1304490953525297152
1304490952090947584
1304490884478664705
1304490770662072320
1304490675539451905
1304490663472439297
1304490377693495297
1304490376351408130
1304490105734823936
1304490080820703232
1304490058452480000
1304490008645115907
1304489934783492098
1304489278077112328
1304489165371965442
1304488765864411139
1304488601582010368
1304488542740066304
1304488385860468737
1304488185611849735
1304487677966856197
1304487643636432906
1304487554113310720
1304487415877435392
1304487379210772486
1304487364320989188
1304487296360525824
1304487057159585794
1304486966097043457
1304486710936580096
1304486442299797504
1304486439145664517
1304486342911569923
1304486111775993858
1304486082554327040
1304486066393677825
1304485932847030275
1304485926324834304
1304485841134383106
1304485812319510528
1304485738839519233
1304485735853158400
1304485612666474498
1304485591925620741
1304485532672684032
1304485486879297543
1304485295019167744
1304485190190891011
1304485002168725506
1304484792789020673
1304484708911165440
1304484609326018561
1304484456862973954
1304484405554163712
1304484387170508808
1304484376139436033
1304484240957071361
1304484212544802817
1304484122958737410
1304483825309954049
1304483286941683724
1304483130972213280
1304483130963906561
1304483066711334912
1304482894929330179
1304482595242225669
1304482138385985536
1304481901764325376
1304481750974750720
1304481703726116867
1304481614156660737
1304481263156375553
1304481249151586307
1304481211868475395
1304481170181296131
1304481044859674635
1304481015457615873
1304480629422202882
1304480611021791232
1304480173362950147
1304480066857046017
1304479905380524033
1304479770315456512
1304479769841598465
1304479760698007552
1304479683925475329
1304479488013672453
1304479409240449024
1304479221557985281
1304479185461817344
1304478942070530048
1304478923237912579
1304478906213425152
1304478556441980929
1304478315596722182
1304478272147906561
1304478228057333761
1304478037287866371
1304477989812527112
1304477926923141121
1304477915846004736
1304477863329095680
1304477573318168576
1304477567328620545
1304477233185251330
1304477202780692480
1304477067367657473
1304476942616453120
1304476789889273857
1304476722197344257
1304476607659245568
1304476557092818945
1304476335532904449
1304476327765069831
1304476228116770816
1304476105601056769
1304475995123089409
1304475917625053185
1304475712661975040
1304475689278734337
1304475646966616068
1304475586564415490
1304475353763786757
1304475194455658499
1304474963123023873
1304474844386529281
1304474736987115522
1304474686194098176
1304474566966808578
1304474559274299392
1304474543151607809
1304474453779320832
1304474302893432832
1304474250187767809
1304474237101649921
1304474185201266691
1304473956968210432
1304473918720356354
1304473676327378944
1304473609273069568
1304473572941926402
1304473445355454464
1304473235644448771
1304473207706189824
1304473104144576513
1304473057197785089
1304472913463181319
1304472833368653824
1304472604200308737
1304472596969332738
1304472569811292162
1304472369063514112
1304472281482174465
1304472272816799744
1304471970038378496
1304471955530297344
1304471927617187842
1304471645713846272
1304471514272665603
1304470752335405056
1304470737827266560
1304470357030703111
1304470336776343553
1304470279637393409
1304470277884186624
1304470061508448258
1304470042248196099
1304470029132537856
1304470018785189890
1304470010375667713
1304470007783530499
1304469898870087682
1304469791294533633
1304469653578805249
1304469556203851777
1304469529649709056
1304469480211451906
1304469227001311243
1304469223692009473
1304469135976476679
1304469091005140994
1304469070276972545
1304469023825035269
1304468695079682050
1304468643854589953
1304468491823706113
1304468465194012673
1304468434915397644
1304468277654097920
1304468126881517574
1304468101493338112
1304467547375493124
1304467498021072896
1304467148954365953
1304467079379255296
1304466949540327425
1304466851502731264
1304466721953243140
1304466695713689601
1304466471368765440
1304466261745840131
1304466260399456257
1304466141998395393
1304466023123431424
1304465975656550400
1304465902591791104
1304465685217718273
1304465624643645441
1304465385975173120
1304465085763641344
1304464861448077316
1304464555054174209
1304464396291395586
1304464185666007041
1304463981726380043
1304463939477082112
1304463811768922114
1304463675785465863
1304463670076940293
1304463374957375489
1304463188604473353
1304463118320447488
1304463056492285953
1304463031162806272
1304462839273394178
1304462806201364480
1304462721145090048
1304462578689675270
1304462449324818432
1304462437639491584
1304462330214875136
1304462249445257216
1304461844195794944
1304461667116478466
1304461662922117120
1304461535591497728
1304461532839981057
1304461528586911745
1304461528582807557
1304461526502461448
1304461525957201920
1304461519732854785
1304461472077053952
1304461305496170497
1304461299271831552
1304460955326312451
1304460954151911425
1304460857573863424
1304460798903963648
1304460452697649152
1304460394443010051
1304460105493159937
1304459967974584323
1304459956100435969
1304459891353047046
1304459812529410050
1304459763242196992
1304459760792670210
1304459413651161088
1304459360521912323
1304459317542817801
1304459197535457280
1304459136722235392
1304458895193264128
1304458886552924161
1304458803266674692
1304458795712733189
1304458786573344768
1304458656889667584
1304458194341842944
1304458150825857024
1304458073558470656
1304457888996491266
1304457681307131906
1304457611392086019
1304457604320690177
1304457578454421505
1304457350066118657
1304457336141078530
1304457237520416779
1304456942820098049
1304456843884933128
1304456651337084928
1304456618868912133
1304456557200060416
1304456497200537603
1304456320704286723
1304456190227886086
1304456179654053889
1304455877701795843
1304455713897447426
1304455532493844487
1304455470208430080
1304455295800881152
1304455116880257024
1304455098882576387
1304455049842655232
1304454921626857472
1304454841939505158
1304454634971582466
1304454417740165121
1304454274517262351
1304454221039833089
1304454104895418368
1304454052563038209
1304453711654260741
1304453703605288961
1304453642330812418
1304453614354661376
1304453609522966529
1304453543504613379
1304453531236274176
1304453409316241410
1304453371470983169
1304453196761489408
1304452820414988291
1304452770314027009
1304452542789832705
1304452502956527617
1304452435293933568
1304452323406680071
1304452092770295808
1304452052693778432
1304451965812903937
1304451962403008522
1304451900083855361
1304451867821387776
1304451803686330369
1304451744177553411
1304451626967732225
1304451626061705216
1304451601583820807
1304451383010177025
1304451323539185664
1304451265624186886
1304451221508550657
1304450956021690368
1304450954591305730
1304450941563805697
1304450917803216897
1304450913504026627
1304450742116331520
1304450723825025027
1304450358748610572
1304450345393950720
1304450319351455744
1304450263902818304
1304450231703044099
1304450148630757376
1304450147393449984
1304450112362549251
1304450051801051137
1304449943751602179
1304449896678928388
1304449886876622848
1304449814302797825
1304449624183193601
1304449601450188800
1304449358272880643
1304449257680715787
1304448930986459138
1304448918344867840
1304448912296677377
1304448731845140480
1304448703726604288
1304448599816835072
1304448594175504384
1304448576009973762
1304448153740075008
1304448051596218369
1304447891436711936
1304447733923749892
1304447696753881088
1304447676319031296
1304447615371816960
1304447138362011654
1304447009613639682
1304447000147099648
1304446883058900993
1304446882454949889
1304446814280613888
1304446736010637313
1304446694625554432
1304446653311660034
1304446622152105984
1304446576807600130
1304446570063069184
1304446500475490304
1304446424747257863
1304446255972724738
1304446014464684032
1304445974782382081
1304445952577671169
1304445879617716231
1304445865973735427
1304445817365897222
1304445747237203968
1304445726722850816
1304445674449260546
1304445672536633344
1304445612587470848
1304445089494827008
1304445066916790280
1304444956392775680
1304444894581346304
1304444862054400000
1304444760329990148
1304444754478993408
1304444580176310276
1304444578393731073
1304444483321430024
1304444478934126594
1304444474056212482
1304444456494673920
1304444314051915776
1304444143503106048
1304444041828995073
1304443974128668676
1304443904427687936
1304443808747343874
1304443793106706433
1304443738211651586
1304443668376551425
1304443668158451717
1304443630606745607
1304443521357799426
1304443520640585728
1304443511782154241
1304443474754887681
1304443458761916416
1304443416764440580
1304443239454240776
1304443236820422656
1304443216759001090
1304443041038635008
1304443003130519552
1304442971312586754
1304442790911377408
1304442622497435649
1304442594466902024
1304442588016119813
1304442488544002051
1304442487487029248
1304442411213561856
1304442253054746624
1304442221685624834
1304442173929271296
1304442170758266881
1304442123886956545
1304441961122795522
1304441911290351617
1304441770240073728
1304441402445754368
1304441273189912577
1304441018595540992
1304440935028346881
1304440819991146503
1304440812672036870
1304440811724173312
1304440708535902211
1304440001292382210
1304439913409064961
1304439605186506752
1304439257948393473
1304439110866817024
1304439100037124096
1304438949780258817
1304438887549468674
1304438851121942529
1304438711925510144
1304438700403822592
1304438540013535235
1304438517825757184
1304438416663339009
1304438294353268736
1304438086307319813
1304438079470604289
1304438072315195395
1304437895755956225
1304437862474174465
1304437644840128513
1304437535037427712
1304437504746180609
1304437230451200000
1304437228534366211
1304437185433796610
1304437160578347011
1304437069771665408
1304437044043829248
1304437014700359685
1304437008320864256
1304436989186527235
1304436768423411713
1304436728623706116
1304436664803172353
1304436539733221377
1304436492811595779
1304436429083365376
1304436322715795458
1304436215937204224
1304436070533267458
1304435749316628480
1304435647051071488
1304435593171009539
1304435395069960194
1304435377550307329
1304435308948336642
1304435150047113223
1304435111254011905
1304435109685231617
1304435106908696577
1304435059550715910
1304435006123671554
1304434925832212486
1304434879233503235
1304434852767334400
1304434784798728192
1304434761100918784
1304434710702161922
1304434590560464896
1304434551322603528
1304434403272261632
1304434354270203904
1304434268702113793
1304434245151133706
1304434097062903810
1304434027622006784
1304433984651309056
1304433981841190914
1304433801339207682
1304433712025796609
1304433702060068864
1304433692153188352
1304433659202723846
1304433625207902214
1304433510091030529
1304433486581895173
1304433424397205506
1304433396790235142
1304433290632474624
1304433266494234624
1304432893125627905
1304432765899870214
1304432715442401282
1304432712170827780
1304432644990464004
1304432462672560129
1304432389444136961
1304432344141529088
1304432277674496001
1304432274251931648
1304432224062799874
1304432198347624450
1304432188759343108
1304432112410546176
1304432061713793026
1304431987973857281
1304431931887620103
1304431695026892800
1304431579599482880
1304431511131828224
1304431235457069056
1304431184194220033
1304431049401917440
1304430949938147328
1304430944015785984
1304430904698376192
1304430882724499457
1304430595095883777
1304430405806886914
1304430321895534593
1304430248222654464
1304430115380695044
1304430092387520519
1304430048494129153
1304430040483008512
1304430036691357696
1304430026763448323
1304429982463254530
1304429945339379714
1304429930990755841
1304429880013135873
1304429866620727297
1304429786249527296
1304429764736954370
1304429720558329857
1304429193116221441
1304429177068761089
1304429112950493191
1304429079844851714
1304429067652005891
1304429018574450688
1304428880628002816
1304428816396414976
1304428810302042112
1304428802739712000
1304428784385490944
1304428750910746631
1304428723408637953
1304428708170612736
1304428593699790848
1304428573999214597
1304428409444073473
1304428197254180864
1304428171916390406
1304428045219094528
1304427902746980352
1304427900888899584
1304427832765022214
1304427614015283203
1304427605819564034
1304427479621402624
1304427447887319040
1304427344422219778
1304427296862932993
1304427210460278784
1304427187165114372
1304427176037617664
1304427160288006144
1304427090318684160
1304427006814191624
1304426976569163777
1304426956436500481
1304426842389086209
1304426606618906625
1304426526117683201
1304426510544244738
1304426421629128704
1304426416289861632
1304426394126962690
1304426228724703234
1304426057815162883
1304425764448800768
1304425746975404032
1304425732966416385
1304425688557064192
1304425500408938499
1304425448395468800
1304425226311139332
1304424999349084160
1304424986128588803
1304424969410150400
1304424955875135488
1304424948115611648
1304424885133996032
1304424518128148485
1304424360640425985
1304424214645047297
1304424187541544964
1304424170260922368
1304424169652748288
1304424127676198914
1304423953549721600
1304423947283431425
1304423900852482048
1304423869458067456
1304423803938902016
1304423733147435010
1304423555300458503
1304423322596380674
1304423286047150083
1304423199137034240
1304422930240212996
1304422793572999168
1304422471949524993
1304422464395653124
1304422420242202624
1304422409961906177
1304422163865313281
1304422043803357186
1304422016477540354
1304422014975987713
1304421906720993285
1304421807047442432
1304421713782935553
1304421564704862209
1304421548036624385
1304421544903487489
1304421530311458818
1304421358252814338
1304421318327238656
1304421192518991873
1304421176782061571
1304421146922815489
1304420705547759616
1304420359798747136
1304420333013929984
1304420306535223296
1304420268207747073
1304420084119728131
1304420051752189957
1304420038980575233
1304419908134944771
1304419856880730113
1304419807203385344
1304419799368445953
1304419711887831041
1304419701825646593
1304419686805897217
1304419680623489025
1304419655893872640
1304419631080312832
1304419596393476096
1304419505393803266
1304419428742750217
1304419424477249536
1304419374133063681
1304419331133132805
1304419268377948160
1304419167945326592
1304419028312653829
1304418824402407427
1304418746065399809
1304418695394066435
1304418693049470976
1304418674766422016
1304418580386193417
1304418429936513026
1304418393626415105
1304418161115176960
1304418107784658944
1304417979124383745
1304417969280294913
1304417957666344961
1304417944034848769
1304417890674892800
1304417855740485633
1304417560323125249
1304417296048300033
1304417231464521729
1304417013075529728
1304417012316282880
1304416894280241153
1304416820049436674
1304416778098028544
1304416777015824390
1304416602717212672
1304416330746077184
1304416315827015680
1304416158590926850
1304415958736478212
1304415936351473664
1304415861869088775
1304415779069157377
1304415737205927939
1304415498264875008
1304415405071572993
1304415338453438465
1304415276549771265
1304415244786249728
1304415169158807554
1304415159784538112
1304415110358880256
1304415045087047682
1304414902803726338
1304414752114962435
1304414446513786880
1304414324618915844
1304414233099198464
1304414128145133570
1304414054346301441
1304414050533728256
1304414049308991488
1304414048549769217
1304413900138409984
1304413849890754561
1304413829699305474
1304413795608137728
1304413726012059648
1304413711201861632
1304413652578000897
1304413579337248769
1304413236545150977
1304413160066121729
1304413140382294017
1304413132484476931
1304413067942539264
1304412840753803264
1304412728275148802
1304412637233639426
1304412588084785153
1304412343338782720
1304412165747740672
1304412043366354946
1304411919445565443
1304411796510519296
1304411789447311366
1304411701245349894
1304411694656040960
1304411671901999104
1304411648241930240
1304411570211033089
1304411487059030017
1304411485976829954
1304411327784419332
1304411029116522497
1304410931682840576
1304410924166639616
1304410845712134145
1304410780964663298
1304410768268562432
1304410743899643908
1304410672344764422
1304410621656653826
1304410483458551809
1304410450701021185
1304410395159998465
1304410394983882752
1304410350864011270
1304410202955972608
1304410127961858049
1304410115483860992
1304410094176739330
1304409969379487746
1304409947963260929
1304409795294879744
1304409761979543552
1304409725711388672
1304409627623387139
1304409572619280385
1304409533209509888
1304409522975526913
1304409495859322880
1304409478486536198
1304409380658524160
1304409308738748418
1304409250467377152
1304409203289792513
1304408992102461440
1304408957721686017
1304408799915266053
1304408798468231171
1304408758538383360
1304408675252088833
1304408652724555776
1304408627361480704
1304408599091916802
1304408469286662144
1304408416807530497
1304408252432756736
1304408245482721281
1304408142135070721
1304408087105855491
1304408051164774400
1304408020714172419
1304408017404919812
1304407878149734400
1304407874098155522
1304407746599686145
1304407657789435904
1304407628622290950
1304407493456596995
1304407474414514178
1304407395574181888
1304407355828957185
1304407217093967872
1304407135963557888
1304407089499049986
1304407056322093056
1304406716025634816
1304406615731441667
1304406572035178496
1304406506281095171
1304406278802935811
1304406199715196928
1304406170602438656
1304405902309683201
1304405730443829250
1304405712865579009
1304405711154282497
1304405592736493568
1304405590786093058
1304405508514873344
1304405442362257411
1304405253815705600
1304405163759882240
1304405024450240514
1304405004753809410
1304404954573082625
1304404944825524229
1304404525898444801
1304404443778211842
1304404429052039168
1304404407560417280
1304404240320917504
1304404236583735298
1304404038927159297
1304403845838180353
1304403705731731457
1304403675864064001
1304403671682170880
1304403499833274369
1304403408892428295
1304403395550289920
1304403245427818497
1304403167640199168
1304403116415221762
1304403066972778497
1304403016385208323
1304402983384477698
1304402974416998402
1304402665095528448
1304402617561427975
1304402575815565313
1304402556630847489
1304402540302393345
1304402444638658561
1304402422408908802
1304402380952399875
1304402325126217728
1304402308755791873
1304402208457396226
1304402116417642497
1304402056355160070
1304401951392661515
1304401928256974848
1304401853015379969
1304401849060143104
1304401843821457408
1304401673868193793
1304401436789428224
1304401427809394689
1304401403939610625
1304401345340936192
1304401188872482818
1304401143888572416
1304401082081255426
1304401042407411712
1304400804024025088
1304400724508450817
1304400719848574979
1304400686789124096
1304400683765030913
1304400676437581826
1304400675204366342
1304400662164377601
1304400564005089282
1304400543788433408
1304400511525965826
1304400461160685568
1304400402109038600
1304400262271037441
1304400175142764546
1304400127990390788
1304400126241394688
1304400033979170821
1304399997148987393
1304399942874738689
1304399941645864960
1304399902475198464
1304399901107908608
1304399705150021633
1304399704248197120
1304399656378605568
1304399614150311936
1304399569921470466
1304399521775079426
1304399520969773058
1304399510228078592
1304399450903842816
1304399392967929856
1304399363960172545
1304399314798678019
1304399246637101062
1304399179347705857
1304399170820808705
1304399155696205825
1304399015757348866
1304398901651402758
1304398691445420032
1304398664383815681
1304398661972103170
1304398544967798785
1304398383075995648
1304398324552937472
1304398301152849921
1304398225391136769
1304398027545812992
1304397972382330886
1304397914819702784
1304397850923671553
1304397825862774784
1304397814290698240
1304397725568585730
1304397669016666112
1304397627254026240
1304397539718950912
1304397508316213248
1304397506596536321
1304397469451681792
1304397412790870016
1304397403756392451
1304397209253957633
1304397196318703617
1304397041834090498
1304397005930876928
1304396949039255553
1304396894723072003
1304396871243362305
1304396849936244737
1304396840188735488
1304396817011027968
1304396814712528896
1304396800305045507
1304396744852205568
1304396719724126208
1304396665193926662
1304396651210121216
1304396548625829888
1304396544523763712
1304396478560055298
1304396456019755009
1304396322015981568
1304396310330695681
1304396192315584512
1304396178277240834
1304396157574144000
1304396113353625600
1304395818410143746
1304395787451985921
1304395666580533248
1304395648377249792
1304395558539407360
1304395452159270917
1304395446308216833
1304395365744078848
1304395354251522049
1304395285389508608
1304395278657687558
1304395225163591701
1304395125494345728
1304395102060720128
1304395068820918273
1304395057668251648
1304395025313222656
1304394960284909568
1304394940059799552
1304394854617751552
1304394712334434308
1304394665224024064
1304394575172300800
1304394477017145345
1304394410344448000
1304394392430694400
1304394370397995013
1304394206694252546
1304394131553292289
1304394064977170433
1304393987126693891
1304393966020947969
1304393920147795969
1304393914971979778
1304393899637714945
1304393852242087936
1304393472175153160
1304393389954281472
1304393382756745216
1304393356144005125
1304393353698652162
1304393147653468162
1304393094310359040
1304392905596047366
1304392885706665985
1304392877972361216
1304392825388367875
1304392795512332295
1304392791796207618
1304392445975764992
1304392436941295617
1304392413373435905
1304392395811966977
1304392381685530624
1304392162797391873
1304392154077376512
1304392002398715904
1304391841018716163
1304391671287885825
1304391667508826112
1304391617311387649
1304391495525466117
1304391427091238913
1304391421349302274
1304391404030918656
1304391355985203203
1304391345826652160
1304391250687258637
1304391230151852032
1304391101600673799
1304391080314638338
1304390906125201410
1304390719545716737
1304390602281439235
1304390593611694080
1304390554722226176
1304390533494829057
1304390505384546307
1304390447868129280
1304390373092012037
1304390237397770241
1304390183853449221
1304390120154505218
1304390052642992133
1304390049669296129
1304389904827396098
1304389750904836096
1304389741379547136
1304389739064315906
1304389549058121728
1304389548198199299
1304389478090452992
1304389475724918784
1304389424088743936
1304389373878833152
1304389349266673665
1304389339506520066
1304389124477120512
1304389119670394880
1304389049176776706
1304388921128816640
1304388867219390465
1304388767365632000
1304388762965889024
1304388717877092352
1304388458396430337
1304388374988500998
1304388320437436416
1304388247452291073
1304388214275428352
1304388057483939840
1304388039708467201
1304387982363963393
1304387978236760070
1304387941255479297
1304387807012687872
1304387738712506369
1304387736569344000
1304387545032261632
1304387528062009345
1304387475369009152
1304387415474405377
1304387407463231489
1304387382884659201
1304387229935112193
1304387168325042176
1304387104336678917
1304387041405345792
1304387007662239744
1304386981150023685
1304386950493810688
1304386795413659648
1304386753076301824
1304386685355130881
1304386629839323137
1304386620477575168
1304386618846044160
1304386579918663688
1304386571320336384
1304386505490812928
1304386448196612096
1304386446061637632
1304386445075976192
1304386436737761281
1304386157170622465
1304386153110474755
1304386145661472769
1304386137503531009
1304386121313513472
1304385905319448576
1304385811694129155
1304385704290660355
1304385450736529408
1304385434584338433
1304385432034193410
1304385307798839296
1304385268640878596
1304385262026399744
1304385201779486721
1304385093805502466
1304385083764289537
1304385046321782785
1304384969498918912
1304384909625171968
1304384781199839232
1304384740573749249
1304384720055271424
1304384587792101376
1304384586726735873
1304384533811396609
1304384410624589825
1304384307029520385
1304384258807562240
1304384250851069952
1304384238125449216
1304384215849611265
1304384207666413568
1304384205351251975
1304384160186937345
1304384136753356802
1304384088686702594
1304384048752742402
1304384020864741376
1304384010580361218
1304383952816353280
1304383942271926279
1304383837888303106
1304383734750294017
1304383733504634880
1304383676264964097
1304383660091637760
1304383598573871106
1304383553405362176
1304383500410408961
1304383494320250882
1304383454000427009
1304383448539451394
1304383381317267457
1304383363508252672
1304383258319298561
1304383207912034307
1304383033349476353
1304382961924612097
1304382819502714881
1304382815157604362
1304382712845864961
1304382621493981184
1304382589835390978
1304382478585602049
1304382188578902017
1304382067455733760
1304382056705732608
1304381896529522688
1304381882386219013
1304381792078770186
1304381784671629313
1304381775272083457
1304381730154065923
1304381654329364482
1304381634481975298
1304381611753037830
1304381593012887552
1304381476256051200
1304381450398162944
1304381442496004096
1304381438578565126
1304381430550716418
1304381402281107456
1304381267937570816
1304381233770778624
1304381200451108864
1304381170340294656
1304381134965542912
1304380973216337920
1304380770627342336
1304380721885306880
1304380605002584066
1304380500975509504
1304380463902060544
1304380342619512832
1304380292371820544
1304380169642225666
1304380168694366208
1304380162759372800
1304379990969126912
1304379931217088512
1304379799297830913
1304379750580969472
1304379724555333632
1304379723456434176
1304379647937990657
1304379611128762368
1304379498599677953
1304379482564894721
1304379354500259841
1304379259436310529
1304379255363698688
1304379171842469888
1304379027432656898
1304378988920549378
1304378955949117440
1304378930858778625
1304378905940426754
1304378665216679937
1304378645708967936
1304378614293696512
1304378582978957312
1304378546530455552
1304378525420580864
1304378503031394304
1304378457485443074
1304378453396000768
1304378433884090369
1304378432483098625
1304378401923489792
1304378255957426176
1304378221044142081
1304378034724786176
1304377994375462912
1304377828767653889
1304377788984688644
1304377786774228992
1304377783951527938
1304377764057878529
1304377753496678403
1304377752745844736
1304377738460094464
1304377612991594496
1304377594108878850
1304377502811541506
1304377456799944704
1304377401598763008
1304377335014137856
1304377296984432645
1304377167791501313
1304377138603229184
1304377103534653440
1304377052225773569
1304376979303673856
1304376881274408962
1304376840761507841
1304376799959412736
1304376788378935296
1304376743210475522
1304376689540165632
1304376686616678407
1304376607386337280
1304376452322914310
1304376269337964544
1304376262312505349
1304376146335805443
1304376066417528835
1304375947873918982
1304375933172953089
1304375929662308353
1304375821495345152
1304375767359463424
1304375724070055936
1304375702163255297
1304375570197774336
1304375458528624642
1304375436886110209
1304375406938726400
1304375391445028864
1304375362135166976
1304375327720865797
1304375317730078721
1304375293008904192
1304375240575901696
1304375216513126403
1304375159630049281
1304374968466190337
1304374953270300673
1304374923041943554
1304374906130444288
1304374877596594176
1304374833078308864
1304374758818172934
1304374646989611009
1304374566299598848
1304374544996667393
1304374514008993793
1304374386129068032
1304374376066953216
1304374319192121346
1304374288938659841
1304374242977492992
1304374113633538050
1304374083308707840
1304374044284915715
1304374018091487236
1304373939385360384
1304373871743823872
1304373493610536960
1304373479811284992
1304373459468853251
1304373360474849280
1304373302488686592
1304373238290624514
1304373224839565321
1304373146250891264
1304373012276408321
1304372962557075456
1304372932848869378
1304372868554391552
1304372865622573057
1304372807451672578
1304372757795352576
1304372636525506560
1304372594519441408
1304372468463869953
1304372432917200897
1304372359198117888
1304372354592759808
1304372282794610689
1304372148803338240
1304372117182578689
1304372109326659585
1304372082546020352
1304372055366930432
1304372022420688896
1304372019300118528
1304372010437484551
1304372000090214409
1304371943324422145
1304371941575471104
1304371938689798144
1304371938140225537
1304371935753756673
1304371927449042945
1304371918611644416
1304371917336518656
1304371916980080641
1304371880439279616
1304371839305744384
1304371810918707206
1304371795395588097
1304371767646003208
1304371752949219328
1304371745055559681
1304371739850412034
1304371720678236160
1304371710251204608
1304371633881337858
1304371541413711874
1304371501194510338
1304371484635340800
1304371458550960128
1304371413353222144
1304371379970682881
1304371378972495873
1304371241428627462
1304371167298564096
1304371128933199873
1304371040873787392
1304371026881634304
1304371020632076288
1304370899995500544
1304370856458625024
1304370835487105024
1304370834207903751
1304370820777676802
1304370816092602368
1304370796102660098
1304370786497687552
1304370782542458881
1304370733196423168
1304370716415012864
1304370709783867393
1304370622416461826
1304370605949693952
1304370497476493312
1304370493047353350
1304370468682637313
1304370394405666817
1304370310985256961
1304370262104735744
1304370244824305666
1304370238952296451
1304370192143790080
1304370109025263616
1304370084715077633
1304369976246239234
1304369921166585857
1304369919023251457
1304369902967500801
1304369887079477248
1304369757001519104
1304369680984014848
1304369618329513984
1304369546741141504
1304369534900621316
1304369534346895361
1304369533357109248
1304369481330774018
1304369454059597825
1304369432135901185
1304369363752017920
1304369345980698629
1304369344370167814
1304369307246305281
1304369305354633216
1304369272706281472
1304369156641492992
1304369141130956801
1304369113922502658
1304369105399697409
1304369049292476416
1304369027461021696
1304368945235886085
1304368916815323136
1304368878022201347
1304368727094374402
1304368632554762240
1304368601483415552
1304368582122504193
1304368554972721152
1304368437561634816
1304368421279326208
1304368345584676867
1304368343835709441
1304368343277805569
1304368336889884674
1304368306418319361
1304368283991277568
1304368163363131392
1304368160917905408
1304368050003685377
1304368034933542912
1304367950300839936
1304367867111055360
1304367786257510405
1304367760852557825
1304367743903432707
1304367672436682752
1304367640564113408
1304367606674096128
1304367591721443329
1304367572683554816
1304367409470607361
1304367121808359426
1304367052917018629
1304366950303313929
1304366938177630209
1304366922612473857
1304366860373291008
1304366679703552000
1304366577404444672
1304366501957435392
1304366440661880833
1304366329319895040
1304366081369350145
1304366004542173184
1304365991099609088
1304365861222875136
1304365845452386307
1304365732671692800
1304365617051504640
1304365558218067969
1304365552639635458
1304365496695955457
1304365490991697921
1304365346024050691
1304365252776263689
1304365083712258048
1304364796960272386
1304364794699546624
1304364751296901120
1304364637866135552
1304364325289721857
1304364264778539008
1304364240841703424
1304363968413208578
1304363851056545793
1304363741161697280
1304363659179839489
1304363538652291072
1304363536064409601
1304363460705374209
1304363388596871170
1304363300378103808
1304363283558920192
1304363207109357568
1304363167401881600
1304363109486915584
1304363090767683586
1304362844264243201
1304362823250849793
1304362755219218433
1304362747468173312
1304362663590461440
1304362610851225600
1304362589879767041
1304362421549707265
1304362409642033152
1304362368189829120
1304362266284953607
1304362265571995649
1304362252473110530
1304362144721498113
1304362142292946944
1304362133170388993
1304362110974124032
1304361939120926721
1304361833768378368
1304361517727592449
1304361494335946752
1304361481203576837
1304361371304431617
1304361346289618944
1304361340375568386
1304361245592748032
1304361210549342208
1304361170904678400
1304361119432220675
1304361054248599553
1304361027220508672
1304360869313286146
1304360775126003713
1304360754087366661
1304360588127199232
1304360411236626432
1304360351660732416
1304360263903318016
1304360256802353153
1304360212376227841
1304360133653336066
1304360102401650690
1304360083070091266
1304359981010087936
1304359978648690694
1304359958478233601
1304359851292852224
1304359845336887296
1304359661529858048
1304359646791114754
1304359625224056832
1304359547348291589
1304359539052085250
1304359470462578688
1304359444042702848
1304359440108400640
1304359411582984192
1304359374262071297
1304359332008603648
1304359294515793921
1304359260395122689
1304358961244786690
1304358945318940672
1304358805615054848
1304358672701755392
1304358530519007232
1304358528954568705
1304358467927445506
1304358459308150785
1304358410889113602
1304358408204689415
1304358391264030720
1304358315942711297
1304358221088468992
1304358200720920576
1304358042331353089
1304358031258394624
1304358011113213952
1304357914354896896
1304357909523030019
1304357821161639941
1304357626344599555
1304357581087965186
1304357432022401024
1304357390565941248
1304357327294918656
1304357268444545024
1304357098369810433
1304356891590406144
1304356589911052288
1304356571649015810
1304356571208650752
1304356414937333760
1304356379747061760
1304356373623435264
1304356304236969984
1304356292056748033
1304356277057998850
1304356110137257985
1304356024179187713
1304355925772439552
1304355871590363137
1304355766996959233
1304355723074306048
1304355671664668673
1304355551447523329
1304355485336903683
1304355467859296256
1304355357750439936
1304355330323775488
1304355258970173443
1304355130490396674
1304355098114564096
1304355006028623873
1304354924843741184
1304354919609176064
1304354916039786498
1304354856518455296
1304354795310940164
1304354784640720896
1304354706651779073
1304354640176328704
1304354582231953408
1304354548920791040
1304354543648616449
1304354524300222464
1304354500728238087
1304354473364553729
1304354472399974400
1304354446114197506
1304354319106560000
1304354316967346176
1304354309883285505
1304354243541950465
1304354223321214980
1304354070837288961
1304353954541768707
1304353917392826368
1304353871284834305
1304353849159884800
1304353753403973632
1304353747963912197
1304353735817265152
1304353714568912898
1304353611049205761
1304353491322843136
1304353473429999617
1304353374058446848
1304353332295806977
1304352917764399105
1304352734020337665
1304352577090465793
1304352571885342721
1304352506282115072
1304352373037584384
1304352372471345153
1304352266116386816
1304352057554595840
1304351994988171264
1304351957470117888
1304351863102464000
1304351862074871808
1304351856278339584
1304351746786037760
1304351721678942208
1304351664737054720
1304351567789928448
1304351370657570817
1304351325707218944
1304351298549100547
1304351297471221760
1304351266706010115
1304351237786267648
1304351179124674563
1304351046685405187
1304350926430502913
1304350907707031552
1304350900090273792
1304350847451701251
1304350818930438144
1304350627858911233
1304350511139885058
1304350497487323137
1304350455552782336
1304350407997652992
1304350072126271488
1304350032683053056
1304349969416179712
1304349953007943680
1304349852466319360
1304349811332845568
1304349721121652738
1304349718349217793
1304349698015342592
1304349684647985152
1304349666608283654
1304349664704172034
1304349517014339584
1304349404304998400
1304349376446451713
1304349357743898624
1304349241213628417
1304349119775940608
1304349042500145152
1304349025920049152
1304349000733253632
1304348996148834304
1304348846202523648
1304348843614654465
1304348804834111488
1304348766821117954
1304348716460109825
1304348649602854912
1304348640996134912
1304348387811229696
1304348380370538496
1304348278151151617
1304348272283312129
1304348242596048896
1304348217073696775
1304348215773474821
1304348199109439496
1304348143572725761
1304347950768889857
1304347873321136128
1304347834188206080
1304347685143674880
1304347644467310593
1304347581431123969
1304347515018514432
1304347312748101634
1304347282427596801
1304347121039159297
1304347067683352576
1304347018085765120
1304347002797461504
1304346859754983424
1304346671116148739
1304346597749383168
1304346503440486402
1304346490471677952
1304346350696439809
1304346333474705408
1304346315195850759
1304346257050284033
1304346105602285570
1304346096739774466
1304346063483084805
1304346049402765312
1304346034831847426
1304345875737710592
1304345855621816322
1304345818732822528
1304345784838762496
1304345726865092608
1304345710813499392
1304345706455609345
1304345632480649218
1304345560858734592
1304345548963680256
1304345492348956673
1304345429388165120
1304345428125679616
1304345423172251649
1304345320202043393
1304345197984219138
1304345140081946625
1304345110356865024
1304345064311840768
1304345054543253504
1304344983277834242
1304344790818074625
1304344738636627968
1304344719342866432
1304344579408359424
1304344522294538240
1304344394703736832
1304344380153704449
1304344356393046016
1304344290081091584
1304344274922860545
1304344240798007296
1304344165342498817
1304344111646900224
1304344085977862145
1304344038670204934
1304344031007322113
1304343998656585729
1304343966775685121
1304343959725105158
1304343910836301824
1304343899721400320
1304343764232818688
1304343644695138304
1304343631680229376
1304343438498951168
1304343304482566144
1304343210970566657
1304343201541754880
1304343167274188801
1304343070444580865
1304342897437835264
1304342891016458240
1304342807792975872
1304342759919226885
1304342739534872578
1304342730101985280
1304342686174982144
1304342434411839488
1304342360596385792
1304342349934465026
1304342235023114240
1304342216530423808
1304342121055387649
1304342113291849728
1304342030324322305
1304342006236356615
1304341970949754881
1304341937269420034
1304341926431293440
1304341852741660672
1304341792318533632
1304341781035839488
1304341751574990848
1304341721187315713
1304341676429897728
1304341620943400960
1304341508087312384
1304341386544721920
1304341343750311942
1304341334887718912
1304341315208073220
1304341046764154880
1304340870649589760
1304340848834940929
1304340830262644736
1304340760993636353
1304340741771210755
1304340737945985024
1304340699802992642
1304340653531377666
1304340629422510081
1304340623227596801
1304340493766209536
1304340479048327168
1304340417522159616
1304340361049972736
1304340358088753154
1304340243718508545
1304340233773879297
1304340105239425024
1304340019604320256
1304339994824318978
1304339976684007425
1304339925987397632
1304339892114251776
1304339825227595782
1304339766922616832
1304339728150528000
1304339726820880386
1304339714179248128
1304339701785075712
1304339630221930496
1304339507144273920
1304339463787753472
1304339439414583296
1304339413405765633
1304339411249827842
1304339348901462016
1304339309940617216
1304339208711163905
1304339177841078272
1304339157662208000
1304339136405479425
1304339127383584768
1304338958868979713
1304338843919888385
1304338833761333249
1304338825473384450
1304338785480724480
1304338665393487873
1304338600037888000
1304338555355922433
1304338553560858625
1304338481746006016
1304338440037765122
1304338418751676417
1304338303563575297
1304338300875034625
1304338300090683393
1304338093428879362
1304337964571471872
1304337834053169152
1304337747369431041
1304337724263067648
1304337438098313218
1304337408733913090
1304337396503162880
1304337371824087040
1304337301187825665
1304337238055157761
1304337223991652353
1304337148565479426
1304337070253539328
1304337031305342977
1304337031275913216
1304337025756266497
1304336965882568705
1304336872618053633
1304336791852453890
1304336728661143552
1304336679294185473
1304336679185113088
1304336659253731328
1304336634427699205
1304336540722700293
1304336491661922305
1304336464000544768
1304336460678672384
1304336250858614785
1304336244705558528
1304336226921713664
1304336213449605120
1304336187885314048
1304336178699620352
1304336079865208832
1304335967927627776
1304335933207183360
1304335926651490305
1304335842996084737
1304335816404226048
1304335736347525120
1304335660724228096
1304335653224808449
1304335651962261505
1304335492998148096
1304335489902600192
1304335465076723712
1304335376459337728
1304335255600496640
1304335236990468096
1304335223413448704
1304335222645895168
1304335148272488448
1304335083000791040
1304335079909531648
1304334910799392768
1304334810509434880
1304334790838095874
1304334766603411456
1304334757346631681
1304334699435884544
1304334677260537856
1304334654481330176
1304334654154178560
1304334243057872897
1304334236246249473
1304334228516110336
1304334215517962240
1304334194991038464
1304334183083511809
1304334125596381192
1304334065391357954
1304333989893808129
1304333965260517376
1304333933639856128
1304333931953762304
1304333926257881088
1304333894968279043
1304333841050546177
1304333823971332105
1304333802005725184
1304333678307414016
1304333677128814592
1304333675954425856
1304333674792587265
1304333668572303360
1304333526783987712
1304333404067033089
1304333378456616966
1304333175519408128
1304333148159971329
1304333117465997312
1304332940575412224
1304332889409163264
1304332718151544832
1304332679509352448
1304332678146207744
1304332675344470016
1304332667689762816
1304332663948488705
1304332408930660354
1304332366220005376
1304332255456829440
1304332169423343616
1304331979345866752
1304331973767421952
1304331951248113664
1304331947406249984
1304331935985139712
1304331921783128064
1304331868016345088
1304331809812090880
1304331759207804928
1304331646867591168
1304331620246343680
1304331614542016512
1304331467405885440
1304331463907737601
1304331432538537985
1304331374770479104
1304331212480286722
1304331153298591744
1304331133195350016
1304331114488778753
1304331099292741637
1304331098256793600
1304331050705915904
1304331048617160704
1304331041772101633
1304330801471946752
1304330778181079041
1304330544814198785
1304330514409697282
1304330508978073601
1304330463109148672
1304330458826706944
1304330444855533568
1304330317319344128
1304330184083017728
1304330141884178432
1304329977853345792
1304329971108843520
1304329825717542912
1304329783447367681
1304329779873800193
1304329766607216643
1304329751990013958
1304329691973779458
1304329641138814977
1304329629952552960
1304329611342422016
1304329592589737984
1304329535761117184
1304329497982963712
1304329372699168769
1304329134789795840
1304329065290182656
1304329042708045824
1304328973745295360
1304328967168589824
1304328958180237313
1304328707587309568
1304328584883048450
1304328578167975946
1304328430515826688
1304328307580825600
1304328293248884738
1304328263725129730
1304328236399288325
1304328233161232386
1304328205617295360
1304328125002768384
1304327992420769793
1304327936271581185
1304327675809591296
1304327635489742849
1304327528954368000
1304327461010837505
1304327414315732992
1304327313543376896
1304327300054429696
1304327292362121217
1304327258287599617
1304327118789193729
1304327061369167872
1304327017446473728
1304326968498847744
1304326878937915393
1304326854321504257
1304326750705336322
1304326599605710849
1304326535969746944
1304326529850245120
1304326208566579202
1304326194859593728
1304326153331765250
1304326038122622977
1304326002571649024
1304325935639023621
1304325802562129922
1304325746257793024
1304325745821519872
1304325680251973637
1304325606084149248
1304325522038677509
1304325418271477761
1304325349874991105
1304325284989218820
1304325278789926912
1304325207784665088
1304325071507464192
1304324968877096960
1304324875205709829
1304324671270248448
1304324522808610816
1304324415233064961
1304324207623507968
1304324161960062976
1304324096638029824
1304323986743005184
1304323802202025988
1304323583863336960
1304323499511734272
1304323292296359937
1304323288714354688
1304323230266687491
1304323175140990976
1304323005028478977
1304322966373756928
1304322965178376192
1304322930134994945
1304322929841377282
1304322910144913408
1304322869434945537
1304322805245325314
1304322797150273537
1304322711943086082
1304322702119972864
1304322662810910721
1304322661565300736
1304322649066217472
1304322598260690944
1304322515469303809
1304322480803328000
1304322432128503810
1304322418694066176
1304322404488019968
1304322369834672129
1304322219246587904
1304322041340923904
1304321946319024128
1304321917411823616
1304321895123255296
1304321831847985152
1304321809609904129
1304321703363870721
1304321662238818304
1304321639455358976
1304321629925892097
1304321623911268353
1304321511570968576
1304321379312062464
1304321278434783232
1304321271098990593
1304321109177835520
1304321087585619970
1304321053687152642
1304320998519574529
1304320896493064192
1304320879392772096
1304320866726150144
1304320761063186432
1304320740070690816
1304320668624977920
1304320642393800706
1304320544540700672
1304320517055434752
1304320513540591616
1304320494838124546
1304320480124506112
1304320411895771136
1304320401460334593
1304320343159582720
1304320125974335489
1304320117820489728
1304320075814653952
1304320028838301697
1304319981593690113
1304319969337933824
1304319960219635713
1304319903911075840
1304319805609119744
1304319794930479105
1304319713854529536
1304319665200562177
1304319652244455424
1304319648020783105
1304319496577056770
1304319417350795270
1304319333435408384
1304319238199537665
1304319108180111366
1304319106271850496
1304319089637285890
1304319086952841217
1304319086768402432
1304319017398743041
1304318947630755842
1304318911702278144
1304318846497677312
1304318751802830849
1304318696861634624
1304318632051249153
1304318562065096708
1304318449347448832
1304318449007685633
1304318355940220929
1304318211983368193
1304318073147723776
1304317687556911109
1304317668833492994
1304317600671956993
1304317600458047488
1304317552932220928
1304317310631653376
1304317210274541568
1304317128619761664
1304317044779868161
1304316881034149890
1304316860452798468
1304316813745025024
1304316770954682368
1304316690940022790
1304316674292809728
1304316652369129473
1304316560450949120
1304316544898527233
1304316486173982724
1304316470210580480
1304316253906108417
1304316250550669312
1304315871909744640
1304315813499994114
1304315717207101440
1304315618435502082
1304315505512255489
1304315472951869440
1304315332899807238
1304315163705782278
1304315150279872512
1304315138737086466
1304315079484157952
1304314997443493888
1304314921975504897
1304314873988263943
1304314870603501569
1304314816694280192
1304314777041334272
1304314575639244805
1304314531301273602
1304314379727441921
1304314377315774464
1304314084238786565
1304313998511427584
1304313796429778945
1304313729698484224
1304313603588272133
1304313575578705921
1304313533023358976
1304313452303917057
1304313444447985665
1304313441755320320
1304313179619700738
1304313067505938433
1304312998648074241
1304312556236963841
1304312519788572674
1304312425701953536
1304312368202162176
1304312212694106112
1304311851317157888
1304311769507168256
1304311527311278082
1304311516448129030
1304311510186053633
1304311504070676481
1304311458319208449
1304311396688171008
1304311360361320449
1304311359513952257
1304311214001061888
1304311202378592256
1304311158485200896
1304310934056456193
1304310900250341377
1304310898757165057
1304310877341003776
1304310626756558848
1304310614769258499
1304310433982095360
1304310228540850177
1304310120705388545
1304310011007467520
1304309854148923397
1304309847664533505
1304309284847726593
1304309044946128897
1304309027770380288
1304308914310320128
1304308818768261121
1304308766972743680
1304308637494632448
1304308320388485123
1304308265271070722
1304308197700833280
1304308188871897090
1304308088439296000
1304307992658051073
1304307986047918080
1304307714647097344
1304307413596672002
1304307380591775747
1304307297854914560
1304307257199427585
1304307234235654145
1304307073006567424
1304307049023578112
1304306887391948801
1304306691337457664
1304306633493934080
1304306569270550528
1304306508646285312
1304306357168943105
1304306331453661185
1304306300705271808
1304306292773859328
1304306070085656576
1304306056122773504
1304305962577268737
1304305869404942337
1304305865026084865
1304305827482931200
1304305744502755328
1304305596636762112
1304305566060347393
1304305557122281473
1304305306038611968
1304305287323627520
1304305255149187072
1304305253928574976
1304305231753293824
1304305230239150081
1304305168176107522
1304305157111533568
1304305139289935873
1304305121308872704
1304305033186611201
1304304986780848128
1304304972394311681
1304304944103780353
1304304932540092416
1304304875036123136
1304304663521636352
1304304590385483777
1304304547897184256
1304304530708930560
1304304520290340869
1304304453366026240
1304304356515291139
1304304291092606976
1304304271958183937
1304304260289527808
1304304187782684672
1304304137597849600
1304304125438554113
1304303839974174720
1304303761599483905
1304303757568757761
1304303722957279233
1304303628778385408
1304303588848603136
1304303585040240641
1304303540551192578
1304303217103253504
1304302971090591745
1304302908301860865
1304302716282380288
1304302510237245440
1304302326866423808
1304302301637685250
1304302234897969152
1304302139397877761
1304301850624249856
1304301496696213505
1304301406925524993
1304301382598643715
1304301369784967168
1304301193158631424
1304301166793162753
1304301112732856320
1304301049554100226
1304300958009171970
1304300814115233792
1304300612373434369
1304300573374722050
1304300458505383936
1304300425932230657
1304299954828177409
1304299801681506304
1304299775358050304
1304299751203131393
1304299585754537986
1304299567077363712
1304299553559019520
1304299192161107969
1304299126088232962
1304299025781448704
1304299006122749952
1304298855203250176
1304298722310918144
1304298721685929985
1304298701364637696
1304298700508999680
1304298652366757888
1304298651859251200
1304298646343741440
1304298593474490368
1304298555964821504
1304298515812749312
1304298504995721216
1304298443247169542
1304298441686888450
1304298412179886087
1304298410665803782
1304298398342881280
1304298384006811648
1304298335029915648
1304298302712754176
1304298162065207296
1304298162065113088
1304298006074851329
1304297906409799681
1304297697474609152
1304297581942575104
1304297566369185792
1304297540062523392
1304297528591089665
1304297497498734592
1304297437381701634
1304297308834729984
1304297196200878081
1304297169072140289
1304297111798910976
1304296934505676801
1304296688706822146
1304296676778270720
1304296673741504512
1304296663595524098
1304296655471210496
1304296364122218496
1304296363505651712
1304296284866650117
1304295960726601728
1304295951285342209
1304295671965585408
1304295671864885249
1304295511780925441
1304295346680606720
1304295315827118080
1304295308248178689
1304295194817376257
1304295061761527808
1304294998226210818
1304294865287684096
1304294842063876096
1304294786518708225
1304294498411991042
1304293599572619264
1304293505934807040
1304293466533433344
1304293303551168513
1304293097170522112
1304292975028113409
1304292873798651904
1304292753313083392
1304292712993239040
1304292628066979841
1304291987449950208
1304291691193683968
1304291539875749888
1304291394106920960
1304291182512615425
1304291175826890752
1304291060265504768
1304290633117556741
1304290374731661312
1304290352195612673
1304290285690728448
1304290194397564933
1304289944110759939
1304289791324942336
1304289504702889984
1304289398599700481
1304289366420881408
1304289299911839745
1304289244664520705
1304289140708605952
1304289118181117952
1304289064892465154
1304288969564270592
1304288319963123712
1304288262941532161
1304288261188325376
1304287952617472003
1304287788922286080
1304287787877904384
1304287560873771008
1304287559493865473
1304287502870753282
1304287384545222657
1304287337992650754
1304287179372404736
1304287149030858752
1304286538755461120
1304286351005814785
1304286319372361733
1304286292537217024
1304286259007889409
1304286200593821696
1304285698908991488
1304285349775118337
1304285198360735745
1304285013291171840
1304284885079805952
1304284811524268038
1304284710105952257
1304284665981829120
1304284436385746944
1304284423140118529
1304284402374127617
1304284263873904640
1304283848612679680
1304283711387709440
1304283305530064896
1304283228396806144
1304282984841871362
1304282976897961984
1304282757317767174
1304282561322119168
1304282305368854528
1304282198087012357
1304282127127711745
1304282114305785856
1304281869501042688
1304281696406298625
1304281594719621120
1304281519142338566
1304281514096590848
1304281500880449536
1304281203583918080
1304281113754468352
1304281072201617408
1304280824423108608
1304280782014418945
1304280768139726848
1304280659075174402
1304280475725430784
1304279984148807682
1304279947058569217
1304279591008305158
1304279321587200003
1304279297415434242
1304278793239105536
1304278222461378560
1304277716536090626
1304277287085445120
1304277078628544512
1304276951780282369
1304276362396663809
1304275848053354497
1304275483048251392
1304275424093122560
1304274912606121985
1304274747895754752
1304274694259060738
1304274562637586438
1304273628465451009
1304272958018539523
1304272868876980225
1304272582133374976
1304272332857454597
1304272034378264576
1304271989746601984
1304271877255434240
1304271340061556736
1304270944878366722
1304270556762693633
1304270400529010688
1304269398665039872
1304269177063198720
1304268499716657153
1304267787016318977
1304267762995519493
1304267526516375553
1304266847093653505
1304266737173647361
1304265400981618690
1304264946784628742
1304264514553159680
1304264117738450947
1304262777255661568
1304260438784462850
1304259227612045313
1304258657576718337
1304257919958081537
1304256290311622657
1304256088607522819
1304255970705539074
1304255031378677766
1304254673747095552
1304253630976004099
1304253216146837505
1304252080719302657
1304251705765363713
1304250022406619136
1304248992931479552
1304248005470621697
1304247619561172992
1304247045792948224
1304246458808401923
1304245383963394048
1304245371581992960
1304243764932870144
1304243643264495618
1304243360866209792
1304243178460119040
1304243012214697984
1304242550467956738
1304242479445798912
1304241967778402306
1304241833141309441
1304241702283161605
1304241529356251138
1304241436683104263
1304241313211179008
1304241050400284674
1304240922486546433
1304240893118091264
1304240851971969024
1304240455627034631
1304240003879505922
1304239882584371201
1304239791098257408
1304239598516699136
1304238187141894149
1304238105969467393
1304236907707199490
1304236800563712000
1304236723749216256
1304234803454246912
1304234182743339009
1304233228627312641
1304231233526870018
1304231024419835909
1304231023560060930
1304229961247711238
1304227644637089792
1304225784614322176
1304225450634420224
1304225169242755073
1304221785316102144
1304221557057892353
1304221128794222597
1304220987639173121
1304220302730235904
1304219456005124097
1304219454864269312
1304217921091182593
1304217331598585856
1304215798831935489
1304215425975189504
1304214689803579392
1304213818424406017
1304213511669719048
1304213329590841345
1304212359272071170
1304211842500300801
1304211355847790594
1304211341113262086
1304210971163078657
1304210961994330114
1304210500893528064
1304210175755259904
1304209345958342657
1304209233185996801
1304208619274145800
1304208446816837632
1304208269670522890
