1305657098399887360
1305657001922498560
1305655886896132097
1305655710672453637
1305655068247678977
1305653072849494016
1305652933174988800
1305652419137810433
1305651571397726208
1305651496143515649
1305651409187221504
1305651375875985409
1305651233127043072
1305650418647789570
1305650387899252736
1305649323364024321
1305649054320226304
1305648617370386432
1305648296250277888
1305647682279690240
1305647615569211397
1305647446266126336
1305647274987597832
1305647114916069378
1305646918861819906
1305646902831181828
1305646685452894210
1305646365956079619
1305646177149497344
1305645631923531778
1305645541322354688
1305645233795928064
1305645188178739200
1305644979814043648
1305644766093348864
1305644672325488640
1305644045415469056
1305644019062575106
1305643759842009090
1305643450918985732
1305643199038451714
1305643194579857408
1305643094633836545
1305643067706351621
1305642989256151042
1305642932364546053
1305642405580898306
1305642263683399680
1305642178337746944
1305642118694735872
1305642098985762816
1305641969214001156
1305641819519287297
1305641624152793088
1305641506070499328
1305641230169247745
1305641055711375363
1305640698260094983
1305640058121326593
1305639538052730880
1305639450383396864
1305639361837494272
1305639078315143168
1305639026750259202
1305638999017558020
1305638914661720064
1305638492547014656
1305638445537210368
1305638373785206785
1305638135947309057
1305637711416524807
1305637547637452800
1305637308432101383
1305637251963994113
1305637159647563782
1305637121332518915
1305637052323704833
1305636949210865665
1305636883746222080
1305636870353809408
1305636621816082433
1305636600387375105
1305636391796252672
1305636238804889601
1305636215157411841
1305636211944501249
1305636061977116676
1305636029945311232
1305635982734131201
1305635402477449216
1305635244536745985
1305635229386911746
1305635213037498368
1305635160726138881
1305634892630417408
1305634288042418177
1305634181851033602
1305634162498560008
1305634059683606528
1305634019837718536
1305633961868242945
1305633948672962560
1305633942704357378
1305633766589825026
1305633703540994048
1305633650923503627
1305633513669046272
1305633372262330381
1305633282772611074
1305633077557964800
1305633045563805696
1305632969885995014
1305632959580573697
1305632918757404672
1305632885756624896
1305632691467976704
1305632666545422342
1305632661080285185
1305632656655364098
1305632479727046658
1305632222075117571
1305631846290673668
1305631723238162441
1305631342252773379
1305631309109309442
1305630933559709703
1305630929474457602
1305630772141985796
1305630541207736320
1305630413117894656
1305630363008540678
1305630010867408896
1305629998108246017
1305629987131842563
1305629585149702144
1305629409894948866
1305629340802134016
1305629250662342661
1305629246212255744
1305629236863143938
1305628934919335936
1305628836562972672
1305628679897309194
1305628228044947468
1305628225385750531
1305628059299700737
1305627975493316609
1305627921051246593
1305627896938213378
1305627848984743937
1305627646097850370
1305627581010423808
1305627501780230146
1305626868503191552
1305626820205858816
1305626815554351110
1305626798840053761
1305626775083507718
1305626749473095680
1305626624629575681
1305626319238164481
1305626203936755718
1305626187964854272
1305625979004616705
1305625945827692544
1305625808426369024
1305625803380662274
1305625557527408641
1305625458537574401
1305625248147144704
1305624896895168514
1305624882542190592
1305624864284344322
1305624806172299265
1305624805727784960
1305624768486559750
1305624638366584837
1305624528928862209
1305624498952122369
1305624292412059656
1305624289459269632
1305624065655398405
1305623907228094464
1305623636359950336
1305623387134398464
1305623306599530496
1305623069390708737
1305622934480982016
1305622900121141248
1305622877132161029
1305622814888689667
1305622808819642369
1305622789282463745
1305622749340205056
1305622598861156352
1305622498680209412
1305622483056300032
1305622298939064321
1305622271067934721
1305622263094534149
1305622255142084608
1305622113282293761
1305622048778211329
1305621803705028608
1305621684347695106
1305621589589921804
1305621577598410752
1305621575090176001
1305621430890106881
1305621273624670214
1305621273301733378
1305621193618325508
1305621097639968768
1305621081684934656
1305620953389555714
1305620932610981895
1305620878609330178
1305620810141437952
1305620632189702146
1305620578661998594
1305620513457426432
1305620489327513605
1305620480578252801
1305620464727986177
1305620445560004609
1305620422281629697
1305620351817220098
1305620291398361096
1305620222724849664
1305620214701228032
1305619951403905025
1305619879102418945
1305619878678847489
1305619743651569668
1305619672717578240
1305619590827868160
1305619585153073158
1305619411714400256
1305619397541801985
1305619227701846019
1305618961946599424
1305618744400654339
1305618727854112769
1305618681246945285
1305618591111356418
1305618580214554625
1305618538124771346
1305618376560181250
1305618129985429504
1305617961701593093
1305617950649581573
1305617884870332417
1305617557165084675
1305617521446400002
1305617505650724864
1305617419365502977
1305617400772128768
1305617382405214208
1305617367486128129
1305617322195980298
1305617266906726400
1305617265463885825
1305617190268305417
1305617076741124104
1305617014803886081
1305616955995545600
1305616891373903875
1305616820599230469
1305616786080043008
1305616475269607426
1305616440129736706
1305616208738357260
1305616111346561024
1305616020061786114
1305615857607946241
1305615645824946180
1305615513322741761
1305615407143845888
1305615391599800326
1305615330027466753
1305615027878141952
1305614889382273024
1305614838580809743
1305614837909729280
1305614792489660416
1305614739599437824
1305614706586120194
1305614322626945031
1305614260144283649
1305614244302462976
1305614207849828354
1305614129131130886
1305614124433498113
1305614038685147138
1305614036797620224
1305613931961094144
1305613930329448451
1305613929083809793
1305613859122819075
1305613845252145152
1305613685252124672
1305613645125234688
1305613606940291088
1305613592679587842
1305613456696057856
1305613449616150529
1305613366908661765
1305613276617863169
1305612953752932364
1305612832587812864
1305612812589424648
1305612808961351680
1305612716338483200
1305612716128841735
1305612702056951818
1305612686756139009
1305612648898326528
1305612612323995648
1305612577179922432
1305612490273947648
1305612448230240258
1305612415544053762
1305612291254099969
1305612275198373894
1305612244835872768
1305612194260946951
1305612146164854785
1305612025796714496
1305611975595098112
1305611912126836739
1305611786301976576
1305611775975526408
1305611704139739136
1305611664805560320
1305611652608528385
1305611506319593473
1305611397527633920
1305611331907788807
1305611318335025163
1305611294242992128
1305611260877250561
1305611089456123908
1305611082858409984
1305611071936516101
1305611066513281024
1305611003246391296
1305610971180871682
1305610900624363521
1305610895112974338
1305610875945050112
1305610860312789000
1305610803752636418
1305610613754916865
1305610586814808065
1305610582360494082
1305610550534115328
1305610546746740736
1305610541856063489
1305610531399757824
1305610463938588672
1305610457126928384
1305610440949534720
1305610420456226827
1305610390718607360
1305610338474356739
1305610337903947777
1305610337316671490
1305610336725331969
1305610335827693571
1305610136149528576
1305610070596685833
1305610039718273025
1305610034269880320
1305609962924716035
1305609919887028225
1305609916846092291
1305609879843942400
1305609805273464832
1305609779562323968
1305609723731939329
1305609602218811394
1305609547189452801
1305609542693199876
1305609541481099264
1305609508711018496
1305609430894075904
1305609256327155712
1305609183346282504
1305609153545678849
1305609049338241027
1305609020431097856
1305608992501137411
1305608972586622985
1305608852084273154
1305608795217948675
1305608793288564740
1305608780600807429
1305608709696032769
1305608605090152467
1305608596747677697
1305608488672997376
1305608475330981892
1305608173747871747
1305607997700403202
1305607965316124673
1305607950657036288
1305607682766888960
1305607637078290434
1305607612776550410
1305607603108675586
1305607543549505536
1305607333511335940
1305607120365203459
1305607119039877123
1305607079277875207
1305607060206301186
1305606669624397825
1305606445547872257
1305606398303244289
1305606358612561920
1305605917543739393
1305605799482241024
1305605674815062016
1305605549736816641
1305605539162882051
1305605318584553472
1305605314197229568
1305605211302617088
1305605069484765186
1305605023079034881
1305604572124270595
1305604568877862913
1305604566226960384
1305604565853765632
1305604552171950081
1305604357409378304
1305604357178757120
1305604262492286976
1305604199435194369
1305604161204039680
1305604094611132417
1305603950352228352
1305603858077347840
1305603627562790914
1305603621757874177
1305603581479997454
1305603407345053699
1305603347601330176
1305603321865154560
1305603180420640768
1305603109067124736
1305603074258612225
1305603024015044611
1305602990166945794
1305602853168467974
1305602687799635973
1305602687204044802
1305602686591655936
1305602685983490050
1305602685421400074
1305602649669144576
1305602644954800128
1305602643738451968
1305602421096419332
1305602271510769665
1305602094112661505
1305602064475656193
1305601934460678146
1305601903775096832
1305601523041423361
1305601300072198144
1305601259114766337
1305601116852424710
1305601045058465794
1305600992864604161
1305600989106450432
1305600883577827328
1305600817429348355
1305600800631263239
1305600694892793858
1305600672323301383
1305600619521159168
1305600259616395266
1305599972247834624
1305599925540052995
1305599655208726528
1305599529866203140
1305599434135425026
1305599384487448577
1305599121638797321
1305598746286317570
1305598119565033472
1305598098232705024
1305598054289022984
1305598052988850177
1305598032512249863
1305597908826370056
1305597879839600640
1305597873669713920
1305597700835086338
1305597595495075849
1305597474900512768
1305597462640390145
1305597364883914755
1305597321137319941
1305597304079028227
1305597278846177282
1305597268490362881
1305597206930563074
1305597122247634950
1305597101380980738
1305596802050256896
1305596739148185602
1305596728511475714
1305596285051863040
1305596247064170500
1305596237861748737
1305596021263790080
1305595963990519809
1305595951952941063
1305595914589962240
1305595786785370117
1305595440260407297
1305595396933201926
1305595392143306754
1305595344781299712
1305595274367295489
1305595093148217356
1305595056477351937
1305594871756066816
1305594857562533891
1305594708543107073
1305594670643322882
1305594540137558021
1305594441894371337
1305594197429362690
1305594139321528321
1305594009981681671
1305593776329699333
1305593729424732161
1305593551754080258
1305593383864471552
1305593337647374340
1305593122475380739
1305593093350191104
1305592835500986371
1305592788483006469
1305592328111960067
1305592025522331649
1305591951522177024
1305591894047633411
1305591883125714944
1305591756747149319
1305591216990564354
1305591000576991232
1305590852648144896
1305590820100337664
1305590644791017475
1305590467195809792
1305590398736162816
1305590367119646732
1305590361184768000
1305590331950465026
1305590271829258241
1305589944732262405
1305589744676614144
1305589697134178304
1305589606772023296
1305589464912269314
1305589242026917888
1305589202474631168
1305588865168814083
1305588822483361793
1305588422136954880
1305588303400497153
1305588291866185729
1305588272257732609
1305588256977948681
1305588226099417088
1305588105316106243
1305588091651084289
1305587896523644928
1305587886658588672
1305587833890111488
1305587260038017027
1305587198482436097
1305586829362683907
1305586823440236551
1305586559400456193
1305586350943600646
1305586322032275456
1305586169007296513
1305585903965011972
1305585667452403712
1305585655242731521
1305585562150207493
1305585465907728384
1305585450166423552
1305585112428343296
1305585109668564993
1305585108720656384
1305585107974021121
1305585081260691463
1305585058347200518
1305584818823061507
1305584812737130496
1305584755543506944
1305584703215411200
1305584439095971840
1305584309718396929
1305584111894114305
1305584092327575552
1305584016242941953
1305583807798616064
1305583574066827264
1305583550373261312
1305583471067164673
1305583429828968448
1305583352569884673
1305583350284013579
1305583227592155138
1305583064362385418
1305583057194422272
1305583029210042369
1305583001519239172
1305582988340662274
1305582852365574144
1305582784094900225
1305582715681624066
1305582656042799104
1305582638435098624
1305582614330273792
1305582559888318464
1305582535267713030
1305582329998594049
1305582086481354752
1305581880658591746
1305581684029566976
1305581661162270723
1305581627574300674
1305581585908015104
1305581493851484162
1305581274833326081
1305581051058810882
1305581040313008128
1305580889502605312
1305580774989668360
1305580542285557761
1305580511876743172
1305580435708272641
1305580432973606914
1305580278665142280
1305580136515940356
1305580131872845825
1305579892818444288
1305579580057583616
1305579574261100555
1305579498218323974
1305579267980394496
1305579134089863168
1305578892489613312
1305578854292037635
1305578754513817606
1305578720246353921
1305578362413473792
1305578361419378690
1305578345812447232
1305578318885015552
1305577784979357701
1305577607266807808
1305577461657358336
1305577460155678725
1305577430233632768
1305577364076797960
1305577199932669953
1305577189069316097
1305577186678779911
1305577011700813831
1305576960760967176
1305576870893813766
1305576699627794433
1305576590756192257
1305576442646999041
1305576404638146562
1305576370207158272
1305576344005292034
1305576203005419520
1305576087192252427
1305575843675148288
1305575831415197696
1305575829968162816
1305575826839285761
1305575778818625538
1305575740302405634
1305575656605061121
1305575644785520641
1305575549587410945
1305575423426859008
1305575401998221315
1305575327486357504
1305575165829541888
1305575133709578240
1305574786580574209
1305574652564078595
1305574617432629248
1305574565737881603
1305574536352616448
1305574232265502721
1305573959795183616
1305573908607889411
1305573815561465857
1305573806254313472
1305573670140608513
1305573577505280001
1305573421821177856
1305573358948544515
1305573357912555522
1305573348806668289
1305572988344041472
1305572973609394183
1305572879891943427
1305572875500478469
1305572620797120517
1305572466341933061
1305572423543250950
1305572369822396416
1305572345688584194
1305572255674630145
1305572246518468609
1305572178679803906
1305572066142425090
1305572043505774593
1305571741029335041
1305571335859515400
1305571142351155201
1305571128820277249
1305571047173951488
1305570915628060676
1305570879586398208
1305570855167176710
1305570810317492224
1305570703866056705
1305570660996067338
1305570635259744256
1305570491550359553
1305570259441774592
1305570233567113216
1305569937705127942
1305569918063128576
1305569788928950273
1305569706368274432
1305569587933646850
1305569498641117190
1305569466621755393
1305569448623996928
1305569215169134593
1305569070562017286
1305568938034704388
1305568911723765760
1305568825157603331
1305568645737742337
1305568454880227328
1305568364916600834
1305568347791265792
1305568094304206850
1305567597270839297
1305567552790302721
1305567530740846592
1305567476911046657
1305567375685750784
1305567310942527489
1305567268257107969
1305567186321321988
1305567083569328129
1305566934138789889
1305566589501272065
1305566450367725569
1305566426200236032
1305566265302421504
1305566246008619014
1305566182649606147
1305565931725361152
1305565854457835520
1305565835621261319
1305565770882191360
1305565743694704640
1305565568729260037
1305565376017829890
1305565328173342720
1305565200674893824
1305565094223511556
1305564906431934464
1305564805844041729
1305564710243315713
1305564541472907264
1305564528235732999
1305564475781713920
1305564437269676033
1305564427090042881
1305564380915003395
1305564340498690049
1305564196898209794
1305564113188335618
1305564052945547266
1305563964147933185
1305563865271414784
1305563842852851714
1305563772459851777
1305563613743263744
1305563613709692936
1305563448789663747
1305563441600626688
1305563316761354240
1305563248381566978
1305563233043075077
1305563166840061954
1305562868306399232
1305562779051585536
1305562545500164098
1305562531247861763
1305562472502435843
1305562465241976833
1305562460259311616
1305562451891695616
1305562353786925059
1305561949795758081
1305561934385868800
1305561690478653441
1305561626058219520
1305561616516296704
1305561540838461441
1305561292900569094
1305561190865817603
1305561157642715139
1305561084531822592
1305560659430707200
1305560656486297601
1305560605529604098
1305560517365424128
1305560468157849607
1305560435853230080
1305560300150755328
1305560201806983170
1305560174250340353
1305559843412103169
1305559655012282375
1305559588624904193
1305559470228021250
1305559251830661121
1305559215897968641
1305559145244962816
1305559057420480513
1305558811126706177
1305558278278205443
1305558268492894214
1305558138226171904
1305558130022125568
1305558107716833285
1305558039957831685
1305557816317444097
1305557767957209097
1305557759149125635
1305557739238760464
1305557579733532673
1305557403488989190
1305557049489666049
1305557018518847489
1305556911723556866
1305556897504866307
1305556892673093633
1305556803212718082
1305556543023312904
1305556510676787200
1305556442808811521
1305556094945767424
1305556058694397952
1305555982618066946
1305555978532904979
1305555746705354753
1305555687871787009
1305555382543298560
1305555127818952705
1305555074203226118
1305555003311108099
1305554992003153922
1305554814999367680
1305554494852399104
1305554490481881088
1305554403760500737
1305554336886460416
1305554325478035456
1305554119189565441
1305553821939179525
1305553757435047938
1305553691186024449
1305553556284624897
1305553543819137026
1305553191841476608
1305553147381899265
1305553132517285888
1305552997192269825
1305552894889013248
1305552816946270211
1305552713757921281
1305552630433886210
1305552610200555520
1305552373964832768
1305551938034032640
1305551891414147073
1305551756475105282
1305551710212030465
1305551701924098048
1305551537318645764
1305551370347479047
1305551264663695362
1305551242769371136
1305551213883281409
1305550945435222016
1305550576369971200
1305550419855372291
1305550162140573697
1305550128925806592
1305550114187022336
1305550103017656328
1305550037125132295
1305549982162989056
1305549962940473345
1305549934335320066
1305549639937122304
1305549518147137536
1305549406419193866
1305549299615490048
1305549258033180672
1305549161425760257
1305548977958510592
1305548919523479553
1305548859087695872
1305548821770964992
1305548735091441664
1305548681614176261
1305548666120396803
1305548595677089792
1305548594682966016
1305548411144409090
1305548385634725888
1305548207766810624
1305548147771478016
1305548091827814401
1305548039847804928
1305547987247140867
1305547903319056385
1305547830556332033
1305547778962214912
1305547699069095936
1305547461264580608
1305547411654311942
1305547370617331714
1305547362203578376
1305547265319333888
1305547057185394688
1305547039367929857
1305547019394707457
1305546968849100803
1305546885730578435
1305546505965703169
1305546474164572161
1305546439314071553
1305546268920422402
1305546159558135808
1305546096551264257
1305545928372375553
1305545876270653449
1305545831228071937
1305545826421428227
1305545705059233792
1305545576382189568
1305545524314071042
1305545483402715141
1305545339013922821
1305545070591041536
1305544982246416385
1305544973035671566
1305544927384870913
1305544675357593600
1305544574404907008
1305544572156678144
1305544338307534849
1305544329109397505
1305544198976921600
1305543884810924033
1305543873624670208
1305543817974763520
1305543703646425094
1305543561199353857
1305543260291637249
1305543052820389890
1305542937456128003
1305542691036553221
1305542676327137282
1305542391127068673
1305542331958022145
1305542243579760641
1305541939379478528
1305541921021009922
1305541760928681984
1305541738807820289
1305541579973832705
1305541515792592900
1305541432120401920
1305541208010305536
1305541167522762752
1305541142822428672
1305541071120797702
1305541052728774658
1305540987603890176
1305540860604559362
1305540737942069248
1305540701573218304
1305540644643971075
1305540584216711169
1305540463496232964
1305540394428567553
1305540342855479297
1305540236051730434
1305540135572832256
1305540023383666689
1305539818500259840
1305539475343396868
1305539140402982912
1305539110623498244
1305539055879417857
1305539021741993986
1305539019099471875
1305538960714854400
1305538828912951297
1305538503602823168
1305538470262304769
1305538375110230016
1305538283087319040
1305538251764240384
1305538082129801218
1305538063364501505
1305537992816295941
1305537910813470731
1305537885467279363
1305537820942049281
1305537790080417799
1305537513948360706
1305537098028584965
1305537048376471553
1305536992948621312
1305536957146181634
1305536836568330240
1305536488587898881
1305536404630450179
1305536173922811906
1305536038371307521
1305535964530511872
1305535741720760325
1305535569779453957
1305535524824928257
1305535521423347712
1305535501886271490
1305535431841325062
1305535376019386368
1305535281194577923
1305535243684896775
1305535172390121472
1305535051728392197
1305535040479264773
1305535005419098113
1305534977354891273
1305534883952033792
1305534741936996353
1305534689386680323
1305534642150400003
1305534640908914689
1305534637222105088
1305534634613190662
1305534625104748545
1305534618234429443
1305534616925859841
1305534552715284482
1305534536789512193
1305534441218080768
1305534410205388801
1305534382158098434
1305534337035784192
1305534323249029120
1305534280140021766
1305534275597594629
1305534248351395840
1305534218521456640
1305534204445437953
1305534189220122624
1305534133221748737
1305534048283090950
1305534047872004096
1305534026065813506
1305533939579314180
1305533866195791873
1305533709257449472
1305533709253251072
1305533668597870599
1305533628651376646
1305533562825867265
1305533431070298112
1305533425672163329
1305533417447133191
1305533320432947203
1305533062718132226
1305533035484413952
1305533030702833664
1305532848867356673
1305532675109814273
1305532663848198144
1305532595871113216
1305532570579415040
1305532485586092032
1305532427385929728
1305532400542330881
1305532381600849923
1305532356892262402
1305532335115456512
1305532298490716161
1305532210779484161
1305531987961221120
1305531967895674884
1305531945498144773
1305531931442974721
1305531855119282177
1305531852501983233
1305531558070235138
1305531447932063744
1305531440348758023
1305531354562560000
1305531310841229312
1305531296471547904
1305531218583269376
1305531135284383744
1305531081693827073
1305531051985559552
1305531041789218818
1305530940232523784
1305530911249887234
1305530909517586432
1305530745683947521
1305530734342529030
1305530687097896960
1305530681620127746
1305530638674653184
1305530408763826176
1305530404049387525
1305530371073888256
1305530335254511621
1305530170904850433
1305530113157738496
1305529989048266753
1305529949068111878
1305529929661116423
1305529925722669061
1305529914511306752
1305529880772259840
1305529761607938053
1305529729487904768
1305529682289471489
1305529631169277960
1305529627084025857
1305529590887198723
1305529539003658241
1305529528547188739
1305529500483104770
1305529426592006150
1305529418144718849
1305529392748269568
1305529387375304705
1305529355301421058
1305529331893112837
1305529265782484995
1305529248766140416
1305529220735676417
1305529218412032000
1305529111419523072
1305529106818306054
1305529061192671233
1305528987670712329
1305528886986526722
1305528354246766593
1305528344071622658
1305528241512263681
1305528230036811777
1305528170402250756
1305527627743191041
1305527494448238593
1305527196510023680
1305527181796352001
1305527168781496320
1305527155737141248
1305527033825501184
1305526813347770370
1305526550943596546
1305526426339356672
1305526235158773761
1305526189700898816
1305525923425513476
1305525601759981569
1305525545048965120
1305525497779179520
1305525293965340672
1305525129959690243
1305525043837964288
1305524911620980737
1305524828858994688
1305524590156939273
1305524553683214342
1305524464663367680
1305524083162058753
1305524071334113281
1305523907273854976
1305523347481071616
1305523220011986944
1305523198419763201
1305523081163812874
1305523064571076610
1305523064365613059
1305522954042839041
1305522931410382853
1305522696348991494
1305522557593018371
1305522426743226375
1305522386457034754
1305522273101721600
1305522163181641732
1305522153996136449
1305522127584591877
1305521893085270016
1305521883778088963
1305521698423398401
1305521663572873216
1305521390720897024
1305521379291394050
1305521168015921154
1305521147732201473
1305521147103059968
1305520586962206721
1305520208468160515
1305520000397176832
1305519982953066496
1305519953928491008
1305519945317584896
1305519847862927362
1305519726576230400
1305519473475149826
1305519215026343936
1305519193933185026
1305519003583098884
1305518841506803712
1305518711911206912
1305518704697004033
1305518458524794881
1305518449075118082
1305518208083001344
1305518148687466498
1305518132358983680
1305518086674698240
1305518000276209664
1305517922538881024
1305517875873165313
1305517813835206663
1305517564152422400
1305517313660252160
1305517236854157312
1305517024110694401
1305517003877347331
1305516993299255297
1305516866077589512
1305516860759314432
1305516790009786370
1305516704584421379
1305516519380709376
1305516399817875459
1305516336689426435
1305516315076161537
1305516014386413568
1305515986251059202
1305515740146151424
1305515738652958722
1305515683581775872
1305515524445614082
1305515488240439296
1305515167409676290
1305515132559257600
1305515031057047555
1305515009062076422
1305514971959365632
1305514837351559169
1305514836252594177
1305514776961986561
1305514727351648261
1305514691754688512
1305514489564069889
1305514402150592512
1305514393011130374
1305514379845214208
1305514351969869829
1305514057466810368
1305513952445698048
1305513829783216128
1305513603735392258
1305513423225135109
1305513252105916418
1305513205951877120
1305513195734532097
1305513158673563648
1305513034153107457
1305512936933294083
1305512923398311938
1305512865223397376
1305512723527204864
1305512552957464578
1305512489849847810
1305512286518415361
1305511915410657280
1305511887577243650
1305511752461955082
1305511659537084421
1305511649860878344
1305511583313952768
1305511270913896448
1305511225019764737
1305510665688363008
1305510640342257664
1305510639662751746
1305510639088041989
1305510638513467393
1305510637922144257
1305510637099986949
1305510471232036867
1305510127223537665
1305509909044301830
1305509391278444544
1305509288119545857
1305509157806714884
1305509082686726144
1305508916223188999
1305508362940014592
1305508309617774592
1305507966423105537
1305507950782545921
1305507949922709509
1305507938237382657
1305507926812000257
1305507906390036486
1305507894058680321
1305507881027080192
1305507738097770496
1305507738047447042
1305507706707619842
1305507614923595778
1305507011963084800
1305506985459224576
1305506854685085696
1305506735122272258
1305506589537861633
1305506560848916480
1305506350701608961
1305506347954442240
1305506332380889089
1305506329042264064
1305506325439361024
1305506323069534208
1305506065874849792
1305506030785384450
1305505849008361472
1305505788388085760
1305505706586574850
1305505618518835203
1305505580820443138
1305505532896251909
1305505446829191169
1305505444077633537
1305505442488033280
1305505383134490628
1305505378860445696
1305505344182013953
1305505278067191813
1305505108923310081
1305505033656700929
1305504696426266629
1305504583955906561
1305504543787155456
1305504532462555137
1305504510970920960
1305504446009540609
1305504175699243008
1305504137178734592
1305504004970090496
1305503988759121920
1305503787902263296
1305503428223918081
1305503406501621764
1305503269796577281
1305503156990816257
1305503061041975296
1305503025704902663
1305502975541104640
1305502945472020481
1305502636590936064
1305502605699932160
1305502533088092162
1305502003787898881
1305501782718713857
1305501727676936192
1305501713130979340
1305501673138290689
1305501579974512640
1305501550245228544
1305501427347922945
1305500957481078785
1305500829672144896
1305500609651539968
1305500563325493249
1305500518622662657
1305500304482410496
1305500269879451651
1305500228632666112
1305500008662405122
1305500002274414593
1305499914366005251
1305499885907726339
1305499578309971969
1305499250831306753
1305499160733417473
1305499140785401856
1305498927030890496
1305498898375610370
1305498881598328832
1305498740321550336
1305498690199707648
1305498550420332545
1305498367728979970
1305498330982682624
1305498240075411459
1305498118482538496
1305497821441929222
1305497796359999494
1305497786583052289
1305497389445328897
1305497290430451713
1305496598152196096
1305496458351849473
1305496126167154688
1305496097490718722
1305496078045904896
1305495998039576577
1305495957547646976
1305495802882686981
1305495732187787269
1305495305568358402
1305495003314225153
1305494927204376576
1305494820530642945
1305494810523054081
1305494798955171840
1305494274499203073
1305494268027568131
1305494267117305863
1305494142567542784
1305493962116026369
1305493922932830208
1305493896705830915
1305493882411593728
1305493862845157377
1305493743613730818
1305493681697370112
1305493655520714757
1305493640131653634
1305493454487801856
1305493274023559169
1305493048848191489
1305492886247690242
1305492762029109248
1305492733532962816
1305492511469826051
1305492188512555015
1305492131189055488
1305491932655882248
1305491930835451911
1305491843199762432
1305491727294361601
1305491620855455745
1305491429620215814
1305491078808829953
1305491025549570049
1305490975050080257
1305490950928596993
1305490834499014656
1305490811996516352
1305490670082293760
1305490608933556226
1305490492604346375
1305490382201982978
1305490321770455042
1305490296109780995
1305489987345944577
1305489805535522816
1305489793871155200
1305489570683908097
1305489547342602240
1305489481269678081
1305489415213637632
1305489398763589643
1305489326831173633
1305489277950849025
1305489184187207680
1305489030411440129
1305488714840367104
1305488542416736258
1305488500075229184
1305488462066454530
1305487998046396416
1305487723319488513
1305487301921902593
1305487128651071488
1305487037982801925
1305487006512877568
1305486528253169670
1305486489783087104
1305486409160163329
1305486355594711042
1305486066095357953
1305486002107101184
1305485843944083463
1305485466305785857
1305485293827624962
1305485053162663937
1305484840121315329
1305484761754894336
1305484689042440194
1305484684755902470
1305484291590238220
1305484263505235970
1305484237399826433
1305484183486238721
1305484181456195585
1305484105388302338
1305484091563872256
1305483945476124672
1305483858733862913
1305483814937022469
1305483573852545030
1305483536108056577
1305483481271730177
1305483464729399297
1305483280930746370
1305483043671543808
1305482948410576896
1305482915434967046
1305482895373602821
1305482779971518465
1305482735012712448
1305482714255101952
1305482688699207681
1305482464681496577
1305482343373774848
1305482332456058886
1305482312834981890
1305482256690171905
1305482245831045120
1305482176499265536
1305482106395656192
1305482079887646720
1305482064553283585
1305482050535862273
1305482045762736131
1305482043132915712
1305482042466086912
1305482020374687745
1305481656501846018
1305481653847044098
1305481625149599746
1305481541217382404
1305481482018992128
1305481414318718976
1305481405061791744
1305481110286217216
1305480976303349760
1305480550136844290
1305480505119444992
1305480376115228673
1305480337867313152
1305480285425930243
1305479866612158466
1305479811935150080
1305479693802655744
1305479562084716544
1305479527129284609
1305479338008117248
1305479027977785345
1305478993660071936
1305478835585126407
1305478696992747523
1305478663169667072
1305478529702912002
1305478287729324032
1305478165276446727
1305478154295926784
1305477941313273856
1305477722924351494
1305477678758273025
1305477511086776321
1305477417289625601
1305477413716004864
1305477320631824385
1305477229099581443
1305477171448774656
1305477143678328832
1305476929269661698
1305476787363819520
1305476698591449089
1305476407666118656
1305476218653900800
1305476067612938245
1305475936536666113
1305475799609417730
1305475706042945539
1305475195113791491
1305475157671186433
1305475103300427777
1305475063651676161
1305474750270054400
1305474724424712192
1305474527464427520
1305474377119674369
1305474369024651264
1305474358249492481
1305474283242770435
1305474220600815618
1305474125742387200
1305474124253364224
1305474048953143297
1305474046113599490
1305474028044509185
1305473840143839233
1305473811249233920
1305473754382954499
1305473709273210880
1305473676838567939
1305473664486342664
1305473537835249665
1305473422399594499
1305473380968259584
1305473106610475009
1305472994098151425
1305472719312560130
1305472703600701442
1305472429507178496
1305472294706442240
1305472225135427584
1305472048899272704
1305472033304784897
1305471812856418306
1305471583520264192
1305471547042410496
1305471540687970310
1305471501064441858
1305471384072654848
1305471165549469696
1305471093617106944
1305471011819843584
1305470987698425856
1305470970271068161
1305470904651186176
1305470903875235841
1305470714259046400
1305470621233623041
1305470463473324032
1305470394145570817
1305470257675546625
1305469926094888969
1305469922986913793
1305469909674196992
1305469894914445313
1305469856742084608
1305469843337084929
1305469800685219840
1305469777801023488
1305469594690297856
1305469568069103617
1305469453648396289
1305469413894828037
1305469196881612801
1305469100555227138
1305469083417227265
1305469046314405889
1305468859378552833
1305468840063586307
1305468806089920515
1305468721658564608
1305468490334253057
1305467854100328451
1305467749381087232
1305467696826519559
1305467626492235781
1305467577544724480
1305467534754418688
1305467518522400768
1305467460179636225
1305467449266102272
1305467344383246336
1305466914551074816
1305466815804575745
1305466741246627843
1305466499453325312
1305466414044774401
1305466402766286848
1305466340875161600
1305466207970054145
1305466172033425413
1305465947302567937
1305465932236685312
1305465845435510786
1305465745464320001
1305465648970182657
1305465612219699200
1305465574512898053
1305465185415630848
1305465171377295361
1305465155686412288
1305465138980499458
1305465123218300930
1305465090330722304
1305465037151260672
1305465016926302208
1305464771123253251
1305464703095840768
1305464546602123265
1305464495817601024
1305464369107611649
1305464122411278336
1305464119684927488
1305464111241854977
1305464005566361601
1305463989221158919
1305463815237242881
1305463658546421761
1305463586702200833
1305463571493593088
1305463541210714112
1305463211215532032
1305463192315932672
1305463180718673920
1305463134140985347
1305463069955493891
1305462910748160001
1305462853219110914
1305462835389005824
1305462826379743233
1305462795333513216
1305462786764541954
1305462784721813505
1305462529095864320
1305462521831272448
1305462419251253253
1305462359432069122
1305462067814637569
1305462054363463680
1305461996847067137
1305461952085405697
1305461833936113664
1305461791619715075
1305461736972189697
1305461643149807616
1305461619670093826
1305461613563183105
1305461537864376320
1305461430863319042
1305461371233087489
1305461314366701568
1305461305344745473
1305461299300773892
1305461274474676225
1305461099815460864
1305461094039908352
1305461063459246080
1305460898069393409
1305460880214294528
1305460834013978625
1305460788677804032
1305460749016461313
1305460362096136193
1305460327614734336
1305460322749341696
1305460318240411649
1305460240473825281
1305460212674031619
1305460138917195776
1305460079760678912
1305459983270768643
1305459847136247808
1305459590239322112
1305459554356994048
1305459312513486852
1305459307077677056
1305459193403658241
1305459173216444417
1305458984346882049
1305458898158092290
1305458865237102592
1305458853623062528
1305458830860529664
1305458677730639872
1305458651663138816
1305458386784391168
1305457987667079168
1305457973729406976
1305457834872668160
1305457825536249856
1305457811766247426
1305457693122072576
1305457615409995776
1305457613015052288
1305457600939675648
1305457387889922048
1305457299310415872
1305457125842452481
1305457040152817664
1305456791095054336
1305456483002441729
1305456425649537024
1305456329625079813
1305456199094153216
1305456003354365952
1305455916171616256
1305455863440773120
1305455855966486529
1305455847313678336
1305455761443770371
1305455620359942144
1305455588369932288
1305455347562426369
1305455292856107008
1305455049301262336
1305454983924588544
1305454939091677184
1305454723902976006
1305454717481496577
1305454602465218560
1305454484932395008
1305454398320115712
1305454371870736384
1305454362534313990
1305454299011600384
1305454292082593799
1305454199229026312
1305454129062477826
1305454081943703552
1305453982068998144
1305453870655700992
1305453487472345088
1305453428697694209
1305453348070531072
1305453252079689729
1305452966355312640
1305452793948508160
1305452666932416514
1305452313482596352
1305452307006488577
1305452271711522817
1305452014919442432
1305452003582189569
1305451893846683650
1305451806739378176
1305451793820930049
1305451662505639936
1305451604972392453
1305451385274675200
1305451359911673857
1305451314764304390
1305451302785298432
1305451283592040448
1305451260066369538
1305451218362343425
1305451208912535552
1305451060178411520
1305451039949291520
1305450952074420226
1305450866984525824
1305450817919610880
1305450538964848640
1305450487471378432
1305450305820266502
1305450091541655552
1305450088794333185
1305450058318589953
1305449996104466433
1305449981634138112
1305449820124065792
1305449654037905409
1305449639244636163
1305449621435621377
1305449558399504384
1305449453260804096
1305449396344152064
1305449220724461569
1305449193142706176
1305449166219378688
1305448839483195398
1305448754267533312
1305448736659734528
1305448723829403649
1305448578756771840
1305448415480999938
1305448377270841346
1305448351886987265
1305448016346787840
1305448000458829826
1305447967629991937
1305447890437967872
1305447869453922305
1305447821823410184
1305447705813147649
1305447658966876161
1305447590675308544
1305447583121367042
1305447545276112896
1305447541132140544
1305447482781032449
1305447445594361856
1305447435389595650
1305447342804471808
1305447315814125569
1305447311661817857
1305447207043239938
1305447175296618497
1305447089489485824
1305447079792132096
1305446906508836866
1305446859994017792
1305446830466109440
1305446815165288449
1305446724169801730
1305446709561040899
1305446597338292224
1305446574038945793
1305446426223218695
1305446401514573825
1305446361563791360
1305446360460689409
1305446269989588992
1305445920314621952
1305445864937320448
1305445795840364544
1305445776064237569
1305445758720765952
1305445686335463429
1305445671298904065
1305445578692857856
1305445508337500160
1305445329593085952
1305445126425194496
1305444927485227008
1305444758555369473
1305444706432815105
1305444689336832000
1305444667639693314
1305444583761944576
1305444561716559872
1305444463137951744
1305444069741654016
1305443969770369029
1305443803772444672
1305443756930461696
1305443682569646081
1305443633261355008
1305443538046513153
1305443503296610304
1305443497470832641
1305443476008509440
1305443472724426754
1305443371587117056
1305443126266548224
1305443113238962176
1305442971177844736
1305442953821925376
1305442788079734785
1305442787337400320
1305442775966650369
1305442749538279425
1305442746522624000
1305442698120355840
1305442539676340224
1305442508810465280
1305442440627847168
1305442414518300672
1305442350106320907
1305442345136128001
1305442251028525062
1305442193474232321
1305442099773538304
1305441631877857285
1305441431704801282
1305441378822795265
1305441247016955905
1305441228574597121
1305441187055239170
1305440855730327553
1305440809815334917
1305440788873060352
1305440787992252417
1305440781319245824
1305440522547363841
1305440438468239361
1305440288341598209
1305440270947946496
1305439739282153472
1305439609908858880
1305439559585599488
1305439534931415041
1305439463749943296
1305439421425233920
1305439205930283010
1305439191510253570
1305439123033993216
1305439017689849856
1305438912752611328
1305438811929882625
1305438745735331840
1305438715033071616
1305438651917058050
1305438593897373696
1305438567594950656
1305438531213570048
1305438488297385984
1305438198794006530
1305438120419061765
1305438092082450437
1305437872896475138
1305437826088079360
1305437471661076480
1305437400706043909
1305437296687226880
1305437046769618944
1305437046727684096
1305436907552243712
1305436897301475330
1305436837058621441
1305436832612659202
1305436737032933376
1305436665935286272
1305436488956600320
1305436412607688704
1305436380693172224
1305436344609538048
1305436218386198533
1305436152468471809
1305436127566888960
1305436076333559808
1305436074278301696
1305435988374691842
1305435905117892608
1305435845038571520
1305435730001432577
1305435648388673538
1305435610098917377
1305435562401304581
1305435428334514176
1305435388748730368
1305435365927522305
1305435283966525441
1305435242237505537
1305435080245022720
1305435053711921152
1305434947814072321
1305434930487402498
1305434871519678465
1305434809905426433
1305434807397232641
1305434787801427968
1305434723251036160
1305434700362776577
1305434680687235074
1305434648944824321
1305434581693333504
1305434560855932929
1305434469529251841
1305434393452912640
1305434377669808129
1305434124761661443
1305433868108001281
1305433825917440000
1305433780681875461
1305433775678128128
1305433716836233216
1305433646153818112
1305433510409273344
1305433474183168000
1305433387914715142
1305433343497064449
1305433310546538498
1305433297015762944
1305433244691836928
1305433222248103936
1305433197149335552
1305433180116221954
1305432806642905096
1305432759536627713
1305432672433573888
1305432386784632833
1305432327980548096
1305432262578708481
1305432258594119681
1305432222875426816
1305432222556712960
1305432137202532352
1305432137009692672
1305432037919264768
1305431972379058176
1305431750101921794
1305431642648047617
1305431613082415104
1305431603838156801
1305431531532550144
1305431521357160450
1305431392902352897
1305431363269599233
1305431303253381122
1305431176094547968
1305430833814286336
1305430795105038337
1305430705367920640
1305430628356284417
1305430581270978560
1305430478674157569
1305430423636455424
1305430402002288642
1305430184787611649
1305430011948736514
1305430000041164800
1305429987940544512
1305429901294665728
1305429752019382272
1305429468484382723
1305429332479836161
1305429326444343296
1305429192805429248
1305429133355253761
1305429090133069824
1305429006259544064
1305428885438431232
1305428781562302464
1305428739631861762
1305428562191822849
1305428531619540994
1305428470986616832
1305428467329236993
1305428452862902273
1305428452590391296
1305428382931394561
1305428360819081216
1305428354951262208
1305428029938819072
1305427774165995520
1305427711352078336
1305427588974866432
1305427573137125377
1305427531521236992
1305427315925618689
1305427277207998465
1305426877142757377
1305426793235722240
1305426759656108033
1305426596971544576
1305426502410997760
1305426456118427648
1305426032657301504
1305425957742956544
1305425799177273346
1305425294891929601
1305425181809152000
1305425173642792962
1305425162058244096
1305425008408375296
1305424865860767745
1305424848936734721
1305424783799193600
1305424649875001344
1305424559500406785
1305424411584065536
1305424374749691904
1305424354986074112
1305424277194371072
1305424266440171520
1305424248660463621
1305424074135531522
1305423966320951302
1305423855650037760
1305423822166863872
1305423812423495680
1305423578213556224
1305423556319342597
1305423542859702272
1305423533527519233
1305423519082328064
1305423454016081921
1305423320586891264
1305423084862738434
1305423021763694595
1305422974862987264
1305422781409120261
1305422779215470592
1305422765026140160
1305422728158154752
1305422727814295552
1305422706238722048
1305422692863168514
1305422644683177985
1305422520800116736
1305422496519401477
1305422484112637952
1305422299781304320
1305422252545105921
1305421810570272768
1305421804438196225
1305421765238231041
1305421707973402624
1305421657931120646
1305421618919993344
1305421609457659904
1305421471767048192
1305421419531186176
1305421169923891200
1305421032778534912
1305421030303969281
1305420925010149376
1305420900662206464
1305420862183682048
1305420586773098498
1305420562685190145
1305420558411214850
1305420415200907264
1305420280383320065
1305420238024998917
1305420143279976453
1305420023826087937
1305419823330078720
1305419782993440769
1305419736428281857
1305419717490991104
1305419635836289026
1305419371456671745
1305419021408522240
1305418901744910336
1305418706030333952
1305418618688155650
1305418564434788357
1305418457761144832
1305418394804551680
1305418377306013696
1305418329360871425
1305418297870032896
1305418263514365955
1305418138691854336
1305418026523734016
1305417853085143040
1305417635396562945
1305417610033541121
1305417584276393984
1305417462289256449
1305417366692597760
1305417296534474753
1305417213923463168
1305417078250377217
1305416818471972864
1305416652289384448
1305416635793264640
1305416628046360576
1305416609822126080
1305416313569976320
1305416282314027009
1305416237866987520
1305416128735313920
1305416019503132674
1305415840796495872
1305415741072715776
1305415537095254016
1305415507915558913
1305415505625395200
1305415461778137088
1305415332392247296
1305415142075781120
1305415091471503362
1305414950052155392
1305414802026762241
1305414559075913728
1305414513865494528
1305414512837890049
1305414461503791104
1305414429928980480
1305414394080309248
1305414220301905920
1305414165855645697
1305414127515570176
1305414002286231552
1305413940764172289
1305413853342314496
1305413818324070408
1305413803966959617
1305413741870231553
1305413681853984768
1305413592590823425
1305413334754263044
1305413251354812417
1305413173223317505
1305413115144802304
1305413039768956930
1305412997331013634
1305412937402769408
1305412913600106497
1305412705877135361
1305412569763663872
1305412568006172672
1305412563006558209
1305412556169805825
1305412495327326208
1305412426976890881
1305412288338227200
1305412276300795905
1305412242800807937
1305412216963895297
1305412113989591040
1305411859185631234
1305411785961476096
1305411693422444545
1305411664737644544
1305411506029375489
1305411470000300032
1305411341121916928
1305411304639934464
1305411114205933570
1305411088834584576
1305411050708307968
1305411019573993472
1305410950456016896
1305410914443825152
1305410859750092803
1305410759388790784
1305410749750272002
1305410475077832706
1305410323193704451
1305409744220360704
1305409735194218498
1305409613458743296
1305409354821140480
1305409208897150981
1305409142732009472
1305408906290700288
1305408881674334214
1305408874736910336
1305408865798946816
1305408777311653888
1305408773549363200
1305408758290542594
1305408652891901952
1305408652787019776
1305408479096639488
1305408457865035778
1305408278462111744
1305407693969149953
1305407668874510336
1305407618010304513
1305407597210669056
1305407525404241920
1305407480269344769
1305407466205786113
1305407464448438277
1305407354414956547
1305407310563598337
1305407125456289792
1305407123954765825
1305407056048984065
1305407002932162566
1305406916676521984
1305406633422606336
1305406526027427840
1305406505320157185
1305406318493171712
1305406272724967425
1305406251212443649
1305406104717922304
1305405728161755136
1305405560880336897
1305405537433956353
1305405519390289920
1305405419968507905
1305405089629245440
1305405062055784448
1305405026865684480
1305404990572212225
1305404952517308417
1305404948570660864
1305404946569928704
1305404937447317509
1305404920036757504
1305404828051533824
1305404816986865664
1305404719343505410
1305404607884144640
1305404464237629440
1305404368729059328
1305404363603677184
1305404354107789313
1305403902192504835
1305403819518562307
1305403783271374848
1305403719035564032
1305403713381691392
1305403556720242688
1305403536948244485
1305403455717216257
1305403449752924160
1305403427204354049
1305403387832303616
1305403296258183168
1305403279254474752
1305403241283321858
1305403228041998336
1305403211097034754
1305403024588800000
1305403001650262016
1305402709374312448
1305402551748235264
1305402485675298816
1305402480801579009
1305402464427020289
1305402371476922368
1305401906051903488
1305401725487140865
1305401438647001088
1305401336989655041
1305401295285747712
1305401220199256064
1305401158496784384
1305401071469293569
1305400679024951296
1305400641427255297
1305400624863997953
1305400583143251968
1305400525526126593
1305400518559309824
1305400405770280965
1305400357561028612
1305400330126069762
1305400201876832257
1305400175800844288
1305400064119123968
1305399931306475523
1305399857654439937
1305399831003832326
1305399737475125253
1305399700745531392
1305399514208129026
1305399314785751041
1305399263090876416
1305399134061461504
1305399014607777793
1305398863428284423
1305398600852217856
1305398502848180224
1305398496481214464
1305398480505102336
1305398414860058624
1305398340960608256
1305398227198500865
1305398032423362560
1305397992443252736
1305397959111081984
1305397872746213377
1305397815972167681
1305397676096225282
1305397553354207232
1305397277071208448
1305396957633019905
1305396777143631877
1305396649578070016
1305396599502311425
1305396467075559425
1305396159104659456
1305396094013239296
1305396075377971200
1305395986618093569
1305395921627291649
1305395919693676545
1305395898294456320
1305395421980876800
1305395322613649413
1305395237758464000
1305395215704809473
1305395179604582400
1305395117226778624
1305394835378130944
1305394727286603776
1305394665043234816
1305394613901983744
1305394611041562625
1305394422675312642
1305394162435608576
1305394100636614656
1305394054423883776
1305394051190063104
1305393957434798080
1305393930444341248
1305393901105303553
1305393833287585792
1305393822847860736
1305393813377216513
1305393788404281344
1305393745454653440
1305393740920561668
1305393700382683137
1305393693592088577
1305393631524782080
1305393614307065856
1305393592991711233
1305393592140169217
1305393554106310656
1305393533101236229
1305393450234318855
1305393341023113217
1305393273360523264
1305393230473764864
1305393102815985664
1305393091495571456
1305393055617429504
1305393054275244033
1305392960817725441
1305392759965200384
1305392755036819457
1305392714054279170
1305392666763505664
1305392653736050688
1305392574946045952
1305392533359472640
1305392516729102336
1305392514527047685
1305392448810688514
1305392435217002497
1305392375058100224
1305392275841785856
1305392160821456896
1305392150578974720
1305391817731575811
1305391779676672000
1305391758197567488
1305391380647366657
1305391155404771329
1305390863095402501
1305390780270469122
1305390713656561664
1305390482260979715
1305390440468934656
1305389902956236805
1305389328886124544
1305389322808549382
1305389091723382785
1305388921686298624
1305388919878451201
1305388734096044032
1305388658158194688
1305388610368217088
1305388608627642369
1305388571814232064
1305388570102947841
1305388471691902976
1305388291303317506
1305388122792960000
1305388028123324416
1305387989309239296
1305387966190288897
1305387964470624257
1305387941242511365
1305387644860411904
1305387551428161537
1305387471044214785
1305387185781301248
1305386929811345418
1305386736156016642
1305386597228183553
1305386488893501440
1305386137331130368
1305386114820255744
1305385999065907200
1305385926022041602
1305385914940764160
1305385780957917184
1305385755544563712
1305385621725343744
1305385384839348225
1305385318602944514
1305385172033064960
1305385039102910465
1305385006517411840
1305384990549704704
1305384960698834944
1305384839852498944
1305384701662760962
1305384570943143936
1305384443595624448
1305384406748721152
1305384361957695492
1305384172635254785
1305384169225191425
1305384071829295104
1305383789053394945
1305383510753120256
1305383494592364545
1305383254468505600
1305383229520842752
1305383200097742849
1305382962381365250
1305382853295984640
1305382774975672320
1305382770286514177
1305382638824435717
1305382562290950144
1305382429574791171
1305382312155242496
1305382128092405765
1305382086510104581
1305382021565382656
1305381656795189248
1305381542785679365
1305381321364197376
1305381187360301057
1305380952659591169
1305380851904065537
1305380576464076804
1305380355344605185
1305379985054670850
1305379785728819200
1305379535999860737
1305379486565892096
1305379393787891713
1305379221133557760
1305379108080308224
1305379085263212546
1305378890983124994
1305378459217260544
1305378182116278272
1305378181109538818
1305377823549513728
1305377795544166402
1305377626861776897
1305377575800377344
1305377355964338176
1305377204210143232
1305377190574522370
1305377029425115137
1305376979504582661
1305376462413860864
1305376424057073665
1305376198378299392
1305376179294285825
1305375894786244609
1305375576182665217
1305375574383366144
1305375561724956672
1305375501666734083
1305375285697802241
1305375133452980224
1305375089211379712
1305375088280207360
1305375047553609728
1305375014166958081
1305374822550077442
1305374720859275265
1305374684561711104
1305374480731181056
1305374443687088128
1305374318055108608
1305374123250589697
1305373768559341568
1305373445899902976
1305373228416856064
1305373090277396480
1305372766028402688
1305372742443769856
1305372687431348224
1305372386536161280
1305371879721652224
1305371601433657344
1305371575076651012
1305371010196213762
1305370474000658432
1305370449090613248
1305370447962427396
1305369775300804608
1305368808203390976
1305368675877257217
1305368657510440965
1305367722252021760
1305367372220567552
1305367294403641344
1305367148051812352
1305367008947695616
1305366941159350272
1305366726855593986
1305366062607863808
1305365801126498304
1305365741496041472
1305365647258464258
1305365514001289217
1305365146496307200
1305365123796807682
1305365054183931905
1305364842681962497
1305364317248851968
1305364075250057217
1305363191543877632
1305363152360615936
1305363107066372096
1305362794938880000
1305361868735873025
1305361279658450950
1305360987684589568
1305359722929938432
1305359447695515648
1305359061362315265
1305359055477714944
1305358998108090368
1305358697338744838
1305357994268524544
1305357385708470272
1305357167902560256
1305356930458832898
1305356540094959616
1305356083855323137
1305355716513992706
1305355254003830784
1305355062915592193
1305354924612562947
1305354767703642112
1305354342778712066
1305354235744325632
1305354008324968448
1305353759321710593
1305351380257906688
1305349377842708481
1305349001596862464
1305347353407348736
1305345035383091200
1305344254819082240
1305342943381856256
1305340663077179395
1305338933899923456
1305338395460333568
1305338284344659968
1305337116331835398
1305336244352753664
1305335409866670080
1305325855384596481
1305324689364004864
1305324370940882944
1305320463556579328
1305317931002335232
1305317199746342912
1305314327315075074
1305313069480935427
1305312202476392449
1305311476811476993
1305311173445812224
1305310987751391233
1305310878259187712
1305309941230645253
1305309398932353024
1305308878268231681
1305308002111627264
1305307220331163648
1305307188819304448
1305306807053754370
1305305928900775936
1305303335633907714
1305303192536854528
1305302481707184129
1305298550788681729
1305298461055758336
1305298372610478080
1305296847729291269
