1219408730581807105
1219408500847206400
1219401619101700097
1219400986059530241
1219400933722992640
1219400852173197312
1219399031744536576
1219398504080203778
1219397666880311297
1219397259890216960
1219397233868771335
1219397191992860672
1219396994575278081
1219396929513304075
1219396284911640576
1219396235913760770
1219395808476434439
1219395431945338881
1219395265398038529
1219395197320167430
1219395101086113792
1219395091317608448
1219394425375395841
1219394090648903680
1219393911942275073
1219392977786822656
1219391867080577024
1219391641037000707
1219390627655405570
1219390354220339202
1219390283806334977
1219390048711380999
1219389395339501569
1219389076119281665
1219388626309611520
1219388542180261894
1219388532197941248
1219388521061998599
1219388520403554306
1219388485444030466
1219388218241617921
1219388135362191370
1219388066235920385
1219387978805645317
1219387978738470915
1219387542556106753
1219387448045731841
1219387435639037952
1219387428865224705
1219387219699535872
1219387023926140940
1219387000576409602
1219386723072991243
1219385953879515138
1219385307394723840
1219385030457331712
1219384569952112645
1219384569851469829
1219384542521364488
1219384523202449409
1219384435247853569
1219384077129846785
1219383958560964609
1219383680373751811
1219383634303516673
1219383545099059203
1219383363301249024
1219383172804288513
1219382935826116610
1219382108281561089
1219382066497949696
1219381046233436163
1219380987546783744
1219380800480784387
1219380679961694208
1219380336095834115
1219379975662526465
1219379836503887872
1219379617506758656
1219379441035612161
1219379330620579840
1219378891736875010
1219378468313542657
1219378370074595331
1219377878162444288
1219377673249619968
1219377541712162816
1219377392281706496
1219377196470558720
1219377174567968769
1219377111183634433
1219377070981120002
1219376549956390912
1219376115309056001
1219375798802616320
1219375744859676673
1219375420782587905
1219375100857810950
1219374826655244288
1219374770329919490
1219374760657924096
1219374041083105280
1219373567881687040
1219372572632080384
1219371439289249793
1219371432800669697
1219371073487233026
1219371039903354880
1219370754388656128
1219370671731564544
1219370633093697538
1219370623811694592
1219370622641373184
1219370584007761920
1219370444068990978
1219370310052601858
1219370152984268800
1219369482474442752
1219368887009058819
1219368750652252163
1219368053638647808
1219368004011642881
1219367862470660101
1219367510216265729
1219367450468388864
1219367382713622528
1219366925534420992
1219365356545945607
1219364973022978048
1219364965125173248
1219364866730995714
1219364553185775618
1219364367516553216
1219364168198914048
1219364028734197762
1219363822911283202
1219363787096186880
1219363674495881217
1219363575690616832
1219363459177046018
1219363440902303745
1219363407490666496
1219363329367584768
1219363229790605314
1219363123876040715
1219362998239801344
1219362982733414401
1219362892757245952
1219362740051070976
1219362652004212738
1219362239163047938
1219362224277315584
1219362191104794625
1219361968852733952
1219361794302627845
1219361395394957318
1219361192688439302
1219361125948674050
1219360727783419906
1219360026168643589
1219360023610101765
1219359967817424896
1219359929837981696
1219359772484472832
1219359767434612737
1219359759188602880
1219359694487261184
1219359654578466816
1219359091090501632
1219358903063937031
1219358756464680960
1219358705516523521
1219358370450284548
1219358148332531714
1219358069450248192
1219357926470701056
1219357633271955458
1219357565966016514
1219357484634267650
1219357482298023937
1219357440455725059
1219357423238029312
1219357347656749058
1219357130555379712
1219356931846000642
1219356520397385730
1219356487207849984
1219356213105905664
1219355804933009408
1219355316120440835
1219355064399253506
1219355012876382214
1219354617017970689
1219354433215221762
1219354364701290496
1219353308659404808
1219353297879994368
1219353241441439746
1219352587042017281
1219352571703365634
1219352443793920001
1219352064897273857
1219351988040802304
1219351837712814080
1219351822856609793
1219351759224786945
1219351640442068992
1219351525702672385
1219351055810596871
1219350896406077448
1219350110745890816
1219350069138378752
1219349881342562309
1219349761343590401
1219349713960554496
1219349697434980354
1219349605546102787
1219349393150828545
1219349260879253509
1219348856036634624
1219348713950392320
1219348384978493441
1219348187913179136
1219347967213297665
1219347804620980230
1219346612474011649
1219346391413264386
1219346066312769538
1219345320590614528
1219345291062730753
1219345247672643586
1219344341703045125
1219344248358817792
1219344188376059905
1219343431912361986
1219342857510756352
1219342401149468672
1219342282073178112
1219342137797554178
1219341442042269697
1219341230296965121
1219341199141679111
1219340869893083137
1219340692226498560
1219340690162966528
1219340530578001920
1219339946043023365
1219339922496204801
1219339401857204224
1219339258080702469
1219338534395564037
1219338530511605763
1219338258678796294
1219337245150322693
1219337228599558147
1219337215152656384
1219336670300033029
1219336464452014080
1219336387335507969
1219336091087581185
1219335802083254272
1219335404937252864
1219335378215276544
1219335131619647489
1219334794070450178
1219334087783198721
1219333855620083712
1219333608000884736
1219333375376416770
1219333230597476352
1219333101790334977
1219332733010432000
1219332718502334464
1219332237130371078
1219332046172180482
1219331723852500992
1219331670727450625
1219331346956537861
1219331323262795782
1219331125409210368
1219331026528489473
1219330986934259715
1219330150925508609
1219329257610129412
1219329091314376704
1219329018102796288
1219328712291823622
1219328693727789057
1219328384762859520
1219328099462062092
1219327734549270528
1219327107098206209
1219327029939707904
1219326796769955840
1219326338680741893
1219325925134946305
1219325614735360000
1219325349806231554
1219325229996167169
1219324512635891712
1219324216601956353
1219323915312472066
1219323483978637313
1219322191713652736
1219322110142812162
1219321887211294724
1219321366048014337
1219320969564696578
1219320307724341251
1219320089855565824
1219320068540190722
1219319528351502337
1219318842394140673
1219318694498701312
1219318632129363968
1219318147062419459
1219317911342518272
1219317221631176704
1219317209983524865
1219317106732425216
1219317078957658119
1219316982685802496
1219316435463364615
1219316246728060928
1219316217959342081
1219315966166872073
1219315625572651008
1219315604097839105
1219315586695561217
1219315555943010305
1219315517451882497
1219315461533458434
1219315147786813440
1219314965867352064
1219314898515169281
1219314836481413125
1219314704784465921
1219314355352850434
1219314289670021121
1219314275417804800
1219314194803232769
1219313533663481863
1219313344496259075
1219313267736293379
1219313214523088896
1219313125259870208
1219313041793331202
1219312956321734656
1219312906514374657
1219312809613373441
1219312785575772160
1219312703333916673
1219312593774530562
1219312568780697608
1219312117515538437
1219311751596052481
1219311605080645632
1219311581688999936
1219311409894391810
1219311088761802752
1219311017643184129
1219310839037157377
1219310600536326147
1219310133404106754
1219310012675371012
1219309881657872384
1219309776112357378
1219309748463398914
1219309681144975367
1219309609476861954
1219309549166956557
1219309435983663105
1219309346976358400
1219309103257964545
1219308879227637762
1219307917150769153
1219307878135357440
1219307593946013698
1219307383412883456
1219307304190869506
1219307132132188160
1219306852732850176
1219306744972791809
1219306656452038656
1219306192364810243
1219306007714844675
1219305166811418624
1219304829312479235
1219304636810694657
1219304624970194944
1219304264612372481
1219303795970064385
1219303682384199681
1219303250505228288
1219303180359606278
1219302809256058881
1219302731174858752
1219302661171838981
1219302490002337793
1219302317163536386
1219301397658775556
1219300989125251072
1219300871814684674
1219300811714580481
1219300738272256000
1219300617451114502
1219300606076227585
1219299470464225281
1219299454228058113
1219299347688497152
1219298845923971073
1219298517992247297
1219298030521933830
1219298016529612803
1219297739416186885
1219297639788875778
1219297505558650884
1219297099621306368
1219296989512392704
1219296742224560128
1219296594530574336
1219296455753707528
1219296427270135808
1219296133954011138
1219296114014289921
1219295883185086464
1219295779178909702
1219295778684002305
1219295731326050304
1219295515537440770
1219295305809715207
1219295271978442753
1219295110166466561
1219295037722447872
1219295001970204673
1219294908701446144
1219294865458192391
1219294839927459840
1219294817307570179
1219294252833878016
1219294240678858752
1219293837971030016
1219293790713892864
1219293325964075009
1219293308821954560
1219293086259535879
1219292878121439238
1219292610059210755
1219292536839254016
1219292378097487874
1219291839192276995
1219291071559208960
1219290625532522497
1219290574735466496
1219290564094496769
1219290559015280640
1219290228017508352
1219288315867926529
1219288183193710592
1219287616358703104
1219287574046564352
1219287375232282627
1219286817461227523
1219286387402379264
1219286231424565249
1219286176143683586
1219285936284016641
1219285637704093697
1219285147406753793
1219285112283717632
1219285039445413889
1219284859954368512
1219284513647419393
1219284174026219521
1219284113720578050
1219283451867615232
1219283077110935552
1219282594371710978
1219282330906394625
1219282053889392640
1219281803070050304
1219281402702782465
1219281257772867585
1219281159630270468
1219280283159187457
1219280175617269760
1219280122496409602
1219280059002998785
1219279810222002176
1219279393941606401
1219279021277700105
1219278086837063685
1219277694677987328
1219276864889524226
1219276582868537346
1219276557811884042
1219275320437755905
1219274866186162176
1219274714671144960
1219274409300647938
1219274243030036482
1219273625850859523
1219273558083489793
1219273462331691013
1219273459487924233
1219273380408504320
1219272975670829056
1219272796905332741
1219272708417916935
1219272506495946752
1219272121030856704
1219271827517792257
1219270389064441856
1219269721813585920
1219269508659064832
1219269112100270080
1219268949688356866
1219268838572859393
1219268733757280265
1219268693525508097
1219268337970098181
1219267556349022209
1219266945121472512
1219266070093189120
1219265900018270208
1219265825913237504
1219265628533600257
1219265521222287362
1219265413307097093
1219265014483374081
1219264578284068866
1219264411824685057
1219264031258750977
1219263266905632768
1219263062282248193
1219262810007449600
1219262788050309123
1219262670207115265
1219262430863380480
1219262376383582208
1219262080781574146
1219261660420091909
1219261194495778816
1219260655989133317
1219260478268092418
1219260457233547266
1219260221790486529
1219260029481766922
1219259676656918528
1219259362478297089
1219259347202641920
1219259092507729920
1219258643050377219
1219258289382400000
1219258177335840770
1219257449653338114
1219256615532224517
1219256564143591425
1219256515158298626
1219256348447313921
1219256187406950400
1219255980334178304
1219255893688274944
1219255760468746240
1219255539580002304
1219255256200241153
1219255238034624512
1219255051329376256
1219254906764382208
1219254832575500288
1219254798928748545
1219254733522767874
1219254627532787713
1219254127265570818
1219253711995854856
1219253688289701888
1219253667192283137
1219253601677258752
1219253385280606209
1219253224714141697
1219253088646836224
1219252970338033664
1219252903413764097
1219252775068033024
1219252720932212736
1219252651864535040
1219252444955336704
1219252359852851201
1219252205175410688
1219252086535327746
1219251802585079809
1219251800961884161
1219251750693220352
1219251279219830786
1219251219136466944
1219250605283332097
1219250524182151174
1219250296590868480
1219250176298311680
1219250066298494978
1219249188761894912
1219249044310102016
1219248416070475776
1219248307815571456
1219247774610415616
1219247615184982016
1219247587645104129
1219247540115255296
1219246936890408965
1219246918385139712
1219246365823373312
1219244412682809348
1219244050643128325
1219243808308723712
1219243450060754944
1219242563871420416
1219242456027484166
1219242426138689536
1219242252758896641
1219242119220678657
1219242103043215363
1219241500602699777
1219241013983764481
1219240939811721218
1219240762577227776
1219240610634354689
1219240583056838656
1219240212909477888
1219239748746850304
1219239705855905793
1219239674272800769
1219239531666399233
1219239425370140672
1219239180779298817
1219239175750397952
1219238758920441857
1219238500635152386
1219238155594948609
1219237218490826757
1219237170130624512
1219237072399228928
1219236976462909441
1219236800113364993
1219236664155037696
1219236635415584770
1219236486744363009
1219236275309420544
1219235846899011586
1219235381134221313
1219235319339528196
1219235194542182402
1219234664189132801
1219234502918144004
1219233925387689984
1219233723725631488
1219233493856768000
1219232989076475905
1219232666744049664
1219232644803760128
1219232315966197761
1219232224954011648
1219232224157077504
1219232213331521538
1219231959488090112
1219231614942810114
1219231555438161921
1219231421291692036
1219231379231334400
1219231319017717760
1219231265125228544
1219231125710802950
1219231067711975431
1219231037458436097
1219230915232260096
1219230363987464192
1219230151868866560
1219229951435714560
1219229894514814976
1219229701601927169
1219228825554386945
1219227740160905216
1219227222537658368
1219227023396175872
1219226381827104771
1219224994045210624
1219224646492528640
1219224582474944512
1219224278949822465
1219223390420074496
1219223319809011712
1219221650488668160
1219221633640157191
1219221510444998656
1219221431982198784
1219221299085619200
1219220385138462721
1219220032368074754
1219219872032460800
1219219848317808641
1219219188235018240
1219219068005253120
1219218858629894145
1219218747879297024
1219218683794509830
1219218314397913088
1219218179165167616
1219217856828788741
1219216661695356931
1219216486176305152
1219215976232779776
1219215821223886848
1219215623156391936
1219215184885096450
1219214792432521216
1219214691236532224
1219214168055865344
1219213882612469760
1219213780967743488
1219213584280051712
1219213503392886784
1219213072142950409
1219212731359924225
1219212062229979136
1219210557347287040
1219209915685797888
1219209358682284032
1219207674870554624
1219206625858289664
1219206489258299392
1219206397533081601
1219206045295312896
1219205098624208896
1219204391875510272
1219204165253115904
1219203631074942976
1219203438292107265
1219203245408690176
1219203071638675456
1219202626291666944
1219202257725657088
1219201961611943936
1219200515701137413
1219199534208823296
1219198764457644032
1219198424890978304
1219198394184425472
1219197456803618817
1219196972449648640
1219195901799010305
1219193792714149888
1219192614206963713
1219190571631357952
1219190242189750272
1219190016775200768
1219189315017809921
1219189041578508290
1219189023207456768
1219188647838277632
1219188252097351681
1219188160980226049
1219188016448712705
1219187687632068608
1219187257267105792
1219184501001269248
1219184429622611968
1219184380129792002
1219184354263552000
1219183813873545216
1219183753123201024
1219183610999320576
1219182702081069056
1219182610515202048
1219182592211193856
1219181981264642048
1219180422917238785
1219180185473507328
1219179944619712513
1219179857046900737
1219179728680247297
1219179404728905728
1219179119054852096
1219179029858869249
1219178858865463297
1219178655081017344
1219178047456366594
1219177854145060864
1219176569136173057
1219176413938536449
1219175454248140806
1219175322731585537
1219175254884540416
1219175187050061825
1219174887241265154
1219174768953516033
1219174242442534912
1219173950829273088
1219172933177954307
1219172880602337280
1219171562529619969
1219171382690557952
1219170074784935937
1219169730956795905
1219169255872245761
1219167755213123585
1219167520281780225
1219166560365039616
1219166491096027136
1219165669872283648
1219165503001726976
1219164929388961792
1219163846776147969
1219163015255330817
1219162666314403840
1219162497523093505
1219162084585373696
1219162023742857217
1219161008121569280
1219160702679764993
1219160667833491456
1219160145181270016
1219160042412367873
1219158834326970369
1219158601455034368
1219158013799518209
1219157560646828032
1219156551983935488
1219156489593597952
1219156066434527232
1219155833478664192
1219155596504698880
1219155485842190336
1219154735737065473
1219154364046159873
1219153567027728384
1219153109785640960
1219153107894046720
1219153066412400640
1219152653176930305
1219152381784530945
1219152001566756864
1219151921900027904
1219151876979142656
1219151874923925504
1219151604873596929
1219151399382069249
1219151368872693760
1219150565680304128
1219150503298457600
1219150113798590465
1219146537542000640
1219143931969069057
1219143328391946240
1219141332129734656
1219141086314143749
1219140654338580480
1219140363002286080
1219139065590796288
1219137782930690048
1219137485269274624
1219137467405742081
1219137008557182976
1219136595141582849
1219135787767386113
1219134883433525248
1219134599487533059
1219133957553426432
1219133158391787520
1219131039198728194
1219129728814272512
1219129315473924096
1219128222979362817
1219127837195735040
1219124517097951232
1219111677439938560
1219107315518976000
1219101243169214464
1219089392242917376
1219088625708740613
1219084814160146438
1219084650116677632
1219082645067501568
1219077825539530752
1219077256024395777
1219067482817867777
1219066503716360192
1219064764174913538
1219062899617992704
1219060092097703936
1219055877958914051
1219055248112783360
1219048601441185792
1219048408389910530
1219048402819960843
1219047346102788097
