1213972639712268291
1213972481582780417
1213972032897110017
1213971827292344320
1213970679139319808
1213970617604755456
1213970580472573959
1213970520326262784
1213970474423791616
1213970310074175488
1213970064602533889
1213968883457183745
1213967892410241026
1213967891600723969
1213967889583222801
1213967888924782592
1213967888304001025
1213967753528385539
1213967390813442051
1213967225511649281
1213967000877314048
1213966839463723011
1213965599371644934
1213964410206720000
1213963140955877376
1213962430566543360
1213962348177887232
1213961957415538688
1213961770823569414
1213961072832647169
1213960837272100864
1213960387542110208
1213960228783480833
1213959811324358656
1213957696740876288
1213956720596271107
1213956374104854528
1213955461059358721
1213955358290579457
1213955345040789504
1213955239621074944
1213954963312955396
1213954634286424065
1213954581794832385
1213954496780525570
1213954054604435456
1213953841051426816
1213953376272240645
1213952980753494016
1213952667053174784
1213952579157348352
1213952402661027840
1213952218711367682
1213951835108720640
1213951675330945024
1213951472704077824
1213951405091934210
1213950911376220162
1213950764210622475
1213950254204235776
1213950069927501830
1213949917342961664
1213948134243622920
1213946666488860674
1213945814269255680
1213945671025385472
1213945458726449157
1213945090470744065
1213944785930739713
1213944264964608004
1213944132923797510
1213944051130613761
1213944021455900672
1213943986945175552
1213943528990134283
1213943370265112582
1213943242380722176
1213943202287366145
1213942971587952640
1213942914310651905
1213942866818539521
1213942611721019393
1213941972894916608
1213941944524689408
1213941759891443712
1213940859416317957
1213940217863983120
1213939871913512967
1213939054691201030
1213939042678689792
1213938918015545346
1213938473616519168
1213938209954189314
1213937864494501889
1213937428211421184
1213936996261007360
1213936934705356803
1213936861921660929
1213936432898879488
1213935103493189633
1213934851763646464
1213934279916478464
1213934174412955652
1213934173251088390
1213934172303220744
1213933996624818177
1213933780949458947
1213933185861660674
1213932966650548235
1213931966132822016
1213931807814684672
1213931390187823105
1213928613231370242
1213928578397736960
1213928555496775681
1213928413402148865
1213927327756963841
1213927230772043777
1213926720241315840
1213926521271918592
1213926068513624068
1213925833049624577
1213925624529784834
1213925191623020545
1213925074664906754
1213924905336619008
1213924819911299074
1213924794812502016
1213924688314937344
1213924096590917632
1213924058187911169
1213924035576389633
1213923325501685761
1213922933783048192
1213922374053220352
1213922314280148996
1213922309146398724
1213921623100854273
1213921603265945602
1213921315494739971
1213921149454835712
1213921065405222914
1213920978914418690
1213920876837711873
1213920856281407489
1213920855228604416
1213920358669176832
1213920260899954689
1213920033124081666
1213919435322466309
1213919383409561601
1213919144955043840
1213918842453401601
1213918731480551425
1213918257939460097
1213917923808612356
1213917230230097920
1213917203122270210
1213916861202665473
1213916601474531328
1213916423204089857
1213916346263752704
1213914832099008519
1213913738455273474
1213913697246162945
1213913609128087552
1213913405184184326
1213912733911060480
1213912683269017607
1213912089946992640
1213911994492784642
1213911896199487493
1213911851387490304
1213911796597317638
1213911747297513475
1213910652462477318
1213910190023680004
1213909299560374277
1213909271932477442
1213909110556676096
1213909107507388416
1213908709375655937
1213908548649988102
1213908142439972866
1213907534240788480
1213907529060823041
1213907187854172160
1213907032828497920
1213906403636793349
1213906295918669833
1213906282899480576
1213906277681811456
1213906219070570498
1213906075977703424
1213906016166928384
1213905812218896389
1213905629942878209
1213905517862621190
1213905479715491841
1213905477282750470
1213905196285386752
1213905099195666435
1213905095613722627
1213905095169073152
1213904682885820417
1213904404316856321
1213904317826121728
1213904254978723846
1213904142701408258
1213904130445651971
1213904041396322304
1213903866300944384
1213903759207583744
1213903664546557955
1213902877934149634
1213902293747322880
1213901583957798919
1213901423383056388
1213901311839789063
1213900989864054784
1213899950809079822
1213897918253600768
1213897883579297793
1213897347664687106
1213897215590248448
1213896526092746752
1213896419901399043
1213896397113745409
1213896231451271168
1213896184315752449
1213895714687897600
1213895616083955721
1213895403294334978
1213895325888524288
1213895227095863296
1213895195558727680
1213895033998446592
1213894760345329664
1213894535408967681
1213894154012508162
1213893938802831360
1213893610141343744
1213893583419445254
1213893451575676929
1213893230636482561
1213893130472361986
1213892923466682368
1213891979387580416
1213891344424407045
1213891312828764161
1213890994304962561
1213890565030514690
1213890551482920960
1213890521040596993
1213890071713202176
1213889770230812672
1213889064602161153
1213888949384552448
1213888729095573504
1213888360810532865
1213888200428707840
1213887587095654404
1213887542447214592
1213887111016964097
1213886660410314754
1213886621407424512
1213886574162829312
1213886481414152194
1213885625054777344
1213885595686232064
1213884646255157250
1213884322257784832
1213884042032111616
1213883744320405505
1213883393156497410
1213883006496190464
1213882866272260097
1213882865689255937
1213882861494951938
1213882035506429952
1213881286194016263
1213881280351391746
1213880152855367682
1213880048895311875
1213879467409584128
1213879323121405952
1213878857671069697
1213878670638624768
1213878647922266115
1213878342446923778
1213878251447291905
1213878240500232192
1213878231708971008
1213877526780624896
1213877448728813569
1213877411667943425
1213877270579949570
1213877162924752896
1213877047703035904
1213876964139900928
1213874587387252736
1213874325738196992
1213874288924737536
1213874216300404749
1213873812195938306
1213873793875300353
1213873007422259202
1213872658288394242
1213872556660445184
1213872328758706179
1213872300711395338
1213871936767483905
1213871810317602816
1213870379439136768
1213869801711423489
1213869783193665536
1213869433095180289
1213868657102802944
1213868627314855938
1213868539859394560
1213868030234648576
1213867961733337088
1213867957589303296
1213867783932567554
1213867676709347330
1213867668186554368
1213867250802970625
1213867234201878533
1213867092405096448
1213867090261749762
1213867022095994881
1213866912700076032
1213866892982538240
1213865405216890886
1213865133199503371
1213865101922643968
1213864344821358597
1213863899201716226
1213863694339325955
1213863298417995779
1213863284807323648
1213862785504948225
1213862708212379649
1213862634082189315
1213862565182345216
1213862492209926151
1213861736220155906
1213861324100427778
1213861073067139072
1213860770003529729
1213860603615305728
1213860322471239680
1213860230725017600
1213860073136623616
1213859902482984962
1213859845327208448
1213859453981904897
1213859406733029377
1213859171948539904
1213859156685459456
1213858964892508160
1213858432316522496
1213858345599295488
1213858172311654400
1213857950252572672
1213857572719153153
1213857225388822528
1213856297558446080
1213855908834484224
1213855620861976576
1213855445548511234
1213855314791063552
1213855297581854720
1213854996879609859
1213854949785948161
1213854759595233282
1213854039726788613
1213853900316577792
1213853836126937088
1213853545444847622
1213852460932046849
1213852240450146304
1213851348082593793
1213850529341878272
1213850480486551553
1213850353306886144
1213849555961360385
1213848955194429440
1213848773719404550
1213848068296257537
1213847995659292673
1213847649713106945
1213846732678799360
1213846607013335040
1213846047212130304
1213845928848887808
1213845765321306113
1213845074041298944
1213844262367961089
1213844149587320832
1213843904073752577
1213843302035968007
1213842963962441734
1213842927421661184
1213842920937283585
1213842884849537026
1213842854734442498
1213842767165689858
1213842172711251969
1213841906674946052
1213841377441800193
1213841316724891649
1213841270013083648
1213841228225241089
1213841165625307136
1213840750061985792
1213840638938112000
1213839804938555392
1213839716497477642
1213838617874972672
1213838224277282816
1213838037223923717
1213837888292622337
1213837384628002822
1213837297159999489
1213837235637882881
1213836932813348864
1213836828240941057
1213836778278400006
1213836777779351552
1213836746573729792
1213836689942204431
1213836637861502976
1213836610904764416
1213836540205510657
1213836044560412672
1213835896614723584
1213835887009845248
1213835507156828160
1213835179086798848
1213834908965179393
1213834906297610245
1213834477409046528
1213834353605783552
1213834015851061249
1213833860640890881
1213833831041642496
1213833630763626497
1213833522559037441
1213833349841784832
1213833074439544832
1213832870395043842
1213832842087718912
1213832596158918656
1213832470233329673
1213832416630054912
1213832255715581953
1213832071199756288
1213831551978549250
1213831336458371072
1213831321178521605
1213830945897357313
1213830148618948614
1213830088644583424
1213830022970183681
1213828363669921794
1213827202602717184
1213826694676652032
1213826417030553600
1213826351909785601
1213826161308053505
1213826137937321986
1213824851988959232
1213824844132950016
1213824772313890816
1213824692508930053
1213824564381339649
1213824419036045313
1213823894165045248
1213823586772963328
1213823584944164869
1213823468036329473
1213823396028518401
1213822710989676546
1213822300149166081
1213821657418219521
1213821231167922177
1213821189526822913
1213820878359814145
1213820606283747328
1213820330466316290
1213820237231067137
1213819913158221824
1213819788511850498
1213819595301302273
1213819421447393280
1213819331571863552
1213817753418813440
1213817537160462339
1213817535654707200
1213817511562612737
1213817260269285377
1213817104052490241
1213817098092400640
1213816710819721217
1213816524047290368
1213816468296609794
1213816269947965440
1213815988636016640
1213815963994464259
1213815793403777024
1213815660523991045
1213815464213790720
1213815375072288771
1213815191126921217
1213814833713422336
1213814714196799488
1213814678255783938
1213814646752370690
1213814637608747014
1213814154567532547
1213813914905001985
1213813662009511936
1213813562180718593
1213813452734713856
1213813419985580032
1213813335063506944
1213813326968479744
1213813302528290816
1213813257594642432
1213813158185459712
1213813132860280833
1213813112341770242
1213813094893473792
1213812890500771842
1213812869235695618
1213812763165937665
1213812503450439680
1213812267491495937
1213812170733039617
1213812156329865216
1213812011009822722
1213811702770200581
1213811670847565826
1213811617357537280
1213811599271768066
1213811450558525440
1213811397659938818
1213811227253706753
1213811044453359616
1213811007031840768
1213810717280878594
1213810294096572416
1213810209174573056
1213810051653292033
1213809923357843456
1213809332330139650
1213809217196429312
1213809091354734593
1213808973993955328
1213808755919532037
1213808711510241280
1213808645139574784
1213808628785958913
1213808291551358976
1213807899283279872
1213807665371123713
1213807476774182912
1213807287128776704
1213806995880529920
1213806956240080896
1213806938485645312
1213806495336456192
1213806093215948810
1213805996692459521
1213805963263774722
1213805824218238977
1213805681104576512
1213805489743634434
1213805200361885696
1213805087698673665
1213805057382211585
1213804879833108485
1213804533614292992
1213804457462566912
1213804371621924865
1213804097943547904
1213803987872440320
1213803691561639937
1213803358462431233
1213803187758653441
1213803111552344064
1213802904680910848
1213802651357503488
1213802139681734656
1213801891529940992
1213801866393460737
1213801806314246145
1213801699590262784
1213801637283803136
1213801585601470464
1213801375328604166
1213801355875368960
1213801349093240833
1213801147439493122
1213800378891935744
1213800269613584385
1213800079401902081
1213800057100746754
1213800000360198144
1213799996656685059
1213799808529575936
1213799538340880384
1213799537074151424
1213799433101627398
1213799352164073472
1213799168004808704
1213799122668605441
1213798813477089281
1213798734716424194
1213798556932476928
1213798287611957248
1213798277730189312
1213798262764965889
1213798051569176576
1213797862317993985
1213797737663279104
1213797706713509888
1213797541583699968
1213797320262901762
1213797312604123136
1213796924949749761
1213796559684538369
1213796435906441216
1213796247783575552
1213796059199266819
1213795990341328898
1213795507493130240
1213795472671948800
1213795415423889411
1213795413683265536
1213795347706908672
1213795298864193537
1213795168538812416
1213795134342664192
1213795062720737280
1213794925298491392
1213794471126740992
1213794423349399552
1213794321910161409
1213794315916468226
1213793464074276864
1213793414518587393
1213793387385634817
1213793150650728448
1213792965983948800
1213792941195563008
1213792937676595206
1213792910837256193
1213792802363985920
1213792751915094016
1213792716963876870
1213792374482259968
1213792333877174273
1213792084802646017
1213792062878953472
1213791883832496128
1213791821958127618
1213791696028389376
1213791495440027654
1213791274697973761
1213791135249969152
1213790929867431941
1213790818932318209
1213790619119816704
1213790562631012353
1213790459795034112
1213790306690355201
1213790271000993792
1213790200461221889
1213789843295285248
1213789824395751426
1213789533306834950
1213789508598149120
1213789334089940997
1213789183434776578
1213789176119877632
1213788753468239877
1213788721079816192
1213788703396679680
1213788419807154177
1213787890867744768
1213787345809526784
1213787002254049280
1213786856783056896
1213786776676061184
1213786703510622209
1213786544638701569
1213786536489164801
1213786520953532417
1213786501277986816
1213786495791849472
1213786463122468866
1213786348487880704
1213786229323513856
1213786161287778305
1213786138244239360
1213785727076651009
1213785676338073600
1213785435262070784
1213785359408148481
1213785265371852800
1213785191245844480
1213785076888158210
1213785034949353473
1213784785727959040
1213784771861630976
1213784503271010305
1213784386509975553
1213784340561219584
1213783754327625736
1213783462722838528
1213783372625002496
1213783352081297409
1213783019510730752
1213782889231458311
1213782601691009024
1213782399282270208
1213782227160580097
1213782193543303168
1213782179895029760
1213781772598759424
1213781657934860288
1213781632261533697
1213781591497068544
1213781455085744128
1213781350202908672
1213781277020688384
1213781046346555392
1213780643269824513
1213780082671702016
1213779981685407745
1213779641648984064
1213779340187619328
1213779331417292800
1213779198298509313
1213778940441047040
1213778718147129344
1213778696835911680
1213778694378082304
1213778454614827008
1213778167674130432
1213778127501119488
1213778121528352768
1213778099466358784
1213777679733919749
1213777559969775616
1213777179311575040
1213777087070429184
1213776866886201344
1213776761160421377
1213776600317202433
1213776580289413120
1213776446394687488
1213776444477730816
1213776016268824577
1213775945473110016
1213775787024953344
1213775600923615232
1213775464311009280
1213775149620699137
1213775020419354624
1213774892946067456
1213774020451217408
1213773958929158144
1213773802867433472
1213773538567639040
1213773482045120513
1213773462562639873
1213773414110023680
1213773371810467840
1213773352696975360
1213773006272643073
1213772530932158464
1213772490356461568
1213772328380903424
1213772267655589888
1213772236584304640
1213772078043844608
1213771942957858817
1213771792562692097
1213771764611854337
1213771524869672961
1213771298591166464
1213771200784195584
1213771035239165952
1213770950996611072
1213770892490096640
1213770767810334720
1213770470732025856
1213769766479024130
1213769580881043456
1213769509133324288
1213769506104983552
1213769461318266880
1213769409073946625
1213769403541708800
1213769389562122241
1213769044521836546
1213768839252586496
1213768673007226881
1213768603318681600
1213768470522925056
1213768332719140866
1213768330462539776
1213768255791341574
1213767237020073985
1213766782655307778
1213766429595590656
1213766391012220930
1213766312704520192
1213766054188593152
1213765939948376070
1213765903457935360
1213765868947161088
1213765536464736258
1213765051607330816
1213764655971213312
1213764487112736775
1213764139329437701
1213764036929695744
1213763995368341504
1213763749036855297
1213763630652637189
1213762529874317312
1213762489944625152
1213762464434806784
1213762086679064576
1213761843434590213
1213761725750792192
1213761277136449536
1213761125797572608
1213761023695409152
1213761004347285504
1213760934931574784
1213760687912165377
1213760047035105281
1213759031594147840
1213758983590350848
1213758694040715269
1213758365807128576
1213758319573250050
1213758144419160064
1213757854001303552
1213757789182595073
1213757548098129921
1213757499171622912
1213757481014439936
1213757447355224064
1213757248012509190
1213757199232782337
1213757015534841856
1213756928377143296
1213756516211314688
1213756330374246400
1213756270341214208
1213756151529189379
1213755986965663745
1213755457350905856
1213755210620899328
1213754599410225153
1213754569957814274
1213754510289620992
1213754464605278208
1213754397718712320
1213754387597795328
1213754256618065920
1213753900018413568
1213753369149558789
1213753271271251973
1213752761738678273
1213752684974628865
1213752638300393472
1213752200062799872
1213751650466312192
1213751622691622912
1213751169878769664
1213751062705975297
1213750990530400256
1213750460303249409
1213750450102710272
1213750422822887424
1213749519084609537
1213749308178255873
1213748960428466176
1213748955265277953
1213748892313018368
1213748788541771776
1213748770216824837
1213748734988890112
1213748621193203712
1213748200991076354
1213748170422964224
1213748051279581189
1213748021420339201
1213747812292268032
1213747522239389697
1213747487254728704
1213746988199505920
1213746872562733056
1213745788939059200
1213745582386364416
1213745559007367168
1213745170451247104
1213745114285301760
1213744899964784640
1213744830976794624
1213744587581378560
1213744546959503361
1213744424150274048
1213744334648029185
1213744230893522944
1213744123716476929
1213743791598919680
1213743663534227456
1213743622421651456
1213743598639951878
1213743433040506880
1213743398080921601
1213743335673925632
1213743184746045440
1213743018416713728
1213742355767017474
1213742265912504320
1213741864563724288
1213741803721109505
1213741647424622592
1213741351248027648
1213741284839567361
1213741265168293888
1213740990122647557
1213740957855887360
1213740927686234112
1213740746664222721
1213740610009608192
1213740475800334336
1213740404664872961
1213740375065673728
1213740291334836225
1213740201354416129
1213740185587982337
1213740047847034881
1213739954855170049
1213739902577328128
1213739551501570048
1213739531603791873
1213739514839089153
1213739354906071041
1213739309964152832
1213739253093609473
1213739207694409730
1213739191995109376
1213738952663977984
1213738923270311937
1213738833503756298
1213738569384308737
1213738543920619520
1213738490187399168
1213738398948544517
1213738394540552192
1213738335333765120
1213738301754093568
1213738285207556097
1213738083704823808
1213738020828004352
1213737955329789954
1213737949810044933
1213737920156315648
1213737838036078592
1213737821380468736
1213737778091089921
1213737722776604672
1213737641197355008
1213737503922032640
1213737301362270208
1213736367051681792
1213736285115944960
1213735796005654528
1213735650937192449
1213735425636028416
1213735238054154240
1213735207704125442
1213734881420881921
1213734872235331585
1213734867810373632
1213734714781184000
1213734393673584642
1213733909667745794
1213733824959598592
1213733785612771328
1213733524790005760
1213733420800589824
1213733076855115776
1213732979262083072
1213732934290747392
1213732758364790784
1213732731206688770
1213732629104730112
1213732509789364224
1213732469142380544
1213732173796270080
1213731196003377152
1213731121516744706
1213730907053539333
1213730638160896001
1213730161838972928
1213729902266114048
1213729437793038337
1213729229789159424
1213729006891261952
1213728992253100032
1213728381717504000
1213727559323664384
1213727430168461313
1213727416545357824
1213727314506371072
1213726880471420928
1213726613579476992
1213726612803457024
1213726420305948672
1213726374323724288
1213726342824562688
1213725983355871233
1213725939240230912
1213725920579723265
1213725442877857792
1213724978165768193
1213724351201251328
1213724123312119808
1213724040222924800
1213723566761553920
1213723535207739392
1213722741590970368
1213722340674150401
1213721905926160385
1213721806667956225
1213721725936029696
1213721567781371905
1213721463552958464
1213721335714762754
1213720318726021120
1213720250598019072
1213719152713707521
1213718879664582656
1213718751515947008
1213718380945059840
1213718230419886085
1213718036907208704
1213717878123515904
1213717095885811718
1213716830121971712
1213716075893940224
1213715408424845315
1213715331518226433
1213715272760266752
1213715114706255873
1213714940026064896
1213714872728530944
1213714857486356482
1213714816143106049
1213714747528556545
1213714667916480512
1213714328362397701
1213714053056618496
1213713930142539776
1213713750190149634
1213713733190598663
1213713342604427264
1213713259506917376
1213713111947075584
1213712494923059200
1213712086745915392
1213711938473091072
1213711871506866176
1213711287768821762
1213711198035808258
1213710240602034177
1213709632675430400
1213708566391070720
1213706851507982336
1213706379858522112
1213706209087381506
1213704275160944640
1213702541483167748
1213702493517045760
1213702470096035841
1213702292463071232
1213701725565181952
1213701490520576000
1213701229660065792
1213701065415245829
1213700979582996481
1213700088624828418
1213700044785881088
1213699070247809024
1213699046323437568
1213698235187023872
1213697486067515394
1213697219997642754
1213694935263825921
1213693626917826562
1213692607982903298
1213692473740054528
1213692413451128832
1213691969085546496
1213690518313586688
1213689808205295616
1213688175178194944
1213679334877257728
1213677241156149248
1213676576971341825
1213675546007216129
1213673982471426054
1213672245786222592
1213671676044558336
1213671144836018176
1213666426583736320
1213666246799056897
1213665440528060416
1213665405467803651
1213659738602430464
1213659488043098112
1213659223420211207
1213652785625010176
1213652377443688448
1213650557984026624
1213649054833487872
1213649034755350528
1213647979283918848
1213647382149320704
1213647312716804097
1213642358794969088
1213641089636323328
1213635061582573568
1213634681352196096
1213633932840833024
1213633803027128320
1213633493588226050
1213633268526047233
1213631524660269056
1213629535767408640
1213627422232469504
1213627395573501952
1213626656096694275
1213626415712784391
1213626305528434688
1213625953714343937
1213625914241761281
1213625173506711552
1213624854609584129
1213624475343675392
1213624014557655041
1213623702413348866
1213621575641161728
1213621311924264967
1213620631591424000
1213619558503866371
1213619221655105536
1213619007384891398
1213618598041866240
1213618032909725696
1213617881939947520
1213617713286930433
1213617164902715392
1213617157814259712
1213616958987522053
1213616881686523905
1213616852523520001
1213616603671257094
1213616602777870336
1213616488285904899
1213616447446036480
1213616205099081728
1213616194890149889
1213616135976960001
1213615973149872131
1213615903784521728
1213615897195294720
1213615653787258881
1213615641749528576
1213615627602141184
1213615602289524736
1213615416305688578
1213615131877351424
1213614836262850560
1213614480204144640
1213614403687460864
1213614385836498947
1213614325912526850
1213614195792580608
1213614167187439618
1213614117921136640
1213613956146835457
1213613428495007744
1213613258915094533
1213612734119632896
1213612494394187776
1213612436873453569
1213612391465963522
1213612351943000064
1213611995070681095
1213611805437767681
1213611473064382470
1213611437433774080
1213611221867540487
