1218321781360119808
1218321252630306819
1218320698042716160
1218320669487792128
1218319321715310594
1218319301347811330
1218319213049384966
1218318693832232960
1218318131229265922
1218317771357986816
1218317554378313728
1218317413881729024
1218316879107952640
1218316684383129603
1218316530242457600
1218315987528929281
1218315936060538880
1218315798646874113
1218315577787330562
1218315409788678145
1218315398342422530
1218315158973448192
1218315129277861888
1218315108054720512
1218314985165729792
1218314294548467712
1218314265846865920
1218313632796282880
1218313414533140480
1218313374796218368
1218313148710772736
1218312686129352704
1218312596199223297
1218312242241982464
1218312095265103872
1218311400172544000
1218311129534873602
1218311090393829376
1218310896407261185
1218310617376940033
1218310475798208512
1218309324306571265
1218309131729342464
1218308785141374977
1218308748181213184
1218308276791775232
1218307608727236608
1218306356408655872
1218305347133366277
1218304804839198720
1218304674681454592
1218304586613690368
1218304524043137027
1218304403716890624
1218304315674234881
1218304236859031553
1218303934810525702
1218303697874292739
1218303349809913859
1218303204070510594
1218302705363451904
1218302507233021952
1218302079099383809
1218301995393716225
1218301972270538752
1218301844642062337
1218301827936083968
1218301760718155776
1218301603167469578
1218301099771383808
1218299369142792192
1218299248367886336
1218298760826163205
1218298512380715016
1218298397918142464
1218298386992025600
1218298228405342210
1218298100667899905
1218297640888209409
1218297640590495746
1218297489922699264
1218297076804653060
1218296874173652992
1218296814551564294
1218296742778757120
1218296680593985538
1218296338045112321
1218296232130568192
1218296026232250369
1218295941012344833
1218295579329138689
1218295296247111685
1218294915937030145
1218294860421177345
1218294827898605571
1218294673040728069
1218294629294116866
1218294623858237451
1218294355586355201
1218293818946129926
1218293487948484610
1218293477592764416
1218293474363092993
1218293169869283328
1218293126441373696
1218293067519795200
1218292883423399938
1218292750824722432
1218292499300716544
1218292443851915267
1218292426550497281
1218292087759740928
1218292032470384649
1218291798784782340
1218291703150469121
1218291702521323521
1218291692979269633
1218291656048463872
1218291123409412096
1218291062986375169
1218290843439812608
1218290824720658432
1218290815933526016
1218290437540253696
1218290417403334659
1218290339783630849
1218290114570457093
1218289897808834560
1218289854695575553
1218289676743839744
1218289648126038016
1218289593302364165
1218289416357187584
1218289283091570691
1218289225092734984
1218289195132903424
1218288988668166144
1218288803636445185
1218288692722372610
1218288344842620928
1218288297002143744
1218288036343177217
1218287628786765824
1218287587175157761
1218287472871923712
1218286007398871040
1218285649129885698
1218285468640600065
1218285217078808578
1218284966905307137
1218284869140328448
1218284733081276422
1218284671286509569
1218283892500762624
1218283618088488965
1218283223349956610
1218282900812070912
1218282796583718917
1218282744364572672
1218282695685541888
1218282492517650433
1218282278658494470
1218282223096487936
1218282199503572997
1218282184450236416
1218282038765277184
1218281699458670594
1218281257425129473
1218281060380872719
1218280943393308678
1218280892164136965
1218280826791714817
1218280795212865537
1218280756964986881
1218280542891925504
1218280487275417600
1218280440840310784
1218280304345079810
1218280117337763841
1218280074501349379
1218279930678607874
1218279902304141312
1218279891197726720
1218279321875492864
1218279291936440321
1218279098314842121
1218279062948470784
1218278908266778624
1218278702511022080
1218278577906556929
1218278418187464704
1218278385023180800
1218278241083019266
1218277925562339334
1218277651909095424
1218277626432933889
1218277508279349248
1218277183061401606
1218277137221853185
1218277070121439243
1218276964596879361
1218276778046820352
1218276739555758086
1218276648409321472
1218276607946825730
1218276544600313856
1218276501013049344
1218276477445312512
1218276238395170818
1218276210796568585
1218276003891621891
1218275923910438913
1218275428705742850
1218275291166134274
1218274845215154177
1218274751883497475
1218274749748518912
1218274635382431744
1218274568323899393
1218274484035211264
1218274483502571524
1218274323842195456
1218273835985842176
1218273478949863425
1218273384351649793
1218273348700004352
1218273143074304002
1218273029685501953
1218272881165119488
1218272855391178752
1218272575006089216
1218272429216280577
1218272384597352449
1218272369455878147
1218272361373491200
1218272316913803265
1218271868815278080
1218271787953336320
1218271694021963778
1218271667471966208
1218271442963398656
1218271391876898816
1218271358414618627
1218271203992973314
1218271179825389569
1218270664601280514
1218270526155698177
1218270410351030278
1218270274514231297
1218270256986312704
1218269900201963521
1218269846171017216
1218269804991258624
1218269771638222848
1218269709641977857
1218269666327629825
1218269651890855943
1218269315989954560
1218269003434680320
1218268930017460224
1218268789353172993
1218268729152241665
1218268324716597248
1218267854732255237
1218267223556591616
1218267123996295172
1218266897453633539
1218266706558226433
1218266657912696832
1218266405243625472
1218266177069252611
1218266176314388480
1218266174733066240
1218265848844115968
1218265783320621057
1218265540969607171
1218265079793307648
1218264822716018691
1218264501772046337
1218264491730833409
1218264483929346048
1218264315603619841
1218264300277633028
1218264216739766273
1218264160477306883
1218264105431248896
1218264041027768326
1218263510259576833
1218263384346517511
1218263110697586688
1218262280418230273
1218262268133150722
1218262135337295873
1218261997604786176
1218261991535587329
1218261852070858758
1218261832051384326
1218261805396627458
1218261568615481344
1218261423018708992
1218261123482505222
1218261047079047171
1218260958184976384
1218260616160391172
1218260305274425344
1218260301751160833
1218260110549626886
1218260100097413120
1218259824678514688
1218259759754809344
1218259727370674177
1218259670483243008
1218259573829787649
1218259502832791553
1218259486550437893
1218259453360967688
1218259287421673473
1218259179342901250
1218259074485301248
1218259002485805058
1218258908923428864
1218258724843937798
1218258634959998976
1218258414637322240
1218258178426789889
1218257795075706880
1218257767636533250
1218257759038251008
1218257674158198784
1218257556679929856
1218257375951556613
1218257345102434306
1218257161060519936
1218257157893824512
1218256997658845184
1218256919225425920
1218256869074046976
1218255532697452550
1218255490590953474
1218255023269990400
1218255007071588353
1218254963387830273
1218254632130052097
1218254281180164096
1218253659575914497
1218253480109969408
1218253217672372226
1218253087166619648
1218252824720691202
1218252769934696448
1218252457664548864
1218251378138796032
1218251032070934528
1218249619081191424
1218249291287973889
1218248636603207681
1218248576071077888
1218248432386760705
1218248292376743937
1218248213934870529
1218248041183969289
1218245841154199554
1218245666515931138
1218245119343841281
1218244687527542789
1218244652907876354
1218244614538309632
1218244357641338881
1218244353510006786
1218244341723996160
1218243469963153409
1218243415126704128
1218241650176286720
1218241140807344130
1218240775835869184
1218240289254576130
1218240034576400384
1218239467120746496
1218239302683037696
1218239248710672384
1218238964982800384
1218238076746653696
1218238074360160256
1218237840817082370
1218237728392908800
1218237197775785985
1218237028929884163
1218236682979495938
1218236270914277379
1218235719765897216
1218235586315800576
1218234857018601477
1218234540101074945
1218234026235838465
1218233838654062593
1218233464333524993
1218232971683074049
1218232687783305217
1218232647912251393
1218231983542800384
1218231395815960578
1218230135775813632
1218230078498377729
1218229940535136261
1218229790328676355
1218229396806557696
1218228785830682624
1218228690083028994
1218228454128324612
1218228354660405249
1218227887020695557
1218227697450655746
1218227198299123713
1218227151943630849
1218226499586793475
1218225806150979587
1218225644896772096
1218224603970985985
1218224554469920768
1218224545049518081
1218224537139077120
1218224490141966336
1218224480109125635
1218224076872916995
1218223790188089344
1218223690380402688
1218223640745037825
1218223198824812545
1218223041806774273
1218222847258173440
1218222816853667841
1218222776382783489
1218222725333995520
1218222636762894336
1218222545889112064
1218222477844848642
1218222326724071424
1218221950398541825
1218221718763986944
1218221649788571649
1218221502769848320
1218221388558950400
1218221335677108224
1218221332837666816
1218220360107274240
1218220213289848834
1218220118154661889
1218219003912560656
1218218663062507521
1218218585316843522
1218217162273325056
1218217026138800128
1218216991380602887
1218216610009374720
1218216558201315328
1218216305591037952
1218216248561098753
1218216125328216065
1218215990976294913
1218215894175887360
1218215653708107788
1218215288581296128
1218214433509531651
1218214250587590658
1218214053614706691
1218214003890999296
1218212959920492544
1218212879104692229
1218212557502263304
1218212340920995840
1218212288336932866
1218212239301382144
1218212234482143233
1218212208871645184
1218211698982772738
1218210756459737089
1218210400019320832
1218210341869539328
1218209743203901440
1218209013449592834
1218208563513954304
1218208526096642049
1218208450238435330
1218208293996441600
1218207964798111744
1218207865296605190
1218207580448796673
1218207562505637889
1218207535179747331
1218206805756653568
1218206259415060483
1218206062240763905
1218206049594945536
1218205762142527488
1218205209580785671
1218205157814607873
1218205107218714624
1218204379444105220
1218204224099618816
1218204222560272385
1218203658447413248
1218203425302773763
1218203229177176064
1218202932782477312
1218201683400052736
1218201267102801925
1218201150589231106
1218201086244290562
1218200449372827648
1218199983033327616
1218199966335819777
1218199931590250496
1218199709426339843
1218199409445482496
1218199178469367808
1218199099461251074
1218198605980368896
1218198225749991426
1218198055075360768
1218198024658268163
1218197379893075968
1218196404889239553
1218196384303796224
1218196060537073665
1218196032716144640
1218195868219777024
1218195788704178176
1218195745444179979
1218195533728305158
1218195465411473409
1218195450001547264
1218195412923879425
1218194775708487683
1218194219019440128
1218193632148316162
1218193327159435264
1218192765676331009
1218192420296384516
1218192262594732032
1218192099327213570
1218192067870056452
1218191841444749319
1218191700784447493
1218191658677866498
1218191480931733505
1218191424996433920
1218191136352763905
1218190982040248321
1218190667572269056
1218190366039531520
1218189735618916353
1218189651397283840
1218189614751657986
1218189495855656962
1218189160814731266
1218188921366073347
1218188916806815744
1218188853275779072
1218188375842263040
1218187977832181761
1218187974891986947
1218187892016734208
1218187748479242241
1218187249352945664
1218186757818241029
1218186230220746753
1218186174772150274
1218186055058366464
1218185854700675072
1218185326264569861
1218185163491942406
1218184159916707840
1218183787198197762
1218183609133207552
1218183339301122048
1218183266051731456
1218182743944761345
1218181228890873857
1218181195806187520
1218181085407973382
1218180540463026179
1218179744031739904
1218179128513433600
1218178913198919682
1218178491021217799
1218178049734332416
1218177835426369536
1218177544127700993
1218177251436630016
1218176186163126275
1218176137819455488
1218175588860604418
1218174960990027777
1218174761827753989
1218174243071983616
1218173628350513152
1218173531214749696
1218173489200488450
1218173486901932032
1218173472104423425
1218173382509957120
1218173322204270595
1218172110004215808
1218172049052573696
1218171928231452675
1218171766692110337
1218171149470904320
1218171045762490373
1218169435506298888
1218169348248035328
1218169238218838016
1218169109260767232
1218168927081107457
1218168785582116864
1218168636554260482
1218168586939830272
1218168583081156610
1218168440218963968
1218168381532246017
1218168210656198661
1218168119597969410
1218167963855073280
1218167839821004802
1218167800512045057
1218167599713914880
1218167549466218497
1218167502502580227
1218167168891850753
1218166931682942976
1218166906991058950
1218166792889290753
1218166759330582533
1218166663805317120
1218166527364608000
1218166278478757888
1218166195523854337
1218166010039193601
1218165980519632902
1218165907027111937
1218165578701189120
1218164985865678848
1218164565025918977
1218164557966991360
1218164119888592896
1218164066704920576
1218164059775885313
1218163841164554240
1218163578508906496
1218163220688654336
1218163110135181312
1218162895411929088
1218162392506355712
1218162307156578304
1218162071667445760
1218162031179784193
1218161658880831490
1218161647107354624
1218161346602307587
1218160177523970048
1218160154669125632
1218159763458007040
1218159427599114240
1218159312285184000
1218159054834601984
1218158948597018624
1218158856716673025
1218158838572027904
1218158618350170113
1218158596833382400
1218158490226655232
1218158207715217408
1218158072528621568
1218157920413782018
1218157254085697536
1218157086451912705
1218157039412752385
1218156993694912512
1218156948882972673
1218156828917452800
1218156541624430592
1218156295615852544
1218155830605946881
1218155766307311616
1218154875139305473
1218154710701629441
1218154449484550144
1218154408372031488
1218154164620005376
1218154098140286979
1218154093014847488
1218153950886735873
1218153698087579648
1218153690256891904
1218153372953595904
1218153262655864832
1218153067461390338
1218153011844800512
1218152966080864257
1218152618809348102
1218152483899482113
1218152300142911489
1218151500750499840
1218149751427743745
1218149615666716672
1218149602236477440
1218149056528179200
1218149032847081472
1218148976144396288
1218148515345588224
1218147890469789698
1218147687029182464
1218147605391335425
1218147551829995521
1218147234484801537
1218147047544643584
1218146895878610945
1218146502406701059
1218146471331147777
1218145228282122241
1218144688680636417
1218144082855374848
1218143940827930624
1218143608999751686
1218143360701075461
1218143240047792129
1218143003740643329
1218142875436843008
1218142821795991552
1218142419989995521
1218141953566691329
1218141640302514176
1218140867426422784
1218140825013583874
1218140626052620288
1218140496381513728
1218140119150088203
1218139781156286464
1218139546854010882
1218139457238523905
1218139426494320640
1218139194184413184
1218139050680487936
1218139015221841920
1218138854936412161
1218138452799168512
1218137825373310977
1218137759363346433
1218137672650313730
1218137604060782592
1218137024244396033
1218136886583144448
1218136814990569472
1218136794967040000
1218136307353968640
1218136145147637760
1218136123936997378
1218136004126789632
1218135739176714241
1218134806875254787
1218134801250758657
1218134734750060546
1218134404373065729
1218133723071295489
1218133413997293568
1218133330417373184
1218132711774343168
1218132163679477760
1218131720949633025
1218131658257371136
1218131156899631104
1218131097382539265
1218131078688464898
1218130655235780609
1218130490995200006
1218130049846730753
1218129954627563521
1218129875199983616
1218129815280275457
1218129763048488960
1218129610715684866
1218129484395749376
1218128878436323329
1218128633732259842
1218128550127075328
1218128488210800640
1218128472939384832
1218128389447540736
1218127586863276032
1218127012956659712
1218126668688166913
1218126608030150656
1218126412844019712
1218125804892303361
1218124747038515200
1218122983010701312
1218122522891313153
1218122285242036225
1218121825894486016
1218120047127822337
1218119593350324225
1218119102897717248
1218119040096444416
1218118694297055232
1218118485836025856
1218118211906015234
1218117693343260672
1218117671138578432
1218116978130460672
1218116591197573120
1218116532162760704
1218115344583340033
1218115300379459584
1218114683430940672
1218114664787251200
1218114573045243904
1218114545157332992
1218114461602603009
1218114332216778757
1218114289141264386
1218114148137152513
1218113230314397696
1218113170864332800
1218112856585011200
1218112434805923840
1218111681882206209
1218111337911504897
1218111250242162688
1218110851158290432
1218110849434497024
1218110683407093760
1218110681381253120
1218110665270931456
1218110550405779456
1218110231894548480
1218110034607050752
1218109953191432192
1218109869116575744
1218109675096432640
1218108892871307264
1218108725539614720
1218108526951915520
1218108376628056064
1218107933420068864
1218107931603931137
1218107905142140928
1218107467281944576
1218107431168942080
1218107352555118592
1218106976720314368
1218106482392281088
1218106384581103617
1218105884716552192
1218104951521660928
1218104809905180672
1218104568938213376
1218104532980420608
1218104508250755073
1218104245209182208
1218104071187501056
1218103852345577473
1218103355719016453
1218103344453079042
1218102842684334080
1218101329555574784
1218101061975781376
1218100844505247744
1218100727006007297
1218100291465248768
1218099813838983168
1218099787280605184
1218098593653035009
1218098264756625408
1218097991640387585
1218097728191856640
1218097065168973825
1218097058009223169
1218096746720612352
1218095738732892160
1218095149764501504
1218093130333007872
1218093111974514688
1218092265991786496
1218091295366885376
1218091292174974976
1218091251423240193
1218090547136602113
1218089374958653440
1218088648098361345
1218088345894604801
1218086239158579200
1218084754370723841
1218084288983379968
1218083633833168897
1218083624303632384
1218083371978579969
1218083321500008448
1218083291364052992
1218083154776510464
1218082946034425856
1218082357598720010
1218082046905585665
1218081946489753601
1218081549133975557
1218081374936150019
1218079587013464065
1218079491609833477
1218078933079425024
1218078603042336768
1218078413447204865
1218077816492888064
1218077668824035330
1218077290086785024
1218076929120768001
1218076853015060481
1218076694646525953
1218076477310283777
1218076239740784640
1218076123571150849
1218075991282790400
1218075719395356673
1218075273545113601
1218075166510669826
1218074914919460864
1218074208078639106
1218073700647522305
1218073605269020672
1218073418517635072
1218073143790776321
1218072691548225537
1218072668542468096
1218072576167157760
1218071334967791617
1218070251902046209
1218070121945669633
1218069328718901248
1218069137542524928
1218068939814645761
1218068717495635968
1218068088454893569
1218066918789136384
1218066344735858688
1218066315107278851
1218066164238233601
1218066082768007170
1218065087765807104
1218064884321202182
1218064430384209921
1218064104277135360
1218063586519547904
1218062252735172608
1218060398152355840
1218058922860392448
1218057471505334272
1218057329960157185
1218057196816216064
1218055830102269953
1218055677869948928
1218054851512479744
1218054807262498816
1218054727549800449
1218054700353847296
1218054085527642112
1218050054310760448
1218049277399912448
1218048973149294597
1218046425168261121
1218045663784644608
1218041949887832064
1218036721230716931
1218034057122107394
1218032536141680640
1218025393019674624
1218018576633860096
1218007243343519744
1218005763580448768
1218003976362385408
1218002731404873729
1217999526931333120
1217997203454791680
1217991627572158464
1217991078395203584
1217990795506126851
1217982577555988480
1217982100491636736
1217979967725764608
1217977160578801664
1217976698945359873
1217976145028747264
1217970517287849986
1217968710570463232
1217964057606664199
1217961922496225280
