1218683747186499584
1218683428222251009
1218681349067956225
1218681064807378945
1218680895642710016
1218680682077204481
1218680260406935552
1218679908945231872
1218678784662044673
1218677682646519810
1218676000726360064
1218675974595850240
1218674400213504002
1218673430284734464
1218671499307032578
1218671028844539911
1218671023110881280
1218670907792805889
1218670882236911616
1218670129212461056
1218669586993774592
1218669566978555909
1218668689408634884
1218668534164750337
1218668468544864256
1218668284515667970
1218668192496787456
1218668117301383170
1218667422200291333
1218666940123820033
1218665830713561090
1218665733137272832
1218665697456410629
1218665531638796289
1218665421043372032
1218665223822987266
1218664020481314817
1218663869503221761
1218663594553901057
1218663483753029643
1218663211479846913
1218662956298358785
1218662903722672128
1218661929696342016
1218661909752360960
1218661883106025473
1218661086041452546
1218660803584368645
1218659831361556480
1218659701354827782
1218659484819693573
1218659362304135169
1218658920832622593
1218658548470685697
1218658349195112450
1218658249915994112
1218658177346129926
1218657355434528768
1218657275331731461
1218656381072551943
1218655876514566144
1218655853655547912
1218655459885965312
1218654378766340101
1218654304032239616
1218652783928320001
1218652724616736769
1218652427953614851
1218651366484254725
1218650587711098880
1218650452289564678
1218650323318984704
1218650300330008576
1218650218062925824
1218649547376906240
1218649292442873859
1218649195223179264
1218649186159210496
1218648775440375810
1218648513044787200
1218648171573907456
1218648108189605890
1218647903356571649
1218647795898425349
1218647550640754691
1218647479987712002
1218647161782620161
1218647154748723202
1218647066358009856
1218646430488854528
1218646334376464385
1218645982323314693
1218645583868694529
1218645267148431361
1218644885500284931
1218644558554259456
1218644546508206083
1218644341402587143
1218644217536360454
1218644127723683840
1218644121415507968
1218644105678544897
1218644076410605570
1218643900405035014
1218643892280745984
1218643487983316993
1218643293275291653
1218642777170481152
1218642691560550400
1218642012834058242
1218641653143146496
1218641457000722432
1218641423773380613
1218641149621080064
1218641099092299778
1218641007522340864
1218640479211921410
1218640134297522178
1218639738120347649
1218639714686787585
1218639591533633537
1218639502966775808
1218639293599666176
1218638641548996608
1218637915196182528
1218636881509912578
1218636529251356672
1218636265630916609
1218636179207327744
1218635206648791043
1218634509194801153
1218634272275345408
1218634147176091648
1218634081174544384
1218633572808110080
1218632759691956225
1218632730310782983
1218632622223560706
1218632220786745350
1218632150276243461
1218631848517099520
1218631691645997061
1218631626575556610
1218631512473636865
1218631338254835712
1218631208923488257
1218630220883939330
1218630027773980677
1218629498452746242
1218629130557775872
1218628749979193344
1218628256490049539
1218627962259607552
1218627668784156672
1218627511262810112
1218627191581356032
1218626421960081409
1218626309192134662
1218626241877757958
1218626236253179904
1218624931212275714
1218623118048145410
1218622507605024768
1218621878664933376
1218621398098284551
1218621087577182210
1218620991615664132
1218620235252629505
1218619901901967360
1218618979989827588
1218618760313131013
1218618700619829254
1218618188851826688
1218617535987355651
1218617225600491522
1218617067139739648
1218617039595720705
1218615683946336256
1218615287504887810
1218614636024602625
1218614356730097664
1218614321946689536
1218613527339991040
1218612994294325248
1218612550843105281
1218612357271781376
1218611189460144131
1218609405144506368
1218609024406622209
1218608454266499073
1218607887230087170
1218607590243958785
1218606853661384707
1218606746140364801
1218606424571482112
1218606151710990336
1218606103191261184
1218606065652240384
1218605506513854464
1218604846900764674
1218604798523727872
1218604451470172160
1218604340384092160
1218603846177632258
1218603580510351362
1218601972917587968
1218601759045799939
1218600228359692292
1218599896040820736
1218599759600062464
1218598200342466566
1218596549829242880
1218596448633344001
1218596414168731648
1218596400113635330
1218596265778388993
1218595984281829381
1218595121677185032
1218593700567224320
1218593586847080454
1218593327261671426
1218593212379672584
1218592350634680320
1218592151292071936
1218591990851559431
1218591518132514816
1218591121498169344
1218590919362039808
1218590855092736000
1218590325071138818
1218590081902092289
1218590076680179714
1218589202583117825
1218588089502834689
1218588061682016256
1218587594986000391
1218587438974631936
1218587365259857920
1218587259118804992
1218586953974718464
1218586930285285377
1218586748269342720
1218586640597377024
1218586603855208448
1218586523303587841
1218586270617784321
1218586184101847040
1218586095228792832
1218585425079685124
1218585273069723654
1218585212680056838
1218584235923136512
1218583800613101571
1218583600460976128
1218583119227432962
1218582090427633669
1218581507822047234
1218581437340901377
1218581412036694016
1218581212509413378
1218581035761512450
1218580071574900746
1218579488004546560
1218578602750611466
1218578568378273792
1218578126009241605
1218576956234653696
1218576335834140672
1218575732416417792
1218575449099341825
1218575154378412032
1218574427597787136
1218573751186407427
1218573424962035712
1218573407102668807
1218573216517689347
1218573103091109888
1218571898579230720
1218570358984466432
1218568395458777088
1218567468991553544
1218565439065862147
1218564033751719937
1218563275501244416
1218563010865836034
1218560572360470528
1218558344383909888
1218556932035940354
1218555968163909632
1218555660138360832
1218552979248369664
1218552545154600960
1218552144372084737
1218551469491748866
1218550676130803715
1218548730770706438
1218548119081713664
1218547939179683841
1218547908942925825
1218547904123744256
1218547296465575936
1218546641361428481
1218546357889392640
1218546352839385089
1218545991642681344
1218545213871923200
1218544105078304769
1218544002447958018
1218543944704888837
1218543262203613190
1218543136739418113
1218543009165381633
1218542950101155840
1218542322142646273
1218541725087674370
1218541382098395138
1218541318902861824
1218540190949629952
1218539275878391809
1218539007740719104
1218538764500459526
1218537882765471744
1218537500307869696
1218537492808437761
1218537043908792320
1218536506186440704
1218536439694184449
1218536297385598977
1218536016190926850
1218535870803910657
1218535848217600001
1218535843171897360
1218535815942418432
1218535604780249089
1218535591459151878
1218535397833289728
1218535370863915009
1218535180849360896
1218535122225586176
1218534571995693056
1218534424431689728
1218534107472388098
1218533748389699589
1218533601131814913
1218533600322314241
1218533530612961282
1218533486136635392
1218533055159140353
1218532604279955456
1218532491792977920
1218532133628719105
1218531595000389635
1218531363181207559
1218531298417037312
1218530947987070981
1218530134787076096
1218529790262759425
1218528877133418497
1218528876961333248
1218528455316459520
1218528424131727362
1218528004051296256
1218527855904280577
1218527835964440576
1218527697820844034
1218527697518895106
1218527357104984064
1218526313436282880
1218526227524399105
1218526050579361792
1218525975765573639
1218525450298937344
1218525389963911168
1218525375405477889
1218525305427693572
1218525100011589632
1218524592052064258
1218524540197883909
1218524478503780353
1218524385759453184
1218523608861020161
1218523602208706560
1218523456784031744
1218523376341352449
1218522330391027712
1218522232173092864
1218521786658193408
1218520850636386304
1218520770248433669
1218520276406886400
1218520111876919296
1218519922319544321
1218519698415005696
1218518403033501697
1218517316687876098
1218515996358692865
1218515849084133376
1218514687165444097
1218514623038722048
1218514240820203520
1218514144909045766
1218513862871408640
1218513827798691840
1218513825399439360
1218513691018244096
1218513663059025922
1218513095577960449
1218513039340789760
1218512894146596864
1218512879223177216
1218511739895062530
1218511647532253184
1218511564233478145
1218511428535115778
1218511269608804352
1218510604832509952
1218510350376673281
1218510166401978368
1218509561394540545
1218509551965757440
1218509375767285761
1218509365973520384
1218509315633487872
1218508805773889536
1218508793371332608
1218508785804828672
1218508648563068928
1218508163563098112
1218508149306597379
1218508030746284032
1218507963247230979
1218507191692468225
1218506864683560960
1218506066385940480
1218506011935477761
1218505937595576321
1218505403077734404
1218505330000306178
1218505304012357632
1218505279844896770
1218505277114404866
1218505030736711680
1218504275728441350
1218504273610334213
1218504146904588289
1218503359797387264
1218502851753844736
1218502804282773505
1218502662968221696
1218502560144936960
1218502342443782144
1218502273732694017
1218501556284334081
1218501042209468416
1218500813124927489
1218500803796852738
1218500704836423681
1218500435822161920
1218500286832091136
1218500072712953856
1218500000776441856
1218499999664943105
1218499887748321280
1218498556199415808
1218497639156736000
1218496496355762176
1218496249579569153
1218496140540284928
1218495214345736193
1218495168376201216
1218493914409291776
1218493491287941120
1218493476435898368
1218493401647255554
1218493188018790400
1218493152253874183
1218492904693469185
1218491951969902594
1218491897888505862
1218491739771691008
1218491648109436929
1218491322623057921
1218489907838095362
1218489121531924480
1218488403420991493
1218488386983428096
1218488103159128065
1218488074986041344
1218487972691161090
1218487775747506178
1218487601973354497
1218487316509085696
1218487230144094209
1218486626323746816
1218486524066574336
1218486478470352898
1218485886502961152
1218485462672846848
1218485054579580931
1218484948728012800
1218484816414478336
1218484518904090624
1218484463111475201
1218484263831719936
1218484027604262912
1218483530113724417
1218483323258986496
1218483199346692096
1218483135635165185
1218483088826814464
1218482932832251907
1218482888330694656
1218482621077913602
1218482568737280001
1218481446492479488
1218481350833049600
1218480594457448448
1218480553860763648
1218480173684789248
1218480096308318210
1218479708297482240
1218479662256599043
1218479287885606912
1218479237549699073
1218479198727217152
1218479163742588928
1218478868501274624
1218478280782860288
1218478136691699712
1218478106475974656
1218477826116145152
1218477515561369600
1218477053323988992
1218477028116221952
1218476456721965056
1218476289725739009
1218476255017885698
1218476083126902785
1218475618431406081
1218475301686120448
1218475270333718528
1218474676499951617
1218474222370070528
1218474161988874243
1218474069080846336
1218473694869233665
1218473543446552577
1218472959934894080
1218472374753992704
1218471942354800641
1218471387259600898
1218470772601126913
1218470694306099201
1218469857836118016
1218469268003704832
1218469031092609024
1218468959697219584
1218468912800681984
1218468292408565760
1218468244509659136
1218468140016902144
1218468012027731970
1218467832943599616
1218467791659044864
1218467519951966209
1218467258755878912
1218467253265498112
1218467031156248583
1218466423825149952
1218466332565483520
1218466126189023233
1218465930474348544
1218465703109505024
1218465432870572032
1218465171909332993
1218465084869050368
1218464883873927169
1218464678713679873
1218464370075807746
1218464295933050880
1218463616913100801
1218463495114706944
1218463180571250689
1218462988941824001
1218462481426808838
1218462457443778560
1218462257618804736
1218462106275794949
1218462055054946304
1218461950285373440
1218461488534425601
1218461484096815104
1218461345143754752
1218461113706262534
1218460996534177793
1218460855827824641
1218460683215560705
1218460604165509122
1218460593226682368
1218460173842468864
1218460133371584514
1218459982213140480
1218459525575053312
1218459392384937985
1218458877831909376
1218458821485613056
1218458684445155328
1218458587279785984
1218457906435280896
1218457691917561856
1218457222914740224
1218457085727453184
1218456960732930053
1218456789282324482
1218456689462124544
1218456661939183617
1218456632017006592
1218456062346629121
1218456045246394368
1218455907144753152
1218455792862617600
1218455758884474881
1218454717698859009
1218454713538097158
1218454680302424064
1218454475041574912
1218454264877584385
1218454249375399936
1218454221793714176
1218453911671054336
1218453831765385216
1218453654098890752
1218453608611614721
1218453357981044736
1218453307687079936
1218452350462918656
1218452342405763073
1218452209010081792
1218452199950430208
1218452130547277824
1218451920295165952
1218451803706200064
1218451541616668673
1218451510092345345
1218450755214102528
1218450197648412673
1218450016722989058
1218449927308763136
1218449739215253504
1218448999872630784
1218448800760635393
1218448706313379840
1218448545172348929
1218448531591172098
1218448062915469314
1218447444582772737
1218446978528489474
1218446835326619649
1218446739843231745
1218446524956520448
1218446298073923584
1218445931496005634
1218445568973864964
1218445133080821760
1218445095382474753
1218444782361620480
1218444483966259200
1218444371898654720
1218444083766726657
1218443537450242048
1218443395552698369
1218442625755369473
1218442618411024384
1218442560563286016
1218442508201615360
1218442491357212672
1218442232778436608
1218442186334908416
1218442131678859264
1218442111877513217
1218442017732202496
1218441873406251008
1218441740279058433
1218441611752898560
1218440836871929856
1218440812335378434
1218440792169222144
1218440473578262530
1218440219353145344
1218439885599715330
1218439844369780736
1218439610134560768
1218439404366245889
1218438954921484288
1218438645029404672
1218438561969602561
1218438559482482688
1218438400136699904
1218438398203043841
1218437917242204160
1218437584361267200
1218437501003665408
1218437058471104512
1218436893676843008
1218436800638636033
1218436129315311616
1218436104073904130
1218436018363342848
1218435976504184834
1218435730730627072
1218435716268593157
1218435584894611459
1218435451767357441
1218434891349725185
1218434293791449088
1218434111091675136
1218434098726940673
1218433674749915136
1218433592654794752
1218433428707737600
1218432475346677760
1218430940243992576
1218429924664598529
1218429166632173568
1218427813461622784
1218427120558518273
1218426872264101888
1218426846779449345
1218426159316324354
1218425920018665472
1218425620310511616
1218425498755309568
1218423939086667777
1218423662468128769
1218423494913990658
1218423335123591168
1218423209609048065
1218423162746163201
1218422647580545024
1218420555977830400
1218420383499661313
1218420250225643520
1218419940933406720
1218419889037369345
1218419302157565952
1218419079515639811
1218418844789886976
1218417240854487042
1218417082775281664
1218416525385895937
1218416491147792384
1218416299715518465
1218415499396120577
1218415493239005185
1218414435754266624
1218414435666137091
1218414105998057473
1218413740829310976
1218413731878785024
1218413421374443520
1218413062333640704
1218411925081673728
1218411924540526592
1218411853770055680
1218410801440219136
1218410759576793088
1218407965113405440
1218407580239876098
1218406748354162688
1218406619614208000
1218406445596774401
1218404339775082496
1218403862798880768
1218403729872969728
1218403335868440576
1218402751719317510
1218402399318048768
1218402302748434432
1218402011932233729
1218401241715412997
1218401016808460289
1218400634661154816
1218400526754250753
1218400338333573121
1218399578061463552
1218397733746286592
1218392030390431744
1218390223509434368
1218390222918049792
1218390222267920384
1218390221638787072
1218390221013815296
1218390220405645312
1218388303516459008
1218386173510344710
1218383025928536064
1218382918399250432
1218381883505029126
1218381495481569281
1218380689344733184
1218378774464602112
1218378185961852928
1218378113085857792
1218376796330188801
1218375927601815557
1218372339638980609
1218365786739347457
1218362213209190400
1218359839597965312
1218359770328989696
1218359421102960641
1218357860737994757
1218355623693365248
1218352881281257473
1218352840076337152
1218349278596337664
1218348264908394496
1218348163276382208
1218347182425870338
1218346722369396736
1218344947134365696
1218342645384261634
1218341805273616384
1218340661906280449
1218338780022820864
1218338702730113024
1218333623792947202
1218332589364338692
1218329431867056128
1218329239495356423
1218328743728615424
1218328561188319233
1218327465149464576
1218326991843352580
1218326122468757504
1218326121927925760
1218325668855001093
1218325274313592832
1218325218957189125
1218324929000722434
1218324818786951168
1218324477555171330
1218324174042812417
1218324121181925382
1218323758219505665
1218323410809499651
1218323143808495617
1218322914828869634
1218322880477499393
1218322766413340672
1218322708741742592
1218322473223106568
1218322451823824901
