1215422711398313985
1215421855860916226
1215420952391114752
1215420936826081280
1215420812376911872
1215420155410419713
1215419923784183808
1215418900445323265
1215418827065917441
1215418596983177216
1215418290593464320
1215417844357304320
1215417699578339328
1215417638136033281
1215417494850211841
1215417312343416833
1215417110081482752
1215416895932960770
1215416585298628608
1215416471989387265
1215415605517586432
1215415548273541121
1215415267586715649
1215415199022403585
1215415162263494656
1215414944000356353
1215412630304776192
1215412571681054725
1215412522175680513
1215412182474731520
1215411301029203968
1215410923369848833
1215410546020954113
1215410517826772992
1215409800764448768
1215409711635410944
1215409555573743623
1215409385889026049
1215408619837181952
1215408051542511618
1215408019262996480
1215407562197217282
1215407421142851585
1215407397281443841
1215407385801580545
1215407169400721409
1215406989863464964
1215406956229398529
1215406930669244419
1215406909681012736
1215406877959475201
1215406733113331712
1215406368192172032
1215405824237019138
1215405735267459072
1215405441477480448
1215405289203273728
1215405260719697922
1215404889351782400
1215404596262293508
1215404097937051649
1215403852779917320
1215403597032280065
1215403490379476992
1215403361471778816
1215403136279511040
1215402988187148291
1215402801175715840
1215402578814685184
1215401834434768896
1215401797378019328
1215401683544616960
1215401460923543552
1215401456951537664
1215401419722895361
1215401419077013505
1215401410214408192
1215400687959519233
1215400641536851968
1215400042292502529
1215399831235104774
1215399142949781509
1215399080127619073
1215398944626368514
1215398883959984128
1215398673061961735
1215398486537048064
1215398299152371713
1215398073834393600
1215398027936047105
1215397725769998336
1215397636850835456
1215397494143750149
1215397195161251840
1215397050742902787
1215396983290191872
1215396859398758403
1215396715546759168
1215396661033426944
1215396468368052226
1215396230173536257
1215396116243591169
1215395990213156864
1215395945673871360
1215395842489798657
1215395726999552001
1215395663057489922
1215395205991555072
1215395125892960256
1215394996318359552
1215394873836212224
1215394497946902528
1215394438236844034
1215394051236777984
1215393916515684353
1215393899805642752
1215393514734878723
1215393446338449408
1215393422112063488
1215393225734791168
1215393007794565123
1215392997644390400
1215392734086909952
1215392722338689025
1215392663316434944
1215392302509838336
1215392094291988481
1215391834719117312
1215391699222044672
1215391180164411400
1215390291324174341
1215390238543110145
1215390211313668096
1215390140069076992
1215390084675010560
1215390042186821635
1215389955792474113
1215389859415842817
1215389807762984961
1215389674866454533
1215389648245207053
1215389059922714624
1215388946542272512
1215388676320120832
1215388670733307906
1215388577636462594
1215388451723530242
1215388431762718727
1215388275814301697
1215388199650045954
1215388148236201984
1215388019995435009
1215387997572665351
1215387986701037573
1215387701442162690
1215387592243470336
1215387569086697473
1215387450866126851
1215387446277558273
1215387155205361671
1215387152990769154
1215387046270963717
1215386921276448768
1215386746239836160
1215386624672108557
1215386372133064705
1215385986923991042
1215385767167561728
1215385686834122759
1215384566447443970
1215384397702205453
1215384312612360206
1215384229212819464
1215384111705198618
1215384061084143628
1215384042796961792
1215383766694105088
1215383753801043979
1215383586125352968
1215383472015073280
1215383457330860040
1215383258617257985
1215383085568741382
1215383017549705216
1215383017507753995
1215382984448249859
1215382825127612417
1215382488337604608
1215382429273395218
1215382404862480386
1215382232547954699
1215381873335132166
1215381843178115073
1215381353002414085
1215381243367493634
1215381195929853952
1215380622132293634
1215380556667596800
1215380374051852294
1215380253708881940
1215379753919746049
1215378768367423498
1215377615818756096
1215377456053587979
1215377200431730689
1215376839893553160
1215376774261084173
1215376475354009602
1215376354696486913
1215376225625104387
1215375692881371136
1215375006772944897
1215374864728645632
1215374676110794754
1215374673103540225
1215374478240337920
1215374220609425415
1215374098760699906
1215374046759718912
1215372541235290113
1215372448415322118
1215372175936454656
1215372105031790598
1215372090540535809
1215371420022329348
1215371382193823744
1215371326376030208
1215371260085112833
1215370984099909637
1215370690762825729
1215370433626824705
1215370309534126086
1215370029950291968
1215369965999706112
1215369843144384514
1215369629721399306
1215369573253419009
1215368793637249026
1215368682358087681
1215368674590298119
1215368563000782848
1215368095935672320
1215367423500718091
1215367201701748736
1215367183456505866
1215366935916969985
1215366516671229952
1215366441488220163
1215366372810686465
1215366201561550859
1215365972334432262
1215365714648891393
1215365381763862528
1215365097863905280
1215364820767211520
1215364670623752193
1215364379270500352
1215364008867500034
1215363981998743552
1215363813865938944
1215363649272979458
1215363623234801666
1215363549750493184
1215363451595513856
1215363390459142145
1215362873997873152
1215362822571425793
1215362765310832645
1215362315350048773
1215362188359143424
1215362071317090304
1215362065378037761
1215362061863137280
1215361636795547648
1215361406310277122
1215361260511989760
1215361195353559050
1215361110771228672
1215360984036126722
1215360398603493377
1215360318890762241
1215360019018977280
1215359462816522240
1215358919448678401
1215358904072273921
1215358876448706561
1215358861881856000
1215358746853040130
1215358645229236228
1215358442816360458
1215358427448446983
1215358247865069568
1215358197063700480
1215358152511754241
1215357928217219073
1215357831429402625
1215357829860806657
1215357747681775616
1215357677859221505
1215357473584033792
1215357340603633664
1215357261842993152
1215356905192919041
1215356779716120576
1215356303205453825
1215356041992515584
1215355359226998786
1215355158491779072
1215354774108942336
1215354739355017216
1215354713186717697
1215354249028218887
1215354218158096384
1215353495311802375
1215353195620380677
1215352497101070336
1215352086642286594
1215351783540830215
1215351534260772864
1215351029551812611
1215350935406424066
1215350806888751104
1215350438570135555
1215349345865867265
1215348489871380485
1215348473631051776
1215348251832045569
1215347801758031874
1215347138189758464
1215347039632052225
1215346828499177472
1215346719174557697
1215346042323030016
1215346040754311168
1215345753461284865
1215345664223260675
1215345443682447360
1215345336493006850
1215345265965748224
1215345163695988742
1215345115759292417
1215345031697092610
1215344687927697409
1215344379872923649
1215344052079603716
1215343973537124352
1215343160760721409
1215343146663645186
1215343135796224000
1215342590356336645
1215342497658023937
1215342462866247682
1215342089795444736
1215342028197900289
1215341984073818113
1215341835394125824
1215341766368485384
1215341522331357184
1215341456497528833
1215341361345499138
1215341267418304513
1215341120227594248
1215340901159067649
1215340738210357248
1215340708405493760
1215340329626456067
1215340286660042753
1215339865941905415
1215339384066756613
1215339372742135814
1215339051588427777
1215338928070447104
1215338626889998341
1215338233699143680
1215337916941119488
1215337753895997440
1215337666109235206
1215337551692804097
1215337267025367042
1215337169683992578
1215336836643590147
1215336188963442689
1215336164506423297
1215335979713777664
1215335338580811777
1215335157051338752
1215335142715207680
1215334415863373830
1215334312096059392
1215334152725245953
1215333762151723013
1215333629737332736
1215333039754096641
1215332729832771586
1215332290009665536
1215332137152536576
1215331880708575233
1215331723338289153
1215331636839100417
1215331322333474816
1215331286870626304
1215331160181673985
1215330873823965184
1215330706961981442
1215330538950680577
1215330361506484227
1215330299720228866
1215329672936017921
1215329502282354690
1215329168730312704
1215329076526944257
1215328931248771078
1215328786679508993
1215328710208970756
1215328472891101184
1215328465542701058
1215328158729277441
1215328049438318593
1215328017679032320
1215327502639550465
1215327008122703874
1215326112718499842
1215325490338246659
1215325482838786048
1215325407127527426
1215325351263510528
1215325176486940674
1215324918407139328
1215324661623463940
1215324526206181376
1215324051775918081
1215324034768035841
1215323976731447297
1215323677404860417
1215323468121694208
1215323404355719168
1215323381928800256
1215322720386387968
1215322500080586753
1215322434808750081
1215322181724491776
1215322067932983297
1215321892376272896
1215321725824577538
1215321539589091331
1215321538293063681
1215321366909669377
1215321234961051648
1215321198671933445
1215321086440677377
1215320997546614784
1215320337812021253
1215320310486052864
1215320211923980288
1215320167644909570
1215320028054200321
1215320002573819905
1215319743135191041
1215319555867922432
1215319446828605440
1215319408194748417
1215319361239601153
1215319301101670400
1215318849547096065
1215318538598125568
1215318458709237760
1215318041451470853
1215317879404605441
1215317684331732992
1215317411089522689
1215316936554250241
1215316724754604032
1215316686313852928
1215316461234855939
1215316436069101574
1215316341982400512
1215316277524402176
1215315942214897664
1215315880541900802
1215315469860777988
1215315457621872641
1215315382405423104
1215314635521290240
1215314538192678914
1215314454704988161
1215314335628713985
1215314205672386561
1215314026701500417
1215313897605029891
1215313471581102080
1215313425414356993
1215313345835929605
1215312826509774849
1215312722767892482
1215312015281074176
1215311804680876035
1215311591601770496
1215311568608677892
1215311550149464076
1215311482361131008
1215311410001076230
1215311267663093760
1215311055527862282
1215310845816791040
1215310752397086720
1215310615415336962
1215310398427205632
1215310310686502912
1215310103274041345
1215309948747382784
1215309850034561024
1215309846800752640
1215309763241807872
1215309629460185093
1215309242070196231
1215308936594829314
1215308883427840000
1215308793954828289
1215308499418341382
1215308378374836225
1215308371622092804
1215308363543781377
1215308327607054337
1215307998316453889
1215307898596753408
1215307866569158656
1215307836445679617
1215307123980193792
1215306947366457344
1215306891947057152
1215306389788286979
1215306268472156161
1215306197269647360
1215306090377883648
1215305994001113088
1215305667227025410
1215305655541813254
1215305543876825095
1215305422124601346
1215305384694624256
1215305274690502662
1215305055068401664
1215304473536536577
1215304332452749312
1215304014188945409
1215303942172762114
1215303797712523267
1215303724727521280
1215303526093672449
1215303236246220801
1215303218743447554
1215301795037184001
1215301722354126848
1215301031942410240
1215300829407797248
1215300710675423237
1215300393627987971
1215300280969023488
1215300164342120448
1215299591551225858
1215299346792665088
1215299343022022659
1215299141565321218
1215299134619602944
1215298724928401409
1215298401719418880
1215298102531371008
1215297980229738501
1215297904488919040
1215296398863798273
1215296240562380800
1215296227639726082
1215295404264382465
1215294783448592385
1215294761218793472
1215294659666284545
1215294578636599299
1215294091904372736
1215294069448093696
1215293119752757248
1215292885739999232
1215292829364367360
1215292789619154944
1215292590448398342
1215292519916941313
1215292265171767302
1215292250751750144
1215292227930460160
1215291703357251585
1215291368278577153
1215289986888753152
1215289853568585730
1215289817656975361
1215289562521636866
1215289387946299392
1215289324394221574
1215289258958823424
1215288349327609856
1215286709417598977
1215286649745215493
1215285885576654848
1215285810997747713
1215284927081721857
1215283380444651521
1215283165700423683
1215283054379511808
1215283053930713089
1215282164914425857
1215281547089186822
1215281336006709255
1215280175568642049
1215279796088864769
1215278812394598400
1215277729211453440
1215277350142824449
1215277080369336322
1215276743378030592
1215276672100028416
1215276645931790336
1215276310219644929
1215276295120150528
1215275789027102722
1215275585330720769
1215275233256595456
1215274393372368896
1215274178846298112
1215273825526603787
1215272335604965377
1215272230009044992
1215271712775966720
1215271684619558913
1215270826922123265
1215270740708163585
1215270184061218818
1215269694627893250
1215268368548356096
1215268074288492544
1215268033050091520
1215267802703171584
1215267452671668224
1215267303513886720
1215267129018195970
1215266902869712896
1215266695230775297
1215266054307549185
1215265892470349826
1215265889177800704
1215265317154410497
1215265063591915520
1215265001574809608
1215264570123673603
1215264469489790981
1215264276912525312
1215264119231778818
1215264010104451072
1215263633011363840
1215263613683978240
1215263453952315392
1215263293176274944
1215262647031037959
1215262521533313024
1215261861685403648
1215261845935788033
1215261678734061569
1215260786676899841
1215260618321735682
1215260563065966593
1215260169355038721
1215260085708038146
1215259992338595842
1215259344192798728
1215259330687258624
1215259276211519488
1215259226769186817
1215258707505840129
1215258307230912512
1215257642312093696
1215257358005407744
1215256809000394754
1215256597359943681
1215255530769473537
1215254647394447362
1215254056387710977
1215253858739507202
1215253666900467712
1215252464737423361
1215252458299187209
1215252316334559234
1215252143080378368
1215251416039727105
1215250496757346305
1215249951044833280
1215249775655882752
1215249600048701440
1215248693517078534
1215248665377431552
1215248643881689089
1215248492358242304
1215248044570173442
1215247885333401600
1215247884783947778
1215247867532709889
1215247627144638464
1215247608735850498
1215247567220551683
1215246569500565505
1215246568124813313
1215246212946976770
1215245359389323264
1215245335179812865
1215244739785699330
1215244687746981888
1215244581228437504
1215243811691147264
1215243775079079937
1215243007680811016
1215242275174998016
1215241918625525760
1215241630841741312
1215241144642297858
1215240967982403586
1215239965191430145
1215239555491749889
1215238676847960064
1215237592779718657
1215236548704247808
1215235747340607488
1215235666273013760
1215235564108222464
1215235221047730177
1215234922476118016
1215234631043297280
1215234423152611328
1215233545943289857
1215233349624778754
1215233021827264512
1215232393566658562
1215232132924071936
1215231476826066944
1215231455305093120
1215231305656520704
1215231042786820097
1215229052157677570
1215227443520270338
1215226011899572224
1215224348677672960
1215222987617710090
1215222967334031361
1215221385318060032
1215221371766296576
1215221210876915712
1215220819418329088
1215219773837017089
1215219563341676544
1215218725797928960
1215218444112662528
1215217993774501888
1215217820151287808
1215216460584423424
1215216149006295040
1215215708067336193
1215215284669292544
1215215213504614401
1215215115764740096
1215215101478932480
1215214606962110464
1215213763563003904
1215213737889665025
1215212572284198913
1215212324417687552
1215212317517983744
1215212307237822465
1215212230175875072
1215211862222045187
1215211398667685893
1215211300705521664
1215211218237054976
1215211072375926784
1215210836190486528
1215210265387716608
1215210040589680640
1215209953381834752
1215209756161462274
1215209265633398784
1215208884228579328
1215208834244833281
1215208809322422272
1215208614434082818
1215208477490077696
1215207635366109184
1215207384324431872
1215207214069272576
1215206694881505281
1215206545748897793
1215206304521707520
1215206020760395776
1215205903051448320
1215205434195312640
1215204796073938944
1215204759356964864
1215203788098801665
1215203751964872704
1215203639872180225
1215203335885787137
1215203216327135232
1215203079622139909
1215202818455408640
1215202494059597825
1215202059978518528
1215201058886123521
1215199628892655616
1215199532683792384
1215199493697736704
1215199307202056194
1215198907149561862
1215197737941118976
1215197462748594177
1215197441848479744
1215197151057281024
1215196455843115009
1215195546706640896
1215195106598359040
1215194383802413056
1215193356642529281
1215193136668073984
1215193129168621568
1215193036621275137
1215192029078179841
1215190153767149568
1215190125862408193
1215190030240579585
1215189851865255936
1215189811604135936
1215189606796353537
1215189459450388480
1215189159855435776
1215189158848757761
1215189153463316481
1215189152452444160
1215188458957918208
1215188243697762304
1215188005520015360
1215187025839775744
1215186841399414784
1215186828107579392
1215185903154532354
1215185377138552833
1215184229547552768
1215184123335266304
1215183855130480641
1215183789745418240
1215183395933884421
1215182921688133632
1215182095330500609
1215180551042355201
1215180051915988993
1215179226204295168
1215179111091572736
1215179006007500801
1215178417508777984
1215178367072460800
1215177715143401472
1215177326503301120
1215176924357713920
1215176538959810561
1215176323301285888
1215176281425416192
1215175616921853952
1215175491046596608
1215175024031805440
1215174396765188096
1215174193895047169
1215172842104459264
1215172834638684160
1215172768775446528
1215172376851337216
1215172350553001984
1215171879226552320
1215171743989616641
1215171347132928000
1215170998024245249
1215170996174454784
1215170174220980224
1215169457183653889
1215169312031461376
1215169205793906688
1215169156921819136
1215169079683829760
1215168778012631040
1215168599452721153
1215168365477744642
1215168313787146241
1215168042847653888
1215167539652780032
1215167357502599168
1215167187780087809
1215165102846025728
1215164584098770944
1215164523109285888
1215164506810339328
1215163597732687872
1215161759398531074
1215160731936665601
1215159804089511936
1215159128026492928
1215158081484664832
1215156324624932865
1215155520832712704
1215154557954732032
1215154547058008064
1215154055305203712
1215153132168151041
1215153070864289792
1215151412046434304
1215151050090582016
1215149968673116160
1215149964382429185
1215149709435777025
1215148941366435841
1215144796077072384
1215144283986067458
1215138393690120192
1215133750067113987
1215128326735638528
1215124680329367553
1215124586045624320
1215124302586171394
1215124100026421250
1215112758724825088
1215105907954192389
1215100864471412736
1215099606192676864
1215094066020593665
1215092595262738433
1215091995342966784
1215090508726403072
1215087683699081216
1215085310402494465
1215081732388638721
1215079235494338563
1215076160893280256
1215075606326587392
1215069915092332544
1215069337624698881
1215066183814320136
1215065588860686336
1215064475423952899
1215064088784637952
1215063087293902848
1215061665626165248
1215060638436855808
