1219044474975850496
1219042003062792198
1219041195344769024
1219040500436606977
1219040493096570880
1219039598904516609
1219038198141280256
1219037998429372416
1219035829617725441
1219035043076722688
1219034401297911813
1219033766242455552
1219033219238068224
1219033099474034690
1219031438949044225
1219031385521958913
1219031203916939272
1219030727670538242
1219029855242682374
1219028311453683712
1219028261772103680
1219028243321368576
1219028118121385985
1219028092007698438
1219027364425977861
1219026537460224000
1219026089802158085
1219024691190534145
1219024629735546883
1219023390574567432
1219023312417951746
1219023209569378305
1219023134181011456
1219022891876081664
1219022545845997570
1219022454384885760
1219022417923903489
1219022271911690247
1219021974292369408
1219021004900589568
1219020746736971776
1219020606303240192
1219020422915788803
1219020188542214149
1219020093301985280
1219019087231225856
1219019071934619649
1219018892980498440
1219018483708710912
1219017952701403136
1219017638707388417
1219017156551155719
1219016973272731655
1219016585639333888
1219016378243481601
1219015362047631368
1219015038398357506
1219014617181106178
1219014522519859200
1219013748821807104
1219013578126241797
1219012308359356416
1219012307478614016
1219012176612155392
1219011940623749122
1219011721005846533
1219011622221549570
1219011481313992704
1219011031348994048
1219011030543753217
1219010630092492801
1219010578515144704
1219010392703324161
1219010311900028930
1219009645991415813
1219008921869766656
1219008624871251969
1219008395396747266
1219008085110460422
1219007370464055296
1219006717926789121
1219005612757061633
1219005256299958272
1219004586977103872
1219004134495522817
1219003721641840642
1219003573780074496
1219003564657344512
1219003336394932225
1219003262935937032
1219002866482008064
1219002669987237894
1219002632485982211
1219002182307131393
1219002061448081408
1219002056771543040
1219002015424053249
1219001603883257859
1219001581569499136
1219001465227874305
1219001331941330945
1219001229688426503
1219000956186218496
1219000126578053122
1218999772750712832
1218999638533005314
1218999203512438789
1218999180988948480
1218998720794185730
1218998667119558662
1218998436772696069
1218998330962993155
1218997900681842688
1218997601791627264
1218997446895861762
1218997117303316480
1218995734093221889
1218995227219853314
1218994086084038656
1218993923869245440
1218993684223537154
1218993399551971331
1218993131477250048
1218993130894168065
1218993051378634753
1218992999545425920
1218992577199923203
1218992541825146882
1218992393820819456
1218992351319937025
1218990901466402818
1218990834781163527
1218990064891498502
1218989206451752963
1218988541616762881
1218987802815270913
1218987478033539073
1218986278965915652
1218985773019684864
1218985500947763200
1218985470652309505
1218985276875452417
1218985182746808320
1218984832195342342
1218984731695550465
1218984667082305536
1218984294674305026
1218983139231649793
1218982945383424000
1218982867944071170
1218982389977878528
1218982337763053568
1218982235564597248
1218982107403497475
1218982101644664832
1218981758143737863
1218981115538681856
1218981035725246464
1218980534807859200
1218979823089078273
1218978017071988736
1218977990555656200
1218977583854968832
1218977459569414144
1218976905396879361
1218976201273958401
1218976057975541761
1218975578516344838
1218975439814828032
1218974717962571779
1218974645413732357
1218974433181884416
1218974171960614912
1218974138343284736
1218973692300025861
1218973547818835968
1218973498695131138
1218973401496412160
1218972791388676105
1218972685117665282
1218972119733886979
1218972057247064064
1218970869931872259
1218970555803688965
1218970152009719815
1218969574789566467
1218969398364590080
1218969197167902720
1218969193405714438
1218969103760674817
1218969001105248258
1218968659177222145
1218968375529025536
1218968113158422528
1218967822786801665
1218967553458036736
1218966917630898176
1218966913218437120
1218966537639550981
1218966516789645318
1218966478923468801
1218966440004476929
1218966292193062914
1218966007676579841
1218965628305973250
1218965568474271744
1218965452023648257
1218965315201060865
1218965097676247042
1218964470560628736
1218964442735697921
1218964301425401856
1218963412824313857
1218962239870382081
1218961575492628481
1218961253797941249
1218960884162273286
1218960510269431813
1218960362810363906
1218959805668372480
1218959454634418176
1218959118343516168
1218958802151706625
1218958759948619779
1218958569254596611
1218958245009809408
1218957092494684160
1218957020709228544
1218956949129175042
1218956712847331328
1218956014105636865
1218956001359159302
1218955895327068161
1218955834329391104
1218954642979217409
1218954519528247298
1218954393925701632
1218953602661785607
1218953567006003200
1218953191192244225
1218953165896396801
1218953121860407298
1218952887495266305
1218952454701752321
1218952292386443265
1218952209804812293
1218951444877004800
1218951246251536385
1218950689428246529
1218950608662810624
1218950526441807874
1218950502827921408
1218950449488912385
1218950291799838720
1218950165920350209
1218949515421548544
1218949336605908992
1218948922187689984
1218948605672939520
1218947709022932992
1218947174597136385
1218946570005204997
1218946520172679169
1218946218413502464
1218944942091001857
1218944834209243140
1218944520164970496
1218944402955100165
1218943480711581697
1218943462805995527
1218943459974897666
1218943004284792843
1218942817608904711
1218942461734801409
1218942282361188355
1218942042723823617
1218941944623177730
1218941822728392706
1218941481081327617
1218941086476926984
1218940901759901698
1218940864749350914
1218940421780508672
1218940356303163394
1218940274547798016
1218939394079457280
1218939076453240833
1218938513514749952
1218938159897235464
1218937864781729792
1218937427290619905
1218936850502619136
1218936467109679106
1218936234384547842
1218935766967095296
1218935592186195970
1218934973874495499
1218934969155887105
1218934393743593472
1218934277502636033
1218934025932414976
1218933679835303938
1218933533009420288
1218933052619075584
1218932513374162944
1218932002923188226
1218931433235996672
1218930463290679298
1218930130363523072
1218929112561192962
1218928940800258053
1218928159732662272
1218928014119055361
1218927676481732613
1218927372155727872
1218927306951090180
1218927038540718084
1218926628010713089
1218926355276095488
1218926315690188802
1218926258035331072
1218926178486177792
1218925728735145984
1218925545628540929
1218924798266441728
1218924590002581506
1218924367234654213
1218924361715015686
1218924348783890439
1218923804782661633
1218923577212317697
1218923550251372545
1218922811256864770
1218921977974607872
1218921962698870785
1218921271406276610
1218921228968308738
1218921073430888448
1218920957823406081
1218920737244925952
1218920699060006921
1218920525852004358
1218920195944787969
1218919980680536070
1218919543952879621
1218918562066259971
1218917980270141440
1218917969285275653
1218917937022631938
1218917733720625154
1218917151546933248
1218917000765898757
1218916864698527744
1218916791658958848
1218916664445673473
1218916000109932547
1218915560232230913
1218915351087538176
1218915015652204544
1218914779005362177
1218913831164030977
1218913001258070017
1218912319419404291
1218912166075686917
1218911929927983105
1218911858700292097
1218911459721338880
1218911288404910082
1218911250245193728
1218911194876170240
1218910649847173120
1218910610919960576
1218909272869916677
1218909127231123456
1218908123991367683
1218907864229654530
1218907778158419968
1218907257397747712
1218906833605349382
1218906467727822849
1218906294981144576
1218906210042351616
1218905509673209856
1218905436591730688
1218905221897818115
1218905143019819008
1218905132999565313
1218905013390585856
1218904997880107011
1218904696066322432
1218904491652788226
1218904441979658241
1218904284340850690
1218904166992613376
1218903813165330432
1218903744240406531
1218903714058162178
1218903374977994753
1218903046324936705
1218902546514923521
1218902453934088194
1218902386930077696
1218902248941674498
1218901933601091585
1218901914919866369
1218901776671350786
1218901527697481729
1218901106736189445
1218900930613129216
1218900851827318784
1218900547123720194
1218900254004781057
1218899931680976896
1218899017821827072
1218898823541612547
1218898404048175104
1218896419165216768
1218895960107032576
1218895282789851136
1218895036429021184
1218894684833095681
1218894438497431552
1218893624869556224
1218892531347394560
1218892242909388801
1218892041347792896
1218891972888481793
1218891947286376449
1218891094320209920
1218890925163909121
1218887988421255172
1218887653975842816
1218887046644879361
1218887038516199426
1218887019235086337
1218886944173838337
1218886801760358401
1218886487133032448
1218886366479757313
1218886216495587328
1218886148531027968
1218884773709602816
1218884192538451969
1218883930285400065
1218883191584514049
1218879946392854530
1218879272032571393
1218878386162085888
1218877536077340672
1218876963210874880
1218876762769297409
1218876530056663041
1218876422384734210
1218875593707704323
1218875593149886466
1218875305684807691
1218874946610434048
1218874679273848833
1218874498528792578
1218874285688807424
1218873968914051073
1218872736493252608
1218870643023843328
1218870616004222976
1218869609094373377
1218869417397846017
1218868512812339200
1218868173031845889
1218867537653501952
1218866937557606401
1218866724398870529
1218866065989566469
1218865978731384832
1218865264441397248
1218865223051943941
1218864181707005953
1218863269810712577
1218863162994327552
1218862816716894209
1218862816129626113
1218862261483208704
1218862207544582145
1218861634669641729
1218861497461460993
1218861420424593408
1218861056203857922
1218860001625890818
1218859777117376512
1218859399499997184
1218859119349837824
1218858908313358339
1218858774154399744
1218858294762201089
1218858052159406080
1218857845799768064
1218857173909942272
1218857057144791040
1218856568630005760
1218856505363128320
1218856271799103489
1218856006819688448
1218855913248956419
1218855030016659456
1218854859954323456
1218854542554599425
1218853450026487809
1218852298467807232
1218851384528973825
1218850990516056065
1218850817295486977
1218850770939973634
1218850020847386624
1218849611298824192
1218849209090281473
1218849175137411072
1218848892382588929
1218848293029060608
1218847941735133184
1218847827578761216
1218847069135417347
1218846711235383297
1218846578112225280
1218845797330182144
1218845011523129345
1218844913426731008
1218844835622412288
1218844380758532096
1218843042393874432
1218841296250515456
1218841207285133312
1218840780074291200
1218840448522948609
1218840225423732736
1218838913164414976
1218838590081454080
1218838328151244801
1218838006058180608
1218837971618627589
1218837774570336257
1218837482235625473
1218837323938439168
1218837065716195328
1218837051052871680
1218836228986023936
1218835885791371264
1218835860122218499
1218835858155098112
1218835741427429377
1218835441677414401
1218835274085666816
1218835200140087296
1218835022737760257
1218834913056776192
1218833795442532352
1218833561559666688
1218833209355620352
1218833100597342208
1218832931814289408
1218832885056253952
1218831406945783809
1218831346556178437
1218831181959114752
1218830979785207814
1218830936269295616
1218830605632393216
1218830076013359105
1218828684850757633
1218828210097590272
1218828190212337664
1218828119236321282
1218827789127835649
1218827198947319808
1218827100934823943
1218827071755038721
1218826949105197057
1218826761426948096
1218826590362198016
1218826187751018496
1218826103940419584
1218826018775031809
1218825991772155905
1218825715812126721
1218824868055212032
1218824674987200512
1218824552156930048
1218824550328229888
1218824215379554304
1218824042024751104
1218823700256043008
1218823536384598017
1218823531430998016
1218822948116684801
1218822858874544130
1218822786556354560
1218822719195811841
1218822524861067264
1218822132576243713
1218821974371291136
1218820999887642624
1218820737588432896
1218820708769390592
1218820255268724738
1218820184796028929
1218820140046979073
1218819934937063425
1218819916217966592
1218819702513983488
1218819574721929216
1218819211788722176
1218818683633655810
1218818649387085824
1218818438799482880
1218818398014099456
1218818302375493632
1218818207265513472
1218818177834065925
1218817790536298496
1218817754393989121
1218817593768841216
1218817433651335168
1218817328068120576
1218817065416560642
1218816997594738688
1218816981350174720
1218816780593795073
1218816377986875392
1218816319757475841
1218816297393446913
1218816144867581952
1218816142174773248
1218816140941647873
1218816112059715584
1218815747192913921
1218815541638504448
1218815252193841153
1218814885687169024
1218814567075209216
1218814395515637761
1218814253953638400
1218813736062013440
1218813633142099970
1218813555237097472
1218813414652489731
1218813292724006912
1218813203452436480
1218813119436333062
1218813039580975106
1218812724072919040
1218812587158253569
1218812354940502016
1218811770879561728
1218811706098561026
1218811001208016897
1218810974540587008
1218810956505059330
1218810734693535744
1218810229934186496
1218809988510076928
1218809536808652801
1218809269975425024
1218809140132372480
1218809100261306369
1218809026500317185
1218808509204193280
1218808058861756416
1218807818440015872
1218807794889043968
1218807790094966784
1218807542765293569
1218807383486607361
1218806888374198272
1218806381387689984
1218806336265379840
1218806306913558528
1218805580988604422
1218805454358315008
1218805411379400704
1218804955387236354
1218804845358067713
1218804652940107776
1218804488091377666
1218803805023866880
1218803496545398784
1218802793269559296
1218802701527666688
1218802639841959937
1218802583114002439
1218801855502921728
1218801705296498690
1218801652901335040
1218801141405880321
1218800950594371584
1218800761074782208
1218799917658968070
1218799788939976709
1218799694916308992
1218798228281479168
1218797670510268416
1218797630383255553
1218797322177589249
1218797270801489920
1218797087904673793
1218796362210467840
1218795968885334016
1218795697367126016
1218795598964543491
1218795207162056704
1218795065688064001
1218794790185316352
1218793780817600512
1218793736567775233
1218793617520766976
1218793381230456832
1218793339350396930
1218792972474515456
1218792791775633409
1218792774121639937
1218792353479168000
1218792300761047045
1218792232767172608
1218791863546675201
1218791456560832512
1218791248749789184
1218791247109939200
1218791119842050048
1218791118013419520
1218791096580558848
1218791047393894400
1218791040032878593
1218790972127051776
1218790970319429632
1218790589380034561
1218790283422453760
1218790103314837504
1218790015980965890
1218789597343375360
1218789595351068672
1218789477314854912
1218788353736368130
1218785696766398465
1218783084847542272
1218781896995373056
1218781592228966407
1218777769376698368
1218777679358496768
1218775513336033281
1218775238130962434
1218774848169828352
1218774806646218758
1218774438864457728
1218770896363630592
1218769004321476608
1218764240460402689
1218761833789763584
1218761087904092161
1218761075442667521
1218759825259212800
1218758106634735617
1218757106922348545
1218754673991135232
1218751981268996097
1218749969034874885
1218743307083427840
1218741829849534465
1218739206463328256
1218736014002393088
1218715351434825728
1218714285574172672
1218705488524738562
1218705132604534785
1218704941637947392
1218703040875782145
1218701804432711682
1218701518905532416
1218701353842659328
1218698939660107776
1218696425992790021
1218695465232994307
1218694285001920514
1218693610964770819
1218693041692860416
1218692454922293248
1218692051459547136
1218692028185423872
1218691741899001862
1218688599115345926
1218687660493082624
1218687592557940736
1218687429391147020
1218687401398341632
1218686966616797184
1218686902565572608
