1428847058153312256
1428847064142786560
1428847064813813763
1428847065354973188
1428847066978131975
1428847076755091457
1428847077828726797
1428847078734716930
1428847090835365891
1428847093066633226
1428847096707358725
1428847099068682245
1428847101010661379
1428847102520659968
1428847103627911169
1428847104135413762
1428847110716334083
1428847112087908361
1428847118609960960
1428847120275156994
1428847122229743616
1428847123898978307
1428847126012911628
1428847139548016642
1428847144056901640
1428847152814567425
1428847154915905537
1428847162016808966
1428847175044370434
1428847178194296834
1428847183055540226
1428847185030959105
1428847188290019335
1428847193377619971
1428847198326951938
1428847201388843018
1428847208355573764
1428847237526851586
1428847238730629121
1428847241008140289
1428847252198526977
1428847260457218050
1428847264584376324
1428847269080707080
1428847274654900229
1428847277481906176
1428847279629377538
1428847279876853764
1428847283391586309
1428847288001175552
1428847293252374531
1428847298595983372
1428847300609253377
1428847301276192777
1428847303859871746
1428847304832860160
1428847306833600521
1428847311304724489
1428847311774441476
1428847312885923850
1428847316627296256
1428847320737665041
1428847328291610626
1428847334297845761
1428847339364552712
1428847360084484107
1428847362005512196
1428847369643339780
1428847378933628929
1428847379021770753
1428847383115354112
1428847386407936003
1428847388018548742
1428847390463770624
1428847391701192713
1428847409640222720
1428847411913449476
1428847416174956551
1428847436915687426
1428847438782156801
1428847445958668299
1428847456163401732
1428847457555918848
1428847471598477312
1428847500165881856
1428847502443356165
1428847504133611522
1428847512400633859
1428847514577420296
1428847516913741828
1428847531069517829
1428847538971545601
1428847541915901956
1428847541953519941
1428847551936143362
1428847559456460801
1428847561855717381
1428847564162359297
1428847567392100353
1428847569292103682
1428847583255048199
1428847584374890499
1428847593191247872
1428847599377846276
1428847600787132420
1428847603211460610
1428847612191559683
1428847612610891779
1428847613445648389
1428847620919803905
1428847625294565377
1428847630591856643
1428847639894896644
1428847666453176325
1428847670928478210
1428847676850798592
1428847686099345409
1428847690104905734
1428847694555013120
1428847694949322754
1428847705888022529
1428847706655580169
1428847708908007428
1428847712355721218
1428847720329064448
1428847729514631175
1428847734526726144
1428847757608079365
1428847759398932491
1428847760527200262
1428847766525124610
1428847767045251073
1428847767250685959
1428847771394756618
1428847771512147970
1428847778952671239
1428847782593433601
1428847783038132230
1428847787127541762
1428847788876468227
1428847792508882948
1428847799412707330
1428847802260598786
1428847803925733383
1428847807180513282
1428847808539418626
1428847809273413636
1428847826587488258
1428847841733140490
1428847863413489666
1428847863434522627
1428847865615503360
1428847868782186503
1428847876780789763
1428847882363408387
1428847885051965440
1428847890496114692
1428847896351232002
1428847902458368006
1428847904882577408
1428847905293615106
1428847907772436481
1428847919231287296
1428847919252267011
1428847925355028490
1428847935530352643
1428847936813899786
1428847939183685638
1428847944917258244
1428847945814843401
1428847948029431810
1428847950088781829
1428847954799042560
1428847975044984835
1428847975950868482
1428847981046947848
1428847992312840195
1428847996909805573
1428848004342165505
1428848006737141766
1428848009345916930
1428848009744355328
1428848013481594885
1428848013947047936
1428848033526173701
1428848038924013568
1428848041658834947
1428848053231005704
1428848053243596808
1428848055600795652
1428848058545098768
1428848059127980036
1428848073464328197
1428848075615965187
1428848075783737351
1428848078715596807
1428848085069881345
1428848085686538241
1428848088416985094
1428848097506078733
1428848099313717255
1428848105429118979
1428848115793154053
1428848123582029825
1428848123632406537
1428848123695206401
1428848132171968519
1428848141034471426
1428848146357047302
1428848146583543813
1428848156863827978
1428848160974295043
1428848166586273793
1428848168620511232
1428848169631293449
1428848171225075718
1428848185963855873
1428848186198745088
1428848190623731714
1428848206142713859
1428848215726698497
1428848225218400258
1428848227382595593
1428848239466459139
1428848252670074884
1428848254284881932
1428848257237671945
1428848259196493824
1428848259255185414
1428848262065295366
1428848264565207047
1428848271565459459
1428848272291024900
1428848273549299713
1428848279522103301
1428848287596138496
1428848300422279172
1428848309167398918
1428848317170130944
1428848318940164098
1428848320093564939
1428848322467487744
1428848325097369607
1428848330759499776
1428848334199009286
1428848340507238403
1428848342914711555
1428848354293952514
1428848368307081220
1428848371666665474
1428848380336349190
1428848381607268354
1428848405116243972
1428848406458507265
1428848408463302657
1428848413177745417
1428848417606930434
1428848429917167616
1428848435336290310
1428848445863911430
1428848457960329221
1428848465140912128
1428848465866539014
1428848467015786506
1428848471004655618
1428848502919008262
1428848517917851655
1428848531754962945
1428848534363717632
1428848550750965762
1428848558556450819
1428848560653602821
1428848563942039556
1428848564055257089
1428848566424981511
1428848566504730627
1428848571663720452
1428848574108930052
1428848574918430732
1428848587878846464
1428848589707649025
1428848593541210115
1428848602055651332
1428848611480285184
1428848620196048900
1428848633164804103
1428848635488444429
1428848650516639746
1428848660423585797
1428848661002326016
1428848671391723522
1428848675539857416
1428848678547116034
1428848681579687940
1428848698717609989
1428848705692708869
1428848712101470209
1428848715780050946
1428848722721615881
1428848725925974024
1428848733337309191
1428848739465191425
1428848745161052169
1428848750777311242
1428848761397186569
1428848763444080640
1428848773099364354
1428848775259381762
1428848777042014213
1428848783018889216
1428848790249910272
1428848811204620290
1428848811485671424
1428848812118978560
1428848820411150338
1428848833862242304
1428848834696912900
1428848846742884352
1428848856276508672
1428848858998706182
1428848861422964746
1428848863323074560
1428848881295577096
1428848881756999681
1428848887494742023
1428848900623028233
1428848907711393792
1428848909540073474
1428848921351237636
1428848926212382727
1428848931916685324
1428848956159709190
1428848958802169856
1428848959406084101
1428848959829778437
1428848966662344708
1428848966888787971
1428848967790571521
1428848975042555914
1428848976271446027
1428848981950541828
1428848999868547075
1428849015274315777
1428849019007156227
1428849056126840836
1428849056911171590
1428849065559789568
1428849069410164743
1428849086778707971
1428849087328161793
1428849107700011011
1428849108983418880
1428849117271298056
1428849118877732875
1428849145700311040
1428849146497277954
1428849186699718662
1428849187035172869
1428849187114848258
1428849201748791301
1428849207411150856
1428849213245476864
1428849218538647559
1428849225173983232
1428849268438208516
1428849269071560706
1428849269637853186
1428849272351514632
1428849279720902663
1428849281100828673
1428849309194375170
1428849309202755585
1428849310683344898
1428849311710859266
1428849318019096578
1428849332137168900
1428849333521297410
1428849358066397184
1428849371525832710
1428849371869814786
1428849377464963075
1428849377997729799
1428849378479980553
1428849386323329024
1428849386428243970
1428849389083185152
1428849393441062917
1428849408368693249
1428849416530767873
1428849421786177538
1428849430166388737
1428849437003108354
1428849443835727874
1428849454157901834
1428849474726735876
1428849476052135939
1428849478514233347
1428849486042914818
1428849490144935942
1428849495291449344
1428849498621718530
1428849514421657601
1428849523594563589
1428849528476733442
1428849534076084226
1428849537565741056
1428849546453569536
1428849550190600192
1428849555936878593
1428849559862751238
1428849561683079177
1428849566032539650
1428849570461765633
1428849570533027840
1428849576316911625
1428849583111684097
1428849586630758403
1428849586911711232
1428849588430114816
1428849591659778055
1428849608470540291
1428849613205876740
1428849633032347649
1428849639248203777
1428849640393302023
1428849647540477953
1428849650547798021
1428849653005623300
1428849653064294402
1428849657174708231
1428849665764732933
1428849667144626176
1428849667413053443
1428849669296242696
1428849674396504065
1428849680172134407
1428849689483522052
1428849702611701765
1428849715538432001
1428849728834375680
1428849734630924294
1428849738686910467
1428849753119510531
1428849756856590337
1428849777807134733
1428849779845615618
1428849783133847563
1428849796585033733
1428849798149443587
1428849814314303489
1428849821624975361
1428849822791045125
1428849824066064387
1428849828801490946
1428849845436043266
1428849851681419264
1428849859080110082
1428849873416245257
1428849876310372361
1428849882035625996
1428849910405734403
1428849917691318277
1428849921877282816
1428849945755504641
1428849956069183488
1428849960561299458
1428849960766824450
1428849961551138816
1428849980056420361
1428849991200673792
1428849996502294528
1428849997777448962
1428849997827674121
1428850002273648647
1428850009827594241
1428850010230247430
1428850013677948938
1428850014470692882
1428850027552821250
1428850029263994889
1428850034439753731
1428850035001790470
1428850036608323586
1428850040894889988
1428850046968102913
1428850048423637001
1428850057080606724
1428850061857857540
1428850065720987649
1428850073086185480
1428850076814876673
1428850087040585730
1428850098243579912
1428850099514380290
1428850101292871684
1428850111967371271
1428850120016252928
1428850124588003341
1428850142241861632
1428850144401887232
1428850149523181573
1428850158289182726
1428850164735909892
1428850182897209346
1428850186785263621
1428850199443746821
1428850202140626945
1428850204028063745
1428850227197452291
1428850234436857861
1428850237045723136
1428850237553139725
1428850238324883456
1428850249947361282
1428850263377387522
1428850279898832902
1428850280548995081
1428850283162001408
1428850284504170496
1428850294637666305
1428850321170784256
1428850326459793408
1428850327760117770
1428850336719163396
1428850346651275273
1428850349230723077
1428850375143170048
1428850384781598720
1428850387872796674
1428850388724326400
1428850409695813632
1428850411264413701
1428850411360989193
1428850413931958273
1428850415278383105
1428850421976772610
1428850423151071234
1428850425575395340
1428850427437715457
1428850427920109571
1428850432433078275
1428850468260917256
1428850472161533953
1428850488330670081
1428850492592041994
1428850494085214210
1428850496341745664
1428850527375343616
1428850550494404610
1428850559491190788
1428850591724457985
1428850599672569866
1428850601350270977
1428850610233876480
1428850611383152647
1428850629670277122
1428850631696175114
1428850632698572807
1428850643096244226
1428850648473341958
1428850657403015172
1428850660192174080
1428850667582590983
1428850673706315776
1428850676344442888
1428850703695548417
1428850704442138633
1428850739384815616
1428850746720665601
1428850757797924864
1428850758661943301
1428850767419658241
1428850769185452035
1428850769470672897
1428850776881967113
1428850780207939586
1428850788084985858
1428850790635036674
1428850804375629826
1428850808045678598
1428850810943909895
1428850812592209920
1428850823296131073
1428850824596369410
1428850842782797826
1428850845886582789
1428850854631780364
1428850861707567111
1428850872533016584
1428850883614416905
1428850897099034628
1428850913217851392
1428850927218446341
1428850934055116800
1428850946948407299
1428850949976698892
1428850952413622274
1428850955135631369
1428850965210353670
1428850974270050319
1428850985141739521
1428850986089697281
1428850991277957123
1428850995212296199
1428851011121201152
1428851018322825219
1428851018679390212
1428851026896035846
1428851031916548097
1428851034626138113
1428851037553762306
1428851038552002564
1428851040166760454
1428851043056635910
1428851055459241985
1428851056121978883
1428851065533894656
1428851071498207233
1428851075222851591
1428851083586199564
1428851097226170370
1428851102741577734
1428851108215246848
1428851111620980736
1428851134995869696
1428851151164805124
1428851157099859969
1428851157812850688
1428851163919785989
1428851176980758530
1428851191723798528
1428851220085678085
1428851238674763779
1428851243754135566
1428851248862797830
1428851252864159755
1428851257452777479
1428851259658973188
1428851262016167943
1428851267309346817
1428851268429221891
1428851269230288897
1428851275953811463
1428851276926918659
1428851280710180864
1428851302222729219
1428851321852026882
1428851351564562433
1428851355913949189
1428851356580945920
1428851363354664961
1428851390672211968
1428851392001757187
1428851401912815617
1428851416559497223
1428851419784925189
1428851428467036163
1428851433827356673
1428851446511022085
1428851464542330888
1428851471508934657
1428851475376136196
1428851503096385545
1428851505977831432
1428851507424862209
1428851514135744512
1428851514806870018
1428851515129798660
1428851533945393157
1428851556707885065
1428851568007319556
1428851614899654656
1428851616418041858
1428851622008995841
1428851636672270338
1428851638715011072
1428851640166146049
1428851641617428480
1428851652082159619
1428851674890870786
1428851678950969350
1428851683560394756
1428851685775056905
1428851714178883584
1428851724312264705
1428851728686804993
1428851729555202048
1428851734114340865
1428851739512410120
1428851739697025025
1428851741580267524
1428851760320417798
1428851762014871554
1428851764367876104
1428851767417135105
1428851775767994371
1428851783191904261
1428851783481319429
1428851789252726790
1428851813516816386
1428851813961318401
1428851816800862210
1428851818822606857
1428851832177168388
1428851840326807553
1428851850418266113
1428851853232594949
1428851870446014464
1428851876037120007
1428851876083142656
1428851880260771844
1428851889463078912
1428851893850288128
1428851898501767170
1428851900116619268
1428851901957906442
1428851904772288515
1428851915471872005
1428851927505326083
1428851930386862080
1428851937911447557
1428851942265131008
1428851942390968324
1428851956118872066
1428851957847019524
1428851971281260546
1428851976201179138
1428851977488936974
1428851977568460800
1428851979518885891
1428851989874683905
1428851994589081600
1428851995381796864
1428852005422968838
1428852007863992327
1428852022925828104
1428852024041517060
1428852024297328641
1428852039438721027
1428852039879176192
1428852045189103623
1428852065313435648
1428852082342338560
1428852087933263873
1428852098620436481
1428852104316264450
1428852110871961603
1428852118195253251
1428852119407300614
1428852119784894466
1428852131189166091
1428852134095818757
1428852142518022152
1428852143021244421
1428852146167033859
1428852149249875970
1428852190240772098
1428852203780026368
1428852211845681158
1428852231508484096
1428852237430927361
1428852243399380995
1428852274185576453
1428852277012582406
1428852278723743747
1428852289125683213
1428852289536659458
1428852295865978891
1428852296226643970
1428852303528873985
1428852309925277701
1428852323472879623
1428852368565837830
1428852383933665287
1428852393366757376
1428852394322968578
1428852397158420482
1428852402430435328
1428852406247297026
1428852412610236416
1428852421191741441
1428852444541370371
1428852452284059649
1428852464753709059
1428852467509432325
1428852468339908609
1428852477877686272
1428852478674673666
1428852489323954176
1428852489730805765
1428852516192669697
1428852528561762304
1428852532269522945
1428852550699261952
1428852565370982409
1428852566234914822
1428852582106214400
1428852591593725954
1428852603459342338
1428852622279254019
1428852639811444743
1428852647017263106
1428852651035348993
1428852687232249863
1428852696254140423
1428852708669378560
1428852739132559360
1428852748599058432
1428852751061168128
1428852753422450690
1428852755066654730
1428852757520338953
1428852765527265285
1428852785504788486
1428852808367890438
1428852811136180224
1428852822083358723
1428852833143623684
1428852836327202817
1428852844766146563
1428852848608124933
1428852852076711940
1428852853360234496
1428852854958301186
1428852873782341633
1428852875636219907
1428852878513524737
1428852899761860613
1428852902945333255
1428852912017580033
1428852916685844481
1428852922184609794
1428852924525027328
1428852927603650566
1428852929214222338
1428852930245976072
1428852937128923140
1428852968556728324
1428852985774448640
1428852987158482957
1428852987640918021
1428852991310901252
1428853006183849989
1428853012349521926
1428853024542400520
1428853029747531781
1428853042129117193
1428853051612352517
1428853056008069129
1428853082511736835
1428853103374344192
1428853104490029059
1428853110315814918
1428853110357774338
1428853115273551878
1428853124136058882
1428853128904970241
1428853139579580416
1428853140410048512
1428853143593537540
1428853154158895115
1428853173037449216
1428853205748813826
1428853205816025091
1428853224279355393
1428853234836385796
1428853252657983492
1428853269284245505
1428853269661618176
1428853270425001990
1428853270735466503
1428853275785371649
1428853279316975617
1428853282567512070
1428853283913932803
1428853292768153606
1428853331154423811
1428853334862188549
1428853335222898696
1428853336774750208
1428853347197521922
1428853347768016901
1428853354734788611
1428853361194029062
1428853372635975681
1428853412179890180
1428853419842879488
1428853424406335490
1428853439233236992
1428853456605941761
1428853457025486853
1428853476470181890
1428853489199878155
1428853499853479940
1428853522582409217
1428853525388353542
1428853539237994504
1428853542371176450
1428853546208743425
1428853574398795777
1428853586809733121
1428853607961710601
1428853615649771530
1428853617512026114
1428853640945618950
1428853653394403330
1428853657467080706
1428853660411469833
1428853671459233797
1428853673145339909
1428853674407825419
1428853687162712067
1428853693663809537
1428853698764156928
1428853706770972675
1428853708046041091
1428853708364951558
1428853712336850946
1428853718460534794
1428853726740107265
1428853745551564805
1428853746956652554
1428853760646950912
1428853765214556163
1428853768335118337
1428853769232654338
1428853785573658626
1428853804775219202
1428853810601017344
1428853811439935498
1428853814707298307
1428853833946513412
1428853840267423751
1428853854968238081
1428853856205672450
1428853856977494028
1428853864204324867
1428853867903651842
1428853869753380876
1428853881203793929
1428853891265859587
1428853891450474502
1428853893480452099
1428853897892929541
1428853909758615558
1428853914066116612
1428853922261786634
1428853930398822403
1428853938208583680
1428853964083171329
1428853968399110149
1428853972819906569
1428854008454729740
1428854019565445123
1428854040323108869
1428854042361581570
1428854052704690190
1428854079225217024
1428854088431714304
1428854090998722562
1428854095557844992
1428854096249991170
1428854099043311621
1428854102507786247
1428854109336129546
1428854112527978498
1428854117427032070
1428854118873972738
1428854126859915265
1428854166710071310
1428854166940753924
1428854178588332035
1428854182262489090
1428854183105552387
1428854183206309888
1428854198205128705
1428854200621015044
1428854201761808390
1428854203229802496
1428854213396869120
1428854228882268171
1428854249652359168
1428854263560785921
1428854269604732933
1428854272788152321
1428854288265236485
1428854311468077056
1428854318233538564
1428854342313029634
1428854343588061188
1428854346284998663
1428854395173806082
1428854396562153479
1428854397895913480
1428854404753629191
1428854407303729154
1428854419148394498
1428854423854280710
1428854441474658304
1428854458969202697
1428854481647804417
1428854485229711361
1428854486207016969
1428854496264871937
1428854509019742216
1428854531123732484
1428854550799192064
1428854551403184136
1428854557271076866
1428854567215718415
1428854568893489154
1428854569866571781
1428854570969612291
1428854580339748864
1428854591198830599
1428854592935272451
1428854604792467456
1428854614389100544
1428854628519714816
1428854653102563332
1428854678465523713
1428854684257865742
1428854712158363650
1428854719477395460
1428854724401504256
1428854732161003523
1428854734685970433
1428854735185006594
1428854736787320837
1428854760258551810
1428854763026792451
1428854766524895233
1428854767934132229
1428854771507732486
1428854771897835524
1428854777140678661
1428854782907793412
1428854787731345409
1428854789799096321
1428854795511599109
1428854807196995593
1428854809214529536
1428854815396872194
1428854816218955778
1428854822032322561
1428854825442283525
1428854842089476098
1428854843746267138
1428854853653213195
1428854854877859847
1428854855955849224
1428854856337461254
1428854877917155333
1428854886708482056
1428854886863622148
1428854887799050247
1428854892752510979
1428854908732706816
1428854913380065283
1428854916777455616
1428854922846511107
1428854924662743054
1428854953787932676
1428854960993755136
1428854993466138624
1428855004136452097
1428855017071579142
1428855024176803852
1428855033962041348
1428855039829942275
1428855041776046083
1428855044510715904
1428855050244403209
1428855050856710149
1428855056661630976
1428855057122922503
1428855062881787904
1428855084146900998
1428855085233287170
1428855088559317004
1428855102853586944
1428855108872327168
1428855117080633346
1428855118515032066
1428855124907155463
1428855142997188609
1428855145157337090
1428855148613414918
1428855159501824006
1428855197263147014
1428855199012163589
1428855204435406859
1428855211393699847
1428855225394339840
1428855230972801026
1428855237343854594
1428855259791777793
1428855259934437378
1428855262673309698
1428855264954966021
1428855274748751873
1428855277575626754
1428855280792653826
1428855296286408709
1428855299885125635
1428855304146587658
1428855314196086788
1428855319308943366
1428855326691008518
1428855355220561924
1428855362447462402
1428855383913897991
1428855399994757123
1428855415232630784
1428855431024324621
1428855437038919696
1428855437860999172
1428855438150352904
1428855444580311042
1428855445637279754
1428855461550469126
1428855468076666880
1428855473097388043
1428855485491466240
1428855492588224515
1428855519041761287
1428855533738528772
1428855539375685637
1428855540889837572
1428855548066385928
1428855562419281922
1428855565124526084
1428855565858582528
1428855566319816706
1428855570107351043
1428855571646664709
1428855578340777984
1428855600419643400
1428855605561856002
1428855624444616713
1428855626751488015
1428855638495477762
1428855646775087108
1428855647882424322
1428855670120529921
1428855682720313348
1428855683714273280
1428855684641218560
1428855685048119300
1428855686545514502
1428855709207248899
1428855724512251906
1428855737820798977
1428855738068312065
1428855748629614592
1428855752849072130
1428855758825873410
1428855761715798016
1428855768485347329
1428855771270369281
1428855771538808835
1428855776068636679
1428855781445750787
1428855798793490434
1428855798806061056
1428855809690292227
1428855813284696069
1428855816145231885
1428855818460483587
1428855832985235464
1428855836089233408
1428855836533739536
1428855836802224131
1428855846142889985
1428855847363432461
1428855856993554435
1428855870277005320
1428855872608944129
1428855875284967429
1428855875767357440
1428855877562511360
1428855882289451011
1428855882989948929
1428855897133142017
1428855903319646209
1428855911871885319
1428855917228052488
1428855927101431811
1428855930440060938
1428855933770375168
1428855943287160843
1428855944272912385
1428855960051884035
1428855967337390087
1428855977324032004
1428855984206852098
1428855989508485127
1428855996944953346
1428855998530428934
1428855999889354752
1428856015584382993
1428856034639163398
1428856042084081671
1428856058584477704
1428856074640281602
1428856087814492171
1428856090289217536
1428856091048300552
1428856093292306443
1428856095485878273
1428856104268746757
1428856115857592326
1428856116184715273
1428856118692962305
1428856144223776775
1428856171822293000
1428856178692476937
1428856199856934912
1428856209470263307
1428856212070834188
1428856230265696257
1428856235294662656
1428856246413713412
1428856262347923456
1428856263035785221
1428856268320657408
1428856292437860361
1428856340353589248
1428856346091429890
1428856354425524224
1428856358649085957
1428856359450206210
1428856366043643910
1428856376760143873
1428856383064182784
1428856398427852803
1428856402194354181
1428856421911826432
1428856431265132546
1428856434649931780
1428856435832668170
1428856442820481034
1428856447950069772
1428856448323293194
1428856454182756357
1428856484130181127
1428856486978101252
1428856487514869761
1428856489322635274
1428856489930747904
1428856496419479562
1428856504979972102
1428856517051265024
1428856520175915011
1428856520486309910
1428856533241237507
1428856537179729923
1428856546067423233
1428856602761781252
1428856605517488137
1428856619333468161
1428856642406391817
1428856668759240715
1428856690619912194
1428856699096649734
1428856699251798023
1428856700631756803
1428856707967504384
1428856708177305607
1428856711943802885
1428856724488916998
1428856743166103554
1428856747507265543
1428856747888885767
1428856763235717121
1428856764322222084
1428856788670160907
1428856790356275203
1428856792562511875
1428856799923511303
1428856821444452365
1428856829971415047
1428856830910926848
1428856865283362820
1428856865610424336
1428856873940312065
1428856875978825730
1428856880714194948
1428856902973329409
1428856915254198275
1428856919142379525
1428856968974848006
1428856978504359938
1428856986054103040
1428856994287472644
1428856995189252098
1428856996707676160
1428857002181238793
1428857015112196102
1428857019398819849
1428857024473935873
1428857028659884037
1428857033374187523
1428857042995867652
1428857043604148228
1428857069042638850
1428857072649711620
1428857082845990917
1428857093155590151
1428857096620105734
1428857101120647176
1428857103867863040
1428857106082541569
1428857109018468353
1428857127465009155
1428857133773332482
1428857135140573188
1428857139087429632
1428857165788372996
1428857170595139588
1428857180795641860
1428857188362117132
1428857198046765060
1428857202136264707
1428857206984818691
1428857211032330243
1428857214060699648
1428857216900243462
1428857228728180746
1428857256888750084
1428857262496493570
1428857285464449027
1428857290275295232
1428857314304536576
1428857332079988741
1428857341169000453
1428857364292247559
1428857387667050502
1428857407443193859
1428857415122948100
1428857436119748608
1428857438728507394
1428857451739242497
1428857453270257671
1428857459154857988
1428857459259580422
1428857460127842305
1428857511382339590
1428857513986904077
1428857523830935563
1428857534513926152
1428857538884276224
1428857593406140416
1428857597407412233
1428857613652008964
1428857617246457865
1428857631167365128
1428857632090120192
1428857635193905154
1428857635281977347
1428857648141807618
1428857675127967754
1428857681033547785
1428857697374457869
1428857710938890241
1428857712134217731
1428857712994136065
1428857713421864967
1428857719377862662
1428857725727936520
1428857741985124354
1428857746233778177
1428857775468294146
1428857777171144708
1428857781008969729
1428857785610129410
1428857831525060613
1428857837107564545
1428857839607586829
1428857846364581892
1428857869248696322
1428857873338142729
1428857881475141635
1428857884360708103
1428857915960614922
1428857926169604096
1428857934310694919
1428857940199550978
1428857942225428485
1428857961003294725
1428857968993443842
1428857973754023937
1428857981341425667
1428857982343843848
1428857992343076869
1428858008596066309
1428858008730226694
1428858023993352194
1428858053605142528
1428858082843582465
1428858084496187393
1428858098501001224
1428858099557883913
1428858106386206724
1428858116330987528
1428858118713356293
1428858123750678528
1428858135696052224
1428858142843187210
1428858149763788805
1428858149780561930
1428858165781831683
1428858185536974848
1428858223193247747
1428858270425432067
1428858273697091588
1428858274447769605
1428858281561296900
1428858282815410178
1428858299156414465
1428858310300774412
1428858311965822984
1428858329456123905
1428858361521573888
1428858362591162371
1428858366240206857
1428858367431299078
1428858370379952132
1428858373768941569
1428858380291121163
1428858399186370560
1428858403502317584
1428858407734415362
1428858410804645889
1428858426902384644
1428858427326013448
1428858437455200257
1428858439690764292
1428858464139350021
1428858488495693830
1428858493587664897
1428858497433673730
1428858505591668737
1428858521118990339
1428858529444765699
1428858567768088583
1428858569986879489
1428858574655131653
1428858577599541251
1428858581609234432
1428858583438004228
1428858599787438087
1428858603373572102
1428858604992483337
1428858615071485954
1428858619018326017
1428858628312899590
1428858638559502370
1428858656045551623
1428858663817695240
1428858668058136581
1428858671291850762
1428858705102127104
1428858717043298312
1428858742586716161
1428858743874363394
1428858747535953920
1428858755907719177
1428858764162129934
1428858765378478085
1428858766573785088
1428858766674599940
1428858775478448131
1428858790015873029
1428858794717728772
1428858818151206916
1428858829576368129
1428858844839559175
1428858847326838787
1428858848476020737
1428858863844012036
1428858867342090242
1428858874296156168
1428858890020610048
1428858894969933824
1428858908119076866
1428858913848532995
1428858925533835264
1428858932739678210
1428858940742373376
1428858944034848768
1428858959344111616
1428858960178814982
1428858970341523464
1428858978549866497
1428858978981777408
1428858990935556102
1428859002709020672
1428859017485553668
1428859024167026689
1428859024179712007
1428859049215410185
1428859049706143749
1428859051300081667
1428859056358371330
1428859061831876614
1428859067104124930
1428859080848912384
1428859093322805253
1428859114520784900
1428859116533997574
1428859126910758917
1428859130081693698
1428859130102657025
1428859130102665218
1428859137060970499
1428859165510930432
1428859166198730765
1428859177569603584
1428859180799205383
1428859196905246720
1428859197618278414
1428859213443440644
1428859229964750848
1428859243340484608
1428859254254018561
1428859314412957699
1428859357924630532
1428859358075621381
1428859366598381569
1428859376853528578
1428859395048357893
1428859399603359744
1428859407228678145
1428859420742651913
1428859424953753600
1428859428279816196
1428859432948150275
1428859444054609922
1428859446650970113
1428859453508567040
1428859457598074881
1428859466108346369
1428859494851821573
1428859505505361924
1428859508252717067
1428859534962003974
1428859540385243140
1428859547813355521
1428859563693023234
1428859592147193856
1428859596572139520
1428859616717414402
1428859617833062401
1428859633981030403
1428859645737771019
1428859661357305859
1428859664289181699
1428859686816727045
1428859704747466752
1428859716982251522
1428859733365112832
1428859737156767750
1428859772749729796
1428859773823422472
1428859787245244421
1428859797936480258
1428859810204823553
1428859816957685761
1428859820040462341
1428859832501743618
1428859845034323968
1428859857512316934
1428859863178878977
1428859877594705921
1428859884712366082
1428859907890159623
1428859928542908422
1428859930900148225
1428859949204086788
1428859954488807428
1428859965268238336
1428859968715952135
1428859980736651267
1428859986667507714
1428859989402267649
1428860018267394048
1428860027281055744
1428860034956603394
1428860064073408519
1428860075016441865
1428860079823069190
1428860082691923974
1428860082704486401
1428860088517898244
1428860098068287492
1428860123418615811
1428860141856862210
1428860147288395780
1428860162111066115
1428860163201638401
1428860181241290758
1428860196680503300
1428860207766155269
1428860223792590848
1428860232197885958
1428860237268852736
1428860242679451648
1428860245628137473
1428860249667084292
1428860276787531781
1428860285562064903
1428860295317950466
1428860323000373255
1428860337391128576
1428860339697897479
1428860347042177028
1428860361336397837
1428860377421516805
1428860401966538754
1428860402809679872
1428860403136729093
1428860404088856582
1428860414046220293
1428860420945764358
1428860434510225417
1428860463232729089
1428860471109636100
1428860472481177603
1428860489547853826
1428860522003304450
1428860525660807173
1428860537178398722
1428860538273030149
1428860538646417411
1428860539300683776
1428860555700355072
1428860560511311872
1428860578173538304
1428860579645730828
1428860590240501768
1428860590345252870
1428860658376921088
1428860670855032834
1428860684306157570
1428860693718216706
1428860711397175296
1428860731773030406
1428860739859648530
1428860759250030595
1428860759786786829
1428860766036373511
1428860790036176896
1428860824425271298
1428860828929904644
1428860829844246534
1428860840078422017
1428860846801924100
1428860866712252422
1428860883858567177
1428860922164965377
1428860936304082945
1428860950455652355
1428860960886898693
1428860961352454145
1428860987776585729
1428860988590264323
1428861036032110596
1428861060375879681
1428861071054475268
1428861076855267329
1428861083251617795
1428861090360930310
1428861091728314376
1428861104848084993
1428861116038459395
1428861125039464459
1428861132857556995
1428861140252168197
1428861149186039811
1428861179749863424
1428861185055678468
1428861223181946886
1428861235609706499
1428861240332410888
1428861243687903233
1428861246951022595
1428861283097628678
1428861312851918859
1428861320984768516
1428861348784574474
1428861356573433856
1428861376865443842
1428861378199228424
1428861379440791553
1428861395366522881
1428861407546814464
1428861409136451589
1428861412412166145
1428861412588331017
1428861415599886347
1428861417604763648
1428861421295652866
1428861423891922948
1428861452874436608
1428861488618524673
1428861493488017419
1428861497019613186
1428861498709921797
1428861506930757633
1428861510193979395
1428861512353992705
1428861512538628096
1428861516531576839
1428861536681054209
1428861541839945731
1428861546353119235
1428861556276748290
1428861567391707141
1428861584106000391
1428861597309706247
1428861611461255178
1428861616880242689
1428861619623321601
1428861623578546179
1428861624518074369
1428861633468768259
1428861648689942529
1428861653169364996
1428861657778884611
1428861673243299841
1428861677299281923
1428861687751446544
1428861694382690305
1428861701181558785
1428861713546350596
1428861719502331916
1428861738166931460
1428861751584595973
1428861769582366726
1428861772392505351
1428861776389713931
1428861797172486151
1428861813735706632
1428861818911531010
1428861824636686345
1428861828298383364
1428861865187282953
1428861876386021378
1428861886712487939
1428861889975570432
1428861901010874370
1428861907893735432
1428861914289934342
1428861927040638983
1428861938998652930
1428861958762205190
1428861959689097221
1428861959697489922
1428861978177593344
1428862001695141893
1428862007307034626
1428862007361552395
1428862015813079041
1428862025086681090
1428862036583329797
1428862045068333056
1428862055042453506
1428862061065408517
1428862066077667329
1428862066568437766
1428862067348545543
1428862070175543297
1428862104765968390
1428862148130783236
1428862154762035203
1428862175641231361
1428862190543687686
1428862191118258180
1428862200521781252
1428862203717996548
1428862204766531590
1428862214937710592
1428862222193860610
1428862232268582914
1428862241340805124
1428862275272708098
1428862284735172613
1428862286068846602
1428862289353056266
1428862290024075264
1428862291655761922
1428862307065552896
1428862318763515910
1428862324962729984
1428862330171969538
1428862334177628162
1428862344067756037
1428862348148809732
1428862352980692994
1428862375042719747
1428862398698565640
1428862407770877955
1428862414292914179
1428862423944019974
1428862428868120578
1428862434719240195
1428862443816734720
1428862445406261252
1428862457121021953
1428862467900334082
1428862479258595328
1428862480743292936
1428862552155512834
1428862556182040577
1428862567380930567
1428862568433606656
1428862569276653571
1428862578676092932
1428862579858886658
1428862580513251341
1428862589333823496
1428862601908396033
1428862615888056320
1428862642865774601
1428862651619319811
1428862654769160197
1428862667406684166
1428862707374170117
1428862707764240389
1428862716937113607
1428862734284857349
1428862748352557061
1428862764798332928
1428862808121352193
1428862823418023937
1428862826446213125
1428862828522491915
1428862859409248263
1428862869685383174
1428862894746357764
1428862895237079045
1428862900500897793
1428862907018797056
1428862947149877253
1428862975750942722
1428862983766257672
1428863005681496071
1428863040800309249
1428863044419997696
1428863054004068352
1428863077873766401
1428863083141795840
1428863095888351245
1428863139018330116
1428863169288622083
1428863206827732999
1428863237924208646
1428863296313114632
1428863309529374722
1428863323588681742
1428863330442174464
1428863429016571912
1428863441192751108
1428863442191110149
1428863466627031043
1428863476676583426
1428863492443021315
1428863495232163846
1428863496494751751
1428863501511053313
1428863511816544258
1428863513657856001
1428863521614450688
1428863523845775363
1428863553025548291
1428863578065547264
1428863602480529411
1428863654561206275
1428863688350617602
1428863689067831299
1428863698647633932
1428863700480495617
1428863704393728007
1428863713369546761
1428863745976119298
1428863781602476034
1428863800762159109
1428863814267719691
1428863820705972230
1428863834907979782
1428863838309470209
1428863841560059904
1428863853539086339
1428863880411992064
1428863896643899393
1428863921058951168
1428863927203553283
1428863934287785991
1428863950142181376
1428863964193173505
1428863989912588298
1428863993997938692
1428863996841582596
1428864027095183362
1428864027304857611
1428864048616071176
1428864087723679745
1428864092832509954
1428864113451708417
1428864129750781957
1428864152789991424
1428864175439241224
1428864179851694080
1428864183899148294
1428864196066807811
1428864197480390661
1428864210772049929
1428864214186213378
1428864262408187915
1428864286324035593
1428864288370876419
1428864289771819009
1428864296247775241
1428864298684764161
1428864308465840134
1428864315055034371
1428864376128299017
1428864385267679237
1428864429928722433
1428864467136303104
1428864479387865091
1428864520223612935
1428864539471368197
1428864549743104000
1428864551576031235
1428864560002473986
1428864599319879681
1428864610938011656
1428864616143130626
1428864617414078464
1428864634157678592
1428864650540638211
1428864665241759749
1428864672409833482
1428864677552037889
1428864681326821381
1428864689694560257
1428864692068491265
1428864701409210383
1428864704248692741
1428864704806592514
1428864721684508677
1428864730702270465
1428864735609556994
1428864760951590913
1428864776164319235
1428864808603033613
1428864816396054537
1428864817796894723
1428864821458579461
1428864823245295622
1428864824885321738
1428864865976860673
1428864897467789312
1428864901229985794
1428864902576361478
1428864917994680321
1428864920356065283
1428864922713214980
1428864962580070401
1428864972852011012
1428864977859928068
1428864978702974979
1428864985317392392
1428864989465559043
1428865026480300034
1428865037993750534
1428865044020928518
1428865055622410242
1428865064577212419
1428865102611107841
1428865104616083468
1428865144549953537
1428865146336722945
1428865168994340865
1428865169418067969
1428865183896768513
1428865198211977221
1428865200669790210
1428865205249970183
1428865226460512264
1428865242226991105
1428865242944114698
1428865261202022402
1428865275395465218
1428865292059480068
1428865296090206209
1428865312036986892
1428865317661548547
1428865319037198341
1428865346128261120
1428865385642831885
1428865397097381891
1428865401400741901
1428865409126707200
1428865421466345482
1428865427938103299
1428865442458882050
1428865462016880641
1428865464856416256
1428865471647002626
1428865474620690432
1428865497119039495
1428865499757154305
1428865501342601225
1428865528634953732
1428865538898411525
1428865552366243841
1428865554178322436
1428865555684110336
1428865570691325960
1428865572838776838
1428865576496254981
1428865600856731652
1428865607089500160
1428865619336867840
1428865630934011905
1428865685933920258
1428865708134383617
1428865708889346051
1428865723594690564
1428865731777662977
1428865738509541383
1428865759170732034
1428865779383029764
1428865796739145733
1428865812056657920
1428865837251899400
1428865838921265158
1428865844084461573
1428865855673274373
1428865862178586631
1428865868683960321
1428865874291683334
1428865878779641856
1428865885050220552
1428865901944791050
1428865907712053250
1428865910337572867
1428865916805304325
1428865928188596226
1428865930176733191
1428865930667376641
1428865931028148227
1428865934811353090
1428865971305992213
1428865979577114626
1428865986686509064
1428866004982042626
1428866010099163136
1428866011617538053
1428866027807461376
1428866033314578439
1428866040646225920
1428866048812584966
1428866072221032451
1428866075085713409
1428866075165347845
1428866079615594504
1428866084610904071
1428866087333007366
1428866098892611586
1428866138218405890
1428866148154712065
1428866195772559361
1428866220552503299
1428866245093380096
1428866250902495233
1428866251070267396
1428866251456122882
1428866276978483200
1428866286050816001
1428866307055890433
1428866327381483520
1428866338873921538
1428866339754713088
1428866349783257094
1428866392162553858
1428866395232681987
1428866401868161031
1428866404237946888
1428866415482884099
1428866432620716032
1428866442959654920
1428866462333214727
1428866469039951874
1428866471770431489
1428866480603545609
1428866485414473731
1428866492830044164
1428866493979131907
1428866506675392513
1428866509309370368
1428866519644180480
1428866522710151178
1428866549851512832
1428866554033319936
1428866574090448896
1428866612476710919
1428866633590874120
1428866635578986500
1428866651815137283
1428866655262760965
1428866709964967936
1428866717942521875
1428866768458719237
1428866774301298691
1428866798951280642
1428866840844017664
1428866841150201857
1428866857017151494
1428866867012194309
1428866869235175433
1428866879595204612
1428866887396610049
1428866972528295938
1428866975497957381
1428866980614914049
1428867002601508867
1428867010587467779
1428867044292939782
1428867072986071040
1428867084080009223
1428867090639986688
1428867106171408392
1428867109585575943
1428867115688157186
1428867132893315073
1428867134030061568
1428867136974360580
1428867150954049543
1428867167429267462
1428867185296936972
1428867239827156998
1428867243497164801
1428867254477725697
1428867256860151810
1428867282869100546
1428867290209079301
1428867316511645701
1428867335864176647
1428867339307687936
1428867351093579776
1428867351966097410
1428867415610429443
1428867446476312576
1428867478675992577
1428867482828386307
1428867515443294214
1428867532493045765
1428867544056750081
1428867554005635072
1428867591855083530
1428867657747550208
1428867660893261831
1428867678937272321
1428867686784716803
1428867702354059272
1428867706103779328
1428867724466327557
1428867762349346821
1428867773682360322
1428867803461869568
1428867805936590858
1428867815201775616
1428867816929759232
1428867858021355526
1428867882063220740
1428867899117146127
1428867949658509312
1428867956096716801
1428867970315571202
1428867975784935431
1428867984706183179
1428868029702619139
1428868051362009088
1428868073696727043
1428868081263202304
1428868085692444675
1428868100234022913
1428868102817677312
1428868116294086663
1428868117137068032
1428868121843146754
1428868142579687430
1428868146727952392
1428868147520618497
1428868162712477698
1428868163341627394
1428868165665181698
1428868175471517699
1428868243402469377
1428868246623690765
1428868276101210113
1428868276805902346
1428868277535653889
1428868283189678084
1428868319780741125
1428868325640220674
1428868385547427841
1428868412143542273
1428868414366433288
1428868464341667847
1428868472805765120
1428868474785255424
1428868493437509638
1428868494666440706
1428868536248770571
1428868564254142464
1428868578196049924
1428868591055736838
1428868595405230091
1428868598110593024
1428868599276580864
1428868601000378369
1428868616586412033
1428868621112123394
1428868628414451715
1428868676334325766
1428868678863540233
1428868702477377536
1428868707825094660
1428868716612231174
1428868755979898884
1428868768252444675
1428868782345293831
1428868803673329671
1428868845306097669
1428868883637809155
1428868893641162757
1428868902373765120
1428868906387705857
1428868933357035522
1428868948259491841
1428868951912681475
1428868960078938113
1428868975421755402
1428868978240262147
1428868981255987202
1428869008074366976
1428869018874744832
1428869078572314626
1428869093076082693
1428869105088598018
1428869114785898500
1428869115738009603
1428869126311845892
1428869133194645507
1428869133672882180
1428869134461411335
1428869135317061636
1428869137175023617
1428869146796822536
1428869160805806089
1428869162634461193
1428869176605691908
1428869182976823300
1428869195446501378
1428869199426949126
1428869212110561280
1428869212378963968
1428869220276842496
1428869224500498443
1428869237930700807
1428869240707162113
1428869266389020674
1428869268989427716
1428869286332874755
1428869297590394883
1428869304657797123
1428869312006299648
1428869347024461826
1428869410530504705
1428869413994962946
1428869414993154054
1428869423482478594
1428869433615814657
