1431746084334936064
1431746088738959366
1431746118757531648
1431746118807957506
1431746136117743624
1431746138139504647
1431746170053869577
1431746186743058432
1431746216975601665
1431746257119322115
1431746257819668486
1431746266506178561
1431746272998957061
1431746279437185031
1431746296361234447
1431746318456827911
1431746358810189825
1431746361620377600
1431746368217956356
1431746371233718277
1431746380737961988
1431746417261957124
1431746417580822529
1431746433397542912
1431746472861741057
1431746483804643334
1431746510010699781
1431746515685552130
1431746522765529099
1431746523797274626
1431746527010115593
1431746528247418880
1431746535201587207
1431746548803809285
1431746569347518465
1431746569523585024
1431746585763926018
1431746588943306752
1431746592420286466
1431746595947794433
1431746608195063808
1431746622472564738
1431746624028651526
1431746644740132872
1431746649190244353
1431746649274163204
1431746658476478469
1431746673672347648
1431746682534903809
1431746688994222080
1431746701346344961
1431746707725987842
1431746720086560770
1431746742907777025
1431746759705907201
1431746787593818116
1431746810318671883
1431746815955808256
1431746842258255872
1431746867365298177
1431746867461767168
1431746872520151043
1431746883907633155
1431746898134814724
1431746932918165508
1431746933761232899
1431746973904822285
1431746979361705992
1431747001671094272
1431747027612876800
1431747042850844676
1431747053693149187
1431747076845674497
1431747081241337861
1431747099218092032
1431747113529057286
1431747125331779584
1431747125436682245
1431747161973301248
1431747164334665728
1431747172526067714
1431747178226139147
1431747178280673282
1431747178876350466
1431747222408945664
1431747298237820931
1431747300724981765
1431747317518962694
1431747318794047493
1431747328998887427
1431747360347103234
1431747390445441027
1431747401270837253
1431747409038688271
1431747423316201474
1431747429234262017
1431747429918035975
1431747455859793928
1431747465997344768
1431747477695303680
1431747487828688898
1431747490315968513
1431747495063953421
1431747539758469122
1431747540391796737
1431747549208121345
1431747580149518342
1431747585237295107
1431747588169080833
1431747591457415172
1431747599032360961
1431747606850543622
1431747607085424642
1431747607144042504
1431747614001836035
1431747630162403334
1431747635300511747
1431747636651085828
1431747646524469249
1431747650580275204
1431747652446736385
1431747658302038018
1431747676945719297
1431747706762956803
1431747736613781505
1431747773381103620
1431747775302148100
1431747781035757571
1431747791836094466
1431747800501456896
1431747808919441408
1431747811012399104
1431747815085121536
1431747818004353027
1431747835872034822
1431747841349853184
1431747860161257475
1431747864988880900
1431747889684963328
1431747893493444611
1431747898254008320
1431747907972177920
1431747915052195850
1431747920903213058
1431747928792649739
1431747942357086210
1431747964653948933
1431747966746890242
1431747975844438016
1431747981330587652
1431747989190610951
1431747995305906178
1431747998208364544
1431748002658586628
1431748012968136704
1431748019377082369
1431748021000327169
1431748034614935562
1431748054789541891
1431748058006523905
1431748062993604612
1431748078504136713
1431748090864836610
1431748119323201537
1431748122024325124
1431748135383089152
1431748138600124423
1431748139648684032
1431748155213746177
1431748157348716546
1431748166773248004
1431748169172459523
1431748181516300290
1431748182929707010
1431748221668364288
1431748248792936451
1431748250114134017
1431748262810247171
1431748266450882561
1431748280627736577
1431748282741579777
1431748325410283526
1431748327322923011
1431748329076150283
1431748334063169539
1431748366636027906
1431748369236512773
1431748370415108104
1431748374114545669
1431748379550355476
1431748381605605376
1431748382805082113
1431748383723737089
1431748400798740481
1431748405143998467
1431748406205157376
1431748412001722368
1431748412484034566
1431748429357666309
1431748436433506310
1431748442536267787
1431748443010109441
1431748452837478404
1431748485708136457
1431748491861188609
1431748497196339205
1431748505228427266
1431748505475952643
1431748532952784900
1431748544449458179
1431748555463659524
1431748569757896705
1431748576426795008
1431748609914155010
1431748619984642053
1431748629715431424
1431748631825158147
1431748651446120453
1431748666210066435
1431748667975798786
1431748676356030466
1431748679497551872
1431748691325509632
1431748701282766850
1431748711630135304
1431748723869159431
1431748736368185344
1431748738331156482
1431748742781325321
1431748750121345025
1431748750553255936
1431748772682469376
1431748785475104776
1431748798980710402
1431748822129168390
1431748838021378057
1431748843541041154
1431748849257811970
1431748862071513092
1431748876063723528
1431748877179400197
1431748879943340056
1431748892509544448
1431748923698331652
1431748954044121089
1431748972884996100
1431748989792227330
1431749024634351622
1431749035778625543
1431749050060181508
1431749052329304070
1431749082154942464
1431749104405815302
1431749116099502082
1431749117169049606
1431749123607302152
1431749132285353991
1431749142292963332
1431749145279225860
1431749145283502090
1431749157614718990
1431749159502196742
1431749192733630464
1431749197431246850
1431749198538477568
1431749212027371524
1431749214690754563
1431749216964157440
1431749240770994179
1431749249855889408
1431749270030389250
1431749283842244610
1431749296601378823
1431749309645656064
1431749314280366081
1431749325718265857
1431749369049530379
1431749380898492418
1431749381418590209
1431749390482518016
1431749402020962315
1431749402180399104
1431749415900008448
1431749422099144709
1431749424909324291
1431749428130504706
1431749432324808704
1431749452033843201
1431749462767112199
1431749464256094212
1431749488901828615
1431749503573536773
1431749514365444098
1431749521592160263
1431749526419918855
1431749527065829377
1431749536637140993
1431749537320865796
1431749537870368770
1431749538226782209
1431749553057898497
1431749554429468673
1431749582590025731
1431749586830438403
1431749587556081667
1431749591196651528
1431749602668126211
1431749607596466181
1431749629129994240
1431749632409866244
1431749665595219971
1431749669802160128
1431749681751773185
1431749689607655424
1431749694082924550
1431749713385213953
1431749729331945475
1431749744418856960
1431749747715489794
1431749753851850752
1431749754426380290
1431749756066406406
1431749780812845060
1431749798613430278
1431749823640653824
1431749827088551944
1431749835594600454
1431749836617965574
1431749862027055108
1431749863901966336
1431749865026080780
1431749889336266764
1431749907614998529
1431749910924349450
1431749918000037889
1431749920772354050
1431749928901091328
1431749931270868995
1431749932273356803
1431749932835393540
1431749940678729733
1431749974883282946
1431749978507071494
1431749993401131010
1431750001596801029
1431750005887578119
1431750038389133313
1431750046303891461
1431750056550576136
1431750058882514945
1431750071708786695
1431750076645449731
1431750081754107909
1431750088100040708
1431750128310829065
1431750128331800576
1431750131796385794
1431750137148227585
1431750139501289475
1431750140398874624
1431750149534109708
1431750167833817094
1431750171034066947
1431750171424137218
1431750174062358540
1431750183180718091
1431750184854249483
1431750196074057728
1431750200276697089
1431750201442721797
1431750219830595586
1431750238461693952
1431750239535472646
1431750256841134086
1431750260062363648
1431750272963989506
1431750274113212416
1431750287388205058
1431750297496469508
1431750299887312899
1431750301074198528
1431750305402720261
1431750313485246464
1431750329314447364
1431750336612651017
1431750346695655424
1431750347417075713
1431750351271649288
1431750355424063491
1431750375800020996
1431750379876798465
1431750385614602249
1431750395941072902
1431750402630893574
1431750410050707459
1431750412395335683
1431750421446549506
1431750431500292098
1431750439347920896
1431750450366267393
1431750463095980039
1431750476891136003
1431750477700550659
1431750512383299592
1431750513821880322
1431750555232350209
1431750561586634753
1431750570742796292
1431750575612440579
1431750577562718211
1431750596466511879
1431750614841806856
1431750621506461704
1431750627512791043
1431750633867075587
1431750641471348737
1431750655270604800
1431750667031433216
1431750678268026881
1431750696680951812
1431750701353508870
1431750711692386309
1431750724833189897
1431750737097367559
1431750750414196742
1431750756269543429
1431750759188729858
1431750761340354566
1431750768382578691
1431750784870400000
1431750787479183364
1431750797801529346
1431750834115784707
1431750834853859329
1431750838326894600
1431750848196009984
1431750859189276672
1431750859558379523
1431750859973709826
1431750865510092800
1431750883612712960
1431750893049942020
1431750904181559296
1431750904492011529
1431750925618720772
1431750930312138752
1431750942035218433
1431750967448555520
1431750980534681602
1431750986125791240
1431751026575556614
1431751028500803585
1431751031680118787
1431751036650262532
1431751043621216257
1431751047849066497
1431751048427888643
1431751063040843777
1431751093558591490
1431751100001042433
1431751103306162176
1431751111590006784
1431751128488710145
1431751131621904389
1431751155797929984
1431751156439650305
1431751160055177217
1431751162588499971
1431751182117126144
1431751183165702145
1431751185313173510
1431751198655369221
1431751199620018181
1431751203134873606
1431751217525493764
1431751225108742146
1431751280423284738
1431751286127480833
1431751299633139712
1431751322945167368
1431751325398745088
1431751335754575878
1431751356700893185
1431751415626665992
1431751428364804099
1431751440909885442
1431751446400323591
1431751449285992453
1431751451227869187
1431751463060000769
1431751465551503376
1431751468193878017
1431751487621828612
1431751496346050564
1431751509369397252
1431751524389117960
1431751533272649729
1431751540654624769
1431751542126809089
1431751551106826243
1431751584753623043
1431751597789429761
1431751632304361473
1431751644442681347
1431751649446477829
1431751651032027137
1431751659999350789
1431751707374010372
1431751707902554117
1431751710331097096
1431751716769308682
1431751729067012107
1431751729800941574
1431751731373879300
1431751731986288645
1431751732430839812
1431751746276241410
1431751751313596418
1431751758863343619
1431751763317739523
1431751772440301569
1431751785706835968
1431751788424749056
1431751801242636289
1431751811409629190
1431751821102563334
1431751833010196482
1431751835535220738
1431751851947479040
1431751857299468291
1431751874806435842
1431751902686072842
1431751934264942592
1431751953609109507
1431751958415687685
1431751961989222403
1431751990384762891
1431752004460765191
1431752015458279425
1431752022739623937
1431752059661996035
1431752060261834755
1431752060832305157
1431752085859717121
1431752098161598464
1431752105887404043
1431752118365523970
1431752143996923907
1431752169544458242
1431752183859621891
1431752192835342336
1431752193753890819
1431752215761494018
1431752230064070657
1431752279472971786
1431752293095985155
1431752312201089024
1431752317137821700
1431752325383720965
1431752330005909508
1431752359798099968
1431752365405782022
1431752367339360262
1431752391213322242
1431752397970345985
1431752417385799680
1431752420263145479
1431752439548588043
1431752445420523525
1431752464034844687
1431752464370442240
1431752469865017344
1431752470582157314
1431752478358478850
1431752482355613701
1431752489729236993
1431752491952115716
1431752499170529282
1431752514848833544
1431752522583191563
1431752525087129601
1431752528920780811
1431752530334212096
1431752536088883201
1431752605626212357
1431752608226611208
1431752631865823234
1431752631916142598
1431752645719506949
1431752671552315395
1431752678678405122
1431752680452632579
1431752720743022594
1431752721904947203
1431752741341249536
1431752763910807554
1431752773167685637
1431752776506281988
1431752812216659970
1431752830164119553
1431752850196111361
1431752866000166912
1431752871989624832
1431752878427975688
1431752910057222146
1431752924531761153
1431752925437730818
1431752926767329280
1431752941220864002
1431752948187549697
1431752966290223106
1431752974808793090
1431752977333825537
1431752996652789762
1431753011781644290
1431753014419800064
1431753019868258305
1431753049568120837
1431753056891416590
1431753078991163394
1431753089929949189
1431753096510717955
1431753140374736897
1431753142916554755
1431753181307056132
1431753225284227072
1431753228627103744
1431753232800436225
1431753239238696960
1431753242418024455
1431753249745473540
1431753272570912770
1431753272705142785
1431753291004850181
1431753320201400323
1431753333279272976
1431753339289604100
1431753343895023617
1431753380104376322
1431753390275629057
1431753396143394816
1431753398341210116
1431753402137161733
1431753415806398467
1431753423452622850
1431753433497931777
1431753443925020672
1431753444944121860
1431753453227888646
1431753466775474182
1431753468134535173
1431753468398743555
1431753480738385921
1431753487478558722
1431753489689022465
1431753492209840134
1431753495003213825
1431753499956686848
1431753523977498624
1431753525403521030
1431753526900887559
1431753532164788226
1431753534878453767
1431753536560418822
1431753536941998086
1431753537172738048
1431753576523653126
1431753579216478210
1431753594081058822
1431753601697947649
1431753614910009344
1431753624040902658
1431753627958398980
1431753628713377800
1431753661038972931
1431753676994002945
1431753700020785157
1431753715594244099
1431753721524916228
1431753729322127361
1431753746153971718
1431753762767609858
1431753809945059338
1431753811748528130
1431753819239682049
1431753845084917762
1431753852647362564
1431753853452660737
1431753855411306502
1431753857093279744
1431753865435787266
1431753892614782985
1431753898776317955
1431753922331435012
1431753923434622984
1431753942401175554
1431753959925075968
1431753962227650562
1431753966468091909
1431753966782754826
1431754006410539021
1431754034180993029
1431754060546330631
1431754067370463235
1431754072848220163
1431754092418899969
1431754094348312576
1431754095262642179
1431754107468099588
1431754123309985800
1431754124446605313
1431754140603006978
1431754144205914114
1431754149830533122
1431754186761412611
1431754193228996608
1431754193719734284
1431754193946255361
1431754202229919745
1431754247809372164
1431754258005823492
1431754259771625474
1431754261998805011
1431754266360913927
1431754277341499393
1431754287185637378
1431754353589772288
1431754354290307079
1431754359197605889
1431754367464624131
1431754390952718337
1431754393368543235
1431754399769038854
1431754401987842049
1431754408963026957
1431754421868826624
1431754428986675207
1431754435781447680
1431754437672976389
1431754450843099140
1431754470967451648
1431754551187681280
1431754566543028225
1431754580757524483
1431754591021015045
1431754615033405440
1431754621794594821
1431754643458117633
1431754656410128384
1431754692229537792
1431754713066876929
1431754723598733322
1431754733392388102
1431754736643055617
1431754741378396163
1431754742083072012
1431754755882299395
1431754776023343105
1431754782394433537
1431754790434914305
1431754791668097027
1431754793907855362
1431754816531963906
1431754881732333576
1431754887868596224
1431754888103567362
1431754893988073479
1431754912489164800
1431754914535985155
1431754915412590604
1431754938628120581
1431754942004482049
1431754946026815501
1431754950879633409
1431754985621053446
1431754997897830401
1431754999047065605
1431755007762833410
1431755017631899652
1431755019704061956
1431755071495327744
1431755076377448450
1431755101581021187
1431755108052787201
1431755108186996743
1431755108258299912
1431755121357205511
1431755127577198592
1431755134313410567
1431755140009185287
1431755142240538633
1431755144543318021
1431755166043226115
1431755200759570437
1431755214462259206
1431755214558801926
1431755224885211141
1431755244795539463
1431755262076104709
1431755309291278338
1431755312483143681
1431755327557545984
1431755348893909003
1431755357563535363
1431755368477208576
1431755402266415110
1431755425897189380
1431755455664214018
1431755466829402114
1431755504452308998
1431755517228060676
1431755573842808839
1431755576921448448
1431755577152217090
1431755584546693126
1431755586929057798
1431755600958996482
1431755601915355142
1431755612480843779
1431755614066196484
1431755615639121927
1431755642025521155
1431755650426621953
1431755650539798530
1431755650992951299
1431755660199403520
1431755674497732611
1431755675982606344
1431755677584789504
1431755679992320002
1431755697427988480
1431755742193848333
1431755783394500617
1431755803137126403
1431755821445222406
1431755829682876417
1431755830693617678
1431755834766331904
1431755838247612416
1431755852055252994
1431755859806261250
1431755869000187909
1431755933970046977
1431755941226196993
1431755945407913986
1431755954400415753
1431755963887927304
1431755986306572290
1431755991419400196
1431756006648946688
1431756013426855936
1431756018061545472
1431756039096053767
1431756070700167169
1431756072457543681
1431756097933783042
1431756120041873408
1431756150928822277
1431756155299246080
1431756165533339654
1431756168611962880
1431756181089959939
1431756202501976067
1431756213524574211
1431756214073974792
1431756228888342529
1431756251319394307
1431756255845101569
1431756260249063427
1431756278284668928
1431756313768435717
1431756346685284355
1431756349591990280
1431756353568231429
1431756360283303937
1431756369275854851
1431756377224097800
1431756395821649920
1431756399655235586
1431756405082570755
1431756419381047298
1431756421444603906
1431756428142911492
1431756432194539532
1431756434962845696
1431756456081100800
1431756521357119490
1431756521613021187
1431756551577120768
1431756555121307648
1431756589661368324
1431756607776563202
1431756612675555328
1431756613166190603
1431756631575076864
1431756664496066563
1431756735442718720
1431756736516460549
1431756768888201217
1431756804132904963
1431756808532660228
1431756844775706628
1431756880322473988
1431756886299320323
1431756892586627073
1431756902405451778
1431756936354095111
1431756950304399364
1431756960647553025
1431756972941000711
1431756999948111883
1431757022861615107
1431757025747288078
1431757030155563011
1431757051693252614
1431757052196663301
1431757068667703296
1431757092860440580
1431757117128646658
1431757117443170306
1431757137600991236
1431757160539643911
1431757161307197449
1431757175752364032
1431757211638894592
1431757239384223751
1431757257658753027
1431757258048905220
1431757263363092481
1431757271336357889
1431757280324771845
1431757292421197825
1431757293419470856
1431757328878030848
1431757334150266891
1431757339166658561
1431757347052036096
1431757359018397704
1431757407819026441
1431757475234160642
1431757475238264838
1431757485078192132
1431757499305242626
1431757528090779649
1431757578929942531
1431757623553052677
1431757624756871169
1431757637197119488
1431757662635573252
1431757665114509319
1431757681509928961
1431757689214877698
1431757701500084232
1431757715664146438
1431757773105209344
1431757781577646081
1431757823629832199
1431757830151888897
1431757882383548419
1431757883834765313
1431757892223393800
1431757895750852609
1431757905943011329
1431757910099570689
1431757918559408132
1431757921482854403
1431757932681641985
1431757968819818496
1431757976327557122
1431757999178240004
1431758015481450504
1431758024021090305
1431758025006751744
1431758031000383492
1431758056170393600
1431758090416885766
1431758099782807553
1431758131529494532
1431758131718144007
1431758138479415297
1431758169160753152
1431758171702534145
1431758180975988740
1431758183454892036
1431758187477311497
1431758188706140160
1431758210143248387
1431758235787218974
1431758261129199621
1431758292469133312
1431758305270157314
1431758317521625092
1431758364762066949
1431758366414626817
1431758410744274944
1431758417111224322
1431758439005425667
1431758457422630914
1431758465001656322
1431758475122683918
1431758486505930759
1431758491396476930
1431758491786620930
1431758507930312706
1431758515530616838
1431758516159750147
1431758520802762755
1431758540201418755
1431758542105681921
1431758549319880710
1431758568571772929
1431758577904009217
1431758578193473542
1431758597608857601
1431758608195330057
1431758609331933188
1431758705956118529
1431758749929295878
1431758763434905600
1431758774331711493
1431758795651354626
1431758823790940167
1431758829994356737
1431758842182967297
1431758848352731138
1431758894477594624
1431758914517970955
1431758941264961536
1431758943185997828
1431758999523926016
1431759009833443346
1431759069958782977
1431759074522193921
1431759077202333700
1431759079136022537
1431759079857393668
1431759087646167044
1431759100346519553
1431759116263903234
1431759121536229379
1431759138686701572
1431759151353540617
1431759153136128005
1431759190792486929
1431759203467767810
1431759209192886274
1431759228780355585
1431759298737188867
1431759329896636421
1431759340613025794
1431759347491786757
1431759359252570119
1431759372204580871
1431759387194974213
1431759392588898307
1431759404366548994
1431759425107369991
1431759429930737664
1431759441670639616
1431759443767791626
1431759466798764037
1431759479490682881
1431759480270827521
1431759486713225216
1431759513074405377
1431759545358028806
1431759562101694475
1431759583329009671
1431759592048955401
1431759594557222917
1431759596805365763
1431759605676318720
1431759607161044999
1431759614312341505
1431759710613655558
1431759739571032070
1431759744868528130
1431759750589464577
1431759758911053828
1431759762958475271
1431759772328603651
1431759816385564680
1431759822110736386
1431759836866387971
1431759837566836739
1431759838409801728
1431759841845039107
1431759864162918402
1431759866255876097
1431759873193168898
1431759891258036225
1431759898442936325
1431759898581274625
1431759920823783431
1431759962800283649
1431759964750721026
1431759990499553285
1431760001752879108
1431760013282852865
1431760054114471942
1431760091842220037
1431760097781374977
1431760127770734592
1431760133231685637
1431760134418706432
1431760154303795200
1431760163669749762
1431760190551076870
1431760224965337090
1431760225217007617
1431760242564546568
1431760248377946114
1431760248574971913
1431760257232080907
1431760260763725825
1431760260784693249
1431760335653031937
1431760339763404801
1431760346197397514
1431760357153034245
1431760357475950592
1431760370453159936
1431760388354449409
1431760408373862404
1431760444721598465
1431760449738055686
1431760460467036165
1431760479752425473
1431760536316829697
1431760538917380099
1431760544495808515
1431760579560099841
1431760580772249600
1431760589810978818
1431760604738510848
1431760638758604804
1431760640222318594
1431760664205348864
1431760691858485250
1431760692076498946
1431760738302021634
1431760778093334532
1431760788797153285
1431760801879269376
1431760833835671553
1431760853959860224
1431760886268579847
1431760901078720517
1431760905734443009
1431760907307294726
1431760914475274243
1431760915251220483
1431760935266537479
1431760935752962058
1431760969789759489
1431760981277937670
1431760984981520384
1431760990144811008
1431761023644717063
1431761032960266243
1431761053755580420
1431761068163059713
1431761092313817093
1431761101537136640
1431761126417707014
1431761136093904897
1431761160152535046
1431761171451977728
1431761188501741569
1431761192708714499
1431761194684137480
1431761229429809164
1431761248878739456
1431761252460679169
1431761261126201352
1431761291245461506
1431761298065342469
1431761334278950915
1431761342378151936
1431761344634753024
1431761364272488450
1431761370761072640
1431761377815846917
1431761387601203202
1431761391887781891
1431761414935523331
1431761427036057602
1431761435856719874
1431761457012781057
1431761466118610948
1431761469763358722
1431761480643489792
1431761488998539264
1431761495881302024
1431761498251083779
1431761509152182277
1431761519075897346
1431761520183156738
1431761528588546054
1431761542694019073
1431761546733051906
1431761588005048320
1431761602995437572
1431761619927937027
1431761624747200516
1431761640966574095
1431761665599619080
1431761691046461440
1431761697803546624
1431761704241750023
1431761739788525571
1431761743806668802
1431761750710435840
1431761751314477057
1431761773569392645
1431761807551647748
1431761813511843845
1431761820029685766
1431761823095787520
1431761834139344899
1431761864896225282
1431761890636713984
1431761892423372800
1431761902053609474
1431761930851598337
1431761943015137283
1431761960400531456
1431761963680415751
1431761965752492035
1431761985859948548
1431762000993034240
1431762017464029184
1431762031099645952
1431762038867513345
1431762047910416385
1431762057804800002
1431762059864297473
1431762069129400323
1431762078856056832
1431762081431306241
1431762101501108224
1431762124725006343
1431762147651035138
1431762193972928519
1431762224696201219
1431762231147077642
1431762249211916288
1431762254886842371
1431762261002100740
1431762276109979659
1431762282955087880
1431762330061312003
1431762339557163016
1431762345584431109
1431762349891985415
1431762371282939904
1431762384381677572
1431762431961976833
1431762473900724228
1431762535166922754
1431762539331866625
1431762574387843073
1431762578309586955
1431762595665661957
1431762597381087232
1431762625629724673
1431762672073248774
1431762679459364868
1431762687998967814
1431762704088420353
1431762705317249028
1431762715484303361
1431762716268584966
1431762724258713604
1431762734933237766
1431762787324162050
1431762793317928964
1431762794043645954
1431762797424218125
1431762815145201667
1431762839560130564
1431762846019432449
1431762869381525506
1431762929217593345
1431762980346138626
1431763005587472384
1431763065360486405
1431763118561058824
1431763131705987076
1431763143148118021
1431763161481367555
1431763176106995715
1431763202887634945
1431763234411921413
1431763281186803712
1431763303756410883
1431763310882525184
1431763321863163905
1431763329211568130
1431763330889302016
1431763367417597958
1431763384974942208
1431763387097227268
1431763418328014861
1431763429786857482
1431763444039102471
1431763456714280960
1431763468642832385
1431763486552494087
1431763497461981187
1431763514381807621
1431763529850359808
1431763580987314180
1431763615145762817
1431763616542478344
1431763624650067969
1431763659081015297
1431763691398176772
1431763692161486852
1431763705780375553
1431763713237860356
1431763726659620865
1431763733521514498
1431763744514842624
1431763771878477827
1431763798747238401
1431763841654870018
1431763878162190339
1431763887100243968
1431763891378434053
1431763899095949314
1431763905886445576
1431763924626587649
1431763991349678081
1431763998337376261
1431764000518426632
1431764031749201934
1431764067132350468
1431764070789697542
1431764094978334722
1431764119292715008
1431764122069307400
1431764139077246980
1431764153191084035
1431764172048588800
1431764208450953220
1431764263861985282
1431764279338881026
1431764290239930368
1431764296728522756
1431764299110883330
1431764305905688576
1431764326998814720
1431764358720368640
1431764368887357444
1431764379326898176
1431764381151399939
1431764389535813633
1431764390995533828
1431764426240184320
1431764428945563651
1431764429067243520
1431764450353287169
1431764455877222405
1431764476479561731
1431764479155523590
1431764495257554947
1431764512168943617
1431764535203991558
1431764538874023936
1431764548256735236
1431764565558276099
1431764569253416961
1431764573498101770
1431764601998299136
1431764610915446789
1431764615256580097
1431764616665829377
1431764638279081993
1431764643035422725
1431764646248210440
1431764652493623296
1431764654984998919
1431764691555176448
1431764692838539265
1431764724648235008
1431764738174865411
1431764750292209665
1431764783242563586
1431764787348844549
1431764852419276816
1431764864389820419
1431764876570107907
1431764894504849408
1431764896069431298
1431764903560351747
1431764905330368519
1431764932329082881
1431764957897674761
1431764964780515334
1431764974498721798
1431764995856011274
1431765023274250242
1431765034858856457
1431765041645244426
1431765043843149826
1431765062545518592
1431765072725090304
1431765095219187714
1431765101208551437
1431765110104723458
1431765138445590539
1431765153423380480
1431765201687306253
1431765244234305536
1431765253138915333
1431765267856646146
1431765270784270336
1431765289633464326
1431765295635521537
1431765323787689989
1431765346751586306
1431765360827670530
1431765386463154179
1431765408420352000
1431765409968033795
1431765419820556290
1431765437482680320
1431765463017660423
1431765472035364866
1431765483812950018
1431765506512543748
1431765510060916741
1431765531145682950
1431765544391299077
1431765546115256324
1431765548442992642
1431765579665448965
1431765599542206467
1431765623198134280
1431765634229092358
1431765648338788354
1431765687647801344
1431765689195507716
1431765692941053954
1431765703078645762
1431765708023685127
1431765716970004484
1431765731365081099
1431765783739310083
1431765798226378752
1431765802303303685
1431765877062524930
1431765887959408640
1431765899644575746
1431765921647972352
1431765923871010821
1431765932318281730
1431765940602085379
1431765942858567688
1431765954858475521
1431765955747749891
1431765960504053761
1431765961049260033
1431765977075699728
1431766012668661762
1431766045950361605
1431766049373016064
1431766055677042691
1431766057082134532
1431766126741106690
1431766133842001922
1431766165198708740
1431766224451645440
1431766228075483136
1431766262439419905
1431766319435849734
1431766364625293313
1431766377019359233
1431766385026379776
1431766385487749125
1431766390055309318
1431766390533394432
1431766391112224768
1431766394027249665
1431766426705084417
1431766431029506052
1431766463581405184
1431766477066186752
1431766486796980230
1431766496280301570
1431766500197666818
1431766507134930946
1431766518434603011
1431766519982301190
1431766524881215488
1431766531227197457
1431766547547185160
1431766560717344769
1431766582548643842
1431766608444366851
1431766616480657412
1431766622734327820
1431766648147619840
1431766676505350149
1431766684478722059
1431766709204131844
1431766725343711235
1431766766464737287
1431766766670188545
1431766778636550149
1431766779521642504
1431766833179340804
1431766836589252617
1431766877328613381
1431766909792423940
1431766923633729540
1431766947700617219
1431766954013044741
1431766955787235333
1431766970156961799
1431766984103010306
1431766984128180225
1431766991032004608
1431767012817129480
1431767018970169345
1431767037253148677
1431767060112105474
1431767067901022210
1431767136343445508
1431767139803926528
1431767146913312772
1431767150075777029
1431767164860706823
1431767165284364290
1431767169814175745
1431767196724867074
1431767207638413319
1431767211102900229
1431767231856320521
1431767247832367105
1431767266845249542
1431767273228935178
1431767274831040513
1431767288445915136
1431767293990744071
1431767343269613569
1431767384176611336
1431767403474587656
1431767442892673031
1431767470868729860
1431767510404288514
1431767531962908674
1431767538451496964
1431767589856948228
1431767621310029824
1431767624040525833
1431767642935894016
1431767642986143750
1431767719645437954
1431767757331353604
1431767759785021447
1431767764683866115
1431767776046235653
1431767776381841411
1431767812226392066
1431767824066809856
1431767856463613959
1431767897970458628
1431767929394286592
1431767932644827139
1431767988294848513
1431767990207488002
1431768012319776774
1431768026639130625
1431768035703017473
1431768050223681537
1431768057601576961
1431768064694145026
1431768095597731843
1431768155165282307
1431768181018873859
1431768199494868994
1431768244914954243
1431768260043845644
1431768291073200132
1431768323050590214
1431768348237471744
1431768359859720193
1431768380114194432
1431768402905993218
1431768466688778242
1431768468525928453
1431768470920781824
1431768485147779072
1431768509231648773
1431768518849085441
1431768527418101763
1431768551497535488
