1424498310124122120
1424498342621503488
1424498344198561804
1424498348321554440
1424498350804672517
1424498375920164867
1424498381574000642
1424498420849446912
1424498428638371846
1424498432610287619
1424498454357753856
1424498456136146953
1424498460124979201
1424498462628978689
1424498465829269505
1424498480899399684
1424498483508154375
1424498503477256193
1424498505280851973
1424498508019732481
1424498516727156740
1424498523786076164
1424498541771300872
1424498587736621057
1424498600063741959
1424498605910548483
1424498613313581057
1424498618506088459
1424498628505309184
1424498631982428160
1424498647757213703
1424498648696623116
1424498686881636353
1424498686915190784
1424498705915424773
1424498707232436226
1424498712257118212
1424498722898071558
1424498731123154944
1424498736332427265
1424498747925569543
1424498783937863686
1424498784818634754
1424498787834343424
1424498804712161282
1424498805257515009
1424498809770582018
1424498817735577605
1424498828363829256
1424498840879652878
1424498852925775881
1424498874991927301
1424498885205049350
1424498887272828929
1424498892603891712
1424498907262955528
1424498923360636932
1424498941710774273
1424498946538446849
1424498947947704321
1424498952888586241
1424498953379328001
1424498980835184655
1424498986505981954
1424499011650793473
1424499012502269958
1424499030701260806
1424499034320932868
1424499035365429251
1424499045461069824
1424499046849384451
1424499047843438594
1424499053660868617
1424499073210519555
1424499079573344258
1424499083679567876
1424499084358979585
1424499089752924160
1424499096425992194
1424499120543260678
1424499124259393537
1424499127862370311
1424499128743170052
1424499151606321155
1424499152583544836
1424499167435575296
1424499179892654084
1424499184254717952
1424499203183685632
1424499232594071552
1424499245969821696
1424499286759325696
1424499291750608898
1424499293101121540
1424499322998206470
1424499325271527426
1424499334880583681
1424499345139847169
1424499357748011009
1424499365595553794
1424499367797567499
1424499373325574146
1424499379847811072
1424499400831873025
1424499419978809348
1424499428623327237
1424499440254177288
1424499440795234311
1424499442959409156
1424499445249593348
1424499457446617096
1424499457865957378
1424499468372742145
1424499488211755017
1424499488396390403
1424499513537048577
1424499527487311879
1424499549490581507
1424499552850268164
1424499555635236865
1424499556696395779
1424499559330365440
1424499592939417601
1424499594780622852
1424499596097638403
1424499627517173772
1424499649398906887
1424499652485951489
1424499654440505350
1424499657179377664
1424499665244934157
1424499669510631427
1424499674392768520
1424499707796197377
1424499709507407877
1424499713210978320
1424499713362046978
1424499722933374981
1424499724653051906
1424499729367457793
1424499732169347072
1424499743019999233
1424499752671055879
1424499752918454272
1424499762586427394
1424499775219589126
1424499805254991877
1424499808719581187
1424499826365014016
1424499839988084740
1424499843242803206
1424499851174232070
1424499852592001029
1424499867586637829
1424499868056395781
1424499872997146633
1424499882707111942
1424499892068786182
1424499907524796420
1424499908606930948
1424499919147126792
1424499923098251266
1424499925782605829
1424499940156391424
1424499944300417026
1424499952332546049
1424499957243985921
1424499972242821121
1424499990076997634
1424499997744279553
1424499999719759887
1424500000072081409
1424500007684689921
1424500012487258119
1424500034620596224
1424500048356904961
1424500057886314506
1424500059484344323
1424500082695680002
1424500084650217475
1424500089997910020
1424500092770398208
1424500098613096449
1424500100131340289
1424500112559116291
1424500116837347333
1424500121484632064
1424500153654943746
1424500163062730768
1424500198693343236
1424500199708364802
1424500217538359299
1424500223041224704
1424500225826332673
1424500237297717252
1424500255517720579
1424500256125882375
1424500270713741313
1424500303995486213
1424500305509629954
1424500311159345154
1424500329245257735
1424500342251741192
1424500357233774601
1424500365232377857
1424500383666393095
1424500392436633610
1424500410442715138
1424500422090366976
1424500426175614982
1424500436745195524
1424500467103682561
1424500468018040837
1424500471415427073
1424500475068653571
1424500475706150921
1424500476662460430
1424500477710852096
1424500478830841867
1424500479304871942
1424500484056961025
1424500500288974854
1424500518412595202
1424500522996883461
1424500523340861441
1424500541212725248
1424500543473471496
1424500544887005188
1424500552801599491
1424500565392994309
1424500569159446530
1424500582774149133
1424500588100866049
1424500590659477510
1424500609177341952
1424500612390170632
1424500617691779072
1424500620212453378
1424500637216251909
1424500646317895686
1424500647618093057
1424500663950745600
1424500679712907264
1424500685488463879
1424500701569425408
1424500717944025088
1424500723333705732
1424500726752030729
1424500742254125063
1424500744334581763
1424500752584781829
1424500773266903043
1424500785421996034
1424500804581482498
1424500806993289224
1424500817051230210
1424500823120355331
1424500832666595330
1424500859744968710
1424500886164983810
1424500899192389633
1424500914472329218
1424500916884025344
1424500922558865413
1424500970982084616
1424500974610272259
1424500975700750336
1424500998630957060
1424501003370520582
1424501020441419776
1424501029735968768
1424501034601394177
1424501040276254733
1424501048119595009
1424501054247510020
1424501056164204545
1424501064632516615
1424501066452897792
1424501082366095360
1424501088804278274
1424501108395892742
1424501135386288129
1424501154319413253
1424501166336053252
1424501169112629248
1424501174665891841
1424501193980665857
1424501213127593984
1424501215652683776
1424501227665113095
1424501227812003842
1424501230534021129
1424501239417610247
1424501253950824451
1424501256748470273
1424501263996162051
1424501298917949450
1424501305394057219
1424501308007067655
1424501317758771205
1424501339229466626
1424501348599582725
1424501361081733128
1424501362902118402
1424501369193607172
1424501371055788038
1424501386197221376
1424501400357285892
1424501400806072321
1424501401862934529
1424501401863004163
1424501404547403779
1424501441331408900
1424501446515601408
1424501458804908037
1424501463573831684
1424501483492495369
1424501485983895557
1424501488009859072
1424501493051412481
1424501502069153792
1424501506112475145
1424501507018342404
1424501528845557761
1424501543655591939
1424501546084179969
1424501550685249543
1424501555189985285
1424501555227672581
1424501592456409089
1424501592477339652
1424501639155789844
1424501645128486916
1424501647003242499
1424501695393026049
1424501700690329601
1424501705115328517
1424501709599019009
1424501713516519425
1424501731212333059
1424501746139865096
1424501758697607170
1424501765467217921
1424501765513297920
1424501806810517505
1424501814267949056
1424501818550333447
1424501834471940100
1424501839379185667
1424501847868559366
1424501871864078338
1424501875756486659
1424501925777653761
1424501927719706626
1424501943704170497
1424501951111237633
1424501979368370180
1424501982858031104
1424502001338040322
1424502005859561475
1424502016160718848
1424502042211536899
1424502059634765826
1424502062344192002
1424502062864343040
1424502076692996096
1424502083143745541
1424502084964077570
1424502102693486598
1424502104929054722
1424502114278154243
1424502133185990657
1424502140450623489
1424502155822702597
1424502163078791169
1424502190228582401
1424502195479797761
1424502199258959873
1424502199955169289
1424502204082409482
1424502209820217350
1424502210180927490
1424502213829926917
1424502214912004098
1424502228925272065
1424502237133299712
1424502239662682115
1424502242246369281
1424502264555769859
1424502265822564362
1424502273875533827
1424502281748295686
1424502294981251078
1424502295639777285
1424502310588325895
1424502320038039559
1424502325004095495
1424502334328033280
1424502356033642502
1424502357929377793
1424502358210400261
1424502361326854148
1424502391618117635
1424502394235281411
1424502404230389763
1424502414946799622
1424502417232695305
1424502431451332614
1424502433959620611
1424502435763171337
1424502444113944585
1424502453328879618
1424502458642993155
1424502468474454025
1424502470642999308
1424502490616193028
1424502494667886592
1424502497905893381
1424502547889496065
1424502552385687552
1424502566231191554
1424502567992586241
1424502608987885573
1424502617405853697
1424502621692469248
1424502639849623557
1424502645478285315
1424502657566265345
1424502677250191362
1424502678160293888
1424502681297727488
1424502692395864068
1424502711249145858
1424502716232081415
1424502718874464258
1424502726428332034
1424502734959611908
1424502736142360576
1424502745894162441
1424502751447470087
1424502751787208705
1424502758233673729
1424502779150807047
1424502781868757000
1424502807646941188
1424502819797807112
1424502840718921731
1424502859308179457
1424502882812973056
1424502922134659080
1424502926777724934
1424502929852178434
1424502934197374978
1424502969056350213
1424502977038102528
1424502978040549377
1424502982624829446
1424503007056596996
1424503018050002946
1424503028867117056
1424503029831766016
1424503056713060354
1424503060936728585
1424503071518887936
1424503072043278339
1424503095724290051
1424503096735117312
1424503115034865664
1424503127504572423
1424503143048650753
1424503175202082817
1424503194206580739
1424503197641629697
1424503203954106372
1424503214003695619
1424503227886624773
1424503271528488969
1424503274074423297
1424503294148423680
1424503324095692805
1424503328797515779
1424503330399834112
1424503332715077634
1424503362037428225
1424503388335710208
1424503426973683713
1424503436561764362
1424503450956599298
1424503456321130497
1424503461337518081
1424503461857669121
1424503486306213893
1424503506745110544
1424503510763282441
1424503513527328771
1424503514504515584
1424503523568492547
1424503526353510407
1424503542824460294
1424503545223581696
1424503548570701831
1424503554002362371
1424503562701361161
1424503563506569220
1424503571471536129
1424503573891719174
1424503575972089860
1424503582540316673
1424503587938373633
1424503589473501185
1424503592027836423
1424503594565476355
1424503600957607938
1424503628732194821
1424503636642738181
1424503670868168707
1424503701243322374
1424503712047894529
1424503715487223812
1424503731081650178
1424503749100425216
1424503760160706565
1424503764287905792
1424503782239621131
1424503792133890048
1424503805379493888
1424503807149543424
1424503807707340803
1424503814275674112
1424503830033674244
1424503835729580035
1424503876212887553
1424503909595373570
1424503952796753920
1424503961474719744
1424503966306488320
1424503972266708996
1424503982559485958
1424503982660145156
1424503984778358784
1424504005967941646
1424504019083481089
1424504021361074178
1424504041694957571
1424504044316467200
1424504057125908491
1424504083168256008
1424504085156298754
1424504085483556875
1424504095545638913
1424504099878342656
1424504107038093318
1424504111450492930
1424504117515403269
1424504142463213573
1424504143050416132
1424504153653530629
1424504154991513601
1424504159282372623
1424504184670507011
1424504187807752194
1424504193193287681
1424504207797858307
1424504226034724865
1424504229180366850
1424504242853777412
1424504254996287491
1424504270121062414
1424504273702895617
1424504282276057088
1424504288248799238
1424504292476661767
1424504294020091912
1424504294460559361
1424504296532594688
1424504301389557763
1424504307945295880
1424504337825476617
1424504340807659522
1424504353176670211
1424504359941984256
1424504373212762119
1424504382956134403
1424504392137547778
1424504434806099970
1424504444281106441
1424504455165267971
1424504477244088320
1424504482877124617
1424504505694044162
1424504518562271234
1424504569158152197
1424504606047055872
1424504622564188166
1424504649814577157
1424504672572825600
1424504675370520582
1424504680361701383
1424504689035522052
1424504697508012038
1424504700670517248
1424504712502693891
1424504712519458820
1424504713882517510
1424504729258926087
1424504736573763593
1424504744781963264
1424504756731531270
1424504756886773770
1424504762955862018
1424504786024636418
1424504790680227847
1424504791640641538
1424504794073477125
1424504800511766530
1424504808602587136
1424504838604435462
1424504840269479938
1424504841414619143
1424504865431203848
1424504866853068803
1424504878186045447
1424504884301283331
1424504927695613963
1424504927888551941
1424504958213308418
1424504965800808454
1424504980032167936
1424504983190376449
1424505001901182980
1424505015968874502
1424505021950009345
1424505024571392003
1424505038798475268
1424505040262344706
1424505065751068674
1424505085460090880
1424505085543989254
1424505127893864455
1424505150736113675
1424505169052676097
1424505202778988544
1424505202883928068
1424505208839806981
1424505235662323712
1424505259980898307
1424505261599993858
1424505274581209089
1424505274744836099
1424505314922176517
1424505323776262144
1424505339920191489
1424505368076500992
1424505371708870658
1424505372702875651
1424505379443118091
1424505383637372931
1424505403652681733
1424505438633029640
1424505443678818310
1424505471214424064
1424505472854462468
1424505541133586433
1424505543197171717
1424505544694435843
1424505565649248263
1424505578525761540
1424505580459368453
1424505602429095939
1424505604622753793
1424505607873257474
1424505613950783493
1424505627217469441
1424505658884468738
1424505675187621888
1424505681818832896
1424505684020891652
1424505725146079235
1424505726051962887
1424505728149118980
1424505731609513990
1424505745089994752
1424505755298934786
1424505767969832962
1424505803621474305
1424505836915802115
1424505848496332800
1424505858277453827
1424505862110986241
1424505871892160518
1424505890699452424
1424505902351126533
1424505921481367552
1424505941857288195
1424505949587480585
1424505966905774081
1424505972647735298
1424505974002536449
1424506001710059522
1424506006671925249
1424506015769407490
1424506066398859266
1424506093548490752
1424506116583604231
1424506121432207365
1424506140776353794
1424506157205438466
1424506208367620106
1424506233411756036
1424506266207010818
1424506283097567232
1424506308582068227
1424506329792647169
1424506352882176001
1424506356946685955
1424506365142130693
1424506377800724482
1424506388840026114
1424506390706589702
1424506398113677314
1424506399850119169
1424506432796434441
1424506449812729857
1424506455248490496
1424506456464936965
1424506502321254410
1424506511569694725
1424506513058631681
1424506519064911875
1424506531672903681
1424506583371980811
1424506595254444034
1424506598765047813
1424506609850519554
1424506610622345217
1424506666733735937
1424506691249393669
1424506702041337861
1424506718910828551
1424506737294553089
1424506738120839178
1424506839765508100
1424506852189036546
1424506854638592006
1424506860179267589
1424506879741513739
1424506905704206336
1424506916366127109
1424506927271317507
1424506936532381705
1424506982724259844
1424506986855608329
1424506986931138565
1424506990219386885
1424506994514403328
1424507011270651909
1424507014022053890
1424507014890336258
1424507034699972615
1424507050114039813
1424507054320988162
1424507059983245313
1424507077200912384
1424507118640635905
1424507147036020736
1424507181840359433
1424507189910073344
1424507210885894149
1424507212496576514
1424507222894252033
1424507223644979201
1424507225108844550
1424507242418778120
1424507262761111553
1424507267307778058
1424507272005394434
1424507284009410561
1424507291500519426
1424507353181921292
1424507357736882176
1424507378901389314
1424507393644376070
1424507396915961857
1424507405409427459
1424507431007174659
1424507458924449792
1424507479606628359
1424507504302645254
1424507509247729666
1424507575727529995
1424507592672432135
1424507596812206087
1424507616424828933
1424507623362150403
1424507641708126214
1424507643217993732
1424507673215741957
1424507682652835840
1424507688415907840
1424507736155377666
1424507737568915468
1424507741641531393
1424507744132947973
1424507764659965959
1424507766601834497
1424507771077206016
1424507814685421574
1424507824420306948
1424507838471229448
1424507844234252296
1424507847061250049
1424507864031408133
1424507866698952706
1424507866900320261
1424507875750203392
1424507883392208901
1424507911770984449
1424507927684173825
1424507961267957763
1424507971200077833
1424507978301026304
1424508041379123204
1424508042024996867
1424508063093043206
1424508076644872196
1424508077836050435
1424508115467259904
1424508119682519042
1424508123067387905
1424508164062564363
1424508167153668097
1424508167170441219
1424508197411381250
1424508204868845569
1424508205896544259
1424508207460986887
1424508210413772804
1424508210766036992
1424508228768051208
1424508230063906817
1424508247227179015
1424508250318376960
1424508269947670530
1424508326923096068
1424508347135369216
1424508347185864704
1424508378018111490
1424508380941541377
1424508405650268167
1424508426172895238
1424508434674864134
1424508434905538560
1424508457483386886
1424508508339417096
1424508508582580227
1424508511996809223
1424508540115460105
1424508599850741761
1424508602346246158
1424508657010716675
1424508659904700421
1424508669815926784
1424508714271260675
1424508718855729161
1424508729177694216
1424508729492492289
1424508737109303300
1424508740829581316
1424508754935046149
1424508765429194752
1424508766884700172
1424508782550335490
1424508800258686976
1424508805472309248
1424508831867023360
1424508834475880458
1424508851550892033
1424508916885598210
1424508929929797639
1424508945889169409
1424508969817677831
1424508971411517442
1424508975006035973
1424508982295769089
1424509011865526273
1424509015363670020
1424509035160772613
1424509038520377344
1424509047630401540
1424509059382878217
1424509062096556034
1424509062339833866
1424509095114072067
1424509101191614465
1424509118451159042
1424509151997218817
1424509156782903302
1424509157097582597
1424509174239703046
1424509175132983300
1424509176068333570
1424509188596813824
1424509203201282052
1424509226022490115
1424509241637756931
1424509259253960707
1424509276152864768
1424509315419975681
1424509339532939281
1424509339914625026
1424509344847220738
1424509347284070402
1424509362081603586
1424509377579569157
1424509405727440902
1424509419556114433
1424509475944271872
1424509486417551366
1424509500002811907
1424509513244237824
1424509521666453507
1424509530008920066
1424509542021337088
1424509562846171139
1424509568017633280
1424509576062324743
1424509576553148420
1424509589928779780
1424509593984585735
1424509597700743172
1424509624049455107
1424509648892215296
1424509676201431042
1424509680169193473
1424509694543024134
1424509714466017284
1424509727782883337
1424509746351165445
1424509764709535745
1424509766810886149
1424509774842970118
1424509782174670857
1424509792098398210
1424509800940019713
1424509816148570115
1424509818547621888
1424509827292741635
1424509879394476035
1424509897245401089
1424509928102891525
1424509936533479424
1424509948176834563
1424509976710729728
1424509995740172292
1424510002174255116
1424510003247996938
1424510026517975040
1424510034298429441
1424510074802823168
1424510105207386115
1424510133275709442
1424510146986840064
1424510167975071748
1424510172932841474
1424510187545759748
1424510208592732166
1424510210211725318
1424510258941206536
1424510292944375810
1424510303124000768
1424510304231251972
1424510341782908935
1424510354374201344
1424510365552070661
1424510370362888195
1424510402227015680
1424510404466782214
1424510410972086273
1424510427472465928
1424510436024651782
1424510439845777410
1424510471831539713
1424510489552379909
1424510491460882433
1424510509190164489
1424510515062181899
1424510519734673414
1424510539770826753
1424510548411097093
1424510551011602434
1424510568061358090
1424510569055461379
1424510582192066561
1424510585425829889
1424510588592562179
1424510600865013768
1424510615062827010
1424510616476213249
1424510626794295297
1424510648185245696
1424510658725416966
1424510668342972423
1424510679269224454
1424510685405487107
1424510703323566080
1424510722764115979
1424510747476955143
1424510749876051970
1424510769450848265
1424510771669704704
1424510786743934980
1424510786957889542
1424510793375260674
1424510831031734280
1424510889613578241
1424510911281340416
1424510994898833409
1424511025538285568
1424511038544830469
1424511043615739918
1424511087307800580
1424511091623739397
1424511104273854464
1424511114377891853
1424511139703136258
1424511143486365704
1424511167259623426
1424511175333761029
1424511186905845771
1424511206904274944
1424511239665893381
1424511242367127553
1424511249694474242
1424511270640885768
1424511289641115656
1424511298956664832
1424511302148534278
1424511332108455940
1424511363376877571
1424511408935424000
1424511484323848195
1424511499666706432
1424511512463478795
1424511522911490050
1424511535485960194
1424511538245906432
1424511546621837312
1424511561108963333
1424511580977389569
1424511645817053192
1424511688582344705
1424511703035826180
1424511732714725379
1424511738054160389
1424511739148787719
1424511761399619591
1424511773521088512
1424511785638498305
1424511795096588288
1424511839552131072
1424511850180403201
1424511883286138882
1424511902114267137
1424511912952438786
1424511947903586313
1424511955834966020
1424511965418987522
1424511990312185857
1424511996393840641
1424511996825903105
1424512003830394880
1424512012541960192
1424512034058690563
1424512047207829509
1424512073388732420
1424512118301282304
1424512122852102145
1424512132968849408
1424512139335774216
1424512150916288523
1424512177277374466
1424512184210665474
1424512211150594052
1424512240254861312
1424512243891326977
1424512261327097859
1424512308760481797
1424512309586759682
1424512322773598208
1424512327752294403
1424512329719418881
1424512332135337989
1424512355023654912
1424512357183676418
1424512360157523974
1424512366658588812
1424512367287750657
1424512368202194946
1424512386178985987
1424512393481228290
1424512406970146820
1424512437311651840
1424512479992893445
1424512480076779521
1424512521340338181
1424512522552582147
1424512561412812804
1424512565808439296
1424512584389124102
1424512603913703425
1424512609299075072
1424512625866645506
1424512630828539915
1424512634821517314
1424512636692140032
1424512667981594625
1424512698545487872
1424512699485073411
1424512706305011716
1424512708033011712
1424512721916153862
1424512738802520064
1424512745265848323
1424512751213309953
1424512774097580038
1424512782184112129
1424512794762915848
1424512825096122371
1424512842007449603
1424512845887287301
1424512870641975297
1424512931199344640
1424512935360090116
1424512940376526849
1424512947037032454
1424512990330621955
1424513011377704967
1424513011751006218
1424513022849019904
1424513030910582785
1424513075311435779
1424513085277188102
1424513107641180160
1424513117900378119
1424513124686778377
1424513136749654017
1424513142919413765
1424513156060229635
1424513191170695172
1424513191317581825
1424513195029540867
1424513204873465857
1424513227887624195
1424513250314661890
1424513255125487616
1424513259084959744
1424513259596619779
1424513285509029892
1424513300302336006
1424513302202290182
1424513337539301380
1424513347064582148
1424513353121206274
1424513377922125825
1424513382925934593
1424513415662424070
1424513421433786373
1424513438328446977
1424513453558059017
1424513510579572737
1424513544796745737
1424513546440822788
1424513549611814917
1424513565919154178
1424513575440236548
1424513583216484352
1424513584437026817
1424513591898746891
1424513596378304520
1424513631438450689
1424513636329041924
1424513645627781123
1424513651558555654
1424513673603735556
1424513711440543747
1424513715790139392
1424513732810625027
1424513741400444934
1424513767782629382
1424513768512532484
1424513869331013639
1424513892600930309
1424513893771132938
1424513916655308802
1424513924658044928
1424513932019093504
1424513937639460865
1424513961433645060
1424513967725088769
1424513971030200320
1424513986016514052
1424514009135558658
1424514009210949641
1424514009773056006
1424514009999548416
1424514018757197826
1424514030530617344
1424514040559190017
1424514047500750851
1424514085438304259
1424514121987502082
1424514155554480128
1424514173413859334
1424514176832221184
1424514186344902657
1424514194293014528
1424514196771938305
1424514256024883203
1424514277612965889
1424514294931144705
1424514304137736194
1424514305920221190
1424514327541911557
1424514367404584963
1424514370076299265
1424514383753981954
1424514407158145026
1424514414342987782
1424514416498905090
1424514422605762564
1424514424270884868
1424514469892431873
1424514478599720960
1424514482827665411
1424514519716532226
1424514528218390534
1424514565593780224
1424514573701459970
1424514592747687938
1424514605582323712
1424514634871083011
1424514658736693248
1424514703217336320
1424514717620506631
1424514734511083521
1424514741087711233
1424514772804980736
1424514783223681029
1424514791205441537
1424514859044069381
1424514859463491593
1424514865453051906
1424514899510800384
1424514939700588548
1424514986009837576
1424514990883680265
1424514994859876352
1424515010437468164
1424515028196151304
1424515030595276800
1424515045816418306
1424515047058026498
1424515071695278082
1424515085196738568
1424515105820135434
1424515107397251078
1424515111209816071
1424515113940357125
1424515126493843457
1424515129069105156
1424515137168420868
1424515142251859968
1424515152905478148
1424515203828432898
1424515210325499906
1424515238834102273
1424515253346447361
1424515261655396357
1424515276033429510
1424515346816438272
1424515350801141767
1424515370346598405
1424515374872252419
1424515417565974528
1424515444086657024
1424515450654834690
1424515464814895110
1424515476189765635
1424515541734154242
1424515633216172035
1424515648990978050
1424515658184810504
1424515661896749058
1424515673930272770
1424515679890386949
1424515743887015946
1424515827139756035
1424515832189698053
1424515832370061314
1424515851408007169
1424515860450975744
1424515878452973569
1424515914515501059
1424515925907316738
1424515935537352706
1424515941136801797
1424515942189572100
1424515944986988544
1424515991980150786
1424516000020578308
1424516007662653442
1424516010359631883
1424516019989663745
1424516033512157186
1424516064688451585
1424516065141329921
1424516110498639883
1424516128865402880
1424516134712266752
1424516233312018433
1424516283886981124
1424516304397078534
1424516317785296900
1424516320050262019
1424516353046765569
1424516354531545096
1424516357215899661
1424516360537792513
1424516368418885633
1424516385787551745
1424516388086026240
1424516454821634051
1424516523142623233
1424516538476941315
1424516547134070784
1424516569116381189
1424516595435675649
1424516604080054273
1424516615140519939
1424516616839172098
1424516665522507778
1424516688968617988
1424516702990184456
1424516703262674949
1424516757402918921
1424516779691413505
1424516802504232963
1424516899573051395
1424516901145915393
1424516904039878656
1424516944959574023
1424516951477530632
1424516952551264261
1424516958016389123
1424516987829506053
1424516990492979203
1424517008637501448
1424517014559891462
1424517036223471617
1424517044603662337
1424517077025574918
1424517206126252039
1424517211532713986
1424517215613751298
1424517218306510851
1424517250866941954
1424517254406942722
1424517283288866816
1424517307599134727
1424517325219373056
1424517390407241737
1424517424389541892
1424517480853262339
1424517499731775497
1424517517683351558
1424517524943683584
1424517572842688517
1424517590542659585
1424517598562197510
1424517629398720522
1424517641906049025
1424517648445067268
1424517673497632774
1424517719836266499
1424517722843410437
1424517725389459462
1424517832528826370
1424517836144263168
1424517841441763332
1424517871955283968
1424517942616678401
1424517949239476225
1424518036325912579
1424518104168730631
1424518109705162755
1424518115816263685
1424518157629284358
1424518171898355714
1424518220632018950
1424518291800961024
1424518295277932547
1424518325518970882
1424518355646664712
1424518388660023301
1424518421899890692
1424518445249568768
1424518457903693832
1424518504066203652
1424518577663758339
1424518587033739265
1424518594004672520
1424518606121996291
1424518618193309700
1424518635163459585
1424518658718633988
1424518685889269767
1424518692621127681
1424518714087575556
1424518804827217926
1424518805808721920
1424518820245475334
1424518894115598342
1424518904974647296
1424518942782115840
1424518962021388288
1424518963329908736
1424518998788554755
1424519013678387200
1424519050760179716
1424519109379772423
1424519153914945536
1424519209984344068
1424519242033123329
1424519307195785218
1424519351772848136
1424519393803968514
1424519429472374790
1424519477572489224
1424519605419233281
1424519639799902209
1424519702701826055
1424519748428222467
1424519748755275776
1424519783320543236
1424519796910067712
1424519799359606788
1424519813402071045
1424519845496999947
1424519867605078023
1424519891135172617
1424519897892233228
1424519900765249546
1424519903432826882
1424519949788274689
1424520011100704772
1424520045808570369
1424520073008619523
1424520083527843840
1424520131187810304
1424520133612122112
1424520175315992581
1424520178382086144
1424520192290349063
1424520220014743554
1424520222334201861
1424520240382287872
1424520299333230594
1424520302101475329
1424520306425729025
1424520329528029184
1424520329704136705
1424520369730424834
1424520385157083136
1424520401170935814
1424520406841581582
1424520508540862468
1424520521224499203
1424520574890545154
1424520585195962369
1424520588937334785
1424520655337402370
1424520659208740867
1424520664468410369
1424520696097611776
1424520704196763648
1424520733712130050
1424520765588836356
1424520800963547137
