1427759775522164746
1427759783159939073
1427759788058939393
1427759832656982024
1427759856543539210
1427759882422337539
1427759897043689484
1427759899908452357
1427759907743354882
1427759947752824835
1427759976345481216
1427759995341377536
1427760028224733187
1427760030007406594
1427760042812510208
1427760078950748162
1427760082763276291
1427760083933466626
1427760093874040842
1427760097493766146
1427760119723528192
1427760144029528067
1427760144839061505
1427760166431248389
1427760169585455108
1427760173645451269
1427760181673435137
1427760187146899456
1427760213013245965
1427760214619602950
1427760217979330571
1427760223352152064
1427760242281025536
1427760260182380545
1427760264368300035
1427760277597167621
1427760280491147264
1427760286161940484
1427760288510746627
1427760296198918144
1427760298786791424
1427760314297237521
1427760378814021635
1427760413366702087
1427760426335473670
1427760429435170819
1427760432434094084
1427760453061693444
1427760454307299331
1427760466705649664
1427760473164898304
1427760487845015555
1427760495633833984
1427760497777127426
1427760511022739457
1427760517893038086
1427760519855882242
1427760527351103495
1427760528991129601
1427760576747483138
1427760579104673792
1427760580237139972
1427760582334242828
1427760601330290693
1427760603477823495
1427760606661201926
1427760625699205121
1427760637476810753
1427760648214269953
1427760651288653836
1427760665398333442
1427760716346441733
1427760720163315715
1427760740216320004
1427760760864837639
1427760775309975556
1427760784742944776
1427760793764909058
1427760794364698632
1427760800651960323
1427760801885085696
1427760810449833988
1427760831622680577
1427760848802619398
1427760852116123656
1427760871976185857
1427760875461558279
1427760888493314055
1427760923398352898
1427760942230687753
1427760958018052098
1427760971121106945
1427760974736592900
1427760982466629634
1427760989362171910
1427760992876904450
1427761030168551424
1427761032190210050
1427761042742988800
1427761053283274752
1427761083801079814
1427761092391051267
1427761115719741450
1427761121784705034
1427761142542344194
1427761156895166469
1427761158749048838
1427761167116668934
1427761185642930182
1427761193360498689
1427761212557778951
1427761234712092677
1427761244816224259
1427761256585437186
1427761260519641097
1427761284200681476
1427761284725026821
1427761289938542593
1427761290378874882
1427761290651607040
1427761298687856641
1427761322146545667
1427761325850210316
1427761344145678348
1427761347023024131
1427761349799694340
1427761378841047045
1427761391583252493
1427761400794034177
1427761414752641026
1427761417810333697
1427761448969768960
1427761477906280465
1427761481018400771
1427761503587950593
1427761507320872965
1427761508138823680
1427761511594926084
1427761536953733123
1427761551637950478
1427761552745189376
1427761556662722564
1427761570982019073
1427761595283873795
1427761596340842498
1427761609087270914
1427761646144004099
1427761656709386244
1427761675269255169
1427761684245065731
1427761688254820353
1427761725584052226
1427761734757068810
1427761750057832448
1427761759826415618
1427761765593591811
1427761774137389060
1427761786430894090
1427761800427315206
1427761806097924101
1427761811777069065
1427761866416209928
1427761866810474497
1427761868651827206
1427761887547117577
1427761901136715784
1427761906413096965
1427761908657147905
1427761916760428544
1427761934108184588
1427761935852969986
1427761980912373769
1427761986209714178
1427761986436276232
1427761988126625798
1427761991649800201
1427762003528060928
1427762021622222853
1427762022368878605
1427762025229340674
1427762030879072256
1427762049204072459
1427762059270365184
1427762095634984964
1427762111812358152
1427762113070747652
1427762119840342019
1427762156662046726
1427762197590069259
1427762200370946050
1427762214006632452
1427762234701271040
1427762256905920515
1427762262933229573
1427762290523312152
1427762317538861059
1427762321603153922
1427762324555841537
1427762325302521857
1427762326497906688
1427762348291497990
1427762355740581895
1427762358303264769
1427762361998495745
1427762372777811971
1427762381216747528
1427762388913336327
1427762392419774467
1427762417182859271
1427762418567061509
1427762423772192769
1427762428100714497
1427762429115707403
1427762429736407044
1427762468391108608
1427762475387207687
1427762491812163585
1427762507171651586
1427762518659932160
1427762531125317635
1427762533717495818
1427762534677950480
1427762544819720196
1427762587991781377
1427762625300025349
1427762637538988033
1427762666123190291
1427762681356894214
1427762726433067012
1427762737707425799
1427762741587087368
1427762755256438787
1427762771840614405
1427762774571106304
1427762776039202828
1427762783169482755
1427762786390532100
1427762807433465860
1427762812848332805
1427762839159255041
1427762847422033921
1427762863423250433
1427762910093250561
1427762916321812480
1427762948332789761
1427762952556449795
1427762956964618255
1427762958831136776
1427762964635992066
1427762969472086016
1427762971044888576
1427762977667784714
1427762980872237063
1427762991567622145
1427763002749693955
1427763005874491395
1427763018901991427
1427763044533276677
1427763068763877379
1427763076338696192
1427763083519332356
1427763093090754561
1427763096354004992
1427763108378988544
1427763113118601220
1427763118927716353
1427763121427464192
1427763123541393414
1427763130436829199
1427763144986877957
1427763150120697859
1427763150653378568
1427763151194542080
1427763159193030656
1427763160191229952
1427763166608515074
1427763173076180993
1427763173382365184
1427763189110824961
1427763192919433219
1427763205816913924
1427763206408265728
1427763210963271681
1427763229418196992
1427763230185828354
1427763235583889410
1427763243649540098
1427763255490105349
1427763261177569285
1427763261559222273
1427763263983521794
1427763264272879617
1427763276021182466
1427763286494298121
1427763294241230850
1427763299496742916
1427763321177088004
1427763343197155328
1427763365246644228
1427763372452368385
1427763386658566158
1427763401170853896
1427763409240604677
1427763412268945419
1427763413745344517
1427763427741687808
1427763433454329857
1427763442316947468
1427763449380093956
1427763449979879426
1427763451208867840
1427763457781284865
1427763464550948867
1427763470603325446
1427763486503931909
1427763492816310277
1427763494934519810
1427763497283301384
1427763504082264070
1427763518586167296
1427763527759052804
1427763546666962947
1427763557551247365
1427763562718638080
1427763574877966338
1427763585611141124
1427763586147958786
1427763591491604481
1427763598886154240
1427763599976669184
1427763636123078661
1427763661448286219
1427763671409872899
1427763685271932930
1427763701390749698
1427763717199048705
1427763721783369736
1427763750124281857
1427763764829560834
1427763765206978560
1427763785884897280
1427763822530551812
1427763845892919297
1427763865840979971
1427763885734514696
1427763898518736898
1427763906504708100
1427763912217333773
1427763915828649988
1427763918030704645
1427763933515898880
1427763935764271109
1427763940352741384
1427763942592557061
1427763949018263554
1427763958467936256
1427763960233746433
1427763982602051594
1427764005918154764
1427764027925598210
1427764028001116169
1427764036914061321
1427764047936643080
1427764052411961350
1427764055469604867
1427764055851380742
1427764057038376962
1427764081616998400
1427764094778716161
1427764113619537925
1427764114412167168
1427764115695710209
1427764125556424711
1427764140496539656
1427764161715572736
1427764170171236354
1427764173887451136
1427764174260690949
1427764179868569602
1427764193030295558
1427764194707972110
1427764204556148741
1427764223564726276
1427764226022645760
1427764230523080707
1427764240463564801
1427764243005386753
1427764256871698438
1427764257890967552
1427764262533992452
1427764289151160320
1427764299129401350
1427764326564253697
1427764329944961024
1427764383631876096
1427764408525017090
1427764437205803008
1427764437335875587
1427764440540254208
1427764442310316036
1427764442830458883
1427764443795054599
1427764494789447681
1427764522929074179
1427764529732141056
1427764548476542982
1427764589358366722
1427764625173622786
1427764675358437379
1427764716290691073
1427764716638818305
1427764726474448902
1427764756866347010
1427764762184753163
1427764778601222148
1427764783395258368
1427764812872880130
1427764814504513536
1427764815213252608
1427764817008467971
1427764829956317189
1427764836415512576
1427764842056851456
1427764849329770496
1427764855789002760
1427764862839627780
1427764877616160774
1427764880489209857
1427764898130534403
1427764938337136641
1427764946776084480
1427764970226425871
1427764971706982405
1427764972247990275
1427764982004002825
1427764988362510337
1427765017059991555
1427765046101397507
1427765048823406597
1427765054141775880
1427765057476251651
1427765067655700482
1427765074752573443
1427765078389149696
1427765079265660932
1427765092247130115
1427765117882667013
1427765130176126977
1427765142918369283
1427765145829314561
1427765155216207875
1427765161163624453
1427765161419497479
1427765167526449152
1427765206248267778
1427765215081467905
1427765244852641796
1427765246995935238
1427765250212999168
1427765251613863951
1427765256827326467
1427765261558484994
1427765275118686208
1427765280240029699
1427765301219897347
1427765325156790277
1427765353690632193
1427765415623729156
1427765431868301313
1427765438293889024
1427765442953809926
1427765551145889798
1427765575686709258
1427765595215437833
1427765640866279426
1427765661133164546
1427765661451816962
1427765667093229571
1427765669865664515
1427765675062353927
1427765682918379527
1427765690765824005
1427765692565233667
1427765711498252290
1427765717743587347
1427765718892830726
1427765723687014404
1427765724794310656
1427765725905788937
1427765738266316803
1427765743127564289
1427765745572847617
1427765763671216129
1427765772563124231
1427765792108695556
1427765803127132166
1427765824274804738
1427765851093147651
1427765856260530187
1427765864754028545
1427765910136360962
1427765943992782863
1427765964251271183
1427765978406981634
1427765996136370176
1427766008165683200
1427766067003334666
1427766100364861448
1427766122808500227
1427766163912658952
1427766181310734337
1427766182115958790
1427766185832165386
1427766194250129410
1427766194724085760
1427766200663257094
1427766209001492484
1427766210297540608
1427766219227205636
1427766231302561797
1427766298294038533
1427766313506820100
1427766332574117894
1427766337443700737
1427766351700049920
1427766398093246467
1427766415923240960
1427766433920978951
1427766441336623106
1427766467529949185
1427766470721904642
1427766478170959876
1427766479114719236
1427766500329459722
1427766538157928459
1427766553660084225
1427766557967519745
1427766563990614019
1427766568398774282
1427766570785378309
1427766588003000322
1427766592662917120
1427766659146784768
1427766664645468162
1427766667971543043
1427766686334193668
1427766717195894785
1427766732010164229
1427766742328217608
1427766748166688777
1427766752704962565
1427766763350024196
1427766774003552265
1427766782656454659
1427766792089395203
1427766806027112452
1427766822871388164
1427766824100315137
1427766824599490560
1427766867381346305
1427766874331357187
1427766904110866441
1427766912721858561
1427766930384039941
1427766948016934920
1427766951011569664
1427766951032537088
1427766965381304321
1427766987338354691
1427766990891069440
1427766994204565512
1427767023614971904
1427767049024061446
1427767066979938305
1427767083119566851
1427767099070500871
1427767100064546823
1427767101968855041
1427767107786248194
1427767139969245185
1427767145711210503
1427767175268511744
1427767197670248451
1427767216716533763
1427767222559203329
1427767226950619136
1427767227130990602
1427767248152825856
1427767249503408131
1427767254322659328
1427767274384072705
1427767297100353540
1427767324426244104
1427767327941185536
1427767365622804484
1427767389706412033
1427767399454019584
1427767418668167170
1427767421390180355
1427767448334372865
1427767452772016135
1427767462280507393
1427767474204852225
1427767485693140995
1427767486238367746
1427767497957249024
1427767512444375059
1427767533231296513
1427767573366575106
1427767577716084737
1427767578982850560
1427767588415807490
1427767601132933123
1427767664026468356
1427767697304170506
1427767701917798409
1427767710436532226
1427767738165080065
1427767740085964800
1427767819320664066
1427767920244011010
1427767949499195392
1427767971603173377
1427767986664919042
1427767989953236994
1427768003664429071
1427768005170286593
1427768005866491910
1427768014657761285
1427768034727534593
1427768035805388801
1427768041333575685
1427768046677106689
1427768080906833923
1427768086367817735
1427768104675905542
1427768200876290048
1427768207784484865
1427768208954626054
1427768230807064585
1427768240164458499
1427768248397963271
1427768264487211010
1427768323526234115
1427768324109312010
1427768333915639812
1427768339271667714
1427768377788059649
1427768398805622786
1427768413653508098
1427768430510415876
1427768432032890886
1427768444972380164
1427768499980709894
1427768504900538368
1427768512156733442
1427768538605969411
1427768568054259714
1427768568209420297
1427768596600606725
1427768601411473416
1427768666947477506
1427768679996039175
1427768690729181188
1427768699851841542
1427768745162907651
1427768759851311105
1427768772945981449
1427768774422368257
1427768803698610176
1427768804780777472
1427768819590832133
1427768843049570310
1427768843766804482
1427768860149694467
1427768914734374920
1427768995630010375
1427769008288370688
1427769010846900229
1427769057529446402
1427769125070385154
1427769150622081033
1427769181538226179
1427769199296909316
1427769200093941760
1427769206125350913
1427769218213236742
1427769241621651462
1427769266552680449
1427769276279271434
1427769277306781699
1427769315592392705
1427769358600871937
1427769359360053250
1427769360119222275
1427769368776253441
1427769372588843008
1427769389663891464
1427769404599816197
1427769438942732294
1427769471545053185
1427769484870397955
1427769486850109448
1427769491442831369
1427769495058329601
1427769527228583937
1427769541015310342
1427769557935067142
1427769568064311300
1427769592030584848
1427769604160561157
1427769635055804417
1427769720699342851
1427769732208513024
1427769736356638724
1427769759693746177
1427769794233778176
1427769818900484097
1427769825921835013
1427769868691116033
1427769889507483656
1427769904984469519
1427769930414444548
1427769945102880773
1427769954120740865
1427770011444289538
1427770013562413058
1427770050073841670
1427770055266344969
1427770078909636608
1427770080146907146
1427770082869104645
1427770120588435456
1427770146869977089
1427770159738068995
1427770174460108802
1427770187638575107
1427770204222857216
1427770267464519685
1427770284187213829
1427770288780029957
1427770300314292229
1427770302323433474
1427770310825324553
1427770311450169348
1427770327371853825
1427770330538520577
1427770336414687232
1427770345658986499
1427770390768672768
1427770410897088515
1427770467113443328
1427770467830616070
1427770514811101190
1427770518325846019
1427770519923867652
1427770525691043848
1427770529600131090
1427770540408852487
1427770546692009992
1427770561749467141
1427770579009015813
1427770613121306627
1427770617449811968
1427770618460655616
1427770642368172034
1427770647497920512
1427770650257723395
1427770660965728262
1427770704322301961
1427770749906001921
1427770757178920972
1427770766674862083
1427770801160429569
1427770801571438596
1427770807636344832
1427770826204536832
1427770858983002118
1427770873507889159
1427770898187264004
1427770905703424007
1427770907423121411
1427770916742774789
1427770934027501568
1427770952411144194
1427770984011083776
1427771004567359491
1427771012993671178
1427771015023714307
1427771017045417992
1427771017972396033
1427771019784241153
1427771029603201033
1427771038146994179
1427771043301793792
1427771050079756288
1427771063161835523
1427771081146966032
1427771106434424836
1427771152148140042
1427771154794680324
1427771168614924291
1427771199036305411
1427771225980514309
1427771232963940359
1427771273262866437
1427771286059687954
1427771314174111744
1427771362790281217
1427771390225158145
1427771396319584267
1427771414942212097
1427771418121547785
1427771434634563599
1427771535939489792
1427771573436616707
1427771595288981505
1427771599126736904
1427771603300110338
1427771616226840578
1427771617925599235
1427771618789580806
1427771624992948234
1427771647155654659
1427771672816492550
1427771691837628423
1427771706492559361
1427771707226525697
1427771720275013632
1427771722074365957
1427771736494387209
1427771754789888007
1427771766894628873
1427771786536620037
1427771795868987393
1427771807923310594
1427771807948496898
1427771815993266183
1427771874252046340
1427771877670465547
1427771890530230276
1427771899866718208
1427771905977864192
1427771940928901120
1427771942128467972
1427771947807563779
1427771952563900425
1427771964136042496
1427771967319547904
1427771991994605575
1427772004078338051
1427772024924123138
1427772031395930115
1427772066741297157
1427772074639208449
1427772078594396164
1427772100711002114
1427772104477495303
1427772112929005571
1427772122240327680
1427772126015152128
1427772130326941705
1427772181807763456
1427772184332734464
1427772204801052673
1427772224573001733
1427772231208292361
1427772237470486529
1427772238393118721
1427772275462397955
1427772306982584323
1427772338016296961
1427772351194796038
1427772383604137989
1427772393620185089
1427772413106925568
1427772426675437574
1427772465984512001
1427772483302739968
1427772527611420675
1427772533529616388
1427772545613377538
1427772572867903488
1427772574944071687
1427772581218856961
1427772591717208064
1427772606665695237
1427772616161603591
1427772631789543428
1427772637015691265
1427772649560813571
1427772658981163010
1427772670364561409
1427772714132119556
1427772716665409541
1427772721690292226
1427772756561649671
1427772785485570056
1427772785875722240
1427772789608550404
1427772790497845251
1427772791290540039
1427772808696893444
1427772836983316491
1427772840883982338
1427772846118514698
1427772849289314311
1427772875868606474
1427772885947531265
1427772900539502594
1427772953975009288
1427772994047332361
1427773024745496578
1427773063798607884
1427773106924527619
1427773116525199362
1427773123642933248
1427773124272078849
1427773126843248640
1427773141087145988
1427773192085573636
1427773197416534024
1427773212629348357
1427773220892123142
1427773243524517890
1427773261878808577
1427773283638915072
1427773311686258697
1427773318401249280
1427773338118770691
1427773358503088129
1427773363926282241
1427773364815413250
1427773470784512000
1427773472231632898
1427773484084645894
1427773514367520773
1427773534131171335
1427773539449511939
1427773593992273924
1427773606960971778
1427773616922505219
1427773736678219777
1427773768689242118
1427773794937155587
1427773824850927623
1427773870677843972
1427773880576446467
1427773891573915648
1427773909953302528
1427773932439064581
1427774004992020490
1427774006581661701
1427774022285148162
1427774061942300679
1427774076618256390
1427774153050951683
1427774162672754688
1427774170352467977
1427774186605400065
1427774200123727881
1427774250191106053
1427774281111441408
1427774286480224269
1427774306529030151
1427774306877157379
1427774314405896196
1427774314921746436
1427774386308796418
1427774469762912256
1427774481951596550
1427774509189373952
1427774519813578752
1427774542089494550
1427774586297389056
1427774597227810831
1427774619080089600
1427774621181517826
1427774645370036225
1427774657336418306
1427774658003222535
1427774711535181828
1427774732573806594
1427774756066111495
1427774763460665349
1427774783496888325
1427774784843259911
1427774820628971523
1427774827495047168
1427774831672635396
1427774913314758660
1427774929278279683
1427774965051543562
1427774971758235658
1427774975889575939
1427774997532192770
1427775010706448386
1427775040704204801
1427775042977472515
1427775063055638533
1427775064561393675
1427775068919287812
1427775114536493062
1427775158543073284
1427775188708564994
1427775190667309057
1427775208480559117
1427775210455973888
1427775240139153414
1427775254768799744
1427775290940526596
1427775305352105988
1427775355633512456
1427775386964963335
1427775392346169344
1427775407177322497
1427775414487891971
1427775429159628801
1427775484323115012
1427775524756144129
1427775537032880128
1427775571325505537
1427775578409771010
1427775603340623872
1427775611054051330
1427775631308300295
1427775641114513411
1427775647691284483
1427775655937286145
1427775704230465536
1427775777442091011
1427775786493353985
1427775794097672195
1427775812418383873
1427775839916249095
1427775859042275330
1427775872673714182
1427775872916987907
1427775889182449665
1427775891116023815
1427775891862482946
1427775892550467587
1427775927862312965
1427775951597969410
1427776012960600072
1427776036746452992
1427776056807903234
1427776063640412164
1427776112294309896
1427776135266439169
1427776140584833025
1427776186634145801
1427776206808682498
1427776289625329675
1427776298106167312
1427776315080445955
1427776341529747456
1427776368675282949
1427776374576721926
1427776379094020100
1427776414263173122
1427776459955916800
1427776495917965320
1427776514926469120
1427776529954746371
1427776530780917764
1427776579359367172
1427776626918559744
1427776634845900804
1427776637601517570
1427776677208334343
1427776704655863811
1427776741632843776
1427776766253441024
1427776804920729610
1427776807881920518
1427776811165966338
1427776814794088455
1427776821240766471
1427776845173383174
1427776849179025419
1427776870846812170
1427776871324864515
1427776897392463877
1427776948210708483
1427776978900463620
1427777008310829057
1427777019912364038
1427777029731139590
1427777030964359168
1427777044679700487
1427777053693255688
1427777083896438786
1427777137583529987
1427777144768405509
1427777155426103297
1427777186765975567
1427777227379384320
1427777269054033920
1427777277035692034
1427777284933660678
1427777296048529413
1427777323689025537
1427777331838455816
1427777336473161738
1427777337219747842
1427777344807243780
1427777351383986179
1427777364226945028
1427777413686173696
1427777414004985859
1427777415888187393
1427777419314933763
1427777445663543296
1427777447471292419
1427777455264346112
1427777500105494534
1427777536801521668
1427777605931999233
1427777678476730377
1427777681521790976
1427777688815775744
1427777704317931521
1427777707383873544
1427777730335186946
1427777795774722054
1427777808588316673
1427777949982502915
1427777976956080138
1427778058891694085
1427778110552936448
1427778127200145410
1427778143633412113
1427778163720003591
1427778170221117445
1427778171932495877
1427778173215952898
1427778273136812039
1427778284868210689
1427778288647393283
1427778303356723200
1427778317193785347
1427778349489926146
1427778353076097024
1427778358478266370
1427778377134616579
1427778388039815168
1427778400547221512
1427778406662475782
1427778419664822272
1427778435204755457
1427778461494616072
1427778502330306564
1427778557414100997
1427778558924148740
1427778601206824969
1427778634220294147
1427778658068992006
1427778661722345488
1427778670337445888
1427778680676360203
1427778682324766724
1427778699047313413
1427778749026734083
1427778749559361542
1427778776071610371
1427778790814588930
1427778800058867712
1427778831604199428
1427778840500183043
1427778861274632197
1427778916861857799
1427778928710754305
1427778950760120335
1427778953293537280
1427778957882138626
1427778971345854466
1427779012361850883
1427779019022417929
1427779027247505408
1427779052467785732
1427779058998333441
1427779073762332673
1427779121669709825
1427779145585594373
1427779183707664390
1427779228376911874
1427779326737588233
1427779326750113803
1427779327136079872
1427779346647945227
1427779413341507584
1427779441183412229
1427779451702632448
1427779472674238464
1427779535475458050
1427779539950788612
1427779544291872772
1427779547928399878
1427779551388741636
1427779570174988293
1427779582543994885
1427779583265357838
1427779626584223749
1427779660042182666
1427779721673203714
1427779786563280902
1427779809556537351
1427779844553773060
1427779922903322626
1427779938275545089
1427779952607383554
1427780012124561412
1427780069271932939
1427780115669397507
1427780175899545604
1427780176809807875
1427780181910036480
1427780189782790148
1427780206035619846
1427780234124959752
1427780250361122823
1427780257361301504
1427780273274503170
1427780285165412353
1427780314756169728
1427780327334981636
1427780352249057280
1427780366396448768
1427780507643875330
1427780537838718980
1427780577894322180
1427780593748791298
1427780607585697798
1427780650569019395
1427780659834142722
1427780684014309382
1427780708999876610
1427780793276014594
1427780803157807104
1427780810090946562
1427780843162980362
1427780878130896899
1427780919381925894
1427780923018387459
1427780925979598853
1427780936192692225
1427780942282821634
1427780965011759105
1427780983571505154
1427780986083893249
1427780996955615248
1427781017356705794
1427781025309106178
1427781072578809861
1427781088987029507
1427781165491101697
1427781205215399938
1427781209506172932
1427781271447642117
1427781313684283397
1427781328603332611
1427781340368343043
1427781400124665858
1427781470857400322
1427781487974395910
1427781495792586753
1427781497193385989
1427781501417046016
1427781515526684681
1427781538113114115
1427781553258631173
1427781566395297798
1427781580735528963
1427781583864541185
1427781596585893893
1427781615820972037
1427781681101017090
1427781741733941249
1427781780560547842
1427781790983467010
1427781795353972739
1427781865746931717
1427781865822375940
1427781875859394574
1427781891281801223
1427781895622959104
1427781905034907654
1427781917714395138
1427781990229626891
1427782059905503240
1427782071985000455
1427782087726313478
1427782110979502087
1427782113361907723
1427782137361670149
1427782155824926724
1427782261546668049
1427782266202230786
1427782268525875206
1427782276272824330
